100
995778
987895
957737
922775
902566
887288
880848
828096
808450
802132
778938
759367
749404
746182
708816
702026
668176
661966
644549
636595
636325
566170
562183
541670
520389
491214
472628
443648
442607
438595
422936
421102
405414
374694
369110
367977
351040
334710
300192
286182
225631
219283
208756
200132
199004
197188
195924
182755
83705
64288
62971
57462
55430
31933
27910
20526
18531
4778
3261
-28198
-95717
-96982
-104354
-124159
-128485
-140587
-175522
-185969
-194699
-199985
-219093
-247100
-265044
-326558
-329478
-331510
-361310
-424745
-468836
-474322
-489157
-511522
-515124
-552279
-567918
-613714
-712960
-728246
-745362
-769852
-776720
-812618
-827315
-828142
-839405
-908146
-924794
-969343
-987236
-994665
