10000
999948
999594
998481
998245
998179
998138
998058
997976
997970
997943
997821
997642
997162
996978
996973
996859
996682
996538
996474
996455
996224
996028
995598
995431
995006
994989
994933
994804
994766
994342
994078
993882
993568
993461
993276
991731
990729
990590
989288
988946
988816
988653
988495
988276
988118
987931
987781
987723
987553
987010
986558
986360
986312
986196
985866
985737
985718
985689
984833
984726
984267
984128
984084
983755
983628
982694
982679
982399
982091
982070
981702
981497
981057
980944
980905
980896
980616
980020
980002
979552
979355
978788
978523
978222
978172
977741
977723
977674
977478
977435
977378
977299
976692
976438
976091
975802
975780
975717
975652
975144
974998
974670
974559
974340
973726
973399
973381
972703
972528
972461
972438
972314
972301
972287
972149
972020
971963
971797
971795
971748
971440
971097
970603
970376
969964
969912
969869
969655
969565
969124
969007
968837
968633
968608
968605
968534
968458
968444
968321
968185
967940
967677
967543
967275
966571
966427
966182
965577
965576
965474
965168
965136
965030
964958
964905
964644
964553
964317
964286
964101
963804
963541
963251
963056
963010
962893
962727
962702
962089
961775
961774
961028
961018
960831
960770
960666
959918
959786
959660
959455
959437
959412
959059
959032
958742
958419
958166
957493
957454
957242
956787
956420
956399
956345
956241
956008
955883
955668
955498
955484
955368
955248
955081
954918
954729
954642
954356
954330
954288
953884
953527
953426
953311
953302
953242
952950
952941
952428
952289
952231
952039
951713
951624
951345
951024
950973
950927
950709
950016
949939
949843
949319
949249
949244
948938
948744
948609
948607
948481
948244
948185
948108
947783
947729
947653
946965
946638
946420
946341
946240
946187
945973
945930
945542
945202
945198
945071
944842
944750
944528
944467
944386
944204
944187
943543
943422
942998
942944
942887
942807
942806
942556
942328
942172
942003
941690
941510
941466
940950
940860
940751
940722
940399
940373
940314
940210
939800
939600
939489
939164
939103
939071
938808
938462
938317
938305
938248
937927
937890
937888
937654
937532
937390
937321
937242
937208
937167
936693
936651
936418
936082
935674
934673
934577
934328
934316
933918
933641
933610
933533
933512
933484
933439
933140
932845
932771
932632
932465
932026
931789
931478
931435
931404
931058
931013
930719
930598
930221
929971
929873
929822
929773
929480
929225
928792
928287
927977
927845
927805
927536
927336
927305
927131
926839
926637
926406
926188
926059
926052
925796
925331
924808
924649
924467
923935
923923
923542
923231
923155
923119
923099
922871
922866
922738
922674
922525
922510
922429
922255
922201
922167
922144
922127
922091
921996
921796
921796
921097
921008
920689
920586
920487
920324
919832
919620
919457
919334
919162
919105
918925
918660
918590
918587
917925
917886
917877
917864
917743
917417
917190
916808
916764
916506
915950
915533
915467
914012
913847
913791
913699
913451
913427
913074
912856
912810
912557
912267
911881
911781
911731
911729
911681
911596
911528
911505
911398
911289
911206
911038
910999
910553
910072
909997
909659
909489
909261
909073
908994
908503
908412
908367
908166
908091
907721
907648
907628
907587
907457
907094
906767
906570
906346
906344
906228
906144
906123
906121
906032
905390
903812
903041
902871
902805
902778
902742
902621
902482
902424
902010
901992
901953
901437
901234
901193
901166
900961
900668
900575
900417
900137
900033
899617
899588
899244
899217
899057
898932
898800
898544
898243
898072
897680
897604
897558
897390
896881
896330
896191
896066
895252
894895
894768
894699
894378
894353
894318
894227
894177
894173
894020
894009
893933
893893
893694
893511
893348
892877
892588
892214
891953
891861
891557
891417
891058
890996
890893
890810
890517
890096
889764
889611
889604
889050
888937
888927
888859
888680
888664
888306
888196
888172
887731
887703
887629
887172
887125
886997
886704
886678
886391
886119
886106
885469
885228
884951
884856
884455
884358
884102
883955
883926
883852
883828
883622
883100
882938
882708
882680
882090
881468
881076
880171
879978
879845
879300
879114
878619
878288
877874
877642
877519
877282
877268
876934
876581
876494
876133
876085
876053
875882
875720
875682
875674
875621
874933
874225
873821
873784
873612
873504
873445
872147
872108
871951
871729
871656
871575
871149
871101
870811
869505
869316
869286
869172
868977
868802
868772
868216
867995
867914
867864
867740
867708
867165
867056
866926
866666
866548
866544
865653
865434
865423
865375
864381
864106
864082
863724
863705
863350
863266
863196
862985
862966
862907
862846
862646
862537
862312
862119
862022
861767
861762
861621
861449
861363
860888
860027
859807
859788
859578
859323
859253
859175
858795
858762
858651
858535
858176
858072
857536
857164
857124
857053
856820
856814
856476
856411
856176
856125
856024
855989
855971
855937
855833
855820
855431
854899
854854
854616
854189
853609
853471
853429
853027
852944
852926
852878
852731
852527
852104
851994
851826
851779
851760
851738
851309
851197
850956
850425
850025
849867
849550
849498
849455
849330
849306
849172
849005
848917
848754
848614
848612
848561
847992
847878
847328
847074
846830
846791
846469
846448
846238
845704
845647
845311
845297
845203
845115
844842
844118
844015
843788
843629
843572
843559
843557
843113
843053
842132
841841
841832
841536
841383
841330
840819
840738
840595
840494
840338
840198
840167
840094
840073
839709
839570
839410
838973
838958
838935
838905
838884
838840
838800
838364
837983
837941
837673
837648
837105
837003
836980
836646
836551
836450
836165
835919
835892
835139
835096
835072
834849
834743
833569
833524
833449
833350
833106
833003
832699
831963
831917
831710
831337
831301
830388
830042
829502
829164
829137
829076
828999
828601
828321
828104
827725
827520
827237
827029
826775
826748
826599
826534
826375
826361
826251
825942
825828
825798
825603
825472
825435
825056
824978
824879
824588
824367
824022
824011
823476
823449
822597
822340
821646
821435
821188
820791
820578
820250
820047
819999
819995
819991
819444
819234
818844
818831
818759
818758
818534
818438
817719
817673
817401
817379
816863
816857
816507
816105
816051
815753
815686
815302
815138
815080
815020
814960
814950
814766
814632
814504
814147
813644
813587
813444
813365
813234
812326
812134
812114
811968
811695
811656
811620
811444
811400
811288
811091
810959
810549
810480
810282
809951
809699
809586
808229
808194
807998
807761
807563
807439
807295
807225
807213
807131
806936
806631
806384
806211
806004
805790
805668
805652
805642
805612
805516
805316
805236
804449
804231
804207
803603
803560
802823
802661
802445
802402
802373
802199
801706
801693
801282
801266
801239
801167
800826
800792
800596
800407
800395
800047
799725
799606
799520
799454
799091
798491
798020
797983
797941
797325
797303
797226
797188
797014
796930
796463
796082
795916
795905
795650
795622
795570
795568
795358
795053
794317
794292
794220
794200
794169
794056
793955
793926
793868
793697
792847
792682
792635
792327
792018
791994
791943
791600
791390
791270
790924
790713
790430
790429
790120
789903
789891
789828
789229
789151
788956
788925
788859
788763
788557
788229
788123
788093
787975
787884
787867
787821
787781
787515
787383
787371
787205
787187
787183
786987
786917
786451
786360
785707
785261
785159
785062
785049
784698
784624
784373
784203
784156
783940
783860
783791
783774
783341
783144
781841
781801
781751
781644
781530
781376
781053
780873
780838
780621
780547
779866
779805
779576
779094
778843
778467
778273
778043
777931
777240
777020
777004
776973
776878
776570
776497
776225
775937
775887
775870
775834
775821
775458
775275
775192
775100
775001
774987
774881
774784
774568
774251
774160
774125
773948
773907
773808
773550
773162
772894
772818
772704
772604
772469
772108
772002
771916
771734
771529
771382
771113
770997
770663
770644
770626
770474
770361
770281
770003
769978
769755
769036
768952
768779
768665
768345
767265
767158
766934
766895
766820
766816
766811
766602
766343
766228
765682
765668
765437
765358
765356
765242
764931
764689
764439
764090
763844
763749
763720
763554
763533
763481
763211
762895
762719
762431
762183
762101
762016
761973
761862
761796
761506
760620
760545
760536
760444
760441
760279
760191
760160
760109
760097
760027
760021
759939
759861
759365
758692
758589
758085
758077
757476
757323
756997
756843
756816
756763
756496
756486
756451
756271
756238
756128
756070
755875
755868
755725
755545
755229
755148
754990
754902
754873
754692
754657
754588
754202
754025
754011
753875
753818
753711
753589
753465
753463
753121
753054
752558
752443
752199
752180
752093
752070
751836
751781
751641
751637
751525
751332
751218
750816
750740
750507
750391
750074
749955
749539
749270
749103
748618
748456
748417
748248
748238
748079
747863
747294
747095
746763
746755
746562
746509
746402
746299
745494
745455
745333
745028
744553
743944
743821
743635
743627
743589
743285
743062
743031
742832
742068
741980
741697
741676
741444
741427
741247
741055
740981
740573
739946
739811
739067
738895
738723
738505
738389
738253
738195
737715
737336
737325
737311
737231
737179
736770
736707
736597
736543
736443
736271
736241
735876
735798
735727
735723
735343
735082
735035
734957
734923
734831
734723
734723
734581
734426
734381
733833
733475
732933
732911
732800
732732
732688
732618
732478
732445
732320
731671
731181
730759
730581
730501
729989
729866
729548
729484
729412
729222
728963
728714
728300
728272
728147
727765
727608
727291
727288
727277
727069
726325
726283
726246
726032
725907
725817
725703
725371
725351
725302
725178
725088
725061
725014
724455
724307
724267
724240
724217
724139
724080
723708
723685
723673
723273
723144
723140
722695
722537
722505
722362
722163
722029
721959
721826
721824
721586
721533
721416
721217
721033
720788
720640
720600
720484
720395
720148
720109
720075
720010
719651
719570
719433
719356
719134
719086
718878
718403
718300
718131
718051
717946
717740
717650
717349
717194
717181
717099
717013
716879
716643
716483
715976
715960
715956
715677
715665
715618
715418
715226
715065
715000
714823
714723
714533
714266
714254
714201
714039
713414
713364
713341
712928
712566
712544
712385
712326
711952
711751
711666
711394
711129
710847
710393
710355
710153
709688
709534
709418
709398
709328
709231
708905
708809
707874
707613
707441
707240
707180
707013
706978
706953
706914
706896
706831
706825
706512
706455
706446
706131
705999
705801
705800
705574
705228
704565
704433
704325
704178
704088
703996
703774
703516
703341
703301
703207
703027
703009
702946
702912
702695
702577
702255
702134
701992
701590
701548
701409
701335
700761
700608
700276
700028
699848
699769
699612
699550
699441
699406
698670
698556
698519
698504
698187
697569
697530
697521
697138
697026
696632
696607
696474
695975
695924
695895
695116
694853
694729
694339
694017
693936
693912
693598
693348
692514
692448
692009
691937
691331
691002
690954
690210
690022
689935
689771
689441
689413
689331
689260
688861
688065
687629
687243
687177
686847
686642
686630
686478
686221
686063
685885
685596
685254
684905
684491
684317
683459
683405
682922
682787
682657
682582
681793
681516
681509
681470
681457
681454
681129
681106
679983
679873
679734
679698
679557
679088
679057
679007
678900
678718
678418
677933
677574
677501
677431
677401
677328
677047
676955
676857
676748
675997
675983
675801
675380
675052
674718
674505
674105
673799
673697
673446
673270
672875
672858
672848
672717
672662
672493
672095
672017
671910
671724
671587
671101
670924
670692
670555
669826
669553
669495
669309
669264
669169
669081
668979
668948
668726
668563
667216
667034
667018
666868
666837
666831
666675
666599
666394
666117
665989
665988
665947
665628
665190
664760
664656
664485
664188
663871
663268
663221
663161
662502
662252
662193
661853
661650
661616
661456
661297
661241
660802
660537
660352
659775
659259
659241
658976
658945
658643
658537
658489
658017
657977
657062
656954
656942
656739
656622
656422
656255
655911
655525
655027
654843
654795
654459
654281
653777
653656
653388
653296
653266
652614
652579
652505
652214
651893
651882
651758
651668
651666
651432
651231
651129
651068
651066
650893
650846
650762
650525
650507
650304
650100
649885
649747
649158
648716
648693
648589
648396
648307
648200
648096
647007
646967
646839
646746
646192
646037
646019
645970
645753
645449
645430
645341
645255
645193
645150
645116
645086
645026
644970
644867
644850
644806
644577
644404
644215
643970
643895
643775
643537
643364
643051
642959
642852
642760
642648
642549
642031
640836
640800
640561
640548
640125
640035
639895
639879
639696
639615
639412
639249
639196
639149
638903
638855
638853
638451
638451
638350
637840
637218
637169
636762
636652
636639
636421
636410
636279
636201
636129
636122
635583
635529
635493
635138
634919
634811
634633
634473
634275
634236
633953
633929
633853
633735
633690
633140
633099
632924
632805
632415
632359
632099
632078
631913
631637
631363
631045
631043
630920
630900
630100
630056
629971
629480
629097
629077
628816
628585
628548
628534
628461
628364
628171
627791
627342
627314
627181
627123
627003
626757
626622
626598
626269
626178
626171
626004
625798
625781
625042
624374
624217
624155
623981
623794
623703
623644
623515
623336
623133
623061
622774
622093
621899
621671
621663
621431
621401
621389
621253
620984
620958
620476
620450
620022
619835
619726
619453
619444
619291
619176
618940
618901
618799
618276
618265
617838
616981
616886
616838
616513
616467
616416
616151
616136
615866
615706
615563
615519
615499
615439
615439
615406
615317
615131
615036
614752
614724
613913
613857
613828
613558
613486
613447
613115
613067
613056
612963
612938
612926
612825
612561
612291
611834
611656
611614
611486
610938
610937
610722
610248
609928
609670
609664
609212
608876
608770
608614
607809
607602
607433
606976
606705
606691
606165
605975
605769
605747
605746
605670
605575
605549
605484
605017
605016
604839
604759
604506
604504
604427
604299
604176
603880
603709
603452
603081
602983
602534
602198
601977
601897
601562
601439
601362
601094
600858
600823
600674
600619
600495
600278
600007
600004
599715
599333
599230
599026
598967
598760
598490
598474
597875
597770
597651
597620
597481
597463
597350
597314
597155
597064
596895
596814
596254
596018
595150
594673
594644
594540
594504
593919
593878
593736
593140
593131
592994
592906
592530
592466
592433
592411
592321
592233
592228
591961
591084
590917
590725
590579
590431
590018
589924
589588
589543
588610
588503
588122
587949
587676
587632
587511
587364
586903
586312
586260
585920
585542
585527
585507
585369
584564
584407
583575
583522
582957
582809
582708
582345
582337
582225
581837
581547
581392
581337
581243
581229
580647
580015
579881
579668
579620
579226
579113
578995
578808
578310
577876
577569
577443
577256
577197
576532
576221
576200
575732
575632
575530
575462
575415
575261
575077
574634
574296
574165
573997
573518
573466
573443
573363
573351
573194
572865
572799
572568
572489
571965
571479
571110
571033
570874
570690
570535
570469
570362
570106
570100
570077
570063
570026
569907
569858
569842
569778
569713
569638
569395
569172
569154
569047
568027
567831
567594
567453
567299
566986
566975
566941
566801
566610
566575
566572
566567
566565
566297
566289
566234
566130
565838
565564
565348
564987
564720
564455
563698
563664
563573
563140
562994
562942
562362
561991
561930
561821
561684
561598
561284
561190
561164
561006
560965
560859
560745
560711
560594
560469
560328
559981
559860
559717
559700
558600
558418
558272
558077
557926
557846
557744
557595
557468
557445
557379
557373
556964
556840
556717
556627
556384
556356
556322
556260
555307
555249
555009
554857
554443
554378
554374
554365
554361
554249
553800
553797
553532
553074
552810
552158
552097
552087
551508
551242
551226
551036
550941
550856
550690
550405
550382
550347
550327
549867
549829
549363
549215
549128
549066
549021
548969
548825
548794
548604
548524
548472
548103
547997
547915
547905
547876
547680
547312
547274
547105
546882
546834
546460
546450
546020
545845
545655
545485
545229
545184
545174
544998
544749
544479
544396
543157
542259
542121
542106
542000
541556
541287
541266
540575
540281
540240
540230
540176
539578
538481
538264
538159
537996
537906
537895
537439
537191
537171
537154
537138
536816
536672
536594
536538
536498
536487
535902
535831
535768
535707
535528
535517
535516
535355
535344
535189
534971
534694
534377
534303
534219
534052
534013
533932
533890
533574
533531
533175
533172
533014
532822
532530
532223
532154
531877
531857
531545
530890
530658
530642
530372
530082
529976
529960
529927
529872
529039
528793
528701
528205
527949
527825
527680
527535
527040
526875
526667
526533
526458
526356
526214
526110
526044
525968
525857
525659
525658
525637
525216
525043
524954
524628
524611
524235
524064
523968
523935
523699
523666
523442
523278
523011
522947
522504
522411
521969
521755
521734
521352
521289
521164
521126
521048
521002
520591
520501
520138
520122
519998
518875
518441
518152
517849
517807
517660
517019
516881
516585
516383
516173
515961
515729
515655
515602
515409
515399
515183
515143
515119
514935
514407
514104
513939
513847
513757
513563
513150
513140
513098
512870
512865
512738
512628
512514
512511
512506
512460
511636
511020
510896
510871
510687
510578
509986
509943
509505
509390
509052
508997
508924
508703
508606
508119
508102
507649
507401
507256
507208
506979
506641
506390
506389
505806
505612
505595
505478
505308
505197
505049
505026
504943
504673
504632
503920
503661
503461
503392
503205
502536
502400
502117
501876
501792
501536
501441
501385
501376
500816
500810
500706
500690
500664
500574
500402
500319
499880
499465
498951
498664
498636
498478
498371
498335
498136
498020
497834
497725
497675
497313
497191
497185
496979
496889
496819
496625
496513
496453
496336
496272
496008
496002
495511
495282
495167
495002
494635
494586
494505
494454
494272
494267
493604
493586
493239
493222
492864
492739
492507
491850
491815
491488
491294
490704
490699
490674
490486
490439
490197
489909
489846
489706
489079
488926
488595
488418
488363
488223
488194
488188
487563
487492
487379
487212
487107
486894
486752
486722
486549
486543
486211
486201
485990
485386
484969
484748
484369
484103
484045
483906
483829
483513
483510
483432
483403
483373
483320
483279
482951
482824
482771
482751
482518
482327
482239
482235
482006
481968
481832
481631
481309
481161
481159
481146
480947
480715
480533
480454
480407
480220
480175
479875
479635
479261
478155
478128
477999
477930
477254
476966
476513
476451
476328
475869
475692
474988
474889
474540
474481
474286
474262
473795
473344
473317
473191
472460
472350
472060
471813
471487
471338
471258
471105
471025
470672
470639
470442
470369
469995
469685
469261
469147
468899
468788
468783
468651
468648
468636
468497
468445
468092
467874
467606
467594
467587
467325
467106
466937
466539
466496
466453
466432
466360
465786
465663
465609
465390
465389
465382
465293
465125
464775
464520
464466
464210
463909
463451
463418
463211
462260
461932
461925
461737
461378
460734
460694
460632
460629
460455
460240
459838
459736
459697
459351
459281
459227
459071
459021
458961
458839
458836
458461
458253
458074
457871
457515
457424
457321
457306
457084
457060
456735
456530
456427
455721
455694
455574
455551
455441
455318
455287
455030
454979
454728
454699
454688
454288
453747
453603
453582
453565
453204
453052
452726
452436
451764
451651
451326
451172
450929
450826
450735
450680
450505
450353
450328
450294
449822
449446
449382
449312
449077
448938
448760
448561
448504
448385
448376
448207
448178
447687
447550
447134
446925
446787
446489
446168
445977
445758
445601
445583
445384
445073
444850
444637
444560
444523
444260
444189
444174
444004
443993
443875
443417
443252
443074
443067
443000
442608
442593
442566
442258
442214
442029
442005
441889
441844
441468
441431
441343
441236
441148
440946
440043
439918
439898
439676
439580
439554
439553
439491
439348
439294
439145
439112
438710
438665
438542
438420
438395
438100
438043
437729
437690
437538
437490
437362
437350
437042
436844
435764
435525
435029
434800
434746
434739
434696
434599
434581
434526
434491
434442
434395
434154
434091
434062
434021
433824
433768
433603
433597
432934
432497
432412
432293
432169
431964
431744
431635
431372
431318
431310
431004
430956
430884
430538
430404
430033
429882
429646
429207
429097
429065
428940
428899
428774
428772
428676
428320
427931
427899
427834
427249
426968
426461
426430
426222
426026
425724
425522
425328
425223
424818
424332
423888
423838
423171
423040
422646
422446
422372
422115
422000
421567
421550
421082
420813
420737
420353
420335
420249
419984
419247
419017
418839
418649
418555
418389
418268
417863
417833
417699
417149
417059
416714
416386
415926
415585
415138
415020
414424
414407
414404
414281
414267
414241
414205
414170
413388
413328
413254
412996
412444
412137
411948
411947
411891
411845
410394
410197
410128
409942
409814
409380
409281
409034
408950
408497
408104
407852
407365
407134
406812
406666
406611
406441
406162
406112
405958
405823
405769
405695
405530
405415
405178
405122
405094
404904
404893
404857
404834
404808
404633
404476
404453
404298
404063
404055
403427
403339
403297
403220
402820
402816
402793
402603
402401
401826
401597
401540
401374
401164
400974
400954
400831
400622
400429
400332
400077
399228
399162
399036
399011
398907
398849
398838
398648
398130
398125
398117
398103
398090
397868
397799
397654
397418
397384
396730
396560
396521
396131
395892
395649
395359
395136
395115
394545
394356
394126
393780
393574
393312
393167
392848
392432
392263
392199
391367
391146
390873
390477
390436
390393
390340
390036
390015
389899
389767
389736
389223
389089
388946
388717
388464
388296
388131
388097
388070
388013
387732
387661
387529
387294
386634
386141
385339
384799
384542
384501
384358
384284
384101
383664
383278
382888
382142
382096
382064
382037
381665
381590
381560
381432
381427
381357
381164
381148
380938
380682
380408
379732
379368
379355
378778
378758
378440
378413
377990
377727
377676
376960
376883
376852
376692
376678
376437
376270
375865
375796
375792
375695
375441
375294
375272
375246
373729
373645
373619
373531
373506
373137
372441
372265
372255
371844
371819
371699
371514
371348
371327
371207
370916
370655
370265
370251
369566
369474
369376
369320
369012
368969
368948
368861
368825
368755
368754
368726
368653
368242
368159
368074
367883
367866
367800
366708
366583
366463
366126
366110
365833
365746
365497
365462
365420
365051
364776
364670
364661
364569
364478
364366
364348
364342
364330
364096
363807
363735
363472
363469
363431
362880
362153
362006
361814
361584
361358
361087
361041
360916
360895
360849
360810
360671
360410
360408
359905
359598
359532
358942
358776
358602
358531
358507
358244
358219
357359
357291
357047
357029
356601
356451
356295
356157
355691
355229
355224
355051
354874
354689
354614
354565
354474
354185
353942
353862
353544
353455
353416
352690
352295
352253
352182
352014
351777
351634
351359
350968
350891
350327
350183
349844
349647
349390
349332
349331
349231
348545
348472
348457
348447
348439
348355
347368
347364
347351
347286
347202
347164
346706
346398
346330
346299
346219
345935
345792
345539
345370
345320
344572
344223
344168
343864
343734
343612
343229
343142
343133
342446
342423
342336
342052
341906
341601
341275
340986
340627
340234
340050
339790
339559
339523
339444
339440
339275
338701
338448
338210
338005
337703
337621
337517
336909
336415
336257
336248
336228
335843
335772
335737
335418
334932
334884
334640
334556
334522
334347
334287
334132
334085
333488
333446
333408
332923
332771
332219
331930
331487
331300
331099
330707
330639
330426
330254
329711
329512
329237
329102
328955
328683
328529
328502
328232
328142
328065
328061
327954
327891
327762
327618
327385
327183
327134
327124
326993
326901
326770
326768
326703
326604
326471
326439
326280
326086
325773
325722
325540
325527
325259
324932
324749
324588
324023
323627
323621
323470
323063
322999
322891
322889
322837
322501
322485
322258
322142
322032
321772
321664
321644
321588
321442
321219
320974
320883
320881
320806
320533
320501
320118
320048
319945
319893
319535
319357
319118
318716
318689
318565
318513
317911
317776
317776
317653
317643
317541
317514
317342
317275
317273
317036
316914
316771
316674
316540
316539
316489
316458
316383
316338
316329
316060
315733
315527
315509
315491
314382
314339
314209
314073
313756
313756
313742
313503
313348
312827
312740
312619
312509
312488
311969
311876
311651
311607
311359
311338
311208
310846
310835
310389
309865
309844
309814
309796
309791
309698
309567
309566
309423
309293
309230
309173
308706
308478
308361
307959
307354
307305
307011
306997
306611
306598
306519
305762
305734
305660
305585
305052
304942
304867
304867
304284
303710
303668
303575
303486
303404
303346
303333
303239
303084
303057
302696
302289
302155
302095
301620
301534
301279
301079
300948
300814
300804
300741
300715
300703
300294
300248
300015
299969
299868
299750
299207
298937
298855
298009
297577
297565
297403
296944
296882
296727
296685
296669
296580
296501
296422
296241
295986
295943
294980
294529
294453
294260
294229
294097
294067
293877
293300
293122
293076
292826
292737
292484
292401
292274
292149
291421
291403
291160
290716
290684
290642
290341
290214
290084
289869
289849
289719
289433
289257
289248
289135
289041
289025
288554
288421
288277
288104
287344
287320
287289
287142
286911
286820
286649
286600
286356
286123
286059
285395
284995
284908
283911
283873
283728
283725
283716
283551
282578
282154
282146
281986
281878
281858
281689
281608
281192
280769
280500
280383
280335
280125
279749
279748
279568
279521
279276
279200
279126
279008
278952
278687
278299
277829
276584
276544
276220
276014
275904
275679
275608
275533
275374
274473
274379
273819
273780
273049
273040
272906
272767
272647
272553
272499
272425
271557
271540
271270
271255
270876
270866
270788
270292
270265
269944
269914
269528
269255
269223
269186
269062
268289
267868
267201
267177
267148
266846
266464
266274
266227
266182
266169
265992
265685
265588
265547
265144
265099
264912
264789
264619
264431
264182
264157
264068
263978
263978
263791
263673
263606
262900
262648
262462
262280
262163
261843
261674
261649
261559
261493
261193
261169
261015
260909
260669
260503
260382
260178
259761
259197
259032
258885
258855
258767
258759
258723
258711
258591
258117
258010
257864
257833
257665
257599
257567
257477
257163
257146
256631
256579
256536
256495
255682
255491
255156
254963
254664
254539
254366
254170
254083
254054
253820
253400
253368
252284
251932
251910
251836
251524
251515
251044
251030
250955
250627
250571
250076
249733
249479
249132
249056
248845
248071
248031
247993
247910
247506
247456
247359
247303
247167
247056
246768
246522
246468
246341
246108
245714
245711
245180
244992
244949
244928
244632
244430
243920
243849
243659
243631
243622
243037
243000
242965
242519
242356
242132
242048
242031
241790
241735
241481
240640
240639
240165
240030
239978
239943
239839
239722
239570
239329
239299
238515
238281
238267
237919
237824
237772
237760
237748
237531
237392
237235
236892
236861
236640
236555
236429
236268
236263
236184
235937
235876
235505
235437
235413
235211
234993
234830
234752
234527
234478
234205
234023
233571
233105
232888
232435
232407
232385
232330
232032
231596
231435
231400
231304
231263
231135
231109
230453
229479
229406
229294
229294
229174
228673
228226
228025
227798
227782
227685
227613
227603
227022
226955
226569
226508
226363
226263
226017
225854
225265
225046
224757
224732
224599
224347
224207
224103
223894
223561
223242
223148
223016
222909
222404
222130
222067
221968
221896
221861
221421
221269
221020
221000
220916
220347
220201
219590
219495
219179
218969
218895
218857
218815
218443
218391
218149
218015
217823
217806
217207
216927
216456
215533
215485
214953
214940
214900
214838
214722
214519
214313
213085
213058
212580
212355
212086
212084
211996
211517
211440
211282
210773
210497
210490
210277
209814
209783
209659
209613
209402
209107
208739
208413
208320
208293
208240
207722
207689
207636
207377
207216
207172
207057
206952
206668
206214
206005
205754
205717
205324
205183
205163
204911
203713
202859
202299
202294
202177
201830
201737
201578
201262
200963
200629
200376
200279
200240
200224
200203
200154
200147
199571
199361
199170
199087
199054
198951
198807
198498
198071
197947
197527
197406
197281
197117
196695
196687
196588
196513
196412
196221
196205
195652
195607
195423
195266
195143
194589
194566
194263
194166
194081
194042
194017
193721
193326
192997
192972
192686
192514
192171
191621
191605
191482
191336
191318
191011
190479
190404
190023
189945
189919
189489
189387
189242
189155
188787
188739
188709
188652
188238
188192
188187
187747
187677
187406
187224
187199
187044
186460
186398
186220
186031
185732
185722
185204
185179
185156
185105
184854
184839
184817
184514
184357
183905
183555
183543
183291
182713
182697
182657
182389
182342
182276
182159
182046
181765
181469
181115
180946
180548
180344
180257
180093
179990
179969
179904
179543
179490
179196
179147
178891
178847
178775
178464
178330
178263
178258
178163
178078
177837
177789
177685
177656
177543
177451
176927
176825
176731
176113
175922
175882
175751
175488
175455
175368
175140
175030
174932
174765
174709
174613
174564
174551
174506
174236
174115
173689
173644
173229
173169
172752
172362
172186
171754
171632
171338
171252
171162
171038
171021
170881
170802
170786
170537
170119
170109
170050
169751
169704
169575
169023
168855
168709
168623
168326
167889
167798
167248
166851
166253
166019
165899
165799
165780
165600
165377
165034
164907
164702
164214
164111
164110
164073
163696
162852
162847
162702
162633
162590
162477
162302
162209
162082
161999
161832
161828
161607
161503
161106
160949
160792
160784
160608
160548
160078
159718
159642
159293
158992
158973
158266
158124
157751
157680
157096
157072
156884
156102
155995
155882
155879
155677
155656
155580
155466
155374
155102
154523
153979
153888
153703
153700
153677
153615
152941
152737
152426
151968
151699
151637
150429
150317
150140
149868
149528
149281
148911
148902
148611
148547
148435
148383
148241
148199
147722
147622
147329
147149
146807
146396
146366
146249
146218
146130
145846
145105
144943
144602
144571
144176
143952
143913
143828
143062
142980
142789
142449
141933
141914
141746
141624
141554
141141
140984
140873
140787
140379
140298
140206
139577
139469
139443
139301
139298
139280
139201
139076
138543
138072
137407
137233
137082
136778
136747
136342
136226
135883
134809
134806
134593
134328
134111
133171
133052
132485
132282
132223
132176
132128
132104
132055
131801
131684
131607
131528
131436
131354
130695
130139
129839
129767
129534
129343
129185
129165
129048
128259
127685
127484
127321
127284
126956
126952
126298
126270
126140
126042
125941
125805
125277
125059
124906
124859
124665
124659
124398
123820
123791
123140
122742
122516
122435
122434
122178
121951
121869
121489
120366
119902
119868
119750
119631
119377
119234
119200
119112
118943
118938
118271
118209
117657
117531
117473
117433
117191
117019
116954
116856
116778
116385
116055
115875
115705
115566
115385
115384
115243
114965
114922
114731
114688
114634
114385
114263
114229
114177
114149
114119
113755
113426
113135
112960
112900
112754
112725
112565
112400
112321
112086
111861
111798
111150
110979
110906
110845
110519
110296
110164
109898
109832
109799
109646
109598
109505
109332
108774
108489
108480
108472
107900
107420
107199
107184
107167
106763
106721
106145
105998
105969
105869
105812
105503
105464
105385
105200
105042
104809
104296
104116
104012
103656
103617
103239
102857
102675
101318
101317
100949
100777
100766
100428
100061
99793
99595
99525
99325
98902
98694
98442
98436
98172
97525
97476
97405
97403
97134
96913
96579
96244
96210
96207
95806
95783
95279
94803
94359
93846
93606
93167
93042
92833
92808
92608
92238
91978
91743
91511
91289
90932
90901
90889
90744
90353
90347
90240
90220
89292
89162
88866
88805
87262
87232
87204
87153
86919
86891
86849
86799
86764
86726
86552
86494
86459
86440
86186
86018
85789
85649
85527
85171
85153
85005
84945
84550
84512
84185
84093
83593
83340
83286
83217
83197
83190
83144
82533
82038
81937
81789
81605
81077
80802
80589
80571
80412
80335
80135
80108
79619
79566
79501
79469
79390
78944
78516
78385
78089
78037
77742
77382
77235
77085
77055
77010
76802
76604
76387
75838
75618
75575
75442
75336
75237
75199
74980
74877
74836
74822
74777
74718
74361
74251
74215
73901
73889
73806
73411
73406
73399
72807
72145
71995
71913
71792
71644
71180
70948
70594
70034
69975
69512
69365
69119
68806
68538
68227
68171
67997
67947
67543
67519
67365
67232
67212
67205
67104
66979
66714
66710
66697
66692
66446
66415
66124
66028
65695
65586
65514
65436
65413
64908
64841
64839
64835
64601
64340
64330
64267
64203
63880
63839
63801
63771
63587
63382
63300
63237
62514
62508
62506
61464
61310
61288
61285
61268
61008
60307
60179
59767
59679
59069
59035
58512
57684
57606
57599
57390
57305
57300
57189
57140
57110
56992
56892
56850
56776
56597
56259
56100
56087
55985
55975
55907
55899
55645
55398
55108
55073
54661
54476
54443
53910
53904
53827
53581
53402
53040
52966
52948
52635
52592
51913
51910
51854
51821
51817
51055
50988
50153
49876
49868
49841
49806
49516
49345
49242
49204
49118
48965
48729
48540
48247
48245
48072
48051
47446
47250
47130
46983
46967
46751
46740
46701
46647
46615
46023
45743
45671
45377
45283
45168
44617
44597
44573
44295
44215
43986
43921
43765
43344
42612
42537
42342
42200
41738
41524
41466
41212
41028
40909
40867
40816
40482
40339
40270
40245
40223
40105
39517
39354
38775
37798
37725
37708
37164
37068
36970
36948
36826
36824
36783
36601
36347
36239
36228
36093
35996
35981
35554
35390
35052
34849
34553
34348
34305
34134
34108
34012
33956
33926
33910
33894
33793
33734
33588
33575
33328
33182
33091
32844
32773
32731
32620
32402
32292
32029
31815
31803
31416
31414
30287
30187
29938
29760
29749
29649
28702
28562
27596
27370
27084
26828
26626
26503
26416
26265
25724
25512
25425
25336
24991
24935
24454
24243
24123
23546
23446
23017
23010
22636
22298
22193
22148
21443
21413
21413
21223
21027
21017
20729
20573
20333
20328
20037
20005
19837
19774
19185
19138
19087
19040
18591
17871
17666
17618
17433
16821
16773
16668
16491
16464
16454
15369
14326
14288
14242
14000
13809
13647
13548
13206
13176
13060
12538
12099
12073
12062
11812
11794
11734
11247
11007
10526
10280
10233
10038
9986
9940
9924
9684
9636
9243
9088
8921
8750
8584
8263
8153
8048
7975
7932
7823
7296
7275
7214
7054
6955
6528
6298
6109
5884
5434
4462
4180
4158
4058
3820
3237
3188
3021
2816
2349
2284
2061
1879
1762
1447
1431
881
771
761
626
625
525
474
467
-317
-901
-906
-942
-988
-1813
-2006
-2039
-2237
-3065
-3183
-3289
-3503
-3980
-4433
-4548
-4656
-4778
-5985
-6094
-6200
-6425
-6473
-6908
-6975
-7134
-7249
-7254
-7268
-7291
-7357
-7425
-7509
-8039
-8086
-8268
-8387
-8583
-8634
-8721
-8788
-8832
-9327
-9470
-9611
-9986
-10151
-10211
-10521
-10728
-10764
-10829
-11170
-11255
-11316
-11357
-11417
-11719
-11743
-11790
-12230
-12733
-12791
-12930
-12979
-13020
-13081
-13146
-13213
-14127
-14144
-14273
-14991
-15065
-15232
-15519
-15623
-16038
-16050
-16167
-16186
-16603
-16669
-16837
-16933
-17405
-17554
-17681
-17826
-17937
-18227
-18613
-18717
-18748
-19168
-19578
-19665
-19911
-20266
-20287
-20313
-20321
-20344
-20375
-20542
-20645
-20679
-20787
-21084
-21476
-21490
-21626
-21638
-21777
-21895
-22125
-22352
-22496
-22722
-22770
-22912
-22973
-23281
-23578
-23729
-24328
-24524
-24804
-25026
-25652
-26505
-26558
-26590
-26753
-26817
-27071
-27147
-27665
-27825
-27848
-28459
-28525
-28633
-28927
-29230
-29436
-29475
-29524
-29533
-29620
-29900
-30303
-30553
-30640
-30762
-30990
-31151
-31243
-31308
-31960
-32215
-32921
-32930
-33035
-33280
-33408
-33536
-33551
-33697
-33729
-33907
-33936
-34082
-34302
-34596
-34607
-34810
-34935
-34954
-34967
-35326
-35402
-35740
-36201
-36960
-37000
-37333
-37950
-38147
-38188
-38267
-38407
-38456
-38715
-39001
-39047
-39425
-39525
-39762
-39875
-40165
-40569
-40654
-40658
-40874
-41023
-41374
-41578
-42166
-42360
-42387
-42437
-42513
-42760
-42951
-42999
-43245
-43265
-43444
-43732
-43734
-43801
-44538
-44703
-44745
-44936
-44985
-45511
-45543
-45550
-45554
-45572
-45578
-45710
-45840
-45902
-46026
-46079
-46294
-46651
-46918
-46982
-48421
-48462
-48545
-48793
-49181
-49652
-49759
-49815
-49884
-50090
-50186
-50193
-50277
-50285
-50417
-50840
-50916
-51113
-51279
-51945
-52216
-52352
-52359
-52772
-53124
-53299
-54404
-54853
-54896
-54901
-54924
-55256
-55758
-55760
-55776
-56213
-57400
-57797
-57853
-57942
-58200
-58285
-58292
-58696
-59039
-59274
-59364
-59396
-59458
-59554
-59560
-60051
-60209
-60314
-60415
-60695
-60911
-61087
-61088
-61350
-61356
-61519
-61538
-61543
-61586
-61649
-62074
-62143
-62485
-62485
-62934
-62965
-63048
-63095
-63294
-63417
-63579
-63597
-63769
-64177
-64271
-64276
-64548
-65019
-65106
-65199
-65467
-65780
-65998
-66161
-66220
-66273
-66359
-66440
-66524
-66923
-67306
-67331
-67607
-67686
-67746
-67797
-67896
-67975
-68236
-69301
-69306
-69506
-69533
-69706
-69724
-69863
-69915
-70366
-70776
-70783
-70933
-71159
-71170
-71494
-71510
-71735
-71854
-72406
-72598
-72660
-72727
-72859
-72863
-72987
-73011
-73130
-73833
-74016
-74212
-74337
-74426
-74694
-74743
-74874
-74940
-75078
-75288
-75452
-75550
-76045
-76120
-76131
-76714
-76859
-76977
-77158
-77345
-77514
-77569
-77663
-77677
-77871
-77986
-78037
-78179
-78980
-79008
-79396
-79435
-79722
-79937
-80152
-80346
-80736
-80778
-80945
-81279
-81680
-81918
-82192
-82292
-82368
-82463
-82643
-82731
-82789
-82898
-83400
-83916
-83980
-83987
-84029
-84095
-84158
-84270
-84458
-84931
-85188
-85270
-85445
-85858
-85892
-87012
-87090
-87218
-87256
-87321
-87487
-87516
-88046
-88358
-89165
-89647
-89649
-89771
-89899
-89941
-90394
-90510
-90901
-91146
-91231
-91831
-91887
-92429
-92680
-92998
-93027
-93142
-93490
-93952
-94336
-94346
-94774
-94791
-94962
-94976
-95484
-95518
-95882
-96295
-96399
-96701
-96776
-96855
-96859
-96953
-97033
-97255
-97449
-97453
-97527
-97712
-97780
-98117
-98277
-98309
-98506
-98731
-98926
-99592
-99790
-100334
-100658
-100865
-100936
-101004
-101241
-101255
-101267
-101649
-101665
-101848
-101883
-102195
-102492
-102565
-102572
-103058
-103184
-103274
-103874
-104033
-104053
-104054
-104083
-104271
-104383
-104740
-104818
-104879
-104999
-105195
-105248
-105278
-105454
-105798
-106546
-106620
-107011
-107036
-107142
-107163
-107288
-107448
-107678
-107727
-107779
-107890
-107990
-108077
-108331
-108431
-108635
-109014
-109115
-109243
-109280
-109303
-109693
-109764
-110033
-110545
-110834
-111422
-111593
-111687
-111852
-112241
-112321
-112324
-112536
-112815
-112999
-113118
-113126
-113558
-113997
-114279
-114646
-114977
-115115
-115221
-115652
-115712
-115993
-116256
-116895
-117448
-117907
-118014
-118039
-118253
-118385
-118664
-118692
-118718
-118757
-119086
-119485
-119552
-119766
-120121
-120908
-121213
-121404
-121448
-121627
-121872
-122183
-122249
-122441
-122463
-122609
-122813
-122961
-122974
-122983
-123272
-123412
-123689
-123692
-124418
-124547
-124609
-124741
-125052
-125197
-125275
-125485
-125676
-126027
-126160
-126183
-126207
-126487
-126554
-126554
-126604
-126611
-126865
-126923
-126964
-127378
-127426
-127606
-128118
-128168
-128695
-129011
-129550
-129559
-129664
-129814
-131083
-131140
-131177
-131665
-131760
-132674
-132844
-133740
-133802
-134528
-134548
-134669
-134783
-135202
-135639
-135946
-135966
-136291
-136303
-136779
-136992
-137106
-137329
-137414
-138266
-138428
-138450
-138530
-138699
-138772
-139302
-139368
-139444
-139749
-139852
-140091
-140121
-140194
-140418
-140905
-140937
-141371
-141445
-141554
-141573
-142067
-142110
-142182
-142286
-142301
-142418
-142495
-142577
-142584
-142807
-142839
-143121
-143357
-143644
-143791
-144031
-144098
-144379
-144441
-144996
-145737
-145840
-146525
-146635
-146832
-147035
-147036
-147743
-147760
-148293
-148350
-148479
-148615
-148896
-148983
-148999
-149007
-149090
-149242
-149766
-149932
-150623
-151099
-151340
-151622
-151869
-152172
-152360
-152498
-152676
-152923
-153076
-153123
-153547
-153629
-153826
-153844
-153969
-154139
-154220
-154729
-154824
-154907
-155202
-155355
-155518
-155896
-155994
-156180
-157064
-157207
-157404
-158071
-158075
-158167
-158829
-159494
-159517
-159672
-160066
-160096
-160300
-160305
-160668
-160847
-160927
-161235
-161366
-161558
-161576
-161628
-161653
-161735
-161762
-162137
-162139
-162181
-162242
-162513
-162545
-162706
-162732
-162892
-163007
-163161
-163163
-163209
-163376
-164007
-164020
-164580
-164803
-164867
-165116
-165161
-166228
-166306
-166332
-166497
-166530
-166950
-167133
-167185
-167197
-167384
-167451
-167519
-167769
-167953
-168035
-168277
-168382
-168422
-168523
-168636
-168664
-168738
-168815
-168836
-168934
-169191
-169578
-169836
-170161
-170462
-170702
-170771
-170876
-170954
-170993
-171610
-172041
-172053
-172069
-172143
-172200
-172260
-172634
-172714
-173108
-173441
-173872
-173934
-174175
-174394
-174477
-174958
-175347
-175379
-175591
-175738
-175848
-176032
-176506
-176778
-177008
-177018
-177322
-177375
-177720
-177809
-178082
-178183
-178343
-178522
-178896
-178931
-179067
-179255
-179442
-179917
-180068
-180086
-180168
-180287
-180517
-180617
-180866
-181015
-181045
-181151
-181660
-181960
-182019
-182578
-182676
-182981
-183162
-183190
-183284
-183330
-183490
-183719
-183986
-183989
-184076
-184182
-184542
-184545
-185157
-185187
-185273
-185540
-185810
-186000
-186204
-186257
-186326
-186498
-187445
-187540
-187575
-187711
-187787
-187853
-188177
-188224
-188517
-188566
-188571
-188606
-188646
-188920
-188936
-189074
-189377
-189558
-189843
-190050
-190075
-190165
-190816
-191058
-191136
-191393
-191456
-191741
-191809
-192687
-192839
-192907
-192944
-192992
-193264
-193565
-193742
-193921
-194045
-194344
-194402
-194935
-194958
-195147
-195301
-195538
-195713
-195826
-196202
-196263
-196454
-196715
-196776
-197119
-197298
-197869
-197902
-197911
-198179
-198397
-198592
-198684
-198705
-198773
-198859
-198996
-199234
-199294
-199641
-199692
-199747
-199885
-200121
-200621
-200842
-200851
-200928
-201044
-201098
-201247
-201477
-201717
-201934
-202197
-202462
-202948
-202961
-203257
-203411
-203421
-203486
-203659
-203889
-203937
-203952
-204044
-204191
-204233
-204615
-205058
-205114
-205242
-205258
-205436
-205577
-205637
-205687
-205904
-206221
-206231
-206273
-206651
-206749
-207020
-207289
-208448
-208645
-208654
-208756
-208947
-208977
-209251
-209459
-209534
-209721
-209999
-210025
-210179
-210387
-210666
-210769
-210800
-210953
-211139
-211277
-211531
-211567
-211580
-211750
-211906
-211942
-212046
-212669
-212680
-212822
-212894
-212986
-213164
-213299
-213687
-213691
-214118
-214634
-214652
-214703
-214789
-214807
-214834
-214847
-214884
-215168
-215287
-215388
-215878
-215919
-215938
-216415
-216796
-216799
-217173
-217407
-217554
-217738
-217738
-217892
-217906
-218006
-218279
-218533
-218582
-218700
-218729
-218892
-218956
-219224
-219266
-220255
-220391
-220467
-220708
-221014
-221345
-221523
-221540
-221540
-222251
-222306
-222456
-222662
-222977
-222990
-223216
-223489
-223648
-224119
-224318
-224451
-224650
-224904
-224908
-225296
-225311
-225434
-225470
-225917
-226143
-226465
-226598
-226821
-226900
-226915
-227062
-227617
-227838
-227948
-227958
-228021
-228157
-228478
-228489
-228544
-228603
-228794
-228834
-229229
-229509
-229879
-230373
-230374
-230426
-230590
-230605
-230619
-230658
-230869
-230907
-230987
-231235
-231389
-231761
-232242
-232691
-232890
-233044
-233197
-233373
-233884
-233902
-234236
-234510
-234666
-234834
-234876
-235477
-235561
-235716
-235788
-236335
-236435
-236583
-237597
-237808
-237874
-238027
-238118
-238148
-238342
-238550
-238674
-238949
-238954
-239024
-239134
-239418
-239569
-239878
-239965
-240267
-240805
-241084
-241187
-241661
-241761
-241806
-242085
-242238
-242629
-242832
-242899
-243031
-243081
-243500
-243971
-244147
-244366
-244884
-245100
-245153
-245380
-245529
-246253
-246280
-246667
-247204
-247399
-247717
-247955
-248010
-249098
-249382
-249860
-250224
-250687
-251083
-251202
-251598
-251945
-252403
-252685
-252892
-252983
-253210
-253244
-253420
-253529
-253935
-254077
-254403
-254488
-255181
-255455
-255756
-256147
-256218
-256301
-256383
-256518
-257043
-257250
-257526
-258390
-258438
-258594
-258728
-258731
-258948
-259117
-259275
-259349
-259419
-259959
-260179
-260199
-260262
-260324
-260494
-260645
-260724
-260828
-260994
-261015
-261153
-261300
-261659
-261699
-261814
-262118
-262121
-262433
-262705
-262856
-262944
-263014
-263146
-263218
-263391
-263544
-263976
-263988
-264239
-264668
-265192
-265428
-265559
-265830
-266018
-266026
-266050
-266169
-266442
-266608
-266780
-266814
-266903
-267154
-267390
-267451
-267549
-267850
-268092
-268121
-268167
-268175
-268353
-268473
-268736
-269176
-269814
-269819
-269846
-270444
-270521
-270525
-270653
-270718
-270745
-270770
-270783
-271043
-271080
-271280
-271351
-271623
-271692
-271743
-271869
-271997
-272111
-272141
-272191
-272243
-272403
-272546
-272820
-272898
-272936
-272943
-273290
-273299
-273497
-273748
-274072
-274093
-274463
-274966
-275439
-275561
-275572
-275694
-276026
-276049
-276627
-277058
-278148
-278465
-278515
-278604
-278695
-279017
-279179
-279537
-279572
-279581
-280015
-280145
-280373
-280514
-280669
-280712
-280767
-280790
-281127
-281361
-281425
-281587
-281805
-281975
-282154
-282156
-282226
-282256
-282395
-282513
-282551
-282578
-282756
-282796
-283477
-283548
-283621
-283645
-283724
-284062
-284306
-285044
-285269
-285598
-285610
-285866
-286650
-286732
-286845
-286865
-287011
-287128
-287347
-288307
-288607
-288680
-288977
-289100
-289147
-289202
-289231
-289270
-289298
-289395
-289710
-289806
-290027
-290100
-290778
-291334
-291413
-291610
-291645
-291652
-291666
-291805
-291812
-292773
-293357
-293497
-293773
-293827
-294225
-294423
-294432
-294443
-294586
-294908
-295143
-295319
-295419
-295442
-295507
-295535
-295872
-296442
-296657
-296746
-296848
-296890
-296952
-296971
-297359
-297741
-297751
-298372
-299126
-299234
-299311
-299440
-299664
-300464
-300479
-300495
-300571
-300592
-300609
-300746
-300767
-300952
-300994
-301041
-301089
-301447
-301458
-301509
-301531
-301695
-301837
-301979
-302012
-302083
-302281
-302417
-302512
-302667
-302671
-303042
-303300
-303688
-304141
-304461
-304552
-305076
-305128
-305159
-305405
-305628
-305836
-305871
-306040
-306524
-306614
-307457
-307489
-307628
-307730
-307754
-307874
-307911
-307933
-307960
-308010
-308028
-308088
-308097
-308269
-308599
-308743
-308814
-309036
-309159
-309190
-309402
-309501
-309700
-309890
-310023
-310035
-310381
-310515
-310533
-311133
-311255
-311318
-311553
-312156
-312672
-312747
-313146
-313434
-313455
-313521
-313905
-314076
-314109
-314292
-314969
-315062
-315356
-315539
-315677
-315752
-316120
-316428
-316485
-316534
-316670
-317174
-317363
-317538
-317956
-318231
-318239
-318466
-318727
-318816
-319286
-319544
-320231
-320257
-320279
-320484
-320516
-320947
-320961
-321042
-321066
-321094
-321328
-321516
-321712
-321740
-322056
-322127
-322189
-322337
-322356
-322902
-322995
-323103
-323284
-323303
-323608
-323956
-323997
-324211
-324406
-324481
-324600
-324765
-324802
-325312
-325356
-325430
-325557
-325962
-326088
-326133
-326158
-326174
-326223
-326257
-326264
-326792
-326793
-326860
-326882
-326906
-327001
-327022
-327049
-327127
-327152
-328100
-328232
-328264
-328324
-328411
-329041
-329689
-329978
-330259
-330482
-330732
-331026
-331114
-331462
-331586
-331811
-332484
-332651
-333032
-333226
-333315
-333420
-333514
-333548
-333576
-333586
-333597
-333715
-333949
-334182
-334329
-334933
-334969
-335170
-335258
-335361
-335397
-335519
-335528
-335569
-335707
-335896
-336234
-336248
-336594
-336907
-337379
-337430
-337925
-338034
-338143
-338178
-338199
-338764
-339392
-339557
-339732
-341050
-341063
-341309
-341561
-341759
-342170
-342281
-342288
-342337
-342382
-342392
-342452
-342581
-342690
-342783
-342798
-343014
-343209
-343235
-343251
-343606
-344050
-344204
-344218
-344649
-344753
-345065
-345149
-345333
-345418
-345443
-345635
-346134
-346142
-346552
-346585
-347075
-347214
-347770
-347804
-347871
-347998
-348197
-348290
-348398
-348497
-348695
-348937
-348950
-349146
-349295
-349542
-349612
-349955
-349962
-349976
-350025
-350124
-350353
-350360
-350607
-351047
-351187
-351211
-351257
-351686
-352149
-352152
-352315
-352623
-353078
-353677
-353779
-353876
-354025
-354268
-354346
-354475
-354726
-355047
-355327
-355367
-355439
-355607
-355677
-356059
-356321
-356592
-356710
-356764
-356952
-357030
-357244
-357287
-357395
-358080
-358405
-358528
-358546
-358872
-358878
-359153
-359881
-360058
-360119
-360227
-360761
-360950
-361408
-361639
-361837
-361850
-362129
-362518
-362577
-363102
-363550
-363598
-363815
-363822
-363851
-363852
-363902
-363960
-364121
-364499
-364863
-364914
-364919
-365848
-365864
-365866
-366134
-366188
-366317
-366346
-366496
-366674
-366961
-367067
-367512
-367812
-368053
-368204
-368320
-368414
-368729
-368754
-369134
-369450
-369546
-369737
-369755
-370031
-370138
-371201
-371699
-371943
-372051
-372495
-372559
-372722
-372736
-372814
-373040
-373552
-373743
-374083
-374238
-374267
-374275
-374366
-374560
-374666
-374705
-374715
-374996
-375162
-375559
-375816
-376440
-376560
-376655
-377038
-377125
-377635
-377728
-377964
-378068
-378570
-379022
-379125
-379616
-379872
-380039
-380147
-380181
-380512
-381065
-381325
-381333
-381498
-381501
-381576
-381957
-382508
-382514
-382520
-382798
-382820
-382982
-383088
-383183
-383335
-383635
-383794
-383863
-384181
-384263
-384702
-384850
-384957
-385736
-386077
-386131
-386267
-386645
-386663
-386879
-386937
-387172
-387199
-387275
-387479
-387771
-388141
-388276
-388447
-388504
-389218
-389416
-390264
-390869
-391522
-391673
-392222
-392303
-392815
-392865
-392904
-392911
-393706
-393796
-394075
-394243
-394315
-394402
-394491
-394797
-394809
-394869
-395198
-395202
-395370
-395524
-395663
-395742
-396035
-396254
-397252
-397619
-397753
-397937
-398029
-398550
-398653
-398716
-399022
-399412
-399483
-400188
-400669
-400748
-400845
-401101
-401195
-401429
-401643
-401879
-401958
-402133
-402136
-402307
-402673
-402693
-402903
-403212
-403244
-403493
-403778
-404011
-404102
-404591
-404603
-404643
-404709
-404900
-405681
-405703
-405753
-405799
-406310
-406473
-406547
-406594
-406821
-406988
-406994
-407247
-407636
-407666
-408599
-408810
-408885
-409277
-409287
-409365
-409802
-409814
-409883
-410085
-410232
-410594
-410603
-410793
-411141
-411280
-411375
-411984
-412057
-412243
-412563
-412685
-413068
-413273
-413294
-413435
-413660
-413671
-413695
-413734
-413865
-414208
-414232
-414288
-414384
-414443
-414948
-415567
-415709
-415717
-416063
-416095
-416245
-416371
-416903
-416952
-417023
-417192
-417387
-417697
-417837
-417921
-418093
-418133
-418348
-418616
-418681
-418703
-418874
-418992
-419029
-419031
-419143
-419473
-419550
-419869
-419921
-420754
-421501
-421731
-422167
-422743
-422840
-423197
-423295
-423362
-423413
-423472
-423541
-423556
-423648
-423699
-423758
-423758
-424013
-424759
-424818
-425117
-425154
-425197
-425203
-425270
-425570
-425578
-425614
-426289
-426640
-427199
-427563
-427684
-427705
-427862
-428040
-428343
-428378
-428953
-429647
-429882
-430148
-430385
-430419
-430568
-430835
-431265
-431533
-431661
-431907
-431998
-432083
-432141
-432167
-432372
-432415
-432442
-433024
-433223
-433432
-433483
-433610
-434373
-434453
-434609
-434617
-434646
-434817
-434944
-435014
-435019
-435206
-435405
-435589
-435903
-436123
-436134
-436488
-436523
-436943
-438148
-438267
-438281
-438316
-438388
-438916
-439215
-439540
-439553
-439634
-439675
-439811
-439827
-440184
-440244
-440558
-440569
-440592
-440888
-440938
-441099
-441217
-441399
-441657
-441727
-441860
-441990
-442377
-442467
-442476
-442532
-442686
-442709
-442799
-443102
-443594
-443683
-443825
-443956
-443961
-444074
-444198
-444219
-444248
-444251
-444364
-444506
-444519
-445244
-445453
-445545
-445774
-445791
-445799
-446427
-446602
-446913
-447393
-447760
-447889
-448130
-448139
-448275
-448359
-448613
-449453
-449515
-449660
-450268
-450831
-451154
-451189
-451294
-451518
-451711
-451873
-453600
-453996
-454247
-454325
-454378
-454605
-454813
-454877
-455419
-455429
-455576
-455817
-455821
-455863
-455917
-455996
-456475
-456499
-456928
-457087
-457196
-457228
-457315
-457458
-457493
-457705
-458235
-458332
-458489
-459002
-459033
-459425
-459582
-459604
-459673
-459923
-460346
-460373
-461442
-461690
-462026
-462093
-462258
-462272
-462966
-463006
-463018
-463336
-463399
-463514
-463560
-463593
-463938
-464303
-464562
-464581
-464746
-464866
-465017
-465040
-465066
-466581
-466714
-466726
-466889
-467060
-467375
-467399
-467717
-467760
-468017
-468216
-468225
-468259
-468312
-468690
-468865
-469090
-469126
-470253
-470657
-471025
-471032
-471329
-471772
-471822
-471878
-472019
-472457
-472477
-472648
-473456
-473538
-473637
-473833
-474687
-474857
-475047
-475259
-475298
-475378
-475807
-476024
-476073
-476190
-476374
-476401
-476658
-476678
-476770
-476990
-477012
-477107
-477578
-477828
-478495
-478655
-478863
-478913
-479111
-479112
-479126
-479141
-480464
-480563
-480568
-480674
-480836
-481357
-481555
-481580
-481856
-481863
-481962
-482042
-482345
-482348
-482689
-482828
-482932
-483379
-483503
-483676
-483765
-483843
-483957
-484023
-484210
-484282
-484335
-484402
-484459
-484609
-484788
-485041
-485116
-485804
-486091
-486480
-486568
-487280
-487342
-487463
-487508
-487715
-487842
-488048
-488138
-488554
-488727
-488774
-488826
-488858
-488921
-489311
-489404
-489882
-490143
-490143
-490979
-490988
-491069
-491096
-491166
-491465
-491588
-491596
-492070
-492290
-492602
-492639
-492676
-492723
-492735
-493675
-493830
-493929
-494074
-494162
-494719
-494873
-494898
-494988
-495131
-495482
-495503
-495519
-495674
-495962
-496051
-496229
-496490
-496668
-496986
-497054
-497710
-497762
-497830
-497897
-498233
-498282
-498385
-498445
-498447
-498451
-498579
-498675
-498724
-499178
-499238
-499295
-499626
-499973
-500340
-500454
-500501
-500588
-500606
-500885
-500956
-500986
-501362
-501386
-502030
-502054
-502151
-502460
-502888
-503184
-503275
-503647
-503728
-503838
-504052
-504607
-504646
-504889
-504958
-505118
-505368
-505421
-505648
-505697
-505719
-505845
-506221
-506856
-506907
-507162
-507381
-507393
-507753
-508004
-508185
-508368
-508591
-508607
-508705
-509029
-509046
-509858
-509933
-509948
-510122
-510474
-511064
-511162
-511201
-511226
-511338
-511756
-511812
-512061
-512203
-512236
-512270
-512298
-512441
-512734
-512783
-513061
-513432
-513525
-513596
-513613
-513648
-513892
-514032
-514442
-514744
-515029
-515581
-515635
-515867
-515898
-515922
-516051
-516202
-516416
-517080
-517143
-517421
-517919
-518101
-518790
-519032
-519487
-519566
-519883
-519914
-519944
-520024
-520029
-520351
-520565
-520571
-521397
-521415
-521447
-521606
-521923
-522039
-522043
-522077
-522111
-522141
-522308
-523035
-523061
-523426
-523561
-523717
-523814
-523998
-524953
-525498
-525709
-525897
-525927
-526113
-526204
-526274
-526371
-526594
-526775
-526790
-526840
-527255
-527269
-527276
-527429
-527974
-528002
-528107
-528182
-528407
-528449
-528630
-529081
-529276
-529816
-530048
-530229
-530415
-530442
-530772
-530779
-530830
-531038
-531090
-531261
-531297
-531911
-531986
-532186
-532491
-532492
-532535
-533150
-533484
-533548
-533624
-534222
-534541
-534803
-535271
-535332
-535602
-535761
-535871
-535897
-536202
-536274
-536698
-537037
-537394
-537525
-537557
-537571
-537642
-538011
-538291
-538537
-538891
-539180
-539260
-539313
-539356
-539993
-540137
-540188
-540200
-540281
-540902
-540925
-540948
-541016
-541182
-541208
-541286
-541390
-541617
-543353
-543994
-544051
-544061
-544119
-544676
-544733
-545012
-545179
-545416
-545553
-545737
-545745
-545790
-545806
-545957
-545979
-546213
-546256
-546315
-546697
-546732
-546862
-547186
-547308
-547334
-547425
-547453
-547536
-547701
-547789
-547888
-547890
-548096
-548360
-548578
-548751
-549159
-550070
-550561
-550563
-550574
-550615
-550670
-550948
-551066
-551079
-551087
-551224
-551601
-552046
-552122
-552162
-552266
-552330
-552522
-552579
-552847
-553004
-553045
-553114
-553179
-553869
-554509
-554584
-554808
-555308
-555323
-555762
-555776
-556357
-556489
-556700
-557124
-557188
-557247
-557274
-557823
-557837
-558070
-558920
-559053
-559087
-559213
-559753
-559816
-559964
-560610
-560699
-561309
-561395
-561828
-561977
-562515
-562767
-563652
-564330
-564359
-564484
-564517
-564541
-564930
-565057
-565289
-565548
-565876
-565883
-566569
-566762
-567605
-568727
-568735
-568851
-568930
-568997
-569526
-570131
-570211
-570232
-570234
-570244
-570276
-570657
-570682
-570712
-571072
-571087
-571119
-571145
-571308
-571356
-571479
-571615
-572782
-573327
-573435
-573497
-573584
-573692
-573756
-574115
-574656
-574937
-575029
-575325
-575438
-575637
-575703
-575738
-575743
-575953
-575994
-576207
-576820
-577048
-577110
-577184
-577813
-577932
-578126
-578152
-578407
-578407
-578966
-579027
-579482
-579709
-579838
-580270
-580521
-581180
-581318
-581393
-581417
-581651
-581937
-582088
-582326
-582363
-582407
-582444
-582529
-582768
-582968
-582978
-582997
-583485
-583635
-583652
-583943
-584198
-584873
-584886
-584958
-585006
-585165
-585291
-585330
-585538
-585753
-586004
-586096
-586279
-586498
-587197
-587200
-587570
-587958
-588102
-588726
-589046
-589080
-589331
-589792
-590350
-590368
-590438
-590663
-591284
-591479
-591668
-592010
-592010
-592096
-592245
-592555
-592584
-592700
-593221
-593523
-593932
-594170
-594178
-594272
-594454
-594507
-594647
-594767
-594826
-595249
-595267
-595275
-595353
-595590
-595943
-596247
-597443
-597450
-597458
-597470
-597761
-597967
-598054
-598146
-598256
-598657
-599188
-599678
-599761
-599810
-599884
-599977
-600096
-600152
-600275
-600545
-600871
-600904
-601559
-601858
-601947
-602007
-602550
-602565
-602573
-602895
-603106
-603392
-603497
-603960
-604028
-604212
-604242
-604550
-604857
-605058
-605166
-605321
-605447
-605560
-605618
-605679
-606056
-606170
-606239
-606309
-606391
-606883
-607051
-607225
-607448
-607497
-607548
-607565
-607575
-607613
-607708
-607833
-607847
-607976
-608501
-608685
-608953
-608968
-609071
-609145
-609318
-609855
-609983
-610095
-610135
-610168
-610627
-610734
-611395
-611835
-612192
-612244
-612353
-612512
-612801
-613010
-613262
-613413
-613414
-613486
-614538
-615080
-615124
-615188
-615528
-615552
-615620
-616101
-616101
-616132
-616376
-616495
-616589
-616660
-616663
-617058
-617438
-617669
-617878
-618071
-618255
-618926
-619275
-619301
-619376
-619390
-619583
-619829
-619983
-619985
-620317
-620519
-620618
-620682
-620744
-621186
-621244
-621279
-621583
-622065
-622183
-622198
-622275
-623357
-623449
-623480
-623515
-623666
-623750
-623754
-623835
-624107
-624120
-624188
-624290
-624351
-624589
-624601
-624844
-625209
-625337
-625362
-625618
-625684
-625826
-626176
-626220
-626498
-626593
-627615
-627765
-627920
-627957
-628223
-628308
-628643
-628696
-628878
-629027
-629066
-629099
-629195
-629264
-629331
-629387
-629582
-629687
-629750
-629775
-629810
-630172
-630226
-630250
-630999
-631003
-631078
-631363
-631602
-631607
-631783
-631977
-632073
-632391
-632556
-632710
-633044
-633846
-633947
-634021
-634110
-634203
-634288
-634361
-634442
-634639
-634822
-634910
-635246
-635558
-635808
-635873
-636087
-636258
-636346
-636411
-636537
-636680
-636834
-636862
-636905
-637290
-637595
-637873
-638218
-638733
-638747
-638851
-638974
-639130
-639398
-639605
-639925
-639993
-640200
-640579
-640705
-640773
-640829
-641276
-641500
-641854
-641979
-642475
-642589
-642849
-643170
-643193
-643637
-643727
-644039
-644067
-644369
-644485
-644555
-644817
-644903
-644908
-645145
-645165
-645305
-645398
-645850
-646466
-646838
-646877
-647527
-647595
-647692
-647973
-648079
-648231
-648344
-648467
-648694
-648952
-648988
-649065
-649433
-649583
-649704
-649713
-649913
-649955
-650266
-650438
-651137
-651380
-651499
-651692
-651841
-651913
-651933
-651996
-652525
-652743
-652771
-652911
-653032
-653209
-653523
-653710
-653782
-653868
-654425
-654428
-654567
-654663
-654723
-654728
-654918
-654956
-654981
-655191
-655229
-655395
-655660
-655848
-655941
-656346
-656481
-656857
-657038
-657356
-657359
-658630
-658998
-659048
-659091
-659302
-659565
-659918
-660360
-660507
-660672
-660680
-660764
-660777
-660988
-661229
-661343
-661832
-661854
-661919
-661994
-662127
-662176
-662216
-662280
-662528
-662561
-662992
-663162
-663165
-663195
-663373
-663566
-664174
-664625
-664993
-665037
-665502
-665666
-665749
-665843
-665952
-666162
-666440
-666683
-666729
-666767
-666830
-666862
-666894
-667002
-667161
-667189
-667645
-667818
-667983
-668103
-668384
-668433
-668600
-668720
-668770
-668834
-669129
-669275
-669565
-669651
-669782
-670454
-670642
-670652
-671149
-671179
-671325
-671393
-671620
-671699
-671783
-672605
-673039
-673139
-673161
-673331
-673528
-673532
-673831
-673975
-673999
-674107
-674244
-674277
-674438
-674465
-674494
-675155
-675281
-675613
-675901
-675912
-676074
-676257
-676423
-676634
-676955
-677111
-677332
-677365
-678128
-678383
-678735
-678890
-679457
-679718
-680010
-680031
-680051
-680081
-680317
-680365
-680675
-680682
-680692
-680740
-681041
-681241
-681316
-681438
-681708
-681961
-682249
-682277
-682843
-683135
-683266
-683785
-683875
-683875
-684301
-684617
-684732
-684797
-685435
-685448
-685530
-685912
-686140
-686653
-686913
-686974
-687094
-687476
-687613
-688259
-688452
-688868
-689313
-689419
-689463
-689465
-689477
-689865
-690120
-690395
-690399
-690955
-691031
-691075
-691298
-691733
-692141
-692148
-692577
-692924
-693324
-693866
-693982
-694338
-694408
-694497
-694742
-695036
-695174
-695554
-695571
-695663
-695892
-695903
-696197
-696551
-697259
-697643
-697726
-697737
-697857
-697950
-698216
-698292
-699344
-699425
-699542
-699551
-699562
-699854
-700170
-700347
-700440
-700885
-701016
-701789
-701994
-701995
-702390
-702659
-702767
-702768
-702789
-702857
-703180
-703328
-703350
-703389
-703397
-703630
-704111
-704664
-704953
-704962
-705625
-705647
-706082
-706402
-706604
-707103
-707468
-707639
-707938
-708056
-708057
-708319
-708776
-708778
-708966
-709032
-709076
-709408
-709433
-709714
-709884
-710436
-710945
-711267
-711298
-711616
-711874
-712210
-712241
-712259
-712730
-712802
-713236
-713378
-713638
-713717
-713885
-714160
-714289
-714866
-714911
-714954
-714988
-715006
-715167
-715218
-715648
-716339
-716950
-717546
-717999
-718093
-718141
-718167
-718297
-718637
-718706
-718860
-718941
-718950
-719269
-719691
-719834
-719913
-720236
-720936
-720950
-721264
-721290
-721387
-721530
-721809
-721882
-721989
-721992
-722077
-722122
-722254
-722338
-722494
-722574
-722946
-723267
-723949
-724000
-724286
-724529
-724864
-724894
-725001
-725829
-725908
-726193
-726659
-726839
-726917
-727107
-727412
-727485
-727745
-727865
-727918
-728024
-728039
-728103
-728249
-728545
-728602
-728934
-728998
-729091
-729781
-730284
-730625
-731056
-731223
-732519
-732914
-733187
-733368
-733457
-733470
-733747
-734015
-734758
-734986
-735662
-735685
-735864
-735924
-736278
-736503
-736800
-737474
-737574
-737580
-737744
-738242
-738518
-739011
-739123
-739213
-739336
-739765
-739829
-739944
-739964
-739973
-740088
-740117
-740270
-740483
-740933
-740951
-740968
-741069
-741731
-741920
-742045
-742246
-742284
-742340
-742967
-743192
-743377
-743406
-743413
-744045
-744341
-744380
-744475
-744626
-744853
-744932
-745431
-746026
-746048
-746097
-746676
-746741
-746890
-746905
-746945
-746985
-747406
-747624
-748132
-748197
-748203
-748344
-748994
-749250
-749429
-749524
-749681
-749763
-750820
-750886
-751416
-751499
-751505
-751632
-751706
-751929
-751952
-752150
-752359
-752428
-752479
-752492
-753129
-753200
-753294
-753304
-753459
-753500
-753647
-753839
-754580
-754657
-755103
-755333
-755524
-755648
-755660
-755883
-756016
-756471
-756510
-756971
-757197
-757871
-758007
-758059
-758274
-758512
-758611
-758675
-758694
-758753
-758787
-758928
-758955
-759656
-759682
-759905
-759985
-760273
-760473
-760551
-760901
-761395
-761757
-761767
-762009
-762081
-762101
-762220
-762631
-762945
-763066
-763398
-763817
-763913
-763989
-764183
-764546
-764590
-764617
-764997
-765174
-765185
-765277
-765963
-766270
-766345
-766609
-767068
-767213
-767508
-767687
-767898
-767931
-767947
-768058
-768062
-768180
-768223
-768268
-768294
-768320
-768476
-768773
-768847
-768909
-769194
-769270
-769389
-769419
-769511
-769788
-770188
-770385
-770418
-770438
-770509
-770712
-770726
-770764
-771010
-771026
-771150
-771189
-771424
-771881
-771948
-771955
-772098
-772381
-772705
-772773
-773390
-773974
-774030
-774098
-774731
-774809
-774922
-775007
-775078
-775158
-775522
-775634
-775707
-775798
-775896
-775948
-776138
-776768
-776933
-777413
-777532
-777726
-777733
-777734
-777738
-778018
-778281
-778497
-778622
-778723
-778775
-778791
-778884
-778909
-779103
-779118
-779158
-779250
-779515
-779684
-779729
-779858
-780109
-780148
-780150
-780150
-780172
-780414
-780566
-780628
-780756
-780828
-781050
-781191
-781506
-781960
-782030
-782407
-782718
-783009
-783087
-783222
-783350
-783517
-783858
-783883
-783979
-784080
-784119
-784284
-784332
-784586
-784846
-785390
-785956
-785968
-786085
-786218
-786854
-787055
-787150
-787162
-787207
-787715
-787876
-788127
-788620
-788932
-789381
-789690
-789979
-790308
-790823
-791517
-791906
-792045
-792127
-792490
-792950
-793127
-793159
-793411
-794182
-794219
-794232
-794354
-794481
-795207
-795430
-795439
-795806
-795990
-796194
-796290
-796478
-796607
-796935
-797064
-797144
-797306
-797600
-798258
-798491
-798575
-798830
-798943
-799042
-799101
-799266
-799493
-799752
-799894
-800183
-800292
-800292
-800348
-800605
-801179
-801542
-801595
-801627
-801997
-802130
-802266
-802447
-802539
-802589
-802875
-803021
-803587
-803657
-803825
-804085
-804245
-804637
-804710
-804723
-804768
-805209
-805352
-805409
-805830
-806055
-806074
-806086
-806149
-806323
-806554
-806705
-806798
-806872
-807202
-807422
-807462
-807465
-807531
-807782
-808092
-808199
-808217
-808355
-808626
-808883
-808959
-809156
-809310
-809357
-809534
-809560
-809653
-809905
-809954
-810310
-810326
-810619
-810710
-810786
-810863
-811041
-811123
-811309
-811810
-811946
-811988
-812037
-812203
-812383
-812505
-812523
-813017
-813228
-813247
-813791
-813819
-813892
-814085
-814461
-814489
-814818
-815049
-815099
-815129
-815196
-815293
-815626
-815851
-816572
-816663
-816665
-816676
-816726
-816947
-817059
-817063
-817195
-818097
-818429
-819238
-819242
-819275
-819443
-819570
-819834
-819844
-819884
-820123
-820152
-820352
-820637
-820673
-820992
-821214
-821262
-821473
-821872
-821994
-822227
-822490
-822556
-822730
-822784
-822927
-823132
-823265
-823598
-823703
-823944
-823954
-824160
-824343
-824348
-824862
-825000
-825184
-825541
-825661
-825721
-826205
-826277
-826366
-826514
-826518
-826532
-826534
-826828
-826889
-826912
-826950
-827145
-827260
-827457
-828668
-828731
-828757
-828820
-829540
-829727
-829873
-829914
-830098
-830111
-830318
-830546
-830556
-830708
-830838
-830942
-830968
-832004
-832138
-832642
-832921
-833063
-833286
-833444
-833562
-833673
-834131
-834315
-834404
-834533
-834765
-835211
-835407
-835575
-835584
-835624
-835902
-835923
-836022
-836052
-836214
-836264
-836342
-836421
-836510
-836605
-836948
-836983
-837151
-837278
-837465
-837522
-838186
-838561
-838668
-838722
-838879
-838898
-839059
-839227
-839281
-839758
-839761
-840051
-840463
-840492
-840821
-840853
-841178
-841445
-841466
-841995
-842306
-842348
-842369
-842455
-842572
-842639
-842689
-842875
-842884
-842977
-843159
-843177
-843261
-843602
-843854
-844162
-844193
-844353
-844706
-844773
-844775
-845320
-845488
-845875
-845904
-845979
-846193
-846304
-846373
-846685
-846825
-846859
-847222
-847289
-847293
-847407
-847440
-847834
-847932
-848042
-848435
-848751
-849083
-849536
-849763
-849795
-849964
-850252
-850359
-850592
-851117
-851384
-851401
-851652
-851926
-852709
-852763
-852881
-853050
-853356
-853562
-853585
-853806
-854101
-854326
-854364
-854800
-854920
-855076
-855156
-855510
-855631
-855858
-856106
-856147
-856425
-856967
-856967
-857816
-858015
-858477
-858523
-858529
-858635
-858740
-858922
-859190
-859402
-859501
-859642
-859841
-859892
-860880
-861227
-861348
-861352
-861483
-861538
-861689
-861923
-861992
-862031
-862097
-862108
-862167
-862810
-863837
-863904
-864211
-864551
-864564
-864587
-865199
-865201
-865416
-865533
-865581
-865666
-865685
-865702
-865811
-865911
-866332
-866654
-866672
-866717
-867073
-867194
-867210
-868123
-868268
-868294
-868340
-868420
-868519
-868519
-868886
-868942
-869037
-869301
-869631
-869723
-869873
-869919
-869973
-869973
-870194
-870204
-870316
-870740
-871043
-871324
-871463
-871561
-871651
-871962
-872006
-872222
-872352
-872464
-873011
-873098
-873115
-873347
-873597
-873779
-873840
-873863
-874153
-874259
-874842
-874980
-875000
-875010
-875347
-875800
-875930
-876143
-876654
-876866
-876871
-877087
-877686
-877699
-877847
-878141
-878599
-879287
-879449
-879750
-879866
-879897
-880133
-880217
-880281
-880304
-880893
-881747
-881876
-881952
-881962
-882090
-882253
-882288
-882290
-882351
-882424
-882584
-882597
-882886
-882926
-882957
-883211
-883699
-883715
-884429
-884788
-884920
-885186
-885288
-885336
-885459
-885469
-885809
-885993
-886074
-886159
-886209
-886366
-886405
-886514
-886774
-886873
-887022
-887205
-887227
-887556
-887799
-887894
-888031
-888200
-888210
-888233
-888601
-888923
-888993
-889555
-889570
-889614
-890026
-890253
-890464
-890483
-890720
-890737
-891103
-891348
-891562
-891727
-891738
-891854
-891976
-892174
-892224
-892369
-892514
-892833
-893041
-893205
-893355
-893465
-893470
-893878
-894018
-894135
-894215
-894369
-894641
-894713
-894805
-894835
-895006
-895013
-895018
-895252
-895367
-895503
-895560
-895653
-895784
-895905
-895994
-896148
-896409
-896565
-896649
-896721
-896988
-897594
-897595
-897719
-897993
-898170
-898383
-899444
-899518
-899848
-900010
-900141
-900172
-900292
-900339
-900382
-900421
-900739
-900769
-901106
-901176
-901571
-901998
-902416
-902900
-903252
-903726
-903938
-905179
-905190
-905349
-905676
-905761
-906587
-907351
-907479
-907679
-907780
-907911
-907984
-908174
-908438
-909129
-909243
-909386
-909410
-909956
-910023
-910234
-910328
-910931
-911099
-911104
-911407
-911508
-911759
-911774
-911990
-912313
-912420
-912445
-912520
-912527
-912622
-912883
-912982
-913078
-913310
-913749
-914179
-914222
-914293
-914691
-914719
-914910
-914930
-914987
-915162
-915347
-915461
-915463
-915702
-915977
-916245
-916713
-916784
-916796
-916948
-917218
-917315
-917546
-917566
-917641
-917712
-918233
-918598
-918780
-918815
-918816
-918908
-918911
-918970
-919209
-919704
-920859
-920907
-921926
-922310
-922824
-922930
-923007
-923028
-923051
-923249
-923379
-923877
-924000
-924146
-924686
-924697
-925342
-925403
-925471
-925976
-925979
-926089
-926596
-926685
-927059
-927167
-927905
-927976
-928234
-928461
-928848
-929110
-929115
-929439
-930123
-930144
-930219
-930558
-930770
-931013
-931158
-931553
-931586
-931665
-932322
-932406
-932502
-932606
-932829
-932946
-932961
-933032
-933232
-933371
-933505
-933857
-934286
-934338
-934599
-934898
-935213
-935358
-935373
-935513
-935536
-935817
-935848
-936047
-936199
-936312
-936784
-937291
-937387
-937556
-937567
-937713
-937828
-938325
-938740
-939035
-939097
-939127
-939419
-939674
-939758
-939766
-940091
-940204
-940213
-940344
-940760
-940816
-940868
-940902
-940957
-941015
-941117
-941162
-941307
-941366
-941667
-941712
-941842
-942121
-942303
-942531
-942632
-942905
-942949
-942999
-943206
-943248
-943328
-943485
-943742
-943886
-944053
-944084
-944211
-945095
-945224
-945250
-945369
-945552
-946299
-946482
-946518
-947003
-947078
-947078
-947335
-947435
-947483
-947708
-948018
-948128
-948203
-948292
-948862
-949316
-949423
-949529
-949595
-949598
-949709
-949913
-949946
-950356
-950411
-950557
-950765
-950895
-950967
-951415
-951434
-951458
-951867
-951900
-951943
-952171
-952372
-952620
-953160
-953167
-953255
-953376
-953505
-953717
-954139
-954146
-954224
-954851
-954984
-955160
-955240
-955361
-955495
-955939
-955949
-955998
-956150
-956424
-956518
-956541
-956843
-956868
-957046
-957169
-957185
-957212
-957287
-957363
-957601
-957615
-957865
-958164
-958380
-958442
-958551
-958617
-958632
-958916
-959007
-959175
-959318
-959877
-960099
-960262
-960322
-960765
-961119
-961443
-961527
-961596
-961902
-962175
-962178
-962377
-962429
-962499
-962879
-963296
-963785
-963903
-963960
-964029
-964081
-964190
-964584
-964668
-965019
-965806
-965831
-966093
-966332
-966355
-966503
-966591
-966780
-966854
-967126
-967390
-967464
-967767
-967884
-967907
-968644
-968842
-968892
-968999
-969337
-969438
-970012
-970099
-970238
-970249
-970257
-970554
-970563
-970588
-970792
-970902
-971078
-971113
-971122
-971148
-971183
-971277
-971812
-971947
-972076
-972081
-972085
-972331
-972371
-972498
-973233
-973322
-973334
-973451
-973599
-973720
-974002
-974040
-974070
-974171
-974547
-974614
-975111
-975522
-975611
-975752
-975953
-976105
-976120
-976142
-976957
-976971
-977380
-977390
-978868
-979142
-979195
-979200
-979227
-979417
-979521
-980098
-980372
-980919
-981041
-981134
-981443
-981671
-981916
-982089
-982132
-982311
-982390
-982427
-982653
-982718
-983242
-983410
-983985
-984209
-984237
-984264
-984453
-984466
-984476
-985250
-985533
-985807
-985899
-986481
-986643
-987041
-987044
-987452
-987793
-987801
-987822
-988108
-988271
-989067
-989208
-989443
-989864
-990071
-990523
-990952
-991027
-991372
-991904
-991989
-992093
-992155
-992322
-992353
-992377
-992558
-992644
-992792
-992855
-992964
-992974
-992999
-993392
-993607
-993649
-993983
-994114
-994243
-994797
-994820
-994935
-995125
-995376
-995527
-996315
-996371
-996412
-996417
-996630
-996919
-996995
-997057
-997260
-997417
-997877
-998013
-998271
-998376
-998425
-998479
-998611
-998911
-999089
-999856
