1000
999768
997787
995690
993613
991528
985260
984745
980546
978167
977574
974587
974413
973771
973401
967588
965310
963076
962985
959749
958783
955877
953221
949982
948327
944071
941142
939610
939134
939010
938864
934357
933771
930572
929576
923765
918944
918341
915220
914804
914629
912579
910474
905051
904886
903865
903130
901791
900628
900063
898481
893161
892298
891801
889834
885565
882863
878376
877432
876616
874641
872977
872600
872486
871061
870539
868969
864623
863550
862542
862495
862402
860460
858547
856587
856075
849699
845322
844198
843780
842904
841547
838744
836172
834836
833821
833546
832860
829937
820436
819527
818813
818398
811244
806251
799314
798008
797089
794694
793996
793417
793232
793006
792752
786378
785570
783172
783112
781155
780684
775348
774442
773881
771193
767748
766205
761022
759658
759468
752844
752594
751703
750750
749470
749230
746463
743342
742161
741364
741052
737945
736423
736218
733838
732805
725549
722867
721634
717653
714591
713953
712773
712290
707297
704181
701828
697921
694631
689984
686568
686451
685779
683196
678080
677645
677172
676072
673081
670872
667824
667189
660077
656632
655202
646423
645563
644918
643770
642852
642067
639361
635719
628487
628447
628296
626275
626066
624541
623187
620256
619908
619135
616038
613516
611196
610376
610315
609899
609204
608546
605366
603996
603745
603584
601776
601483
601208
595621
594842
591030
587019
578289
577615
572336
572087
569928
569370
569258
569104
566742
560491
558352
557239
557237
556270
556249
553733
553067
552400
549364
548491
548206
546798
546387
545086
544051
538725
536144
532682
530752
530662
529486
528797
527618
523822
521723
518358
518063
517623
515218
514467
514313
513176
511769
508087
505131
504230
503193
501928
501783
501113
497233
494812
494390
492203
491031
489950
489238
483086
482470
482025
476853
475706
474470
472840
470800
469166
467787
467376
467142
466624
466521
465756
465510
464454
463088
461729
459307
456805
456015
455803
452562
449191
446857
446629
444694
443766
441623
439847
438309
436303
431008
430492
425646
425295
420910
420520
415177
414416
413017
411898
408077
407687
405881
405665
405072
404754
401896
400836
397141
396985
394746
393571
393132
391911
385761
385272
379428
379003
378867
372019
365981
365895
365612
365340
364856
359388
359126
358689
358173
355739
353596
350716
348856
348120
347489
346407
346105
345151
343896
340566
337748
334264
333608
333571
330338
326752
321035
318736
314504
313971
311606
310577
309289
307840
305562
296767
296031
294434
287991
284090
282128
280751
280063
274765
274678
272795
271716
271058
267487
267160
266576
263438
262011
260671
255291
249709
249599
247361
243995
243173
237618
234005
233938
233048
231274
223260
223210
222262
218460
216265
211583
211021
209551
203299
198343
192362
191765
191634
190686
187896
185016
184297
183683
181897
179473
179109
178729
177216
174643
174051
173472
172974
171611
170174
167665
163732
162765
160294
156222
154123
153508
153493
153253
151965
148731
143539
140075
139144
138913
136886
136110
132187
131723
128334
125768
123979
123092
117741
117290
116679
115872
113366
112860
109804
108402
102490
101244
100399
99393
97463
96345
96170
96089
94487
93910
88487
88235
86398
85137
84911
67049
65723
64874
64006
61647
59544
58262
57020
55687
53890
51567
51265
49819
47772
46314
46279
46075
44323
42374
38894
28633
24951
21953
21944
20599
20535
17445
15723
15282
11575
10424
10367
9577
4929
4162
915
560
257
228
-458
-3552
-4109
-4161
-4714
-5655
-6358
-8854
-8977
-11947
-14842
-15204
-18981
-20729
-25123
-27531
-30705
-33645
-36208
-36548
-39455
-39936
-40400
-41771
-43596
-46289
-51194
-60013
-61799
-65987
-69880
-70888
-76329
-77629
-82325
-82488
-82989
-83226
-87628
-88725
-90389
-91265
-104118
-104568
-106645
-108291
-112854
-113460
-117327
-119726
-123074
-124156
-124405
-129308
-131099
-136021
-137330
-137361
-137429
-139499
-141067
-142472
-144205
-146559
-146927
-148782
-149018
-149424
-150156
-151170
-153485
-159197
-161387
-163261
-163276
-166473
-167980
-168812
-169919
-170022
-170379
-171243
-171515
-177252
-177861
-178496
-181366
-181934
-182157
-186770
-187672
-188255
-192017
-192358
-195818
-195953
-198040
-198345
-198361
-201963
-204925
-206775
-210660
-213395
-215883
-217158
-217186
-223349
-224922
-226013
-226409
-229217
-231125
-231346
-231858
-232881
-236410
-237301
-243166
-246922
-250604
-258369
-265994
-268767
-272321
-272837
-277304
-278152
-278314
-280918
-281799
-283000
-286621
-289088
-289201
-292470
-292965
-293934
-293946
-295050
-298809
-301207
-303309
-306375
-308370
-308643
-309253
-313809
-318436
-319923
-320742
-323240
-323876
-327491
-329435
-336419
-337954
-342808
-348179
-351667
-355850
-358870
-360809
-362657
-365308
-365998
-370561
-373376
-374474
-376872
-377235
-378022
-381535
-384558
-385653
-386461
-386832
-389673
-390032
-390225
-391465
-393608
-394300
-394378
-395132
-395397
-397884
-400883
-403097
-404707
-407007
-409332
-409680
-410365
-410610
-412537
-416874
-418919
-418988
-420615
-421902
-422128
-422596
-423205
-423553
-425411
-427679
-440490
-445976
-449356
-455699
-456901
-457382
-459301
-460507
-462286
-463806
-469654
-470272
-470625
-474888
-481200
-481660
-488868
-490815
-492321
-493324
-494391
-494649
-497555
-498196
-501852
-504279
-506658
-506901
-507812
-511941
-514758
-515705
-519439
-524744
-527304
-529219
-529872
-530012
-530785
-531731
-532373
-532673
-533271
-534776
-535060
-535156
-537859
-542942
-543755
-544583
-544811
-549397
-552704
-558218
-558547
-561355
-564357
-564928
-565064
-565673
-567038
-567674
-568350
-570836
-572053
-576923
-577006
-578504
-579471
-579800
-582584
-582761
-583205
-589033
-595594
-597849
-598968
-599493
-599716
-600400
-601244
-601910
-602404
-603134
-604081
-604820
-605020
-610344
-611839
-611905
-613452
-615193
-617034
-619644
-619756
-621092
-624879
-626612
-627550
-628876
-630334
-630560
-631399
-632450
-634417
-634837
-634968
-635608
-636104
-636159
-636547
-639902
-642209
-647677
-651062
-651415
-652158
-654584
-656737
-658339
-658362
-664514
-666130
-667387
-669792
-670343
-671580
-671888
-672054
-672523
-675495
-675731
-679500
-680317
-681287
-682684
-684887
-686898
-691827
-697914
-698098
-699314
-706960
-709771
-712028
-717474
-717784
-718345
-719732
-721280
-725912
-726539
-727052
-730605
-732150
-732375
-737780
-741525
-742016
-744331
-747682
-747858
-748780
-751908
-752498
-752702
-757245
-757913
-760498
-763011
-763522
-766282
-766559
-767709
-769472
-771225
-771235
-772557
-773257
-774292
-775384
-777265
-780600
-784378
-799196
-800377
-806668
-812572
-813336
-813358
-814409
-815631
-818256
-825838
-826419
-831002
-831474
-834228
-835560
-835662
-835711
-836832
-836866
-842560
-848506
-853487
-853642
-854215
-855002
-855488
-855953
-856260
-856455
-858854
-863665
-867368
-868907
-869549
-875287
-880235
-880863
-881028
-882792
-887049
-887178
-889843
-895707
-895733
-897406
-899040
-901400
-904031
-904637
-904803
-908977
-908999
-910616
-910644
-911563
-912219
-912632
-912951
-914360
-915127
-917180
-919449
-920668
-921313
-922865
-925847
-928572
-930760
-932671
-933011
-933132
-933617
-934918
-935744
-935981
-937074
-938195
-938686
-941066
-944710
-945146
-945907
-948967
-951033
-951608
-954870
-956186
-957011
-958709
-960325
-960406
-960630
-963551
-965394
-972133
-972561
-974280
-974395
-975457
-978823
-982060
-988448
-989633
-990118
-990754
-991841
-992240
-992574
-993512
-996996
