100
-979823
-925343
-876462
-837077
-794524
-792337
-779074
-753932
-753468
-738639
-729061
-687010
-682784
-680584
-675343
-562404
-542686
-532076
-513073
-489317
-459516
-455521
-413521
-412124
-409656
-406240
-340187
-338417
-326262
-315214
-278821
-266698
-235726
-216014
-199031
-167058
-162112
-143842
-104085
-44097
-21737
-11558
15463
26990
73396
133054
134263
140690
148681
148967
167625
168954
172168
172594
173350
190971
194463
201910
234070
243149
308777
316883
324582
341709
375240
469198
472768
475741
483993
496106
507780
547378
563007
572814
580594
594662
605971
618894
669522
687719
740753
771394
798074
802429
803091
816272
824033
832986
842656
849863
870069
877969
886180
887550
893961
906300
907020
949182
983608
997841
