10000
-999897
-999609
-999445
-999408
-999265
-999227
-999218
-998693
-997770
-997728
-997697
-997618
-997599
-997519
-997248
-997089
-996933
-996869
-996635
-996582
-996371
-996330
-996187
-996086
-996053
-995659
-995581
-995497
-995447
-995410
-995396
-995156
-994971
-994915
-994832
-994681
-994128
-993907
-993218
-993099
-993053
-992899
-992584
-992472
-992372
-992357
-992300
-991945
-991872
-991708
-991283
-991270
-991200
-990855
-990664
-990318
-990288
-990195
-989978
-989475
-989393
-989162
-989148
-989063
-988788
-988694
-988628
-988487
-988443
-988284
-988133
-987989
-987759
-987294
-987251
-987239
-987176
-987121
-986928
-986768
-986736
-986571
-986365
-986126
-985933
-985720
-985571
-985016
-984974
-984970
-984941
-984340
-984333
-983805
-983534
-983281
-983215
-983212
-983121
-983107
-983000
-982917
-982734
-982527
-982200
-982160
-982023
-982015
-981914
-981528
-981103
-981003
-980872
-980841
-980802
-980681
-980622
-980491
-980166
-979969
-979606
-979503
-979475
-979330
-978935
-978729
-978623
-978536
-978142
-977922
-977529
-977235
-976997
-976940
-976883
-976774
-976603
-976484
-976155
-976134
-975824
-975335
-975122
-974630
-974625
-974402
-974257
-974205
-974201
-973774
-973323
-972874
-972811
-972663
-972452
-972184
-971950
-971722
-971177
-971047
-970924
-970636
-970457
-970127
-969600
-969504
-968719
-968717
-968717
-968423
-968386
-968149
-968106
-967945
-967900
-967866
-967827
-967739
-967544
-967536
-967430
-967395
-966713
-966500
-966427
-966401
-966290
-966281
-966061
-966016
-965935
-965674
-965607
-965499
-964827
-964736
-964416
-964355
-964244
-964106
-963955
-963721
-963405
-963211
-962840
-962688
-962594
-962593
-962392
-961923
-961759
-961679
-961565
-961524
-961339
-961242
-961237
-960750
-960673
-960604
-960199
-959849
-959787
-959478
-959106
-958922
-958822
-958562
-958149
-957504
-957483
-957352
-957303
-957170
-957079
-956765
-956505
-956388
-956270
-956227
-956178
-955978
-955121
-954676
-954411
-953843
-953792
-953599
-953596
-953566
-953447
-953396
-953324
-952884
-952665
-952576
-952554
-952272
-952033
-951887
-950945
-950738
-950277
-950041
-949955
-949905
-949852
-949840
-949823
-949236
-949165
-949126
-949073
-948775
-948723
-948544
-948443
-948265
-948219
-948004
-947632
-947586
-947534
-947310
-947234
-947177
-946640
-946499
-945580
-945559
-945272
-944845
-944837
-944754
-944442
-944264
-944208
-944170
-944138
-943724
-942760
-942750
-942686
-942652
-942558
-942448
-942086
-942031
-941883
-941741
-941386
-941310
-941217
-940807
-940643
-940201
-939955
-939909
-939714
-939649
-939186
-939100
-938489
-938349
-937992
-937381
-937352
-937243
-937102
-937044
-937020
-936911
-936834
-936219
-936207
-936113
-935940
-935832
-935760
-935605
-935211
-935153
-934936
-934839
-934494
-933675
-933536
-933461
-933363
-933308
-933156
-932568
-932504
-932225
-932062
-931975
-931673
-931348
-931335
-931204
-930719
-930425
-929607
-929170
-929065
-928926
-928811
-928289
-927658
-927654
-927550
-927427
-927141
-926845
-926784
-926721
-926659
-926646
-925865
-925768
-925626
-925550
-925405
-925299
-925221
-925196
-925058
-924284
-924280
-923920
-923581
-923361
-923284
-923112
-923077
-923033
-922301
-922223
-922034
-921174
-920830
-920455
-920225
-919963
-919490
-919421
-918833
-918727
-918667
-918637
-918504
-918084
-917990
-917915
-917724
-917667
-917638
-917636
-917375
-917334
-916491
-916212
-916199
-915889
-915705
-915537
-914900
-914878
-914837
-914153
-913898
-913389
-913302
-913108
-913054
-912259
-912127
-912049
-911999
-911683
-911673
-911172
-911146
-910949
-910827
-910752
-910557
-910480
-910367
-910194
-910111
-909952
-909770
-909679
-909630
-909213
-908972
-908926
-908901
-908632
-908130
-907868
-907737
-907659
-907532
-907336
-907326
-905996
-905474
-905407
-905037
-904790
-904700
-904659
-904613
-904588
-904392
-904029
-903911
-903717
-903518
-903487
-902996
-902819
-902812
-902266
-902220
-901892
-901754
-901690
-901447
-901437
-901122
-900901
-900806
-900710
-900704
-900695
-900357
-900104
-899988
-899134
-899098
-899028
-898632
-898578
-898495
-898376
-898171
-898140
-897558
-897427
-897374
-896984
-896971
-896736
-896363
-896214
-896146
-896088
-895671
-895403
-895087
-894709
-894678
-894489
-894213
-894132
-894077
-894031
-894001
-893930
-893784
-892807
-892618
-891954
-891664
-891550
-891206
-891005
-890948
-890875
-890678
-890489
-890185
-889908
-889673
-889560
-889239
-889218
-889023
-888750
-888712
-888239
-888020
-887546
-887132
-886944
-886924
-886697
-886577
-886333
-886330
-886258
-886149
-884380
-884371
-884220
-884209
-884019
-883633
-883551
-883364
-883234
-883025
-882712
-882680
-882618
-882612
-882597
-882490
-882453
-882369
-882359
-882205
-881932
-881852
-881690
-881591
-881413
-881410
-881026
-880557
-880498
-880196
-880156
-879890
-879873
-879789
-879775
-879569
-879549
-879504
-879449
-879430
-879269
-879206
-878981
-878873
-878853
-878493
-878176
-878163
-877975
-877336
-877319
-877312
-877263
-877135
-876757
-876254
-876243
-876104
-875732
-875530
-875308
-875292
-875108
-874618
-874285
-874220
-874055
-874041
-874039
-873913
-873842
-873716
-873715
-873663
-873461
-873402
-873316
-873251
-873068
-872850
-872391
-871506
-871037
-871025
-871011
-870981
-870663
-870476
-870432
-870236
-870231
-870063
-869500
-869177
-868860
-868415
-868228
-867857
-867718
-867687
-867229
-867088
-866992
-866810
-866055
-865546
-865441
-865126
-865085
-864574
-864453
-864283
-864213
-864156
-864000
-863922
-863663
-863348
-863043
-862846
-862582
-862477
-862418
-862232
-861980
-861805
-861783
-861637
-861610
-861492
-861395
-861207
-861001
-860560
-860120
-860066
-859835
-859834
-859800
-859497
-859407
-859109
-858712
-858707
-858610
-858573
-858119
-858084
-857362
-857133
-856044
-855929
-855590
-855567
-855444
-855393
-854960
-854351
-853912
-853670
-853001
-852893
-852811
-852733
-852718
-852398
-852176
-852137
-852081
-852058
-851980
-851974
-851967
-851949
-851063
-850789
-850771
-850467
-850458
-850379
-850369
-850140
-849803
-849404
-849369
-849220
-848779
-848691
-848217
-847768
-847678
-847659
-847516
-847488
-847319
-847166
-847074
-846164
-846141
-845942
-845614
-845254
-845149
-845146
-845021
-844797
-843733
-843586
-843485
-843452
-842582
-842099
-841957
-841775
-840772
-840630
-840628
-840339
-840071
-839353
-838994
-838959
-838903
-838465
-838029
-837904
-837793
-837697
-837576
-837511
-837410
-836886
-836805
-836780
-836748
-836607
-836520
-836367
-836351
-836258
-835965
-835849
-835825
-835485
-835200
-834997
-834876
-834786
-834717
-833859
-833806
-833676
-833540
-833397
-832962
-832609
-832609
-832551
-832406
-832299
-832246
-832128
-832119
-831757
-831669
-831193
-831182
-830897
-830839
-830791
-830787
-830128
-830058
-829910
-829640
-829409
-829245
-829240
-828733
-828551
-828471
-828416
-828339
-828295
-828108
-827638
-827607
-826488
-826432
-826430
-826183
-826169
-826130
-826018
-825877
-825608
-825578
-825551
-825212
-825082
-824879
-824855
-824661
-824374
-824337
-824244
-824088
-823916
-823598
-823275
-823261
-823189
-823064
-822661
-822633
-822469
-822412
-822275
-822170
-821533
-821530
-821515
-821464
-821442
-821425
-821403
-821301
-821245
-821053
-820407
-820363
-820180
-820171
-819901
-819734
-819451
-818999
-818992
-818974
-818357
-818323
-817735
-817726
-817392
-817197
-816830
-816751
-816674
-816256
-815848
-815408
-815408
-815200
-815171
-815131
-815010
-814467
-814430
-814288
-814252
-814104
-813965
-813886
-813805
-813403
-812684
-812680
-812208
-810829
-810819
-810794
-810767
-810550
-810495
-810452
-809981
-809534
-809394
-809097
-808986
-808792
-808183
-808152
-808100
-807668
-807470
-807414
-807343
-807061
-807003
-806700
-806434
-806327
-806112
-805896
-805436
-805384
-805090
-804915
-804890
-804587
-804285
-803990
-803979
-803768
-803414
-803402
-803281
-803235
-803155
-803018
-802740
-802722
-802541
-802284
-802247
-801712
-801536
-801518
-801180
-800694
-800583
-800529
-800319
-800051
-799866
-799532
-799169
-799122
-798998
-798840
-798430
-798391
-798087
-797728
-797267
-797262
-796918
-796602
-796541
-796236
-796160
-795996
-795964
-795696
-795577
-795376
-795034
-794197
-793812
-793810
-793622
-793451
-793383
-793366
-793358
-793293
-793274
-793258
-793093
-793037
-793003
-792972
-792803
-792729
-792706
-792496
-792192
-792163
-792006
-791964
-791956
-791896
-791567
-791361
-790781
-790739
-790506
-789982
-789966
-789873
-789351
-789069
-788771
-788743
-788163
-788047
-787675
-787308
-787274
-786448
-786418
-786041
-785555
-784829
-784718
-784372
-783895
-783480
-783389
-783298
-783106
-783081
-783043
-782591
-782202
-782096
-782011
-781993
-781990
-781856
-781215
-781185
-780780
-780719
-780583
-780507
-780255
-779968
-779470
-778799
-778747
-778620
-777829
-777725
-776858
-776615
-776239
-776220
-776110
-776110
-775817
-775688
-775476
-775453
-775408
-774749
-774743
-774354
-774223
-774114
-773929
-773706
-773684
-773622
-773190
-773183
-773115
-773064
-773058
-773049
-772841
-772564
-772526
-772288
-772166
-772128
-772053
-771902
-771624
-771411
-771295
-771206
-771011
-770468
-769851
-769806
-769762
-769653
-769628
-769517
-769424
-769383
-769230
-769190
-769101
-769037
-769013
-768974
-768903
-768715
-768120
-767981
-767693
-767664
-767657
-767500
-767303
-767150
-766920
-766906
-766595
-766397
-765937
-765509
-765402
-765314
-764837
-764766
-764739
-764644
-764372
-764340
-764093
-763971
-763096
-762875
-762765
-762186
-762166
-761599
-761420
-761411
-761211
-761160
-760778
-760630
-760579
-760504
-760378
-760289
-760280
-760182
-760154
-759593
-759354
-759231
-758954
-758769
-758695
-758530
-758523
-758489
-758110
-757770
-757718
-757511
-757474
-756951
-756835
-756682
-756520
-756360
-756059
-755523
-755251
-754955
-754906
-754862
-754667
-754657
-754569
-754405
-754125
-754035
-753896
-753882
-753672
-753033
-753024
-752983
-752571
-752320
-752201
-751854
-751796
-751482
-751306
-751279
-750725
-750716
-750711
-750613
-750584
-750501
-750382
-750109
-750089
-749659
-749612
-749401
-748542
-748443
-747825
-747432
-746995
-746951
-746948
-746383
-746381
-746190
-746009
-745919
-745809
-745292
-745149
-745097
-744632
-744623
-744570
-744512
-744484
-744418
-744406
-744343
-744281
-744258
-744032
-743705
-743620
-743521
-743477
-743196
-742832
-742788
-742405
-741906
-741259
-740659
-740561
-740165
-740084
-739764
-739744
-739287
-739165
-739092
-738886
-738736
-737866
-737816
-737447
-737390
-737281
-737115
-737080
-736773
-736680
-736463
-736383
-736344
-736017
-735795
-735755
-735293
-735182
-734659
-734638
-734374
-734098
-733852
-733279
-733220
-733208
-733116
-733101
-733083
-733072
-732731
-732566
-732490
-732450
-732430
-732296
-732184
-731926
-731807
-731563
-731499
-731429
-731384
-731327
-731318
-731304
-731192
-730702
-730649
-730623
-730417
-730297
-730141
-729750
-729713
-729678
-729635
-729616
-729482
-729350
-729201
-728944
-728330
-727923
-727917
-727892
-727348
-727199
-727075
-727038
-726834
-726526
-726401
-726000
-725562
-725428
-725004
-724436
-724229
-723956
-723434
-723149
-723105
-723084
-723023
-722819
-722675
-721820
-721597
-721514
-721108
-720635
-720481
-720419
-720201
-720175
-720157
-720027
-719967
-719856
-719804
-719293
-719092
-719002
-718836
-718153
-717917
-717466
-717391
-717333
-717327
-717321
-717252
-717245
-717217
-717197
-716855
-716765
-716603
-716390
-716275
-716196
-715786
-715628
-715512
-715374
-715323
-715193
-715171
-714599
-714470
-714211
-713809
-713599
-713367
-713244
-713181
-712991
-712754
-712505
-712315
-711947
-711925
-711393
-710796
-710713
-710132
-709930
-709577
-709052
-708974
-708898
-708746
-708503
-707568
-707318
-707070
-706322
-706199
-705626
-705590
-704635
-704492
-704392
-704380
-704316
-704258
-703760
-703333
-703229
-703098
-703091
-702765
-702303
-702274
-702205
-702183
-701941
-701867
-701672
-701401
-701304
-701143
-701029
-700680
-700451
-700442
-700022
-699776
-699170
-698920
-698837
-698752
-698746
-698700
-698485
-698318
-698020
-697487
-697432
-697180
-696703
-696659
-696562
-696529
-696332
-696088
-695733
-695666
-695615
-695420
-695273
-695076
-695025
-694442
-694269
-694067
-693690
-693641
-693599
-693025
-692884
-692776
-692550
-692374
-692204
-692190
-691828
-691777
-691701
-691658
-691555
-691540
-690989
-690656
-690627
-690473
-690100
-689991
-689285
-689139
-688755
-688527
-687849
-687298
-687019
-686537
-686452
-686022
-685503
-685479
-684864
-684754
-684596
-684404
-684310
-684169
-684092
-683974
-683511
-683511
-683404
-683205
-683005
-682927
-682841
-682654
-682603
-682599
-682559
-682131
-682118
-681667
-681487
-681301
-681131
-681127
-680884
-680771
-680677
-680594
-680003
-679489
-679414
-679304
-679131
-679033
-678556
-677877
-677782
-677747
-677393
-677008
-677007
-676915
-676649
-676441
-676177
-676143
-676130
-676075
-675793
-675793
-675527
-674693
-674673
-674576
-674235
-673984
-673626
-673460
-672255
-672247
-671825
-671654
-671457
-671284
-671178
-670899
-670741
-670482
-670151
-669641
-669601
-669555
-669093
-668754
-668261
-668025
-667887
-667882
-667809
-667551
-667409
-666917
-666605
-666595
-666509
-665850
-665560
-665505
-664946
-664912
-664548
-664242
-663985
-663954
-663893
-663836
-663760
-663686
-663626
-663601
-663587
-663524
-663228
-662973
-662912
-662728
-662725
-662716
-662669
-662252
-662170
-662064
-661981
-661872
-661631
-661624
-660989
-660842
-659907
-659671
-659557
-659451
-659189
-659017
-658907
-658611
-658496
-658378
-658020
-657762
-657743
-657468
-657361
-657309
-657297
-657084
-656732
-656591
-656561
-656491
-655981
-655776
-655547
-655331
-655308
-654757
-654546
-654544
-654131
-653906
-653894
-653490
-653461
-653349
-653347
-653269
-653195
-653111
-652813
-652786
-652689
-652639
-652536
-652091
-651869
-651723
-651605
-651493
-651483
-650971
-650967
-650900
-649908
-649696
-649677
-649201
-649188
-648777
-648666
-648513
-648461
-648269
-648062
-647553
-647444
-647361
-647303
-647114
-646984
-646928
-646673
-646670
-646578
-646550
-646510
-646390
-646251
-646156
-645977
-645414
-645414
-645297
-644813
-644758
-644501
-644425
-644420
-644394
-644111
-644054
-643899
-643769
-643498
-643486
-643063
-642968
-642847
-642010
-641977
-641742
-641351
-641303
-641061
-641060
-641060
-640902
-640465
-640412
-640332
-640058
-640055
-639377
-639277
-639195
-639104
-638855
-637964
-637786
-637678
-637496
-637413
-637369
-636853
-636704
-636572
-636541
-636500
-636365
-636220
-636197
-636127
-635889
-635615
-635415
-635077
-635054
-635033
-634762
-634478
-634363
-634024
-633925
-633561
-632916
-632901
-632673
-632644
-632614
-632498
-632465
-632176
-632171
-632064
-631992
-631965
-631662
-631556
-631541
-631405
-631031
-630060
-629964
-629605
-629243
-629014
-628651
-628647
-628239
-628173
-628109
-628109
-627656
-627237
-627195
-626875
-626401
-626367
-626312
-626085
-625807
-625785
-625230
-625072
-624957
-624750
-624704
-624660
-624495
-624452
-624372
-624116
-624055
-623912
-623827
-623814
-623667
-623659
-623554
-622976
-622887
-622747
-622617
-622477
-621962
-621775
-621714
-621611
-621365
-621329
-621219
-620792
-620780
-620535
-620395
-619817
-619493
-619251
-618896
-618692
-618593
-618544
-618542
-618500
-618194
-618157
-617943
-617916
-617447
-617074
-616694
-616255
-616098
-615689
-615553
-615417
-615295
-614555
-614498
-614426
-614057
-613925
-613761
-613629
-613371
-612758
-612661
-612524
-611677
-611653
-611443
-611252
-610908
-610807
-610518
-610233
-610054
-609736
-609546
-609464
-609448
-609309
-609196
-609089
-608536
-608134
-608101
-608092
-607741
-607729
-607466
-607417
-607096
-606941
-606629
-606625
-606516
-606479
-606430
-605816
-605643
-604782
-604768
-604524
-604411
-604334
-604277
-603664
-603580
-603462
-603383
-602795
-602666
-602663
-602316
-602315
-602295
-601955
-601146
-601044
-601012
-600768
-600688
-600384
-600286
-599698
-599599
-599468
-599360
-599186
-599119
-598999
-598535
-598364
-598202
-598118
-598107
-597847
-597747
-597294
-597276
-596741
-596483
-596187
-596175
-595937
-595920
-595501
-595467
-595336
-595311
-595254
-595247
-595157
-595121
-594938
-594777
-594545
-594393
-594116
-593895
-593591
-593465
-593369
-593343
-593288
-593279
-593251
-593042
-592833
-592690
-592127
-591958
-591793
-591755
-591501
-591315
-591066
-590854
-590823
-590610
-590382
-590114
-589750
-589659
-589496
-589491
-589194
-589134
-588698
-588668
-588584
-588571
-588509
-588187
-588164
-588013
-587841
-587760
-587602
-587515
-587505
-587411
-587089
-587019
-587002
-586758
-585909
-585520
-585498
-585440
-584908
-584893
-584803
-584714
-584549
-584498
-584336
-584097
-583688
-583472
-583262
-583214
-583206
-583192
-582668
-582423
-582392
-582133
-581922
-581596
-581156
-581110
-581076
-581056
-580736
-580645
-580571
-580501
-580363
-580229
-580069
-580027
-580013
-579947
-579845
-579823
-579749
-579646
-579644
-579027
-578593
-578569
-578528
-578278
-578238
-578181
-577866
-577554
-577478
-577425
-576941
-576639
-576285
-576107
-576059
-575861
-575585
-575325
-574461
-573904
-573891
-573655
-573638
-573552
-573474
-573426
-573395
-573379
-573036
-572867
-572678
-572520
-572164
-571904
-571778
-571368
-570843
-570769
-570398
-570299
-570294
-569917
-569473
-569399
-568976
-568765
-568715
-568689
-568312
-568181
-567940
-567691
-567663
-567197
-567060
-566854
-566750
-566722
-566508
-566425
-566009
-565896
-565450
-564987
-564818
-564415
-564375
-564339
-564025
-564004
-563938
-563866
-563764
-563653
-563448
-563335
-563334
-563128
-563087
-562766
-562727
-562558
-562386
-562238
-562085
-561692
-561344
-561104
-560769
-560688
-560687
-560594
-560265
-560253
-560125
-560059
-559938
-559592
-559520
-559163
-558704
-558489
-557916
-557498
-557490
-557416
-556823
-556770
-556368
-556361
-556269
-556169
-556090
-555939
-555848
-555195
-555143
-555079
-554951
-554853
-554504
-554254
-554009
-553545
-553324
-552764
-552710
-552524
-552415
-552377
-552323
-552088
-552053
-552049
-551809
-551675
-551563
-551507
-551451
-551294
-551145
-551119
-551080
-550911
-550214
-549884
-549863
-549792
-549650
-549610
-549523
-549516
-549457
-549161
-549055
-548953
-548922
-548761
-548393
-548323
-548150
-547905
-547873
-547807
-547625
-547526
-547427
-547371
-547350
-547269
-547065
-546868
-546849
-546738
-546516
-546248
-546016
-545479
-545472
-545396
-544840
-544653
-544541
-544332
-543816
-543693
-543502
-542867
-542751
-542548
-542534
-541865
-541826
-541496
-541453
-541233
-541227
-541131
-540786
-540596
-540439
-540420
-540361
-540275
-540274
-540223
-539891
-538937
-538889
-538810
-538439
-538374
-538291
-538087
-537960
-537745
-537670
-537586
-537426
-537408
-537055
-537042
-536841
-536517
-536456
-536243
-535965
-535830
-535776
-535722
-535508
-535291
-535200
-535069
-534767
-534717
-534607
-534460
-534205
-534136
-533972
-533917
-533902
-533850
-533675
-533314
-532885
-532660
-532612
-532586
-532350
-532310
-532288
-531931
-531248
-531180
-530653
-530469
-530121
-529829
-529753
-529374
-529214
-528786
-528540
-528113
-527821
-527509
-527508
-527011
-526943
-526872
-526568
-526522
-526289
-526255
-525883
-525712
-525681
-525320
-525319
-525284
-525123
-524958
-524938
-524742
-524560
-523651
-523484
-523397
-522790
-522444
-522200
-522083
-521837
-521515
-521033
-520576
-519925
-519776
-519667
-519499
-519428
-519345
-519263
-519078
-518862
-518804
-518586
-518584
-518278
-518212
-518095
-518063
-517996
-517931
-517610
-517562
-517529
-517397
-517235
-517210
-516899
-516640
-516570
-516198
-516099
-516074
-515937
-515856
-515848
-515842
-515592
-515498
-515311
-515099
-515033
-514957
-514892
-514891
-514847
-514502
-514340
-513674
-513654
-513448
-513445
-513371
-513141
-512991
-512979
-512874
-512496
-512492
-512324
-512279
-512137
-511816
-511573
-511417
-511127
-511121
-510708
-510134
-510073
-509987
-509967
-509918
-509748
-509696
-509644
-509527
-509444
-509412
-508987
-508865
-508207
-508150
-507792
-507672
-507209
-506997
-506880
-506727
-506384
-506028
-505823
-505608
-505588
-505559
-504848
-504756
-504753
-504691
-504537
-504195
-504111
-504027
-503884
-503852
-503755
-503336
-503314
-503231
-503136
-502940
-502852
-502425
-502260
-502097
-502084
-502083
-501440
-501242
-500380
-500243
-499862
-499682
-499649
-499071
-498883
-498842
-498755
-498601
-498595
-498476
-498121
-497931
-497472
-497469
-497417
-497362
-497352
-497352
-497154
-497100
-496998
-496964
-496713
-496082
-495934
-495636
-495609
-495556
-495073
-495049
-495037
-494955
-494907
-494729
-494625
-494488
-494369
-494359
-494345
-494327
-494116
-494108
-493834
-493762
-493736
-493266
-493131
-493050
-492425
-491731
-491430
-491348
-491283
-491026
-490992
-490786
-490669
-490294
-490120
-489631
-489177
-488899
-488767
-488253
-487902
-487747
-487705
-487646
-487558
-487342
-486669
-486444
-486424
-486110
-485687
-485678
-485560
-485456
-485254
-485233
-484905
-484782
-484478
-484228
-484143
-484112
-483927
-483917
-483633
-483360
-483298
-482807
-482636
-482364
-482074
-481758
-481571
-481553
-481537
-481327
-480754
-480731
-480668
-480311
-480249
-480080
-479878
-479853
-479818
-479775
-479767
-479592
-479483
-479359
-479247
-479098
-479037
-478406
-478326
-478274
-478078
-478059
-477945
-477883
-477555
-477427
-476965
-476946
-476726
-476679
-476671
-476403
-476371
-475747
-475080
-475066
-474622
-474513
-474159
-474037
-473625
-473388
-473320
-473286
-473169
-473115
-473080
-472797
-472350
-472264
-472063
-471530
-471468
-471319
-471317
-471268
-471206
-470885
-470499
-470260
-470214
-470144
-469753
-469689
-469682
-469573
-469545
-469453
-469256
-469155
-469093
-468995
-468755
-468738
-468472
-468336
-467965
-467889
-467799
-467639
-467355
-467229
-467048
-466923
-466459
-466152
-465971
-465620
-464831
-464343
-464017
-463915
-463624
-463469
-463250
-462347
-462155
-462129
-462058
-461662
-461532
-461494
-461440
-461387
-461385
-461104
-460874
-460355
-460300
-460024
-459410
-459387
-459261
-459061
-458811
-458215
-458115
-457975
-457844
-457808
-457790
-457502
-457425
-457261
-456762
-456738
-456712
-456643
-456569
-456383
-456336
-456257
-456219
-455430
-455397
-455082
-455047
-454844
-454674
-454604
-454533
-454495
-454450
-454275
-454219
-454183
-454181
-453284
-453166
-453149
-453105
-453078
-452518
-452384
-452237
-452111
-452105
-451758
-450468
-449956
-449634
-449502
-449444
-448809
-448744
-448730
-448707
-448649
-448537
-448514
-448190
-448032
-447817
-447810
-447783
-447700
-447667
-447441
-447215
-447067
-446579
-446442
-445834
-445673
-445552
-445457
-445267
-444726
-444668
-444512
-444395
-444315
-444067
-444057
-444018
-443877
-443845
-443765
-443214
-443089
-442944
-442844
-442753
-442741
-442736
-442720
-442058
-442007
-441319
-440530
-440352
-440351
-440323
-440245
-440124
-440124
-439999
-439757
-439294
-439190
-439051
-438969
-438285
-437869
-437640
-437365
-437331
-437252
-436993
-436442
-436162
-436160
-435765
-435253
-434932
-434682
-434681
-434631
-434087
-433576
-433136
-433109
-432933
-432819
-432653
-432566
-432434
-431712
-431702
-431612
-431239
-431090
-431028
-431006
-430798
-430753
-430532
-430502
-430443
-430287
-430234
-430213
-430140
-429791
-429779
-429748
-429563
-428914
-428866
-428818
-428745
-428378
-428274
-427060
-426731
-426158
-426149
-425872
-425546
-425381
-425070
-425008
-424975
-424819
-424791
-424375
-424331
-424252
-424105
-424064
-423764
-423723
-423327
-423287
-423266
-423020
-422708
-422661
-422416
-422375
-422194
-422050
-422046
-421701
-421443
-421110
-420785
-420784
-420413
-420094
-419819
-419806
-419756
-419200
-419061
-418990
-418953
-418950
-418941
-418898
-417955
-417945
-417597
-417508
-417318
-417160
-416664
-416258
-415538
-415434
-415360
-415345
-415286
-415065
-415023
-414352
-414255
-414087
-413698
-413637
-413523
-412796
-412650
-412570
-412460
-412447
-412402
-412373
-412324
-411836
-411771
-411701
-411699
-411598
-411420
-411314
-411226
-411163
-411124
-411118
-411056
-411035
-410846
-410157
-410084
-409725
-409706
-409605
-409591
-409534
-409297
-409289
-409214
-409208
-409170
-409143
-408991
-408659
-408359
-408000
-407665
-407611
-407555
-407412
-407343
-407021
-407002
-406969
-406456
-406413
-406396
-406196
-406005
-405986
-405613
-405341
-405067
-404792
-404141
-403964
-403873
-403649
-403545
-403394
-403340
-402502
-402322
-402276
-402155
-402154
-401939
-401918
-401869
-401733
-401631
-401623
-401109
-401029
-400793
-400677
-400584
-400407
-400333
-400255
-400249
-400242
-400015
-399829
-399809
-399756
-399301
-399276
-399207
-398934
-398920
-398237
-398140
-398019
-397906
-397874
-397801
-397760
-397640
-397619
-397327
-397275
-397218
-396924
-396922
-396556
-396378
-396197
-396149
-396149
-395956
-395875
-395583
-395420
-395416
-395129
-395007
-394973
-394874
-394499
-394425
-394390
-394358
-394297
-394093
-393890
-393815
-393299
-393216
-393105
-392417
-392008
-391267
-391066
-390818
-390530
-390254
-390104
-389990
-389963
-389621
-389512
-389399
-389044
-388716
-388662
-388569
-388509
-388375
-388372
-388103
-387996
-387992
-387980
-387613
-387445
-387271
-387172
-387162
-387157
-387062
-386916
-386745
-386568
-386565
-386360
-386054
-385924
-385917
-385774
-385754
-385641
-385446
-385243
-384963
-384792
-384589
-384566
-384499
-384038
-383972
-383796
-383744
-383598
-383418
-383401
-382986
-382831
-382488
-382471
-382344
-382300
-381928
-381676
-381660
-381458
-381152
-381107
-381089
-380821
-380630
-380607
-380554
-380197
-380195
-380083
-379961
-378973
-378607
-378213
-377897
-377892
-377615
-376863
-376645
-376515
-376487
-376032
-376027
-375798
-375398
-375294
-375178
-375123
-375080
-375072
-374695
-374418
-373898
-373473
-372488
-372464
-371950
-371352
-371245
-371106
-371094
-371015
-370930
-370471
-370460
-369892
-369469
-369289
-369094
-368527
-368472
-368352
-368303
-368213
-368163
-368131
-367955
-367952
-367931
-367688
-367472
-367462
-367325
-366996
-366400
-366229
-365862
-365594
-365479
-365456
-365339
-365170
-365066
-364512
-363913
-363905
-363866
-363790
-363748
-362904
-362733
-362580
-362497
-362017
-361959
-361896
-361421
-361398
-361146
-360916
-360678
-360291
-360119
-359938
-359754
-359666
-359594
-359589
-359184
-359169
-358906
-358878
-358805
-358723
-358670
-358443
-358442
-358397
-358321
-358230
-357922
-357657
-357537
-357464
-357000
-356965
-356665
-356648
-356543
-356340
-355987
-355959
-355872
-355765
-355628
-355563
-355545
-355506
-355317
-355227
-355163
-354692
-354603
-354426
-354354
-354245
-354015
-353844
-353840
-353660
-353647
-353265
-353145
-353047
-352607
-352528
-352079
-351905
-351841
-351469
-351402
-351281
-350996
-350881
-350639
-350552
-350210
-350082
-350074
-350028
-349853
-349841
-349714
-349693
-349295
-349249
-348867
-348800
-348761
-348205
-347836
-347755
-347289
-347233
-347152
-346715
-346709
-346670
-346497
-346285
-346134
-346128
-346072
-346069
-345916
-345864
-345852
-345808
-345783
-345763
-345574
-345559
-345274
-345175
-345093
-344473
-344425
-344312
-343664
-343609
-343583
-343160
-343121
-343050
-342748
-342688
-341749
-341666
-341492
-341416
-341376
-341176
-340814
-340534
-340500
-340441
-340151
-339831
-339484
-339286
-339258
-339244
-339199
-339178
-338794
-338391
-337995
-337809
-337661
-337415
-337137
-336881
-336341
-336316
-336137
-336013
-335778
-335640
-335599
-335086
-334739
-334690
-334388
-334115
-334027
-334013
-334000
-333655
-333623
-333370
-333354
-332927
-332809
-332772
-332765
-332229
-332187
-331911
-331791
-331643
-331350
-330872
-330770
-330746
-330550
-330361
-330232
-330172
-329995
-329849
-329743
-329436
-328615
-328308
-328042
-327867
-327806
-326930
-326892
-326878
-326445
-326072
-325970
-325834
-325750
-325589
-325515
-325504
-325487
-325286
-323567
-323554
-323083
-322934
-322916
-322856
-322535
-322512
-322493
-322425
-321844
-321776
-321670
-320923
-320820
-320377
-319916
-319843
-319817
-319779
-319612
-319358
-319283
-319266
-319083
-318605
-318598
-318520
-318234
-318065
-317971
-317838
-317830
-316767
-316543
-316431
-316398
-316382
-316278
-316228
-315615
-315275
-315268
-314743
-314630
-314581
-314074
-313985
-313934
-313838
-313729
-313697
-313456
-312882
-312422
-312105
-312065
-311942
-311923
-311675
-311642
-311354
-310853
-310820
-310791
-310651
-310626
-310599
-310545
-310119
-309528
-309188
-309074
-308435
-308187
-308166
-308153
-308070
-308026
-307972
-307962
-307917
-307737
-307595
-307412
-307376
-307344
-307272
-307250
-306873
-306806
-306385
-306173
-306139
-306065
-305814
-305659
-305171
-305102
-305004
-304909
-304825
-304769
-304746
-304646
-304566
-304551
-304176
-304175
-304145
-303599
-303565
-303368
-303321
-302963
-302907
-302826
-302786
-302734
-302559
-302333
-302108
-302087
-301916
-301858
-301796
-301684
-301589
-300601
-300402
-300127
-300006
-299354
-299257
-299156
-298950
-298940
-298714
-298646
-298519
-298276
-298203
-298143
-298096
-297640
-297408
-297382
-297370
-297313
-297257
-296804
-296424
-296351
-296329
-296249
-296201
-296134
-295987
-295895
-295548
-295305
-295053
-294999
-294647
-294644
-294502
-294468
-294357
-294356
-293963
-293628
-293368
-293352
-293197
-293136
-293050
-292912
-292808
-292533
-292475
-292373
-292197
-292056
-292034
-291951
-291947
-291686
-291631
-291349
-290810
-290591
-290579
-290567
-290535
-290377
-290047
-289897
-289741
-289716
-289650
-289644
-289570
-289090
-288218
-288147
-287983
-287834
-287693
-287394
-287303
-287170
-287080
-286420
-286191
-285960
-285862
-285811
-285750
-285405
-285245
-284800
-284773
-284552
-284516
-284263
-283892
-283740
-283676
-283489
-283397
-283304
-283253
-282979
-282861
-282700
-282571
-282560
-282440
-282419
-282219
-282167
-282074
-282037
-281980
-281941
-281720
-281705
-281661
-281612
-281564
-281273
-281095
-280774
-280765
-280547
-280468
-280390
-280309
-280199
-279987
-279853
-279798
-279678
-279456
-279152
-278699
-278323
-278072
-277959
-277839
-277817
-277037
-276961
-276922
-276796
-276400
-276393
-276081
-275999
-275986
-275938
-275888
-275750
-275577
-275371
-275305
-275119
-275087
-274699
-274678
-274295
-274214
-274189
-274142
-274020
-273988
-273920
-273641
-273474
-273304
-272917
-272780
-272176
-271931
-271762
-271536
-271308
-271136
-270784
-270330
-270192
-269922
-269852
-269760
-269737
-269717
-269200
-268891
-268881
-268449
-267928
-267781
-267701
-267687
-267483
-267473
-267035
-266894
-266815
-266709
-266502
-266344
-266260
-266230
-265932
-265740
-265631
-265423
-265208
-264480
-264414
-264335
-264128
-263785
-263740
-263455
-263343
-263250
-263223
-262913
-262895
-262288
-262179
-261910
-261828
-261823
-261597
-261515
-261392
-261095
-261000
-260793
-260741
-260728
-260594
-260445
-260237
-260212
-259548
-259372
-259288
-259278
-258581
-258469
-258425
-258304
-258268
-258194
-257910
-256783
-256342
-256147
-256042
-255907
-255868
-255258
-255119
-255059
-254647
-254485
-253979
-253883
-253833
-253586
-253567
-253532
-253165
-253121
-252490
-252345
-252336
-252329
-252261
-251814
-251751
-251716
-251584
-251390
-251167
-250895
-250857
-250691
-250544
-250239
-250113
-249980
-249670
-249107
-248491
-247844
-247799
-247722
-247578
-247569
-247265
-247182
-247038
-247010
-246986
-246699
-246681
-246429
-246173
-245806
-245500
-245451
-245281
-244630
-244435
-244311
-243648
-243602
-242731
-242687
-242333
-241877
-241700
-241370
-240932
-240927
-240693
-240663
-240662
-240232
-240132
-240026
-239810
-239763
-239568
-239539
-239223
-239118
-239030
-238968
-238960
-238865
-238856
-238802
-238703
-238601
-238191
-237942
-237833
-237298
-237270
-236614
-236518
-236471
-236457
-236396
-236362
-236257
-236174
-236105
-236022
-235846
-235839
-235834
-235376
-235157
-235155
-235078
-235056
-234549
-234472
-234298
-234237
-234104
-234074
-233581
-232911
-232547
-232303
-231908
-231774
-231671
-231655
-231624
-231622
-231609
-231235
-231099
-231093
-230993
-230979
-230919
-230907
-230703
-230632
-230592
-230585
-230428
-229953
-229421
-229277
-229267
-229145
-228787
-228785
-228605
-227952
-227913
-227676
-227395
-227284
-227247
-226965
-226706
-226378
-226267
-225967
-225657
-225376
-225369
-225129
-225004
-224855
-224736
-224703
-224312
-223852
-223821
-223591
-222906
-222562
-222271
-221979
-221794
-221685
-221589
-221452
-220935
-220714
-220652
-220496
-220377
-220278
-220024
-219874
-219775
-219756
-219271
-219132
-219056
-219056
-218826
-218755
-218653
-218651
-218626
-218306
-218189
-218188
-218094
-217839
-217268
-216541
-216290
-216257
-216256
-216115
-215855
-215772
-215557
-215399
-215373
-215142
-214992
-214921
-214390
-213767
-213677
-213595
-213380
-213362
-213317
-212947
-212601
-212418
-212368
-211857
-211840
-211625
-211572
-211199
-211034
-210864
-210345
-210341
-210156
-209820
-209741
-209557
-209421
-209210
-208906
-208747
-208082
-207907
-207757
-207685
-207640
-207635
-207184
-207103
-207089
-206888
-206860
-206525
-206269
-206115
-206077
-206066
-205779
-205729
-205498
-205168
-205060
-205051
-204914
-204735
-204529
-204458
-204070
-203982
-203956
-203847
-203316
-203090
-203071
-203048
-202943
-202839
-202712
-202187
-201967
-201767
-201747
-201525
-201512
-201386
-201247
-201213
-201162
-201105
-201036
-200874
-200595
-200354
-200263
-199881
-199134
-198656
-198515
-198351
-198263
-197976
-197970
-197771
-197659
-197220
-197192
-196701
-196152
-195847
-195748
-195720
-195394
-195345
-195048
-194829
-194585
-194199
-194171
-193722
-192832
-192377
-192233
-191391
-191320
-191058
-191040
-190979
-190764
-190572
-190199
-189019
-188942
-188223
-188197
-188045
-187771
-187719
-187644
-187448
-187445
-187139
-186946
-186873
-186473
-186407
-185602
-185591
-185589
-185067
-184970
-184708
-184671
-184104
-184058
-184010
-183951
-183903
-183741
-183580
-183502
-183255
-182822
-182821
-182650
-182357
-182238
-182102
-181873
-181538
-181479
-181295
-181167
-181059
-181048
-180831
-180751
-180591
-180405
-180328
-179909
-179781
-179752
-179578
-179576
-179424
-179367
-179290
-179267
-179192
-179159
-179100
-178786
-178718
-178605
-178360
-177811
-177488
-177235
-177228
-177227
-177207
-176520
-176403
-175670
-175432
-175043
-174737
-174571
-174535
-174534
-174327
-174168
-174132
-174110
-174105
-173904
-173486
-173297
-173095
-172341
-172284
-172181
-171945
-171467
-171451
-171401
-171392
-170857
-170764
-170391
-170312
-170285
-169968
-169876
-169793
-169559
-169394
-169329
-168751
-168728
-168589
-168533
-168392
-168225
-167995
-167944
-167912
-167404
-167241
-167138
-166873
-165813
-165253
-165163
-165080
-164746
-164679
-164169
-164007
-163940
-163849
-163490
-163434
-163393
-163310
-162969
-162948
-162819
-162788
-162634
-162550
-162510
-162396
-162338
-162298
-162148
-162011
-161911
-161879
-161696
-161687
-161656
-161369
-161360
-161270
-161106
-161050
-161003
-160964
-159808
-159786
-159635
-159302
-159199
-158972
-158750
-158429
-158376
-158325
-158271
-157773
-157501
-157277
-157213
-156865
-156807
-156045
-155430
-154918
-154801
-154461
-154299
-154000
-153871
-153822
-153803
-153717
-153494
-153424
-153086
-152939
-152878
-152830
-152744
-152682
-152665
-152342
-152233
-151678
-151546
-151141
-151026
-150874
-150832
-150746
-150719
-150264
-150127
-149951
-149449
-149197
-148518
-148478
-148351
-147852
-147839
-147700
-147376
-147228
-147027
-147016
-146911
-146735
-146414
-145996
-145940
-145703
-145636
-145593
-145208
-144859
-144630
-144536
-144506
-144445
-144354
-144170
-143919
-143723
-143192
-142761
-142277
-142275
-142234
-142176
-141976
-141787
-141598
-141168
-141110
-140918
-140780
-140152
-140055
-140038
-139934
-139527
-139403
-138976
-138940
-138616
-138606
-138578
-138163
-137986
-137727
-137698
-137578
-137482
-137389
-137153
-136758
-136627
-136575
-136411
-135912
-135089
-135027
-134632
-134626
-134337
-133884
-133857
-133727
-133658
-133576
-133361
-133086
-133021
-132631
-132460
-131983
-131788
-131647
-131640
-131500
-131275
-131218
-130873
-130662
-130324
-129997
-129858
-129115
-129039
-129018
-128909
-128831
-128436
-128391
-128106
-127981
-127961
-127945
-127913
-127589
-127501
-127303
-127236
-127022
-126641
-126488
-126455
-126381
-126344
-125972
-125846
-125732
-125569
-125362
-125340
-125204
-124715
-124702
-124689
-124528
-124513
-124467
-124450
-124250
-123784
-123557
-123510
-123382
-123289
-123173
-123114
-122065
-121997
-121313
-120879
-120718
-120693
-120312
-120168
-119889
-119820
-119619
-119592
-119582
-119550
-118798
-118547
-117655
-117574
-117495
-117444
-117004
-115797
-115737
-115717
-115617
-114962
-114694
-114669
-114419
-114010
-113269
-113227
-113202
-113108
-112680
-112472
-112392
-111414
-111136
-110952
-110809
-110780
-110760
-109898
-109672
-109536
-109278
-109266
-109158
-108983
-108674
-108647
-108454
-108257
-108209
-107922
-107872
-107845
-107556
-107311
-106640
-106308
-106229
-106040
-105972
-105543
-105471
-105268
-104943
-104669
-104619
-104171
-103940
-103809
-103773
-103766
-103743
-103601
-103324
-103145
-103126
-103010
-102689
-102312
-102304
-102267
-102263
-102030
-101516
-101489
-101429
-101125
-100928
-100881
-100776
-100413
-100408
-100171
-99977
-99854
-99481
-99052
-98925
-98733
-98437
-98407
-98392
-98335
-98124
-97680
-97320
-97302
-97262
-97117
-96880
-96876
-96826
-96691
-96536
-96288
-96136
-95979
-95817
-95612
-95572
-95368
-94641
-94425
-93207
-92819
-92794
-92489
-92195
-91906
-91852
-91382
-91062
-90902
-90797
-90495
-90396
-89834
-89681
-89546
-89267
-88576
-88344
-88213
-87821
-86377
-86354
-86221
-85965
-85585
-85151
-85146
-84266
-84099
-83592
-82941
-82780
-82598
-81886
-81813
-81707
-81592
-81388
-81052
-80996
-80834
-80570
-80524
-80479
-80454
-80278
-80113
-80003
-79994
-79379
-79345
-79276
-78947
-78852
-78471
-78388
-78139
-78089
-78013
-77530
-76830
-76678
-76587
-76541
-76518
-76005
-75702
-75469
-75143
-74942
-74927
-74753
-74582
-74543
-74371
-74316
-74192
-74134
-73624
-73320
-72908
-72756
-72613
-72571
-72534
-72149
-71988
-71859
-71782
-71402
-71067
-71015
-70752
-70599
-69839
-69715
-69344
-69321
-69286
-69197
-68985
-68944
-68622
-68143
-68113
-67914
-67613
-67490
-67419
-67105
-66629
-66609
-66559
-66542
-65931
-65422
-65401
-65194
-65042
-64894
-64822
-64819
-64488
-64383
-64352
-64315
-64270
-64198
-63864
-63762
-63309
-63244
-63195
-63080
-63024
-62725
-62646
-62342
-62031
-61599
-61459
-61283
-60797
-60137
-59792
-59496
-59352
-59119
-58894
-58571
-58307
-58266
-57796
-57762
-57632
-57583
-57411
-56964
-56936
-56765
-56249
-56246
-55899
-55662
-55371
-54795
-54681
-54565
-54488
-54259
-53896
-52857
-52754
-52540
-52354
-52327
-52109
-52004
-51974
-51624
-51087
-50795
-50325
-50101
-49968
-49755
-49725
-49384
-49347
-49292
-49254
-48385
-48352
-48173
-47658
-47484
-47404
-47292
-47256
-47162
-47142
-46991
-46896
-46788
-46546
-46529
-46453
-46285
-46276
-45971
-45529
-45373
-45143
-45066
-44856
-44793
-44785
-44754
-44487
-44463
-44379
-43821
-43706
-43505
-43154
-42921
-42702
-42398
-42389
-42202
-42015
-42006
-41561
-41302
-40798
-40602
-40059
-39894
-39774
-39565
-38276
-37840
-37717
-37310
-37195
-37182
-37114
-37075
-36977
-36966
-36781
-36343
-36322
-36316
-36220
-35943
-35875
-35655
-35604
-35565
-35189
-34680
-34680
-34591
-34353
-34198
-33857
-33742
-33120
-32714
-32444
-32430
-32383
-32148
-31755
-31605
-31440
-30923
-30848
-30736
-30723
-30641
-30532
-30513
-30284
-30246
-29939
-29546
-29529
-29462
-28645
-28405
-28135
-27703
-27679
-27568
-27423
-27276
-27233
-27195
-27095
-27089
-26988
-26853
-26505
-26483
-25914
-25477
-25313
-25103
-25080
-25074
-24886
-24624
-24433
-24420
-24295
-24192
-24150
-23768
-23201
-22791
-22682
-22393
-22043
-21785
-21701
-21315
-21089
-21020
-20860
-20740
-20609
-20597
-20095
-19520
-19440
-18217
-18127
-17992
-17774
-17701
-17658
-17293
-17093
-17062
-17033
-16921
-16831
-16693
-16691
-16517
-16324
-16089
-16071
-15759
-15484
-15182
-15061
-14954
-14290
-14182
-13600
-13570
-13301
-13202
-12965
-12913
-12891
-12860
-12563
-12363
-12347
-12154
-11952
-11576
-11532
-11462
-11328
-11239
-10943
-10903
-10780
-10726
-10589
-9930
-9805
-9753
-9736
-9598
-9230
-9048
-9014
-8283
-8238
-8141
-8061
-8005
-7912
-7671
-7608
-7437
-7265
-6987
-6901
-6711
-6057
-5868
-5696
-5319
-5302
-5284
-5270
-4720
-4439
-3942
-3759
-3517
-3035
-2981
-2757
-2326
-1775
-1640
-1158
-1073
-1068
-1038
-1020
-749
-510
-467
-381
-246
-112
543
789
945
1038
1085
1130
1878
1977
2996
3061
3992
4015
4959
5021
5273
5284
5296
5528
5666
5834
6265
6428
6431
6454
6727
6771
7053
7083
7085
7106
7260
7311
7462
7724
7916
8306
8440
8574
8644
8773
8830
8858
9076
9100
9205
9439
9451
9466
9636
9777
9833
9926
9938
10038
10132
10323
10380
10822
10851
11121
11396
12222
12412
12455
12942
13179
13272
13477
13943
14233
14326
15492
15527
15543
15558
15606
16459
16489
16515
16634
16897
17502
17877
17943
18387
18443
18725
18820
19153
19160
19207
19250
19305
19536
19684
19836
19894
20208
20223
20270
20337
20402
20661
20849
20854
20898
20972
20974
21680
22079
22173
22591
22753
22767
23081
23549
23768
23774
23814
24353
24405
24412
24621
24819
24915
25687
25961
25977
26291
26483
26750
26961
27181
27611
27749
27924
28175
28534
28963
29281
29633
29879
29995
30038
30755
30916
31427
31928
31950
32493
32567
32719
32766
32804
32879
32895
32944
33046
33188
33276
33284
33315
33396
33645
33696
33925
34043
34445
34988
35012
35502
35563
35846
36434
36841
36979
37502
37846
38044
38685
38700
38746
38837
38894
38964
39272
39503
40350
40383
40557
40605
40644
40762
40802
41027
41171
41288
41491
41667
42080
42254
42275
42309
42365
42435
42437
42704
42941
43079
43381
43472
43684
44045
44198
44431
44597
45060
45126
45362
45572
46040
46077
46185
46268
46631
47056
47069
47201
47591
47894
48063
48129
48180
48302
48505
49234
49402
49504
49815
50078
50293
50363
50525
50853
50874
51080
51604
51672
51709
52785
52868
53030
53354
53415
53439
53547
54228
54316
54654
54754
56185
57136
57276
57703
57814
58205
58288
58292
58504
58556
58670
58830
59151
59195
59649
59950
59981
60335
60535
60671
60743
60928
61330
61563
61655
62091
62094
62198
62251
62644
63291
63327
63342
63427
63727
63903
64055
64133
64251
64348
64376
64509
64593
64867
65589
65715
65766
65970
66010
66186
66395
66978
67119
67369
67672
67728
67946
68544
69021
69035
70485
70574
70887
70989
71353
71547
71806
72118
72298
72305
73124
73843
73844
73941
74580
74580
74606
74747
75038
75083
75107
75681
75814
75827
76017
76136
76530
76557
76719
76944
77256
77304
77456
77604
77985
78115
78377
78797
79146
79185
79243
79655
80152
80197
80313
80404
80525
80867
81268
81698
81739
81927
81945
82225
82383
82404
82437
83316
83550
84245
84247
84290
84534
84692
84729
84907
85256
86022
86166
86178
86192
86318
86430
86697
86735
86812
86858
86906
87012
87237
87243
88427
88723
88986
88989
89425
89502
89655
89825
90185
90325
91331
91759
92291
92337
92805
93131
93164
93235
93311
93738
94223
94370
95089
95354
95742
95997
96152
96384
96669
96975
97164
97217
97232
97374
97462
97830
98408
98541
98836
98880
99255
99374
99452
99678
99963
99966
100340
100350
100719
100778
100830
100924
101093
101320
101345
101428
102025
102059
102066
102137
102404
102596
102887
102917
103138
103372
103376
103453
103820
104127
104323
104520
104557
104844
105136
105161
105302
105378
105692
105778
105967
106151
106232
106488
106510
106898
107007
107154
107235
107354
107578
107580
107845
108224
108276
108333
108576
108711
108800
108874
108979
109337
109539
109734
109763
110189
110992
111029
111422
111614
111828
112495
112517
112701
112739
112803
113089
113740
114392
114429
114519
114637
115026
115057
115140
115274
115282
115390
115637
115819
115838
115845
116862
117234
117323
117956
118902
119041
119119
119302
119793
119914
120023
120404
120416
120756
121012
121084
121163
121304
121350
121424
121609
121659
121876
121978
122081
122262
122379
122420
122461
122712
122907
123066
123622
123688
124175
124188
124263
124453
124551
124562
124645
124758
125031
125147
125485
125502
125513
125556
125626
125704
126427
126452
126761
126979
127395
127699
128200
128717
128779
128945
128951
128988
129353
129500
129586
129603
129858
130147
131131
131139
131169
131203
131488
131674
131830
132433
132742
133001
133010
133688
133848
133913
133917
133947
133986
134052
134176
134644
134839
134999
135086
135205
135649
135809
135909
136011
136056
136068
136211
136285
136720
137105
137251
137295
137400
137438
137533
137579
137672
137942
138154
138381
138450
138454
138840
138939
139567
139711
140076
140107
140141
140212
140449
140699
140809
140892
141012
141087
141088
141103
141482
141563
142019
142399
142530
142532
142953
143097
143496
143787
145046
145432
146054
146059
146661
146897
146928
147179
147198
147390
147605
147671
147794
147859
148789
149208
149767
149926
150337
150379
150589
150673
150961
151191
151329
151772
151916
152125
153116
153280
153283
153358
153473
153492
153545
153681
153706
153800
154289
154338
154360
154674
154685
154708
154827
154960
155066
155145
155161
155433
155853
155933
156308
156629
156922
156998
157181
157357
157376
157526
157669
157757
157833
158138
158330
158511
158542
158544
158727
158731
158976
159170
159680
160028
160809
160905
161122
161498
161526
161580
161672
161684
161799
162280
162752
162759
163296
163382
163919
164217
164249
164289
164354
164617
164822
164931
165124
165303
165786
165920
166192
166398
166952
166979
167101
167475
167558
167811
168289
168377
168385
168517
168538
168880
169172
169297
169427
169463
169513
169622
169639
169759
170312
170330
170370
170919
171027
171161
171300
171315
171452
171679
171803
171843
172425
172684
172993
173062
173070
173370
173392
173520
173528
173591
173659
173766
173983
174095
174897
175020
175530
175714
175893
175999
176138
176471
176673
176757
176971
177274
177373
177410
177732
177948
178177
178534
178991
179196
179465
179728
179887
180014
180081
180608
180801
180844
181654
181664
181826
181845
181994
182113
182260
182379
182816
183190
183260
183612
184061
184229
184269
184812
185422
185454
186046
186205
186522
186736
186949
186985
187297
187694
188049
188127
188295
188528
188817
188915
189048
189123
189287
189367
189751
190186
190254
190722
190726
190887
190893
191022
191041
191285
191312
191934
192212
192292
192389
192399
192440
192461
192544
192578
192663
192738
192749
192919
192966
193089
193284
193577
193705
193712
193787
194086
194188
194419
194471
194579
194623
194672
194822
194829
194961
195806
195850
195990
196103
196286
196351
196481
196601
196935
196989
197075
197408
197438
197524
197595
197642
197764
197962
198014
198236
198648
198666
198942
199571
199871
199985
200453
200515
200524
200824
200978
201394
201396
201476
201619
201814
201880
201881
202103
202293
202650
202754
202919
203085
203184
203245
203326
203775
203996
204062
204568
205251
205484
205652
206482
206900
206984
207567
207833
207843
207929
208107
208186
208371
208452
208844
208844
209181
209415
209689
209729
209867
210041
210211
210266
210556
210896
210924
211558
211892
211940
213005
213525
213770
213776
213842
213918
214164
214222
214606
214735
215499
215505
215554
216183
216196
216295
216409
216699
216851
216931
216955
217173
217298
217349
217384
217601
217632
217671
218134
218172
218175
218176
218208
218277
218331
218526
218678
218691
218874
218964
218985
218996
219218
219377
219584
219745
219768
219807
220005
220201
220353
220476
220614
220865
220926
221209
221723
221785
221957
223168
223921
224338
224348
224640
224657
224735
224858
224976
225033
225248
225345
225636
225659
225852
225935
226167
226209
226430
226447
226873
227161
227317
227324
228362
228367
228840
228894
228991
229016
229208
229479
229483
229540
229808
229855
230303
230345
230373
230607
230679
231350
231401
231417
232112
232444
232636
232730
232985
233265
233273
233364
233409
233565
233569
233882
234479
234734
234797
235268
235548
235863
236080
236361
236584
236749
236946
236966
237099
237195
237202
237764
238597
238715
239126
239219
239228
239339
239364
239415
239459
239589
239955
240135
240302
240638
240667
242084
242267
242505
242700
242897
243300
243306
244017
244109
244667
244729
244861
244946
245208
245901
246429
246477
246477
246810
246853
246873
247020
248138
248628
248661
248758
248949
249325
249382
249610
250013
250116
250362
250425
251219
251320
251850
252040
252087
252274
252333
252505
252586
252734
252773
253154
253156
253204
253533
253672
253788
254039
254235
254448
254497
254587
255129
255171
255275
255449
255605
255751
255887
256121
256154
256331
257026
257054
257119
257596
257737
258017
258368
258401
258427
258450
258580
258732
258967
259054
259206
259298
259452
259513
259535
259590
259928
259940
260225
260711
260796
261045
261506
261703
261932
262122
262379
262423
262442
262596
262771
263010
263578
263757
264406
264475
264573
265164
265450
265701
265804
265915
266334
266644
266663
266843
267415
267868
268511
268599
268670
268708
268868
268893
269207
269469
269473
269897
270117
270129
270395
270453
270459
270598
270764
271021
271131
271278
271279
271376
271389
271447
271562
271684
272266
272426
272455
272481
272484
272968
272980
273195
273199
273820
274043
274244
274250
274356
274403
274797
275229
275237
275439
276378
276471
276568
276840
277042
277047
277191
277404
277661
278211
278421
278444
278444
278555
278579
278913
278945
279819
280064
280444
280484
280592
280641
280855
281033
281080
281358
281379
281709
281739
281873
282344
282535
282629
282791
283192
283292
283651
283828
283838
283847
284368
284410
284545
284668
284909
284949
285073
285091
285214
285323
285360
285428
287600
287639
288031
288039
288083
288100
288131
288222
288242
288377
288460
288488
288709
288872
289130
289266
289298
289416
290036
290110
290497
290555
290557
291213
291263
291500
291513
291757
291877
292017
292022
292207
292239
292634
292641
292967
293004
293056
293112
293128
293270
293454
294055
294255
294944
295326
295577
295672
295705
296801
296889
297041
297726
297743
297769
298345
298361
298618
298812
298851
299187
299318
299660
299982
300022
300044
300155
300280
300540
300977
301250
301341
301489
301620
301690
301787
301804
302284
303083
303192
303390
303610
304049
304090
305082
305192
305225
305332
305652
305707
306560
306744
306911
307083
307112
307147
307177
307280
307654
307774
308135
308450
308663
308776
308793
308908
309083
309134
309747
309878
310113
310656
310814
311483
311518
311526
311865
311962
312264
312311
312508
312613
312650
312684
313183
313360
313516
313758
314737
315138
315224
315267
315805
316034
316199
316497
316665
317021
317224
317922
317947
318061
318087
318253
318296
318727
318851
318897
318926
319274
319404
319456
319934
319948
320195
320427
320533
320741
321007
321071
322030
322074
322243
322322
322693
322921
322940
323107
323392
323546
323820
323885
324098
324171
324249
324847
325136
325887
326009
326222
326555
326968
327275
327571
327589
328014
328215
328329
328389
328896
328899
328930
328935
329296
329525
329631
329643
329661
329735
329927
329934
330001
330067
330199
330247
330275
330299
330345
330378
330698
331108
331625
331656
331728
331766
331897
332096
332215
332258
332293
332433
332444
332477
332498
332530
332932
332958
333140
333367
333372
333419
333532
333715
334337
334407
334429
334472
334509
334757
334760
335234
335263
335395
335792
335914
335917
335932
336095
336332
336487
336604
337062
337149
337344
337488
337869
338052
338194
338432
338534
338567
338675
338830
339231
339383
339499
339730
339781
339831
340002
340093
340525
340607
340668
340694
340763
340888
340972
341186
341217
341413
341545
341832
342436
342494
342614
342886
342938
343029
343245
343321
343366
343562
343721
344476
345055
345400
345723
345807
346273
347006
347271
348157
348434
348442
348478
348510
348622
348636
348913
348972
349127
349494
349824
349947
350588
350824
350856
351186
351243
351674
351902
351902
352157
352225
352526
352646
352760
352901
353177
353218
353248
353414
353444
353690
353995
354034
354379
354479
354563
354587
354853
355259
355511
355654
355864
356264
356355
356918
356974
357007
357104
357522
357552
357590
357610
357659
357784
357927
358055
358171
358175
358410
358668
359076
359127
359237
359499
359502
359809
359857
360156
360564
360587
360691
360782
360795
361197
361301
361715
361947
362121
362920
363089
363346
363594
363598
363989
364059
364263
364535
364700
364745
364805
365111
365148
365236
365474
365479
365760
365875
365954
366118
366242
366359
366770
366822
366874
367020
367061
367450
367717
367767
367774
367817
367822
367923
368008
368098
368183
368215
368259
368263
368324
368373
368672
369188
369225
369297
369994
370094
371156
371285
371329
371390
371555
372160
372452
372558
372621
372731
372867
372874
373288
373366
373521
373642
373976
373987
373997
374031
374405
375008
375486
375579
376114
376487
376656
376701
376735
376927
377247
377254
377275
377350
377363
377592
377788
377865
378157
378484
378627
378897
378919
378975
379001
379380
379457
379950
380034
380332
380833
381207
381715
381903
382196
382199
382215
382772
382957
383233
383305
383351
383412
383433
383437
383648
383893
383903
383959
384047
384071
384221
384768
385125
385154
385171
385571
385629
385650
385859
386369
386468
386479
386740
387033
387209
387298
388309
388414
388453
388696
388779
388918
388939
389122
389147
389153
389761
390111
390146
390204
390792
391200
391459
391795
391869
391886
392401
392574
392863
392977
392981
393124
393339
393612
393718
394141
394166
394336
394645
394743
395089
395201
395309
395356
396167
397011
397130
397453
397700
398006
398089
398099
398142
398222
398289
398399
398402
398459
399300
399346
399404
399462
399526
400117
400187
400212
400248
400669
400820
400829
400920
400965
401103
401742
402088
402105
402177
402896
402968
403618
404060
404348
404414
404461
404610
404858
404873
404960
404974
405053
405114
405174
405527
405901
405984
406055
406169
406332
406507
407135
407339
407415
407533
408354
408572
408594
408604
408684
408748
408928
408956
409461
409855
410120
410200
410465
410473
410924
411300
411419
411614
412252
412254
412412
412452
412582
412935
413310
413386
413465
413835
414075
414243
414296
414422
414623
414738
414778
414852
414973
415771
415829
415955
416075
416224
416410
416602
417197
417472
417825
418102
418280
418337
419080
419256
419267
419421
419557
419907
419937
420555
420794
420981
421105
421276
421349
421558
421852
422204
422546
422556
422638
422761
422771
422848
423025
423107
423247
423490
423514
423568
423848
424147
424244
424506
424633
424708
424792
425264
425312
425484
425723
426214
426262
426296
426434
426878
427085
427185
427529
428076
428305
428473
428679
428704
428766
428939
429072
429099
429301
429348
429446
429702
430261
430331
430890
430900
431051
431328
431441
431535
431614
431752
431841
432014
432430
432781
432792
432875
432921
433151
433403
433606
433809
433907
433972
434173
434622
434758
434838
434860
434862
434980
435093
435240
435274
435498
435508
435911
436123
436225
436364
436789
437024
437187
437201
437730
437758
438007
438775
438953
439564
439857
440059
440292
440571
440578
440746
440761
441118
441179
441355
441477
441645
441908
442025
442130
442261
442605
443003
443435
443567
443758
444147
444175
444222
444251
444316
444358
444366
444584
444641
444876
444960
445073
445631
445800
445969
446242
446343
446664
446832
446959
447024
447059
447101
447175
447352
447426
447554
447571
448033
448056
448161
448368
448413
448676
448819
448911
448960
448994
448997
449011
449180
449793
450699
451346
451627
451634
451736
451907
452216
453018
453128
453189
453333
453558
453752
453890
454056
454340
454616
454621
454637
455072
455427
455528
455565
455856
455878
455948
456006
456208
456228
456336
456836
457009
457009
457015
457202
457246
457447
457539
457655
457667
457933
458430
458506
458780
458820
459192
459282
459501
459552
459582
459891
459985
460250
460579
460606
460708
460751
460992
461135
461207
461286
461339
461796
461917
462012
462166
462330
462373
462627
462771
462849
463053
463175
463210
463525
463696
463756
463842
463864
463890
463959
464258
464309
464662
464859
465045
465228
465253
465518
465712
465751
465818
466055
466249
466348
466737
466882
467073
467092
467617
467645
467797
467847
467918
468204
468791
468921
469021
469038
469978
470294
470352
470608
470721
471382
471754
471777
471962
472701
472873
473220
473377
473608
473768
473960
474057
474180
474377
474846
475090
475179
475194
475274
475359
475549
475827
475881
475885
475941
476389
476891
477107
477351
477390
477442
477793
477794
477979
478186
478282
478331
478544
478648
478650
478730
479159
479195
479260
479595
479615
479785
480165
480743
481210
481767
481906
481939
482052
482427
482429
482587
482705
482807
483189
483248
483284
483374
483383
484419
484893
484916
485071
485280
485290
485391
485984
486029
486234
486417
486498
486839
486898
487309
487329
487452
487661
487729
488027
488132
488476
488753
489109
489276
489349
489728
489752
489837
489894
489919
490109
490222
490497
490627
490674
490712
491036
491151
491855
491976
492006
492288
492492
493043
493122
493707
493727
494336
494350
494562
494855
495256
495634
495682
495696
495723
495826
495829
495970
496055
496563
497191
497498
497563
497787
498259
498625
499058
499329
500073
500094
500133
500158
500684
501076
501089
501191
501401
501451
501797
501811
502247
502270
502295
502333
502716
502724
502789
502995
503120
503177
503240
503339
503387
503754
503824
503927
504281
504808
504889
504897
505044
505106
505184
505671
505762
505902
505931
506940
507201
507204
507210
507394
507399
507505
507803
507862
507904
508102
508124
508288
508353
508417
509259
509329
509391
509628
509737
510199
510327
510327
510406
510461
510573
510608
510669
510702
510907
511413
511589
511602
512159
512424
512424
512621
512668
512935
514125
514670
515470
515559
515894
515898
516014
516594
516992
517109
517744
518323
518399
518617
518658
518869
519076
519362
519436
519503
520077
520100
520130
520311
520430
520557
520730
520935
521068
521239
521529
521532
521563
521902
522067
522461
522540
522656
522660
522732
522740
522782
523014
523042
523502
523837
524175
524631
524719
524736
524893
524993
525445
525483
525689
525984
526048
526105
526539
526775
526846
526936
527140
527608
527808
527986
528404
528410
528668
528826
528917
528950
529161
529236
529290
529463
529532
529570
529769
530189
530603
530759
530994
531562
531611
531765
531896
532039
532369
532876
533164
533222
533310
533463
533483
533647
533724
533744
533790
533796
533915
534246
534367
534456
534477
534600
534606
534887
535014
535180
535322
535335
535337
535717
535747
536040
536141
536420
536617
537096
537295
537596
537845
538203
538266
538474
538845
539125
539164
539193
539204
539274
539343
539368
539685
539829
539847
540580
540721
540784
540858
541406
541722
542017
542318
543190
543480
543687
543696
543914
544012
544238
544857
544940
545188
545278
545289
545420
545643
545687
545775
546423
546478
546955
547532
547585
547973
548621
548665
549255
549415
549732
549856
549858
550310
550563
550599
550623
551010
551099
551448
551483
551578
551602
551885
552045
552117
552453
552578
552880
552996
553135
553690
553894
554144
554158
554610
554750
554761
554769
554804
555583
555804
555833
556337
556701
557626
557755
558002
558071
558476
558539
558574
558701
559031
559035
559268
559645
559905
559911
560067
560073
560809
561096
561213
561431
561630
561940
562469
562827
562867
563119
563141
563239
563252
563373
563477
563594
563704
563760
563969
564092
564537
564792
564960
564994
565033
565485
565611
565969
566052
566292
566372
566434
566540
566625
566881
567134
567257
568097
568409
568486
568657
569030
569032
569033
569120
569258
569277
569327
569420
569499
569792
569833
569922
570365
570408
570452
570591
570699
571577
571704
571720
571791
571903
572150
572253
572734
572787
572971
573107
573398
573530
573926
574106
574225
574429
574534
574796
574804
575374
575546
575567
575750
576116
576140
576353
576542
576876
577459
577461
577802
578068
578339
578924
579037
579100
579152
579347
579890
579910
580387
580645
580805
581028
581247
581910
581948
582460
582525
582610
582729
582810
582811
582926
583280
583738
583789
583988
584515
584934
585687
586178
586358
586443
586467
586539
586907
587164
587243
587564
587741
587899
588119
588301
588503
588514
588616
588619
589363
589405
589470
589539
589647
589647
589681
589809
589830
590241
590347
590488
590531
590550
590561
590621
590729
590734
590752
590815
591028
591036
591196
591442
591484
591513
591556
592043
592703
593065
593155
593417
593544
593601
593626
593736
594036
594391
595572
595710
595729
595903
595952
596121
596446
596451
596675
596742
596903
597143
597306
597374
597643
598181
598412
598441
598586
599059
599099
599214
599218
599382
599600
600221
600613
600956
601012
601218
601660
601660
601733
602319
602532
602850
602947
602975
603045
603327
603449
603551
603781
604030
604163
604341
604427
604711
604742
604821
604829
604929
605134
605251
605519
605555
606104
606192
606401
606579
606582
606619
606782
607112
607380
607694
607716
608494
608583
608748
608973
609095
610096
610498
610659
610729
610935
610977
611299
611483
611694
611781
611804
611811
611881
611937
612055
612624
612915
613345
613789
613815
614059
614240
614333
614506
614738
614941
615054
615303
615378
615388
615585
615647
616187
616431
616437
616443
616687
616747
616826
616858
617081
617338
617416
618251
618256
618532
618943
619069
619693
619747
619935
619962
620087
620217
621466
621735
622008
622289
622299
622331
622386
622849
622957
623081
623175
623207
623217
623243
623719
623844
623890
624230
624257
624588
625147
625186
625197
625413
625610
625733
625883
625962
626322
626666
626702
626808
626954
627132
627203
627292
627313
627391
627404
627439
627677
628023
628282
628325
628520
628777
628886
629001
629458
629718
629823
630091
630249
630395
630591
630988
631036
631086
631119
631719
631815
631852
631958
632126
632141
632148
632288
632308
632563
632728
632777
633498
633592
633814
633845
633934
634068
634077
634128
634233
634257
634511
634647
634787
634998
635147
635414
635589
635852
636036
636443
636479
636760
636948
636990
637501
637693
637700
637701
637847
637887
638282
638288
638564
638609
638654
638764
638799
639227
639504
639530
639791
640029
640210
640955
641090
641397
641626
641942
642088
642264
642384
642462
642883
642940
642949
643027
643084
643350
643372
643477
643526
643565
643630
643987
644007
644079
644347
644378
644707
645122
645233
645369
645642
646457
646466
646501
646563
646855
648301
648542
648646
648729
648996
649085
649196
649460
649483
649886
650552
650763
651068
651093
651530
651601
651730
651754
652268
652421
652525
652969
653015
653066
653245
653500
653585
653789
653828
653935
653942
654062
654359
654434
654485
654621
655251
655297
655621
655762
655831
655928
656109
656283
656470
656697
656744
656998
657604
657717
658091
658285
658451
658955
659169
659207
659305
659524
659616
659677
659841
659872
659926
659964
660692
660844
661730
663208
663398
663752
664047
664187
664511
665182
665232
665312
665341
665758
666075
666136
666311
666410
666726
666735
666908
668148
668203
668411
669411
669444
669614
669679
669850
670229
670338
670720
671141
671172
671552
671813
672293
672502
672570
672685
672831
672895
673162
673240
673248
673521
673538
674205
674749
674767
675179
675606
675800
675973
676541
676565
676968
677053
677519
677612
678420
678631
678789
679187
679378
679439
679611
680128
680225
680255
680312
680627
680909
681219
681437
681668
681842
681988
682017
682547
682584
682736
682887
683060
683610
683734
683748
683901
683940
684037
684308
684362
684664
684669
685030
685798
686005
686136
686323
686937
687276
687562
687775
688007
688192
688399
688493
688588
688633
689129
689146
689290
689866
689946
690367
690607
690616
690647
691020
691102
691113
691236
691479
691663
691908
692032
692826
692930
693374
693397
693479
693651
694039
694109
694160
694252
694642
694693
694874
694970
694982
695046
695233
695485
695486
695525
695755
695757
695899
695966
696142
696225
696412
696627
697017
697398
697517
697678
697807
697967
698074
698384
698635
698979
699032
699360
699696
699725
700014
700020
700235
701504
701640
701866
702019
702047
702052
702362
702467
702509
702646
702973
703372
703543
703681
703912
704221
704296
704437
704627
704844
704985
705027
705112
705671
705751
705833
706255
706536
706779
707139
707142
707403
707420
707700
707964
707973
708076
708206
708329
708481
708650
709188
709733
709791
710222
710538
710864
710940
710977
711061
711313
711558
711762
711767
711792
711914
712188
712285
712528
712563
712712
712920
713195
713593
713875
714046
714058
714672
714745
714998
715129
715182
715260
715458
715951
716295
716628
716685
716740
717007
717090
717259
717904
718048
718146
718476
718812
718851
718969
719017
719383
719388
719425
719445
719452
719790
719891
719897
720134
720169
720214
720397
720868
720917
721151
721180
721452
721587
721901
722207
722291
722425
722504
722514
722664
722785
723029
723434
723445
723498
723506
723598
723636
723687
723701
723869
723977
724329
724350
724442
724541
724547
724574
724634
724898
725000
725999
726168
726332
727088
727359
728201
728257
728368
728748
728906
729003
729020
729358
729460
729674
729957
730237
731168
731228
731499
731725
731744
731940
732484
732705
732964
732985
733066
733084
733109
733486
733522
734239
734445
734558
734655
735116
735269
735416
736535
736945
737146
737254
737282
737386
737422
737635
737718
737809
738601
738724
739425
739521
739584
739637
739648
739694
739787
739937
739939
740732
740804
740954
741272
741397
741613
741632
741820
742080
742277
742282
742625
742735
743088
743424
743476
743576
743651
743876
744179
744198
744313
744363
744440
744738
744751
745303
745398
745616
745667
745899
746014
746147
746301
746416
746448
746558
746576
747086
747185
747593
747636
747762
747922
747953
748023
748088
748182
748424
748426
748527
748592
748808
748850
749298
749640
750075
750219
750277
750465
750472
750748
750814
750868
751125
751177
751207
751468
751478
751523
751537
751608
751627
752066
752124
752418
752517
752583
752652
752902
753110
753132
753142
753146
753184
753442
753736
754012
754098
754509
754590
754893
755044
755096
755544
755544
755708
755808
755833
756071
756267
756487
756512
756691
756888
756993
757009
757061
757107
757351
757378
758155
758422
759518
759618
759624
759808
760122
760177
760223
760241
760274
760294
760445
760664
760698
760994
761015
761165
761263
761446
761505
761536
761651
762048
762088
762322
762516
762611
762781
763219
763503
764497
764648
764792
764918
765231
765276
765447
766091
766311
767621
768464
768765
768772
769462
769645
769675
769724
769922
770020
770136
770292
770681
771316
771419
771565
771636
771777
771899
771913
771999
772152
772401
772524
772564
772706
772735
772869
772974
772991
773136
773316
773507
774201
774402
774460
774474
774583
774615
774723
774780
775029
775107
775119
775139
775251
775728
775883
776037
776152
776457
777092
777142
777427
777468
777716
777753
778182
778387
779225
779309
779565
779573
779595
779810
780046
780286
780419
780701
780929
781726
781747
781949
781995
782398
782503
782978
782982
783003
783042
783199
783508
783733
784498
785054
785193
785227
785521
785645
785694
785906
786242
786605
787337
787430
787546
787579
787582
787676
788331
788333
788352
788495
788573
788673
788679
788821
788900
788957
789618
789635
789743
790369
790514
790633
790974
791170
791528
791547
791577
791657
791953
791959
792134
792139
792457
793012
793040
793280
793778
793924
794338
794613
794651
794667
795411
796048
796108
796306
796450
796568
796837
796982
797287
797392
797593
798146
798254
798819
798881
799059
799083
799313
799411
799732
799760
799898
800352
800413
800434
800622
800660
800700
800700
801007
801053
801192
801595
801724
801838
801853
801861
801876
801881
802059
802134
802472
802652
802717
802931
803024
803433
803694
804126
804247
804805
804935
805080
805245
805258
805515
805584
805634
805651
805686
805737
805787
805861
806059
806189
806292
807004
807240
807247
807558
807695
807918
807948
808165
808288
808348
808580
808972
808993
809323
809425
809779
810472
810734
810808
811017
811315
812235
812529
812625
812817
812978
813239
813300
813385
813429
813650
813815
813882
813882
814292
814504
814805
814949
814985
815269
815577
815595
815829
815974
816039
816112
816148
816322
816357
816572
816786
817095
817153
817250
817386
817551
817624
817930
818016
818088
818094
818112
818579
818844
819023
819047
819065
819722
819850
820522
820535
821350
821380
821422
821630
821715
821781
821996
822042
822158
822722
822788
822896
822908
822975
823174
823448
823520
823767
824010
824172
824365
824396
824660
824674
824849
824950
825135
825244
825902
826023
826065
826138
826613
827479
827837
827861
828232
828969
828981
829016
829075
829191
829497
829780
829870
830011
830072
830092
830251
830469
830623
830981
831170
831211
831219
831268
831559
831759
831924
832254
832585
832619
832800
832968
833121
833123
833305
833558
833753
833842
834249
834663
835148
835224
835352
835521
835577
835592
836225
836260
836681
836828
836905
837117
837387
837882
838176
838500
839231
839276
839328
839379
839565
839603
839863
840043
840051
841009
841242
841332
841367
841464
841465
841494
841803
842003
842006
842293
842345
842533
842644
842893
842941
843053
843061
843118
843259
843345
843887
844158
844392
844426
844521
844588
844785
844924
845489
845970
846042
846054
846143
846199
846532
846562
846585
846854
847568
847607
848424
848496
848663
849106
849300
849305
849689
849713
849937
850254
850329
850415
850905
851729
852053
852173
852252
852515
853856
854244
854300
854334
854337
854420
854735
854947
855249
855462
855609
856148
856169
856195
856566
856626
856996
857020
857093
857244
857374
857589
857635
857699
857721
858292
858408
858450
858610
858698
858718
858753
859313
859384
859470
859673
859689
860000
860034
860398
860400
860603
861006
861048
861115
861216
861963
862159
862377
862786
862875
863057
863411
863485
863605
863829
864401
864421
864602
864693
865132
865152
865239
865308
865393
865516
865651
865911
866423
866436
866515
866773
866949
866963
867094
867113
867116
867267
867522
867544
867671
867866
868142
868917
869489
869673
869739
869831
870367
870752
870845
870881
870993
871043
871810
872138
872315
872412
872496
873155
873351
873564
873914
874217
874477
874746
874829
874981
875411
875564
876091
876140
876305
876345
876445
876847
877242
877324
877428
877549
877787
878277
878286
878530
878674
878734
879012
879113
879126
879606
879813
880103
880600
880675
880755
880871
881162
881469
881686
881837
881839
881977
882515
882577
882639
883244
883540
883788
883993
884103
884104
884246
884556
884812
885483
885563
885679
886497
886500
886698
886748
886886
886964
887069
887294
887511
887685
887734
888105
888618
888948
889046
889393
889895
889910
889920
890129
890174
890383
890524
890608
890743
890779
891024
891117
891160
891590
891630
891743
891857
892732
892789
893127
893310
893921
894183
894196
894203
894204
894314
894417
894467
894653
894741
894826
894920
895453
896085
896117
896118
896262
896341
896458
896673
896904
896969
897461
897687
897866
898056
898302
898513
898891
899803
899861
900797
901135
901179
901180
901307
901565
901574
901669
902312
902586
902777
902933
902997
903048
903335
903982
904348
904375
904477
904590
904875
905561
905982
906039
906436
906549
906586
906690
906843
906997
907142
907346
907419
907462
907480
907609
907763
907852
907901
908158
908288
908489
908538
908715
909088
909455
909463
910048
910261
910305
910308
911130
911232
911279
911535
911552
911552
911864
912266
913013
913199
913213
913327
913616
913797
913932
913980
914041
914658
914880
915304
915344
915419
915538
915884
915926
915929
916077
916110
916271
916346
916699
916801
916857
916980
917295
917614
917675
918022
918286
918460
918798
918960
919279
919543
919641
919663
919727
919922
920500
920669
920887
920946
921100
921178
921263
921396
921619
921671
921819
922266
922313
922437
922449
922479
922510
922964
923361
923369
923586
923647
923756
923800
923881
923960
923966
924132
924178
924463
924632
924790
925003
925491
926004
926149
926880
927589
928043
928217
928879
929365
929413
929707
930027
930230
930721
930798
930913
930930
931046
931047
931706
931719
931767
931770
931791
931929
932101
932360
932709
932753
932860
932972
933065
933335
933372
933387
933522
933985
934513
934651
935114
935121
935135
935149
935152
935664
935682
935776
935955
936024
936090
936149
936250
936372
936816
937157
937397
937829
937855
937953
937978
938214
938344
938896
938915
939336
939371
939649
939651
939908
940088
940242
940416
940518
940541
940644
940648
940727
940783
940832
941240
941699
941811
941838
941916
942153
942291
942444
942496
942844
942871
943490
943921
944261
944318
944393
944554
944599
944773
945121
945141
945514
945613
945725
945944
946051
946428
946455
946542
946738
947407
947666
947960
948226
948770
949387
949680
949825
949960
950307
950485
950619
950623
950632
950920
950952
951012
951109
951124
951255
951308
951482
951506
951787
951827
951898
952465
952598
952778
952860
953023
953047
953049
953065
953275
953846
953938
954234
954250
954393
954473
954701
954905
954987
955402
955464
955822
956129
956137
956335
956675
956768
957565
957805
958204
958246
958427
958742
958788
959176
959221
959862
960039
960051
960215
960258
960625
961053
961273
961915
961919
961943
961964
962073
962369
962477
962760
962833
963181
963415
963461
963534
963545
963808
964176
964479
964568
964849
965126
965500
965565
965745
966055
966332
966519
966583
966637
966661
967033
967091
967145
967359
967509
967573
967839
967899
967931
968049
968547
968845
969042
969731
970431
970455
970551
971192
971361
971496
971808
972153
972377
972527
973201
974168
974255
974295
974456
974762
974789
975042
975323
975436
975489
975542
975998
976212
976273
976534
976714
976782
977266
977330
977360
977395
977538
977552
977755
977872
978104
978202
978206
978230
978236
978268
978886
979540
979801
979953
980008
980088
980118
980834
981024
981142
981214
981641
982000
982147
982723
983221
983457
983462
983480
983516
983611
984129
984151
984200
984662
984815
985562
985597
985641
985703
985740
985788
986041
986429
986447
986491
986532
987022
987037
987314
987420
987799
987809
987809
987884
988107
988131
988132
988313
988343
988536
988659
988895
989004
989700
989766
989774
990638
991222
991791
991817
992279
992395
992725
992804
993341
993368
993843
994336
994455
994834
995309
995310
995527
995800
995862
996207
996215
996536
996830
997023
997173
997450
997490
997558
997692
997728
997753
998110
998177
998503
998694
998719
998868
998873
998930
999565
