100
-979475
-978274
-937912
-933722
-907565
-875066
-847944
-679230
-669426
-642906
-613934
-555132
-549513
-546567
-512437
-497048
-476303
-473962
-450871
-441529
-418263
-405517
-389675
-388354
-384949
-379354
-370315
-366695
-354166
-327487
-326584
-312941
-296670
-294221
-261363
-244121
-223456
-213325
-213171
-185877
-177522
-113666
-102327
-89032
-72024
-45834
-32906
-7946
-7565
3478
20675
50439
66741
66834
80893
104446
132543
157464
181691
191820
194316
209789
227227
239991
243482
266834
316074
321978
336594
340614
340698
353786
367945
388820
396408
400255
428691
444503
472309
479639
480194
482185
560366
578267
595976
600378
615114
628170
642662
660642
725086
816983
833972
835849
858946
873441
883746
915729
927922
996573
