1000
-996264
-996105
-994681
-993525
-990228
-989963
-989527
-987540
-986646
-980235
-977537
-976266
-975249
-970880
-969148
-968989
-967425
-965453
-965380
-964615
-963698
-962993
-960013
-959807
-959579
-959045
-956492
-955307
-953272
-952176
-945039
-944412
-938888
-935892
-935405
-934934
-933544
-932158
-929110
-927656
-925249
-925184
-923972
-920207
-918573
-918224
-912240
-911470
-911250
-911218
-907485
-905897
-904307
-900353
-898935
-897651
-895924
-888074
-887032
-886329
-886049
-885643
-884989
-884295
-884185
-883971
-883724
-883121
-880441
-875794
-872865
-871386
-870869
-861160
-859868
-858969
-858950
-856992
-856608
-851465
-849793
-846979
-843950
-834359
-833736
-828242
-827896
-826337
-824228
-816544
-813753
-812645
-804775
-804323
-800586
-792998
-792053
-790855
-788584
-788573
-782384
-780720
-776850
-776675
-775442
-772449
-772432
-769546
-768262
-766026
-762454
-761451
-760863
-759989
-759509
-757821
-756987
-756654
-755682
-746902
-744705
-741832
-741791
-740784
-740247
-735184
-728428
-727817
-726609
-726324
-724577
-723645
-722530
-720604
-718942
-717223
-712288
-710388
-709392
-708779
-705396
-701901
-701868
-700264
-699142
-695886
-695548
-691319
-688787
-688522
-685230
-684772
-680359
-679540
-677757
-677422
-673727
-671926
-666128
-665614
-664232
-661761
-659410
-658578
-657666
-656990
-656779
-653974
-652985
-651774
-649825
-646633
-645509
-643954
-638374
-637921
-636117
-635080
-634962
-633874
-633268
-627241
-625833
-624744
-622359
-621598
-615012
-613688
-612454
-611882
-608711
-608042
-604006
-599312
-594049
-593682
-591321
-590256
-586098
-585294
-584975
-584678
-582803
-582489
-577395
-575945
-574970
-574523
-573373
-572430
-569173
-564589
-563396
-556910
-553785
-553317
-552247
-545990
-544850
-540933
-538575
-538429
-537622
-536557
-533690
-531183
-529859
-528180
-526631
-523471
-518708
-514667
-513716
-512460
-512270
-511168
-506239
-502210
-501499
-501237
-500314
-499236
-497878
-497398
-496271
-486018
-477949
-477393
-471781
-469047
-468295
-468076
-467080
-464744
-463649
-463227
-461439
-460506
-457829
-457030
-456418
-454936
-451018
-447661
-438635
-435996
-434551
-432538
-429127
-427995
-424796
-423538
-411635
-408546
-402985
-402041
-400102
-399620
-398118
-397434
-395857
-395651
-393979
-393885
-392045
-388464
-384040
-383616
-383442
-382281
-381125
-379692
-379148
-376761
-374442
-373349
-371279
-370150
-369943
-367038
-365020
-360994
-356516
-354369
-353486
-350899
-348969
-343303
-343208
-341937
-340347
-339893
-338815
-338019
-336774
-335362
-334439
-332864
-327250
-327014
-326177
-324829
-323551
-321360
-321334
-318228
-314674
-312973
-311540
-310332
-309240
-307352
-306562
-304808
-303793
-295441
-293250
-292400
-289607
-289249
-287325
-284575
-280628
-277675
-276361
-276317
-274975
-272663
-272602
-269843
-269521
-265758
-263976
-262382
-262224
-261785
-261772
-258846
-258413
-256925
-252791
-250107
-247493
-244756
-243859
-243043
-241830
-241424
-241379
-239839
-238281
-238167
-238037
-237697
-237622
-236153
-232073
-230750
-228385
-224128
-223783
-219697
-217374
-217373
-216932
-215306
-212177
-207728
-206376
-205454
-203915
-203312
-202678
-195595
-193967
-192295
-192033
-191499
-191484
-190310
-188770
-187569
-186153
-184299
-182693
-182415
-182409
-182041
-180206
-179245
-175276
-174793
-174708
-174570
-174481
-173760
-172795
-169325
-168263
-165284
-163398
-162302
-161583
-157962
-153059
-151753
-150123
-147639
-147142
-145872
-138720
-135471
-133396
-128597
-126268
-125277
-122504
-122305
-120859
-117159
-107899
-106415
-105947
-105723
-104374
-103757
-99032
-98104
-96254
-89825
-84410
-83031
-82301
-79699
-75929
-75589
-72574
-71696
-70335
-65173
-64466
-59828
-59631
-58577
-53458
-53410
-53376
-49704
-48821
-47388
-47346
-47156
-47030
-44745
-43864
-43488
-43244
-42021
-40915
-35369
-32454
-32252
-28495
-22578
-22542
-22359
-14871
-13566
-12973
-10475
-10447
-9743
-6040
-5622
801
4840
5192
5296
5628
9052
14778
15090
15516
16030
18507
19133
21186
22980
23134
24342
24755
30351
31529
31605
36573
41656
42875
44583
48940
57716
57925
58832
59712
60273
61430
63844
66496
68201
69294
69611
70485
70653
73671
75782
76373
76829
78887
79605
80247
80650
81146
82502
85859
87214
88702
92206
93843
95231
97281
97394
99777
99899
102737
105956
108327
110232
111029
111057
113180
113496
114965
116322
117177
120106
120747
122414
124419
124912
125007
125143
125303
127610
131247
136161
136722
137058
137995
139723
140434
140626
142103
143752
144983
145686
146405
146608
147063
151509
152846
157091
158661
159207
160890
161193
166320
167750
168204
168615
170127
172799
173244
175456
176636
177933
178630
178636
179332
182499
185125
188632
188944
189375
191339
193141
195694
196555
197509
198058
200866
203710
205924
205979
208015
208302
209508
210403
212322
220870
221342
229828
232461
232540
233189
234695
234910
236261
238304
238446
239906
239947
240390
241091
241590
244128
244604
248607
251791
254869
256203
256416
262508
263038
272723
272793
273110
273129
273829
278119
281258
283737
284744
287012
292392
293034
295202
298492
307426
307690
308940
310898
311704
317998
318316
319784
320866
321449
321979
323062
328232
329990
330123
332512
334739
334959
338816
339384
340454
344972
346605
350681
351456
351650
352482
352644
352972
354006
355545
357032
358718
359789
360275
362144
363163
368868
369519
369933
371667
374321
380175
381705
383255
383323
385754
385933
387279
400044
402511
403603
404120
405687
406593
410452
410761
410880
411032
411645
413739
425158
429709
431605
435747
435868
440715
441665
441807
444039
444840
446149
447047
447117
450381
450768
455705
455724
456589
460161
460281
460340
460949
466619
470122
470260
471861
475389
477800
478056
478069
481436
483651
487232
487704
489765
495369
495373
498320
501001
508112
508189
510021
516463
516707
516824
517246
521344
521412
521911
523997
524485
525900
527129
528952
532422
534613
535658
540206
542007
543930
544595
544981
546589
547324
547665
553327
562448
563959
566280
567389
570738
575750
576370
578164
584431
584571
586963
587055
587317
587879
591116
593056
594226
594759
594905
595073
600435
600951
601664
604368
604752
604859
607524
612692
620764
622068
624156
625779
626466
626630
627474
628639
629271
632371
637952
639272
640485
644911
646759
648361
648761
652290
654020
655558
655811
656000
658341
659731
660269
661705
662300
672391
673644
673961
679034
679585
684594
684708
688301
689201
689589
690713
691590
691669
693422
700876
702220
703061
703120
706199
712236
712699
718109
719821
724917
726513
728131
739228
739927
740703
741656
743116
747551
748612
752306
752560
752814
753494
754434
754475
756402
758828
762605
763046
767679
770413
771814
773721
781063
781842
782100
783442
783708
785525
787737
788303
789188
789458
790150
792302
792523
797465
799629
802767
802868
804763
807315
808865
812282
815830
817446
818485
819220
819923
820224
823554
823648
825655
826708
826930
836688
842815
844167
845815
846964
848362
850316
852799
853605
854224
855899
856612
858193
858672
859011
864246
864797
867813
868362
870139
871225
871850
872057
874484
882983
883734
892515
892517
894768
897169
899406
899533
899865
902051
902153
903700
904133
907989
912750
916468
917722
919638
920270
927089
927158
930154
930359
933627
938482
943449
948082
949839
954485
956019
957250
959534
960120
964915
968409
969560
970008
971065
972686
977753
979484
980549
986438
986656
987784
992809
994065
998760
998821
