10000
-999856
-999089
-998911
-998611
-998479
-998425
-998376
-998271
-998013
-997877
-997417
-997260
-997057
-996995
-996919
-996630
-996417
-996412
-996371
-996315
-995527
-995376
-995125
-994935
-994820
-994797
-994243
-994114
-993983
-993649
-993607
-993392
-992999
-992974
-992964
-992855
-992792
-992644
-992558
-992377
-992353
-992322
-992155
-992093
-991989
-991904
-991372
-991027
-990952
-990523
-990071
-989864
-989443
-989208
-989067
-988271
-988108
-987822
-987801
-987793
-987452
-987044
-987041
-986643
-986481
-985899
-985807
-985533
-985250
-984476
-984466
-984453
-984264
-984237
-984209
-983985
-983410
-983242
-982718
-982653
-982427
-982390
-982311
-982132
-982089
-981916
-981671
-981443
-981134
-981041
-980919
-980372
-980098
-979521
-979417
-979227
-979200
-979195
-979142
-978868
-977390
-977380
-976971
-976957
-976142
-976120
-976105
-975953
-975752
-975611
-975522
-975111
-974614
-974547
-974171
-974070
-974040
-974002
-973720
-973599
-973451
-973334
-973322
-973233
-972498
-972371
-972331
-972085
-972081
-972076
-971947
-971812
-971277
-971183
-971148
-971122
-971113
-971078
-970902
-970792
-970588
-970563
-970554
-970257
-970249
-970238
-970099
-970012
-969438
-969337
-968999
-968892
-968842
-968644
-967907
-967884
-967767
-967464
-967390
-967126
-966854
-966780
-966591
-966503
-966355
-966332
-966093
-965831
-965806
-965019
-964668
-964584
-964190
-964081
-964029
-963960
-963903
-963785
-963296
-962879
-962499
-962429
-962377
-962178
-962175
-961902
-961596
-961527
-961443
-961119
-960765
-960322
-960262
-960099
-959877
-959318
-959175
-959007
-958916
-958632
-958617
-958551
-958442
-958380
-958164
-957865
-957615
-957601
-957363
-957287
-957212
-957185
-957169
-957046
-956868
-956843
-956541
-956518
-956424
-956150
-955998
-955949
-955939
-955495
-955361
-955240
-955160
-954984
-954851
-954224
-954146
-954139
-953717
-953505
-953376
-953255
-953167
-953160
-952620
-952372
-952171
-951943
-951900
-951867
-951458
-951434
-951415
-950967
-950895
-950765
-950557
-950411
-950356
-949946
-949913
-949709
-949598
-949595
-949529
-949423
-949316
-948862
-948292
-948203
-948128
-948018
-947708
-947483
-947435
-947335
-947078
-947078
-947003
-946518
-946482
-946299
-945552
-945369
-945250
-945224
-945095
-944211
-944084
-944053
-943886
-943742
-943485
-943328
-943248
-943206
-942999
-942949
-942905
-942632
-942531
-942303
-942121
-941842
-941712
-941667
-941366
-941307
-941162
-941117
-941015
-940957
-940902
-940868
-940816
-940760
-940344
-940213
-940204
-940091
-939766
-939758
-939674
-939419
-939127
-939097
-939035
-938740
-938325
-937828
-937713
-937567
-937556
-937387
-937291
-936784
-936312
-936199
-936047
-935848
-935817
-935536
-935513
-935373
-935358
-935213
-934898
-934599
-934338
-934286
-933857
-933505
-933371
-933232
-933032
-932961
-932946
-932829
-932606
-932502
-932406
-932322
-931665
-931586
-931553
-931158
-931013
-930770
-930558
-930219
-930144
-930123
-929439
-929115
-929110
-928848
-928461
-928234
-927976
-927905
-927167
-927059
-926685
-926596
-926089
-925979
-925976
-925471
-925403
-925342
-924697
-924686
-924146
-924000
-923877
-923379
-923249
-923051
-923028
-923007
-922930
-922824
-922310
-921926
-920907
-920859
-919704
-919209
-918970
-918911
-918908
-918816
-918815
-918780
-918598
-918233
-917712
-917641
-917566
-917546
-917315
-917218
-916948
-916796
-916784
-916713
-916245
-915977
-915702
-915463
-915461
-915347
-915162
-914987
-914930
-914910
-914719
-914691
-914293
-914222
-914179
-913749
-913310
-913078
-912982
-912883
-912622
-912527
-912520
-912445
-912420
-912313
-911990
-911774
-911759
-911508
-911407
-911104
-911099
-910931
-910328
-910234
-910023
-909956
-909410
-909386
-909243
-909129
-908438
-908174
-907984
-907911
-907780
-907679
-907479
-907351
-906587
-905761
-905676
-905349
-905190
-905179
-903938
-903726
-903252
-902900
-902416
-901998
-901571
-901176
-901106
-900769
-900739
-900421
-900382
-900339
-900292
-900172
-900141
-900010
-899848
-899518
-899444
-898383
-898170
-897993
-897719
-897595
-897594
-896988
-896721
-896649
-896565
-896409
-896148
-895994
-895905
-895784
-895653
-895560
-895503
-895367
-895252
-895018
-895013
-895006
-894835
-894805
-894713
-894641
-894369
-894215
-894135
-894018
-893878
-893470
-893465
-893355
-893205
-893041
-892833
-892514
-892369
-892224
-892174
-891976
-891854
-891738
-891727
-891562
-891348
-891103
-890737
-890720
-890483
-890464
-890253
-890026
-889614
-889570
-889555
-888993
-888923
-888601
-888233
-888210
-888200
-888031
-887894
-887799
-887556
-887227
-887205
-887022
-886873
-886774
-886514
-886405
-886366
-886209
-886159
-886074
-885993
-885809
-885469
-885459
-885336
-885288
-885186
-884920
-884788
-884429
-883715
-883699
-883211
-882957
-882926
-882886
-882597
-882584
-882424
-882351
-882290
-882288
-882253
-882090
-881962
-881952
-881876
-881747
-880893
-880304
-880281
-880217
-880133
-879897
-879866
-879750
-879449
-879287
-878599
-878141
-877847
-877699
-877686
-877087
-876871
-876866
-876654
-876143
-875930
-875800
-875347
-875010
-875000
-874980
-874842
-874259
-874153
-873863
-873840
-873779
-873597
-873347
-873115
-873098
-873011
-872464
-872352
-872222
-872006
-871962
-871651
-871561
-871463
-871324
-871043
-870740
-870316
-870204
-870194
-869973
-869973
-869919
-869873
-869723
-869631
-869301
-869037
-868942
-868886
-868519
-868519
-868420
-868340
-868294
-868268
-868123
-867210
-867194
-867073
-866717
-866672
-866654
-866332
-865911
-865811
-865702
-865685
-865666
-865581
-865533
-865416
-865201
-865199
-864587
-864564
-864551
-864211
-863904
-863837
-862810
-862167
-862108
-862097
-862031
-861992
-861923
-861689
-861538
-861483
-861352
-861348
-861227
-860880
-859892
-859841
-859642
-859501
-859402
-859190
-858922
-858740
-858635
-858529
-858523
-858477
-858015
-857816
-856967
-856967
-856425
-856147
-856106
-855858
-855631
-855510
-855156
-855076
-854920
-854800
-854364
-854326
-854101
-853806
-853585
-853562
-853356
-853050
-852881
-852763
-852709
-851926
-851652
-851401
-851384
-851117
-850592
-850359
-850252
-849964
-849795
-849763
-849536
-849083
-848751
-848435
-848042
-847932
-847834
-847440
-847407
-847293
-847289
-847222
-846859
-846825
-846685
-846373
-846304
-846193
-845979
-845904
-845875
-845488
-845320
-844775
-844773
-844706
-844353
-844193
-844162
-843854
-843602
-843261
-843177
-843159
-842977
-842884
-842875
-842689
-842639
-842572
-842455
-842369
-842348
-842306
-841995
-841466
-841445
-841178
-840853
-840821
-840492
-840463
-840051
-839761
-839758
-839281
-839227
-839059
-838898
-838879
-838722
-838668
-838561
-838186
-837522
-837465
-837278
-837151
-836983
-836948
-836605
-836510
-836421
-836342
-836264
-836214
-836052
-836022
-835923
-835902
-835624
-835584
-835575
-835407
-835211
-834765
-834533
-834404
-834315
-834131
-833673
-833562
-833444
-833286
-833063
-832921
-832642
-832138
-832004
-830968
-830942
-830838
-830708
-830556
-830546
-830318
-830111
-830098
-829914
-829873
-829727
-829540
-828820
-828757
-828731
-828668
-827457
-827260
-827145
-826950
-826912
-826889
-826828
-826534
-826532
-826518
-826514
-826366
-826277
-826205
-825721
-825661
-825541
-825184
-825000
-824862
-824348
-824343
-824160
-823954
-823944
-823703
-823598
-823265
-823132
-822927
-822784
-822730
-822556
-822490
-822227
-821994
-821872
-821473
-821262
-821214
-820992
-820673
-820637
-820352
-820152
-820123
-819884
-819844
-819834
-819570
-819443
-819275
-819242
-819238
-818429
-818097
-817195
-817063
-817059
-816947
-816726
-816676
-816665
-816663
-816572
-815851
-815626
-815293
-815196
-815129
-815099
-815049
-814818
-814489
-814461
-814085
-813892
-813819
-813791
-813247
-813228
-813017
-812523
-812505
-812383
-812203
-812037
-811988
-811946
-811810
-811309
-811123
-811041
-810863
-810786
-810710
-810619
-810326
-810310
-809954
-809905
-809653
-809560
-809534
-809357
-809310
-809156
-808959
-808883
-808626
-808355
-808217
-808199
-808092
-807782
-807531
-807465
-807462
-807422
-807202
-806872
-806798
-806705
-806554
-806323
-806149
-806086
-806074
-806055
-805830
-805409
-805352
-805209
-804768
-804723
-804710
-804637
-804245
-804085
-803825
-803657
-803587
-803021
-802875
-802589
-802539
-802447
-802266
-802130
-801997
-801627
-801595
-801542
-801179
-800605
-800348
-800292
-800292
-800183
-799894
-799752
-799493
-799266
-799101
-799042
-798943
-798830
-798575
-798491
-798258
-797600
-797306
-797144
-797064
-796935
-796607
-796478
-796290
-796194
-795990
-795806
-795439
-795430
-795207
-794481
-794354
-794232
-794219
-794182
-793411
-793159
-793127
-792950
-792490
-792127
-792045
-791906
-791517
-790823
-790308
-789979
-789690
-789381
-788932
-788620
-788127
-787876
-787715
-787207
-787162
-787150
-787055
-786854
-786218
-786085
-785968
-785956
-785390
-784846
-784586
-784332
-784284
-784119
-784080
-783979
-783883
-783858
-783517
-783350
-783222
-783087
-783009
-782718
-782407
-782030
-781960
-781506
-781191
-781050
-780828
-780756
-780628
-780566
-780414
-780172
-780150
-780150
-780148
-780109
-779858
-779729
-779684
-779515
-779250
-779158
-779118
-779103
-778909
-778884
-778791
-778775
-778723
-778622
-778497
-778281
-778018
-777738
-777734
-777733
-777726
-777532
-777413
-776933
-776768
-776138
-775948
-775896
-775798
-775707
-775634
-775522
-775158
-775078
-775007
-774922
-774809
-774731
-774098
-774030
-773974
-773390
-772773
-772705
-772381
-772098
-771955
-771948
-771881
-771424
-771189
-771150
-771026
-771010
-770764
-770726
-770712
-770509
-770438
-770418
-770385
-770188
-769788
-769511
-769419
-769389
-769270
-769194
-768909
-768847
-768773
-768476
-768320
-768294
-768268
-768223
-768180
-768062
-768058
-767947
-767931
-767898
-767687
-767508
-767213
-767068
-766609
-766345
-766270
-765963
-765277
-765185
-765174
-764997
-764617
-764590
-764546
-764183
-763989
-763913
-763817
-763398
-763066
-762945
-762631
-762220
-762101
-762081
-762009
-761767
-761757
-761395
-760901
-760551
-760473
-760273
-759985
-759905
-759682
-759656
-758955
-758928
-758787
-758753
-758694
-758675
-758611
-758512
-758274
-758059
-758007
-757871
-757197
-756971
-756510
-756471
-756016
-755883
-755660
-755648
-755524
-755333
-755103
-754657
-754580
-753839
-753647
-753500
-753459
-753304
-753294
-753200
-753129
-752492
-752479
-752428
-752359
-752150
-751952
-751929
-751706
-751632
-751505
-751499
-751416
-750886
-750820
-749763
-749681
-749524
-749429
-749250
-748994
-748344
-748203
-748197
-748132
-747624
-747406
-746985
-746945
-746905
-746890
-746741
-746676
-746097
-746048
-746026
-745431
-744932
-744853
-744626
-744475
-744380
-744341
-744045
-743413
-743406
-743377
-743192
-742967
-742340
-742284
-742246
-742045
-741920
-741731
-741069
-740968
-740951
-740933
-740483
-740270
-740117
-740088
-739973
-739964
-739944
-739829
-739765
-739336
-739213
-739123
-739011
-738518
-738242
-737744
-737580
-737574
-737474
-736800
-736503
-736278
-735924
-735864
-735685
-735662
-734986
-734758
-734015
-733747
-733470
-733457
-733368
-733187
-732914
-732519
-731223
-731056
-730625
-730284
-729781
-729091
-728998
-728934
-728602
-728545
-728249
-728103
-728039
-728024
-727918
-727865
-727745
-727485
-727412
-727107
-726917
-726839
-726659
-726193
-725908
-725829
-725001
-724894
-724864
-724529
-724286
-724000
-723949
-723267
-722946
-722574
-722494
-722338
-722254
-722122
-722077
-721992
-721989
-721882
-721809
-721530
-721387
-721290
-721264
-720950
-720936
-720236
-719913
-719834
-719691
-719269
-718950
-718941
-718860
-718706
-718637
-718297
-718167
-718141
-718093
-717999
-717546
-716950
-716339
-715648
-715218
-715167
-715006
-714988
-714954
-714911
-714866
-714289
-714160
-713885
-713717
-713638
-713378
-713236
-712802
-712730
-712259
-712241
-712210
-711874
-711616
-711298
-711267
-710945
-710436
-709884
-709714
-709433
-709408
-709076
-709032
-708966
-708778
-708776
-708319
-708057
-708056
-707938
-707639
-707468
-707103
-706604
-706402
-706082
-705647
-705625
-704962
-704953
-704664
-704111
-703630
-703397
-703389
-703350
-703328
-703180
-702857
-702789
-702768
-702767
-702659
-702390
-701995
-701994
-701789
-701016
-700885
-700440
-700347
-700170
-699854
-699562
-699551
-699542
-699425
-699344
-698292
-698216
-697950
-697857
-697737
-697726
-697643
-697259
-696551
-696197
-695903
-695892
-695663
-695571
-695554
-695174
-695036
-694742
-694497
-694408
-694338
-693982
-693866
-693324
-692924
-692577
-692148
-692141
-691733
-691298
-691075
-691031
-690955
-690399
-690395
-690120
-689865
-689477
-689465
-689463
-689419
-689313
-688868
-688452
-688259
-687613
-687476
-687094
-686974
-686913
-686653
-686140
-685912
-685530
-685448
-685435
-684797
-684732
-684617
-684301
-683875
-683875
-683785
-683266
-683135
-682843
-682277
-682249
-681961
-681708
-681438
-681316
-681241
-681041
-680740
-680692
-680682
-680675
-680365
-680317
-680081
-680051
-680031
-680010
-679718
-679457
-678890
-678735
-678383
-678128
-677365
-677332
-677111
-676955
-676634
-676423
-676257
-676074
-675912
-675901
-675613
-675281
-675155
-674494
-674465
-674438
-674277
-674244
-674107
-673999
-673975
-673831
-673532
-673528
-673331
-673161
-673139
-673039
-672605
-671783
-671699
-671620
-671393
-671325
-671179
-671149
-670652
-670642
-670454
-669782
-669651
-669565
-669275
-669129
-668834
-668770
-668720
-668600
-668433
-668384
-668103
-667983
-667818
-667645
-667189
-667161
-667002
-666894
-666862
-666830
-666767
-666729
-666683
-666440
-666162
-665952
-665843
-665749
-665666
-665502
-665037
-664993
-664625
-664174
-663566
-663373
-663195
-663165
-663162
-662992
-662561
-662528
-662280
-662216
-662176
-662127
-661994
-661919
-661854
-661832
-661343
-661229
-660988
-660777
-660764
-660680
-660672
-660507
-660360
-659918
-659565
-659302
-659091
-659048
-658998
-658630
-657359
-657356
-657038
-656857
-656481
-656346
-655941
-655848
-655660
-655395
-655229
-655191
-654981
-654956
-654918
-654728
-654723
-654663
-654567
-654428
-654425
-653868
-653782
-653710
-653523
-653209
-653032
-652911
-652771
-652743
-652525
-651996
-651933
-651913
-651841
-651692
-651499
-651380
-651137
-650438
-650266
-649955
-649913
-649713
-649704
-649583
-649433
-649065
-648988
-648952
-648694
-648467
-648344
-648231
-648079
-647973
-647692
-647595
-647527
-646877
-646838
-646466
-645850
-645398
-645305
-645165
-645145
-644908
-644903
-644817
-644555
-644485
-644369
-644067
-644039
-643727
-643637
-643193
-643170
-642849
-642589
-642475
-641979
-641854
-641500
-641276
-640829
-640773
-640705
-640579
-640200
-639993
-639925
-639605
-639398
-639130
-638974
-638851
-638747
-638733
-638218
-637873
-637595
-637290
-636905
-636862
-636834
-636680
-636537
-636411
-636346
-636258
-636087
-635873
-635808
-635558
-635246
-634910
-634822
-634639
-634442
-634361
-634288
-634203
-634110
-634021
-633947
-633846
-633044
-632710
-632556
-632391
-632073
-631977
-631783
-631607
-631602
-631363
-631078
-631003
-630999
-630250
-630226
-630172
-629810
-629775
-629750
-629687
-629582
-629387
-629331
-629264
-629195
-629099
-629066
-629027
-628878
-628696
-628643
-628308
-628223
-627957
-627920
-627765
-627615
-626593
-626498
-626220
-626176
-625826
-625684
-625618
-625362
-625337
-625209
-624844
-624601
-624589
-624351
-624290
-624188
-624120
-624107
-623835
-623754
-623750
-623666
-623515
-623480
-623449
-623357
-622275
-622198
-622183
-622065
-621583
-621279
-621244
-621186
-620744
-620682
-620618
-620519
-620317
-619985
-619983
-619829
-619583
-619390
-619376
-619301
-619275
-618926
-618255
-618071
-617878
-617669
-617438
-617058
-616663
-616660
-616589
-616495
-616376
-616132
-616101
-616101
-615620
-615552
-615528
-615188
-615124
-615080
-614538
-613486
-613414
-613413
-613262
-613010
-612801
-612512
-612353
-612244
-612192
-611835
-611395
-610734
-610627
-610168
-610135
-610095
-609983
-609855
-609318
-609145
-609071
-608968
-608953
-608685
-608501
-607976
-607847
-607833
-607708
-607613
-607575
-607565
-607548
-607497
-607448
-607225
-607051
-606883
-606391
-606309
-606239
-606170
-606056
-605679
-605618
-605560
-605447
-605321
-605166
-605058
-604857
-604550
-604242
-604212
-604028
-603960
-603497
-603392
-603106
-602895
-602573
-602565
-602550
-602007
-601947
-601858
-601559
-600904
-600871
-600545
-600275
-600152
-600096
-599977
-599884
-599810
-599761
-599678
-599188
-598657
-598256
-598146
-598054
-597967
-597761
-597470
-597458
-597450
-597443
-596247
-595943
-595590
-595353
-595275
-595267
-595249
-594826
-594767
-594647
-594507
-594454
-594272
-594178
-594170
-593932
-593523
-593221
-592700
-592584
-592555
-592245
-592096
-592010
-592010
-591668
-591479
-591284
-590663
-590438
-590368
-590350
-589792
-589331
-589080
-589046
-588726
-588102
-587958
-587570
-587200
-587197
-586498
-586279
-586096
-586004
-585753
-585538
-585330
-585291
-585165
-585006
-584958
-584886
-584873
-584198
-583943
-583652
-583635
-583485
-582997
-582978
-582968
-582768
-582529
-582444
-582407
-582363
-582326
-582088
-581937
-581651
-581417
-581393
-581318
-581180
-580521
-580270
-579838
-579709
-579482
-579027
-578966
-578407
-578407
-578152
-578126
-577932
-577813
-577184
-577110
-577048
-576820
-576207
-575994
-575953
-575743
-575738
-575703
-575637
-575438
-575325
-575029
-574937
-574656
-574115
-573756
-573692
-573584
-573497
-573435
-573327
-572782
-571615
-571479
-571356
-571308
-571145
-571119
-571087
-571072
-570712
-570682
-570657
-570276
-570244
-570234
-570232
-570211
-570131
-569526
-568997
-568930
-568851
-568735
-568727
-567605
-566762
-566569
-565883
-565876
-565548
-565289
-565057
-564930
-564541
-564517
-564484
-564359
-564330
-563652
-562767
-562515
-561977
-561828
-561395
-561309
-560699
-560610
-559964
-559816
-559753
-559213
-559087
-559053
-558920
-558070
-557837
-557823
-557274
-557247
-557188
-557124
-556700
-556489
-556357
-555776
-555762
-555323
-555308
-554808
-554584
-554509
-553869
-553179
-553114
-553045
-553004
-552847
-552579
-552522
-552330
-552266
-552162
-552122
-552046
-551601
-551224
-551087
-551079
-551066
-550948
-550670
-550615
-550574
-550563
-550561
-550070
-549159
-548751
-548578
-548360
-548096
-547890
-547888
-547789
-547701
-547536
-547453
-547425
-547334
-547308
-547186
-546862
-546732
-546697
-546315
-546256
-546213
-545979
-545957
-545806
-545790
-545745
-545737
-545553
-545416
-545179
-545012
-544733
-544676
-544119
-544061
-544051
-543994
-543353
-541617
-541390
-541286
-541208
-541182
-541016
-540948
-540925
-540902
-540281
-540200
-540188
-540137
-539993
-539356
-539313
-539260
-539180
-538891
-538537
-538291
-538011
-537642
-537571
-537557
-537525
-537394
-537037
-536698
-536274
-536202
-535897
-535871
-535761
-535602
-535332
-535271
-534803
-534541
-534222
-533624
-533548
-533484
-533150
-532535
-532492
-532491
-532186
-531986
-531911
-531297
-531261
-531090
-531038
-530830
-530779
-530772
-530442
-530415
-530229
-530048
-529816
-529276
-529081
-528630
-528449
-528407
-528182
-528107
-528002
-527974
-527429
-527276
-527269
-527255
-526840
-526790
-526775
-526594
-526371
-526274
-526204
-526113
-525927
-525897
-525709
-525498
-524953
-523998
-523814
-523717
-523561
-523426
-523061
-523035
-522308
-522141
-522111
-522077
-522043
-522039
-521923
-521606
-521447
-521415
-521397
-520571
-520565
-520351
-520029
-520024
-519944
-519914
-519883
-519566
-519487
-519032
-518790
-518101
-517919
-517421
-517143
-517080
-516416
-516202
-516051
-515922
-515898
-515867
-515635
-515581
-515029
-514744
-514442
-514032
-513892
-513648
-513613
-513596
-513525
-513432
-513061
-512783
-512734
-512441
-512298
-512270
-512236
-512203
-512061
-511812
-511756
-511338
-511226
-511201
-511162
-511064
-510474
-510122
-509948
-509933
-509858
-509046
-509029
-508705
-508607
-508591
-508368
-508185
-508004
-507753
-507393
-507381
-507162
-506907
-506856
-506221
-505845
-505719
-505697
-505648
-505421
-505368
-505118
-504958
-504889
-504646
-504607
-504052
-503838
-503728
-503647
-503275
-503184
-502888
-502460
-502151
-502054
-502030
-501386
-501362
-500986
-500956
-500885
-500606
-500588
-500501
-500454
-500340
-499973
-499626
-499295
-499238
-499178
-498724
-498675
-498579
-498451
-498447
-498445
-498385
-498282
-498233
-497897
-497830
-497762
-497710
-497054
-496986
-496668
-496490
-496229
-496051
-495962
-495674
-495519
-495503
-495482
-495131
-494988
-494898
-494873
-494719
-494162
-494074
-493929
-493830
-493675
-492735
-492723
-492676
-492639
-492602
-492290
-492070
-491596
-491588
-491465
-491166
-491096
-491069
-490988
-490979
-490143
-490143
-489882
-489404
-489311
-488921
-488858
-488826
-488774
-488727
-488554
-488138
-488048
-487842
-487715
-487508
-487463
-487342
-487280
-486568
-486480
-486091
-485804
-485116
-485041
-484788
-484609
-484459
-484402
-484335
-484282
-484210
-484023
-483957
-483843
-483765
-483676
-483503
-483379
-482932
-482828
-482689
-482348
-482345
-482042
-481962
-481863
-481856
-481580
-481555
-481357
-480836
-480674
-480568
-480563
-480464
-479141
-479126
-479112
-479111
-478913
-478863
-478655
-478495
-477828
-477578
-477107
-477012
-476990
-476770
-476678
-476658
-476401
-476374
-476190
-476073
-476024
-475807
-475378
-475298
-475259
-475047
-474857
-474687
-473833
-473637
-473538
-473456
-472648
-472477
-472457
-472019
-471878
-471822
-471772
-471329
-471032
-471025
-470657
-470253
-469126
-469090
-468865
-468690
-468312
-468259
-468225
-468216
-468017
-467760
-467717
-467399
-467375
-467060
-466889
-466726
-466714
-466581
-465066
-465040
-465017
-464866
-464746
-464581
-464562
-464303
-463938
-463593
-463560
-463514
-463399
-463336
-463018
-463006
-462966
-462272
-462258
-462093
-462026
-461690
-461442
-460373
-460346
-459923
-459673
-459604
-459582
-459425
-459033
-459002
-458489
-458332
-458235
-457705
-457493
-457458
-457315
-457228
-457196
-457087
-456928
-456499
-456475
-455996
-455917
-455863
-455821
-455817
-455576
-455429
-455419
-454877
-454813
-454605
-454378
-454325
-454247
-453996
-453600
-451873
-451711
-451518
-451294
-451189
-451154
-450831
-450268
-449660
-449515
-449453
-448613
-448359
-448275
-448139
-448130
-447889
-447760
-447393
-446913
-446602
-446427
-445799
-445791
-445774
-445545
-445453
-445244
-444519
-444506
-444364
-444251
-444248
-444219
-444198
-444074
-443961
-443956
-443825
-443683
-443594
-443102
-442799
-442709
-442686
-442532
-442476
-442467
-442377
-441990
-441860
-441727
-441657
-441399
-441217
-441099
-440938
-440888
-440592
-440569
-440558
-440244
-440184
-439827
-439811
-439675
-439634
-439553
-439540
-439215
-438916
-438388
-438316
-438281
-438267
-438148
-436943
-436523
-436488
-436134
-436123
-435903
-435589
-435405
-435206
-435019
-435014
-434944
-434817
-434646
-434617
-434609
-434453
-434373
-433610
-433483
-433432
-433223
-433024
-432442
-432415
-432372
-432167
-432141
-432083
-431998
-431907
-431661
-431533
-431265
-430835
-430568
-430419
-430385
-430148
-429882
-429647
-428953
-428378
-428343
-428040
-427862
-427705
-427684
-427563
-427199
-426640
-426289
-425614
-425578
-425570
-425270
-425203
-425197
-425154
-425117
-424818
-424759
-424013
-423758
-423758
-423699
-423648
-423556
-423541
-423472
-423413
-423362
-423295
-423197
-422840
-422743
-422167
-421731
-421501
-420754
-419921
-419869
-419550
-419473
-419143
-419031
-419029
-418992
-418874
-418703
-418681
-418616
-418348
-418133
-418093
-417921
-417837
-417697
-417387
-417192
-417023
-416952
-416903
-416371
-416245
-416095
-416063
-415717
-415709
-415567
-414948
-414443
-414384
-414288
-414232
-414208
-413865
-413734
-413695
-413671
-413660
-413435
-413294
-413273
-413068
-412685
-412563
-412243
-412057
-411984
-411375
-411280
-411141
-410793
-410603
-410594
-410232
-410085
-409883
-409814
-409802
-409365
-409287
-409277
-408885
-408810
-408599
-407666
-407636
-407247
-406994
-406988
-406821
-406594
-406547
-406473
-406310
-405799
-405753
-405703
-405681
-404900
-404709
-404643
-404603
-404591
-404102
-404011
-403778
-403493
-403244
-403212
-402903
-402693
-402673
-402307
-402136
-402133
-401958
-401879
-401643
-401429
-401195
-401101
-400845
-400748
-400669
-400188
-399483
-399412
-399022
-398716
-398653
-398550
-398029
-397937
-397753
-397619
-397252
-396254
-396035
-395742
-395663
-395524
-395370
-395202
-395198
-394869
-394809
-394797
-394491
-394402
-394315
-394243
-394075
-393796
-393706
-392911
-392904
-392865
-392815
-392303
-392222
-391673
-391522
-390869
-390264
-389416
-389218
-388504
-388447
-388276
-388141
-387771
-387479
-387275
-387199
-387172
-386937
-386879
-386663
-386645
-386267
-386131
-386077
-385736
-384957
-384850
-384702
-384263
-384181
-383863
-383794
-383635
-383335
-383183
-383088
-382982
-382820
-382798
-382520
-382514
-382508
-381957
-381576
-381501
-381498
-381333
-381325
-381065
-380512
-380181
-380147
-380039
-379872
-379616
-379125
-379022
-378570
-378068
-377964
-377728
-377635
-377125
-377038
-376655
-376560
-376440
-375816
-375559
-375162
-374996
-374715
-374705
-374666
-374560
-374366
-374275
-374267
-374238
-374083
-373743
-373552
-373040
-372814
-372736
-372722
-372559
-372495
-372051
-371943
-371699
-371201
-370138
-370031
-369755
-369737
-369546
-369450
-369134
-368754
-368729
-368414
-368320
-368204
-368053
-367812
-367512
-367067
-366961
-366674
-366496
-366346
-366317
-366188
-366134
-365866
-365864
-365848
-364919
-364914
-364863
-364499
-364121
-363960
-363902
-363852
-363851
-363822
-363815
-363598
-363550
-363102
-362577
-362518
-362129
-361850
-361837
-361639
-361408
-360950
-360761
-360227
-360119
-360058
-359881
-359153
-358878
-358872
-358546
-358528
-358405
-358080
-357395
-357287
-357244
-357030
-356952
-356764
-356710
-356592
-356321
-356059
-355677
-355607
-355439
-355367
-355327
-355047
-354726
-354475
-354346
-354268
-354025
-353876
-353779
-353677
-353078
-352623
-352315
-352152
-352149
-351686
-351257
-351211
-351187
-351047
-350607
-350360
-350353
-350124
-350025
-349976
-349962
-349955
-349612
-349542
-349295
-349146
-348950
-348937
-348695
-348497
-348398
-348290
-348197
-347998
-347871
-347804
-347770
-347214
-347075
-346585
-346552
-346142
-346134
-345635
-345443
-345418
-345333
-345149
-345065
-344753
-344649
-344218
-344204
-344050
-343606
-343251
-343235
-343209
-343014
-342798
-342783
-342690
-342581
-342452
-342392
-342382
-342337
-342288
-342281
-342170
-341759
-341561
-341309
-341063
-341050
-339732
-339557
-339392
-338764
-338199
-338178
-338143
-338034
-337925
-337430
-337379
-336907
-336594
-336248
-336234
-335896
-335707
-335569
-335528
-335519
-335397
-335361
-335258
-335170
-334969
-334933
-334329
-334182
-333949
-333715
-333597
-333586
-333576
-333548
-333514
-333420
-333315
-333226
-333032
-332651
-332484
-331811
-331586
-331462
-331114
-331026
-330732
-330482
-330259
-329978
-329689
-329041
-328411
-328324
-328264
-328232
-328100
-327152
-327127
-327049
-327022
-327001
-326906
-326882
-326860
-326793
-326792
-326264
-326257
-326223
-326174
-326158
-326133
-326088
-325962
-325557
-325430
-325356
-325312
-324802
-324765
-324600
-324481
-324406
-324211
-323997
-323956
-323608
-323303
-323284
-323103
-322995
-322902
-322356
-322337
-322189
-322127
-322056
-321740
-321712
-321516
-321328
-321094
-321066
-321042
-320961
-320947
-320516
-320484
-320279
-320257
-320231
-319544
-319286
-318816
-318727
-318466
-318239
-318231
-317956
-317538
-317363
-317174
-316670
-316534
-316485
-316428
-316120
-315752
-315677
-315539
-315356
-315062
-314969
-314292
-314109
-314076
-313905
-313521
-313455
-313434
-313146
-312747
-312672
-312156
-311553
-311318
-311255
-311133
-310533
-310515
-310381
-310035
-310023
-309890
-309700
-309501
-309402
-309190
-309159
-309036
-308814
-308743
-308599
-308269
-308097
-308088
-308028
-308010
-307960
-307933
-307911
-307874
-307754
-307730
-307628
-307489
-307457
-306614
-306524
-306040
-305871
-305836
-305628
-305405
-305159
-305128
-305076
-304552
-304461
-304141
-303688
-303300
-303042
-302671
-302667
-302512
-302417
-302281
-302083
-302012
-301979
-301837
-301695
-301531
-301509
-301458
-301447
-301089
-301041
-300994
-300952
-300767
-300746
-300609
-300592
-300571
-300495
-300479
-300464
-299664
-299440
-299311
-299234
-299126
-298372
-297751
-297741
-297359
-296971
-296952
-296890
-296848
-296746
-296657
-296442
-295872
-295535
-295507
-295442
-295419
-295319
-295143
-294908
-294586
-294443
-294432
-294423
-294225
-293827
-293773
-293497
-293357
-292773
-291812
-291805
-291666
-291652
-291645
-291610
-291413
-291334
-290778
-290100
-290027
-289806
-289710
-289395
-289298
-289270
-289231
-289202
-289147
-289100
-288977
-288680
-288607
-288307
-287347
-287128
-287011
-286865
-286845
-286732
-286650
-285866
-285610
-285598
-285269
-285044
-284306
-284062
-283724
-283645
-283621
-283548
-283477
-282796
-282756
-282578
-282551
-282513
-282395
-282256
-282226
-282156
-282154
-281975
-281805
-281587
-281425
-281361
-281127
-280790
-280767
-280712
-280669
-280514
-280373
-280145
-280015
-279581
-279572
-279537
-279179
-279017
-278695
-278604
-278515
-278465
-278148
-277058
-276627
-276049
-276026
-275694
-275572
-275561
-275439
-274966
-274463
-274093
-274072
-273748
-273497
-273299
-273290
-272943
-272936
-272898
-272820
-272546
-272403
-272243
-272191
-272141
-272111
-271997
-271869
-271743
-271692
-271623
-271351
-271280
-271080
-271043
-270783
-270770
-270745
-270718
-270653
-270525
-270521
-270444
-269846
-269819
-269814
-269176
-268736
-268473
-268353
-268175
-268167
-268121
-268092
-267850
-267549
-267451
-267390
-267154
-266903
-266814
-266780
-266608
-266442
-266169
-266050
-266026
-266018
-265830
-265559
-265428
-265192
-264668
-264239
-263988
-263976
-263544
-263391
-263218
-263146
-263014
-262944
-262856
-262705
-262433
-262121
-262118
-261814
-261699
-261659
-261300
-261153
-261015
-260994
-260828
-260724
-260645
-260494
-260324
-260262
-260199
-260179
-259959
-259419
-259349
-259275
-259117
-258948
-258731
-258728
-258594
-258438
-258390
-257526
-257250
-257043
-256518
-256383
-256301
-256218
-256147
-255756
-255455
-255181
-254488
-254403
-254077
-253935
-253529
-253420
-253244
-253210
-252983
-252892
-252685
-252403
-251945
-251598
-251202
-251083
-250687
-250224
-249860
-249382
-249098
-248010
-247955
-247717
-247399
-247204
-246667
-246280
-246253
-245529
-245380
-245153
-245100
-244884
-244366
-244147
-243971
-243500
-243081
-243031
-242899
-242832
-242629
-242238
-242085
-241806
-241761
-241661
-241187
-241084
-240805
-240267
-239965
-239878
-239569
-239418
-239134
-239024
-238954
-238949
-238674
-238550
-238342
-238148
-238118
-238027
-237874
-237808
-237597
-236583
-236435
-236335
-235788
-235716
-235561
-235477
-234876
-234834
-234666
-234510
-234236
-233902
-233884
-233373
-233197
-233044
-232890
-232691
-232242
-231761
-231389
-231235
-230987
-230907
-230869
-230658
-230619
-230605
-230590
-230426
-230374
-230373
-229879
-229509
-229229
-228834
-228794
-228603
-228544
-228489
-228478
-228157
-228021
-227958
-227948
-227838
-227617
-227062
-226915
-226900
-226821
-226598
-226465
-226143
-225917
-225470
-225434
-225311
-225296
-224908
-224904
-224650
-224451
-224318
-224119
-223648
-223489
-223216
-222990
-222977
-222662
-222456
-222306
-222251
-221540
-221540
-221523
-221345
-221014
-220708
-220467
-220391
-220255
-219266
-219224
-218956
-218892
-218729
-218700
-218582
-218533
-218279
-218006
-217906
-217892
-217738
-217738
-217554
-217407
-217173
-216799
-216796
-216415
-215938
-215919
-215878
-215388
-215287
-215168
-214884
-214847
-214834
-214807
-214789
-214703
-214652
-214634
-214118
-213691
-213687
-213299
-213164
-212986
-212894
-212822
-212680
-212669
-212046
-211942
-211906
-211750
-211580
-211567
-211531
-211277
-211139
-210953
-210800
-210769
-210666
-210387
-210179
-210025
-209999
-209721
-209534
-209459
-209251
-208977
-208947
-208756
-208654
-208645
-208448
-207289
-207020
-206749
-206651
-206273
-206231
-206221
-205904
-205687
-205637
-205577
-205436
-205258
-205242
-205114
-205058
-204615
-204233
-204191
-204044
-203952
-203937
-203889
-203659
-203486
-203421
-203411
-203257
-202961
-202948
-202462
-202197
-201934
-201717
-201477
-201247
-201098
-201044
-200928
-200851
-200842
-200621
-200121
-199885
-199747
-199692
-199641
-199294
-199234
-198996
-198859
-198773
-198705
-198684
-198592
-198397
-198179
-197911
-197902
-197869
-197298
-197119
-196776
-196715
-196454
-196263
-196202
-195826
-195713
-195538
-195301
-195147
-194958
-194935
-194402
-194344
-194045
-193921
-193742
-193565
-193264
-192992
-192944
-192907
-192839
-192687
-191809
-191741
-191456
-191393
-191136
-191058
-190816
-190165
-190075
-190050
-189843
-189558
-189377
-189074
-188936
-188920
-188646
-188606
-188571
-188566
-188517
-188224
-188177
-187853
-187787
-187711
-187575
-187540
-187445
-186498
-186326
-186257
-186204
-186000
-185810
-185540
-185273
-185187
-185157
-184545
-184542
-184182
-184076
-183989
-183986
-183719
-183490
-183330
-183284
-183190
-183162
-182981
-182676
-182578
-182019
-181960
-181660
-181151
-181045
-181015
-180866
-180617
-180517
-180287
-180168
-180086
-180068
-179917
-179442
-179255
-179067
-178931
-178896
-178522
-178343
-178183
-178082
-177809
-177720
-177375
-177322
-177018
-177008
-176778
-176506
-176032
-175848
-175738
-175591
-175379
-175347
-174958
-174477
-174394
-174175
-173934
-173872
-173441
-173108
-172714
-172634
-172260
-172200
-172143
-172069
-172053
-172041
-171610
-170993
-170954
-170876
-170771
-170702
-170462
-170161
-169836
-169578
-169191
-168934
-168836
-168815
-168738
-168664
-168636
-168523
-168422
-168382
-168277
-168035
-167953
-167769
-167519
-167451
-167384
-167197
-167185
-167133
-166950
-166530
-166497
-166332
-166306
-166228
-165161
-165116
-164867
-164803
-164580
-164020
-164007
-163376
-163209
-163163
-163161
-163007
-162892
-162732
-162706
-162545
-162513
-162242
-162181
-162139
-162137
-161762
-161735
-161653
-161628
-161576
-161558
-161366
-161235
-160927
-160847
-160668
-160305
-160300
-160096
-160066
-159672
-159517
-159494
-158829
-158167
-158075
-158071
-157404
-157207
-157064
-156180
-155994
-155896
-155518
-155355
-155202
-154907
-154824
-154729
-154220
-154139
-153969
-153844
-153826
-153629
-153547
-153123
-153076
-152923
-152676
-152498
-152360
-152172
-151869
-151622
-151340
-151099
-150623
-149932
-149766
-149242
-149090
-149007
-148999
-148983
-148896
-148615
-148479
-148350
-148293
-147760
-147743
-147036
-147035
-146832
-146635
-146525
-145840
-145737
-144996
-144441
-144379
-144098
-144031
-143791
-143644
-143357
-143121
-142839
-142807
-142584
-142577
-142495
-142418
-142301
-142286
-142182
-142110
-142067
-141573
-141554
-141445
-141371
-140937
-140905
-140418
-140194
-140121
-140091
-139852
-139749
-139444
-139368
-139302
-138772
-138699
-138530
-138450
-138428
-138266
-137414
-137329
-137106
-136992
-136779
-136303
-136291
-135966
-135946
-135639
-135202
-134783
-134669
-134548
-134528
-133802
-133740
-132844
-132674
-131760
-131665
-131177
-131140
-131083
-129814
-129664
-129559
-129550
-129011
-128695
-128168
-128118
-127606
-127426
-127378
-126964
-126923
-126865
-126611
-126604
-126554
-126554
-126487
-126207
-126183
-126160
-126027
-125676
-125485
-125275
-125197
-125052
-124741
-124609
-124547
-124418
-123692
-123689
-123412
-123272
-122983
-122974
-122961
-122813
-122609
-122463
-122441
-122249
-122183
-121872
-121627
-121448
-121404
-121213
-120908
-120121
-119766
-119552
-119485
-119086
-118757
-118718
-118692
-118664
-118385
-118253
-118039
-118014
-117907
-117448
-116895
-116256
-115993
-115712
-115652
-115221
-115115
-114977
-114646
-114279
-113997
-113558
-113126
-113118
-112999
-112815
-112536
-112324
-112321
-112241
-111852
-111687
-111593
-111422
-110834
-110545
-110033
-109764
-109693
-109303
-109280
-109243
-109115
-109014
-108635
-108431
-108331
-108077
-107990
-107890
-107779
-107727
-107678
-107448
-107288
-107163
-107142
-107036
-107011
-106620
-106546
-105798
-105454
-105278
-105248
-105195
-104999
-104879
-104818
-104740
-104383
-104271
-104083
-104054
-104053
-104033
-103874
-103274
-103184
-103058
-102572
-102565
-102492
-102195
-101883
-101848
-101665
-101649
-101267
-101255
-101241
-101004
-100936
-100865
-100658
-100334
-99790
-99592
-98926
-98731
-98506
-98309
-98277
-98117
-97780
-97712
-97527
-97453
-97449
-97255
-97033
-96953
-96859
-96855
-96776
-96701
-96399
-96295
-95882
-95518
-95484
-94976
-94962
-94791
-94774
-94346
-94336
-93952
-93490
-93142
-93027
-92998
-92680
-92429
-91887
-91831
-91231
-91146
-90901
-90510
-90394
-89941
-89899
-89771
-89649
-89647
-89165
-88358
-88046
-87516
-87487
-87321
-87256
-87218
-87090
-87012
-85892
-85858
-85445
-85270
-85188
-84931
-84458
-84270
-84158
-84095
-84029
-83987
-83980
-83916
-83400
-82898
-82789
-82731
-82643
-82463
-82368
-82292
-82192
-81918
-81680
-81279
-80945
-80778
-80736
-80346
-80152
-79937
-79722
-79435
-79396
-79008
-78980
-78179
-78037
-77986
-77871
-77677
-77663
-77569
-77514
-77345
-77158
-76977
-76859
-76714
-76131
-76120
-76045
-75550
-75452
-75288
-75078
-74940
-74874
-74743
-74694
-74426
-74337
-74212
-74016
-73833
-73130
-73011
-72987
-72863
-72859
-72727
-72660
-72598
-72406
-71854
-71735
-71510
-71494
-71170
-71159
-70933
-70783
-70776
-70366
-69915
-69863
-69724
-69706
-69533
-69506
-69306
-69301
-68236
-67975
-67896
-67797
-67746
-67686
-67607
-67331
-67306
-66923
-66524
-66440
-66359
-66273
-66220
-66161
-65998
-65780
-65467
-65199
-65106
-65019
-64548
-64276
-64271
-64177
-63769
-63597
-63579
-63417
-63294
-63095
-63048
-62965
-62934
-62485
-62485
-62143
-62074
-61649
-61586
-61543
-61538
-61519
-61356
-61350
-61088
-61087
-60911
-60695
-60415
-60314
-60209
-60051
-59560
-59554
-59458
-59396
-59364
-59274
-59039
-58696
-58292
-58285
-58200
-57942
-57853
-57797
-57400
-56213
-55776
-55760
-55758
-55256
-54924
-54901
-54896
-54853
-54404
-53299
-53124
-52772
-52359
-52352
-52216
-51945
-51279
-51113
-50916
-50840
-50417
-50285
-50277
-50193
-50186
-50090
-49884
-49815
-49759
-49652
-49181
-48793
-48545
-48462
-48421
-46982
-46918
-46651
-46294
-46079
-46026
-45902
-45840
-45710
-45578
-45572
-45554
-45550
-45543
-45511
-44985
-44936
-44745
-44703
-44538
-43801
-43734
-43732
-43444
-43265
-43245
-42999
-42951
-42760
-42513
-42437
-42387
-42360
-42166
-41578
-41374
-41023
-40874
-40658
-40654
-40569
-40165
-39875
-39762
-39525
-39425
-39047
-39001
-38715
-38456
-38407
-38267
-38188
-38147
-37950
-37333
-37000
-36960
-36201
-35740
-35402
-35326
-34967
-34954
-34935
-34810
-34607
-34596
-34302
-34082
-33936
-33907
-33729
-33697
-33551
-33536
-33408
-33280
-33035
-32930
-32921
-32215
-31960
-31308
-31243
-31151
-30990
-30762
-30640
-30553
-30303
-29900
-29620
-29533
-29524
-29475
-29436
-29230
-28927
-28633
-28525
-28459
-27848
-27825
-27665
-27147
-27071
-26817
-26753
-26590
-26558
-26505
-25652
-25026
-24804
-24524
-24328
-23729
-23578
-23281
-22973
-22912
-22770
-22722
-22496
-22352
-22125
-21895
-21777
-21638
-21626
-21490
-21476
-21084
-20787
-20679
-20645
-20542
-20375
-20344
-20321
-20313
-20287
-20266
-19911
-19665
-19578
-19168
-18748
-18717
-18613
-18227
-17937
-17826
-17681
-17554
-17405
-16933
-16837
-16669
-16603
-16186
-16167
-16050
-16038
-15623
-15519
-15232
-15065
-14991
-14273
-14144
-14127
-13213
-13146
-13081
-13020
-12979
-12930
-12791
-12733
-12230
-11790
-11743
-11719
-11417
-11357
-11316
-11255
-11170
-10829
-10764
-10728
-10521
-10211
-10151
-9986
-9611
-9470
-9327
-8832
-8788
-8721
-8634
-8583
-8387
-8268
-8086
-8039
-7509
-7425
-7357
-7291
-7268
-7254
-7249
-7134
-6975
-6908
-6473
-6425
-6200
-6094
-5985
-4778
-4656
-4548
-4433
-3980
-3503
-3289
-3183
-3065
-2237
-2039
-2006
-1813
-988
-942
-906
-901
-317
467
474
525
625
626
761
771
881
1431
1447
1762
1879
2061
2284
2349
2816
3021
3188
3237
3820
4058
4158
4180
4462
5434
5884
6109
6298
6528
6955
7054
7214
7275
7296
7823
7932
7975
8048
8153
8263
8584
8750
8921
9088
9243
9636
9684
9924
9940
9986
10038
10233
10280
10526
11007
11247
11734
11794
11812
12062
12073
12099
12538
13060
13176
13206
13548
13647
13809
14000
14242
14288
14326
15369
16454
16464
16491
16668
16773
16821
17433
17618
17666
17871
18591
19040
19087
19138
19185
19774
19837
20005
20037
20328
20333
20573
20729
21017
21027
21223
21413
21413
21443
22148
22193
22298
22636
23010
23017
23446
23546
24123
24243
24454
24935
24991
25336
25425
25512
25724
26265
26416
26503
26626
26828
27084
27370
27596
28562
28702
29649
29749
29760
29938
30187
30287
31414
31416
31803
31815
32029
32292
32402
32620
32731
32773
32844
33091
33182
33328
33575
33588
33734
33793
33894
33910
33926
33956
34012
34108
34134
34305
34348
34553
34849
35052
35390
35554
35981
35996
36093
36228
36239
36347
36601
36783
36824
36826
36948
36970
37068
37164
37708
37725
37798
38775
39354
39517
40105
40223
40245
40270
40339
40482
40816
40867
40909
41028
41212
41466
41524
41738
42200
42342
42537
42612
43344
43765
43921
43986
44215
44295
44573
44597
44617
45168
45283
45377
45671
45743
46023
46615
46647
46701
46740
46751
46967
46983
47130
47250
47446
48051
48072
48245
48247
48540
48729
48965
49118
49204
49242
49345
49516
49806
49841
49868
49876
50153
50988
51055
51817
51821
51854
51910
51913
52592
52635
52948
52966
53040
53402
53581
53827
53904
53910
54443
54476
54661
55073
55108
55398
55645
55899
55907
55975
55985
56087
56100
56259
56597
56776
56850
56892
56992
57110
57140
57189
57300
57305
57390
57599
57606
57684
58512
59035
59069
59679
59767
60179
60307
61008
61268
61285
61288
61310
61464
62506
62508
62514
63237
63300
63382
63587
63771
63801
63839
63880
64203
64267
64330
64340
64601
64835
64839
64841
64908
65413
65436
65514
65586
65695
66028
66124
66415
66446
66692
66697
66710
66714
66979
67104
67205
67212
67232
67365
67519
67543
67947
67997
68171
68227
68538
68806
69119
69365
69512
69975
70034
70594
70948
71180
71644
71792
71913
71995
72145
72807
73399
73406
73411
73806
73889
73901
74215
74251
74361
74718
74777
74822
74836
74877
74980
75199
75237
75336
75442
75575
75618
75838
76387
76604
76802
77010
77055
77085
77235
77382
77742
78037
78089
78385
78516
78944
79390
79469
79501
79566
79619
80108
80135
80335
80412
80571
80589
80802
81077
81605
81789
81937
82038
82533
83144
83190
83197
83217
83286
83340
83593
84093
84185
84512
84550
84945
85005
85153
85171
85527
85649
85789
86018
86186
86440
86459
86494
86552
86726
86764
86799
86849
86891
86919
87153
87204
87232
87262
88805
88866
89162
89292
90220
90240
90347
90353
90744
90889
90901
90932
91289
91511
91743
91978
92238
92608
92808
92833
93042
93167
93606
93846
94359
94803
95279
95783
95806
96207
96210
96244
96579
96913
97134
97403
97405
97476
97525
98172
98436
98442
98694
98902
99325
99525
99595
99793
100061
100428
100766
100777
100949
101317
101318
102675
102857
103239
103617
103656
104012
104116
104296
104809
105042
105200
105385
105464
105503
105812
105869
105969
105998
106145
106721
106763
107167
107184
107199
107420
107900
108472
108480
108489
108774
109332
109505
109598
109646
109799
109832
109898
110164
110296
110519
110845
110906
110979
111150
111798
111861
112086
112321
112400
112565
112725
112754
112900
112960
113135
113426
113755
114119
114149
114177
114229
114263
114385
114634
114688
114731
114922
114965
115243
115384
115385
115566
115705
115875
116055
116385
116778
116856
116954
117019
117191
117433
117473
117531
117657
118209
118271
118938
118943
119112
119200
119234
119377
119631
119750
119868
119902
120366
121489
121869
121951
122178
122434
122435
122516
122742
123140
123791
123820
124398
124659
124665
124859
124906
125059
125277
125805
125941
126042
126140
126270
126298
126952
126956
127284
127321
127484
127685
128259
129048
129165
129185
129343
129534
129767
129839
130139
130695
131354
131436
131528
131607
131684
131801
132055
132104
132128
132176
132223
132282
132485
133052
133171
134111
134328
134593
134806
134809
135883
136226
136342
136747
136778
137082
137233
137407
138072
138543
139076
139201
139280
139298
139301
139443
139469
139577
140206
140298
140379
140787
140873
140984
141141
141554
141624
141746
141914
141933
142449
142789
142980
143062
143828
143913
143952
144176
144571
144602
144943
145105
145846
146130
146218
146249
146366
146396
146807
147149
147329
147622
147722
148199
148241
148383
148435
148547
148611
148902
148911
149281
149528
149868
150140
150317
150429
151637
151699
151968
152426
152737
152941
153615
153677
153700
153703
153888
153979
154523
155102
155374
155466
155580
155656
155677
155879
155882
155995
156102
156884
157072
157096
157680
157751
158124
158266
158973
158992
159293
159642
159718
160078
160548
160608
160784
160792
160949
161106
161503
161607
161828
161832
161999
162082
162209
162302
162477
162590
162633
162702
162847
162852
163696
164073
164110
164111
164214
164702
164907
165034
165377
165600
165780
165799
165899
166019
166253
166851
167248
167798
167889
168326
168623
168709
168855
169023
169575
169704
169751
170050
170109
170119
170537
170786
170802
170881
171021
171038
171162
171252
171338
171632
171754
172186
172362
172752
173169
173229
173644
173689
174115
174236
174506
174551
174564
174613
174709
174765
174932
175030
175140
175368
175455
175488
175751
175882
175922
176113
176731
176825
176927
177451
177543
177656
177685
177789
177837
178078
178163
178258
178263
178330
178464
178775
178847
178891
179147
179196
179490
179543
179904
179969
179990
180093
180257
180344
180548
180946
181115
181469
181765
182046
182159
182276
182342
182389
182657
182697
182713
183291
183543
183555
183905
184357
184514
184817
184839
184854
185105
185156
185179
185204
185722
185732
186031
186220
186398
186460
187044
187199
187224
187406
187677
187747
188187
188192
188238
188652
188709
188739
188787
189155
189242
189387
189489
189919
189945
190023
190404
190479
191011
191318
191336
191482
191605
191621
192171
192514
192686
192972
192997
193326
193721
194017
194042
194081
194166
194263
194566
194589
195143
195266
195423
195607
195652
196205
196221
196412
196513
196588
196687
196695
197117
197281
197406
197527
197947
198071
198498
198807
198951
199054
199087
199170
199361
199571
200147
200154
200203
200224
200240
200279
200376
200629
200963
201262
201578
201737
201830
202177
202294
202299
202859
203713
204911
205163
205183
205324
205717
205754
206005
206214
206668
206952
207057
207172
207216
207377
207636
207689
207722
208240
208293
208320
208413
208739
209107
209402
209613
209659
209783
209814
210277
210490
210497
210773
211282
211440
211517
211996
212084
212086
212355
212580
213058
213085
214313
214519
214722
214838
214900
214940
214953
215485
215533
216456
216927
217207
217806
217823
218015
218149
218391
218443
218815
218857
218895
218969
219179
219495
219590
220201
220347
220916
221000
221020
221269
221421
221861
221896
221968
222067
222130
222404
222909
223016
223148
223242
223561
223894
224103
224207
224347
224599
224732
224757
225046
225265
225854
226017
226263
226363
226508
226569
226955
227022
227603
227613
227685
227782
227798
228025
228226
228673
229174
229294
229294
229406
229479
230453
231109
231135
231263
231304
231400
231435
231596
232032
232330
232385
232407
232435
232888
233105
233571
234023
234205
234478
234527
234752
234830
234993
235211
235413
235437
235505
235876
235937
236184
236263
236268
236429
236555
236640
236861
236892
237235
237392
237531
237748
237760
237772
237824
237919
238267
238281
238515
239299
239329
239570
239722
239839
239943
239978
240030
240165
240639
240640
241481
241735
241790
242031
242048
242132
242356
242519
242965
243000
243037
243622
243631
243659
243849
243920
244430
244632
244928
244949
244992
245180
245711
245714
246108
246341
246468
246522
246768
247056
247167
247303
247359
247456
247506
247910
247993
248031
248071
248845
249056
249132
249479
249733
250076
250571
250627
250955
251030
251044
251515
251524
251836
251910
251932
252284
253368
253400
253820
254054
254083
254170
254366
254539
254664
254963
255156
255491
255682
256495
256536
256579
256631
257146
257163
257477
257567
257599
257665
257833
257864
258010
258117
258591
258711
258723
258759
258767
258855
258885
259032
259197
259761
260178
260382
260503
260669
260909
261015
261169
261193
261493
261559
261649
261674
261843
262163
262280
262462
262648
262900
263606
263673
263791
263978
263978
264068
264157
264182
264431
264619
264789
264912
265099
265144
265547
265588
265685
265992
266169
266182
266227
266274
266464
266846
267148
267177
267201
267868
268289
269062
269186
269223
269255
269528
269914
269944
270265
270292
270788
270866
270876
271255
271270
271540
271557
272425
272499
272553
272647
272767
272906
273040
273049
273780
273819
274379
274473
275374
275533
275608
275679
275904
276014
276220
276544
276584
277829
278299
278687
278952
279008
279126
279200
279276
279521
279568
279748
279749
280125
280335
280383
280500
280769
281192
281608
281689
281858
281878
281986
282146
282154
282578
283551
283716
283725
283728
283873
283911
284908
284995
285395
286059
286123
286356
286600
286649
286820
286911
287142
287289
287320
287344
288104
288277
288421
288554
289025
289041
289135
289248
289257
289433
289719
289849
289869
290084
290214
290341
290642
290684
290716
291160
291403
291421
292149
292274
292401
292484
292737
292826
293076
293122
293300
293877
294067
294097
294229
294260
294453
294529
294980
295943
295986
296241
296422
296501
296580
296669
296685
296727
296882
296944
297403
297565
297577
298009
298855
298937
299207
299750
299868
299969
300015
300248
300294
300703
300715
300741
300804
300814
300948
301079
301279
301534
301620
302095
302155
302289
302696
303057
303084
303239
303333
303346
303404
303486
303575
303668
303710
304284
304867
304867
304942
305052
305585
305660
305734
305762
306519
306598
306611
306997
307011
307305
307354
307959
308361
308478
308706
309173
309230
309293
309423
309566
309567
309698
309791
309796
309814
309844
309865
310389
310835
310846
311208
311338
311359
311607
311651
311876
311969
312488
312509
312619
312740
312827
313348
313503
313742
313756
313756
314073
314209
314339
314382
315491
315509
315527
315733
316060
316329
316338
316383
316458
316489
316539
316540
316674
316771
316914
317036
317273
317275
317342
317514
317541
317643
317653
317776
317776
317911
318513
318565
318689
318716
319118
319357
319535
319893
319945
320048
320118
320501
320533
320806
320881
320883
320974
321219
321442
321588
321644
321664
321772
322032
322142
322258
322485
322501
322837
322889
322891
322999
323063
323470
323621
323627
324023
324588
324749
324932
325259
325527
325540
325722
325773
326086
326280
326439
326471
326604
326703
326768
326770
326901
326993
327124
327134
327183
327385
327618
327762
327891
327954
328061
328065
328142
328232
328502
328529
328683
328955
329102
329237
329512
329711
330254
330426
330639
330707
331099
331300
331487
331930
332219
332771
332923
333408
333446
333488
334085
334132
334287
334347
334522
334556
334640
334884
334932
335418
335737
335772
335843
336228
336248
336257
336415
336909
337517
337621
337703
338005
338210
338448
338701
339275
339440
339444
339523
339559
339790
340050
340234
340627
340986
341275
341601
341906
342052
342336
342423
342446
343133
343142
343229
343612
343734
343864
344168
344223
344572
345320
345370
345539
345792
345935
346219
346299
346330
346398
346706
347164
347202
347286
347351
347364
347368
348355
348439
348447
348457
348472
348545
349231
349331
349332
349390
349647
349844
350183
350327
350891
350968
351359
351634
351777
352014
352182
352253
352295
352690
353416
353455
353544
353862
353942
354185
354474
354565
354614
354689
354874
355051
355224
355229
355691
356157
356295
356451
356601
357029
357047
357291
357359
358219
358244
358507
358531
358602
358776
358942
359532
359598
359905
360408
360410
360671
360810
360849
360895
360916
361041
361087
361358
361584
361814
362006
362153
362880
363431
363469
363472
363735
363807
364096
364330
364342
364348
364366
364478
364569
364661
364670
364776
365051
365420
365462
365497
365746
365833
366110
366126
366463
366583
366708
367800
367866
367883
368074
368159
368242
368653
368726
368754
368755
368825
368861
368948
368969
369012
369320
369376
369474
369566
370251
370265
370655
370916
371207
371327
371348
371514
371699
371819
371844
372255
372265
372441
373137
373506
373531
373619
373645
373729
375246
375272
375294
375441
375695
375792
375796
375865
376270
376437
376678
376692
376852
376883
376960
377676
377727
377990
378413
378440
378758
378778
379355
379368
379732
380408
380682
380938
381148
381164
381357
381427
381432
381560
381590
381665
382037
382064
382096
382142
382888
383278
383664
384101
384284
384358
384501
384542
384799
385339
386141
386634
387294
387529
387661
387732
388013
388070
388097
388131
388296
388464
388717
388946
389089
389223
389736
389767
389899
390015
390036
390340
390393
390436
390477
390873
391146
391367
392199
392263
392432
392848
393167
393312
393574
393780
394126
394356
394545
395115
395136
395359
395649
395892
396131
396521
396560
396730
397384
397418
397654
397799
397868
398090
398103
398117
398125
398130
398648
398838
398849
398907
399011
399036
399162
399228
400077
400332
400429
400622
400831
400954
400974
401164
401374
401540
401597
401826
402401
402603
402793
402816
402820
403220
403297
403339
403427
404055
404063
404298
404453
404476
404633
404808
404834
404857
404893
404904
405094
405122
405178
405415
405530
405695
405769
405823
405958
406112
406162
406441
406611
406666
406812
407134
407365
407852
408104
408497
408950
409034
409281
409380
409814
409942
410128
410197
410394
411845
411891
411947
411948
412137
412444
412996
413254
413328
413388
414170
414205
414241
414267
414281
414404
414407
414424
415020
415138
415585
415926
416386
416714
417059
417149
417699
417833
417863
418268
418389
418555
418649
418839
419017
419247
419984
420249
420335
420353
420737
420813
421082
421550
421567
422000
422115
422372
422446
422646
423040
423171
423838
423888
424332
424818
425223
425328
425522
425724
426026
426222
426430
426461
426968
427249
427834
427899
427931
428320
428676
428772
428774
428899
428940
429065
429097
429207
429646
429882
430033
430404
430538
430884
430956
431004
431310
431318
431372
431635
431744
431964
432169
432293
432412
432497
432934
433597
433603
433768
433824
434021
434062
434091
434154
434395
434442
434491
434526
434581
434599
434696
434739
434746
434800
435029
435525
435764
436844
437042
437350
437362
437490
437538
437690
437729
438043
438100
438395
438420
438542
438665
438710
439112
439145
439294
439348
439491
439553
439554
439580
439676
439898
439918
440043
440946
441148
441236
441343
441431
441468
441844
441889
442005
442029
442214
442258
442566
442593
442608
443000
443067
443074
443252
443417
443875
443993
444004
444174
444189
444260
444523
444560
444637
444850
445073
445384
445583
445601
445758
445977
446168
446489
446787
446925
447134
447550
447687
448178
448207
448376
448385
448504
448561
448760
448938
449077
449312
449382
449446
449822
450294
450328
450353
450505
450680
450735
450826
450929
451172
451326
451651
451764
452436
452726
453052
453204
453565
453582
453603
453747
454288
454688
454699
454728
454979
455030
455287
455318
455441
455551
455574
455694
455721
456427
456530
456735
457060
457084
457306
457321
457424
457515
457871
458074
458253
458461
458836
458839
458961
459021
459071
459227
459281
459351
459697
459736
459838
460240
460455
460629
460632
460694
460734
461378
461737
461925
461932
462260
463211
463418
463451
463909
464210
464466
464520
464775
465125
465293
465382
465389
465390
465609
465663
465786
466360
466432
466453
466496
466539
466937
467106
467325
467587
467594
467606
467874
468092
468445
468497
468636
468648
468651
468783
468788
468899
469147
469261
469685
469995
470369
470442
470639
470672
471025
471105
471258
471338
471487
471813
472060
472350
472460
473191
473317
473344
473795
474262
474286
474481
474540
474889
474988
475692
475869
476328
476451
476513
476966
477254
477930
477999
478128
478155
479261
479635
479875
480175
480220
480407
480454
480533
480715
480947
481146
481159
481161
481309
481631
481832
481968
482006
482235
482239
482327
482518
482751
482771
482824
482951
483279
483320
483373
483403
483432
483510
483513
483829
483906
484045
484103
484369
484748
484969
485386
485990
486201
486211
486543
486549
486722
486752
486894
487107
487212
487379
487492
487563
488188
488194
488223
488363
488418
488595
488926
489079
489706
489846
489909
490197
490439
490486
490674
490699
490704
491294
491488
491815
491850
492507
492739
492864
493222
493239
493586
493604
494267
494272
494454
494505
494586
494635
495002
495167
495282
495511
496002
496008
496272
496336
496453
496513
496625
496819
496889
496979
497185
497191
497313
497675
497725
497834
498020
498136
498335
498371
498478
498636
498664
498951
499465
499880
500319
500402
500574
500664
500690
500706
500810
500816
501376
501385
501441
501536
501792
501876
502117
502400
502536
503205
503392
503461
503661
503920
504632
504673
504943
505026
505049
505197
505308
505478
505595
505612
505806
506389
506390
506641
506979
507208
507256
507401
507649
508102
508119
508606
508703
508924
508997
509052
509390
509505
509943
509986
510578
510687
510871
510896
511020
511636
512460
512506
512511
512514
512628
512738
512865
512870
513098
513140
513150
513563
513757
513847
513939
514104
514407
514935
515119
515143
515183
515399
515409
515602
515655
515729
515961
516173
516383
516585
516881
517019
517660
517807
517849
518152
518441
518875
519998
520122
520138
520501
520591
521002
521048
521126
521164
521289
521352
521734
521755
521969
522411
522504
522947
523011
523278
523442
523666
523699
523935
523968
524064
524235
524611
524628
524954
525043
525216
525637
525658
525659
525857
525968
526044
526110
526214
526356
526458
526533
526667
526875
527040
527535
527680
527825
527949
528205
528701
528793
529039
529872
529927
529960
529976
530082
530372
530642
530658
530890
531545
531857
531877
532154
532223
532530
532822
533014
533172
533175
533531
533574
533890
533932
534013
534052
534219
534303
534377
534694
534971
535189
535344
535355
535516
535517
535528
535707
535768
535831
535902
536487
536498
536538
536594
536672
536816
537138
537154
537171
537191
537439
537895
537906
537996
538159
538264
538481
539578
540176
540230
540240
540281
540575
541266
541287
541556
542000
542106
542121
542259
543157
544396
544479
544749
544998
545174
545184
545229
545485
545655
545845
546020
546450
546460
546834
546882
547105
547274
547312
547680
547876
547905
547915
547997
548103
548472
548524
548604
548794
548825
548969
549021
549066
549128
549215
549363
549829
549867
550327
550347
550382
550405
550690
550856
550941
551036
551226
551242
551508
552087
552097
552158
552810
553074
553532
553797
553800
554249
554361
554365
554374
554378
554443
554857
555009
555249
555307
556260
556322
556356
556384
556627
556717
556840
556964
557373
557379
557445
557468
557595
557744
557846
557926
558077
558272
558418
558600
559700
559717
559860
559981
560328
560469
560594
560711
560745
560859
560965
561006
561164
561190
561284
561598
561684
561821
561930
561991
562362
562942
562994
563140
563573
563664
563698
564455
564720
564987
565348
565564
565838
566130
566234
566289
566297
566565
566567
566572
566575
566610
566801
566941
566975
566986
567299
567453
567594
567831
568027
569047
569154
569172
569395
569638
569713
569778
569842
569858
569907
570026
570063
570077
570100
570106
570362
570469
570535
570690
570874
571033
571110
571479
571965
572489
572568
572799
572865
573194
573351
573363
573443
573466
573518
573997
574165
574296
574634
575077
575261
575415
575462
575530
575632
575732
576200
576221
576532
577197
577256
577443
577569
577876
578310
578808
578995
579113
579226
579620
579668
579881
580015
580647
581229
581243
581337
581392
581547
581837
582225
582337
582345
582708
582809
582957
583522
583575
584407
584564
585369
585507
585527
585542
585920
586260
586312
586903
587364
587511
587632
587676
587949
588122
588503
588610
589543
589588
589924
590018
590431
590579
590725
590917
591084
591961
592228
592233
592321
592411
592433
592466
592530
592906
592994
593131
593140
593736
593878
593919
594504
594540
594644
594673
595150
596018
596254
596814
596895
597064
597155
597314
597350
597463
597481
597620
597651
597770
597875
598474
598490
598760
598967
599026
599230
599333
599715
600004
600007
600278
600495
600619
600674
600823
600858
601094
601362
601439
601562
601897
601977
602198
602534
602983
603081
603452
603709
603880
604176
604299
604427
604504
604506
604759
604839
605016
605017
605484
605549
605575
605670
605746
605747
605769
605975
606165
606691
606705
606976
607433
607602
607809
608614
608770
608876
609212
609664
609670
609928
610248
610722
610937
610938
611486
611614
611656
611834
612291
612561
612825
612926
612938
612963
613056
613067
613115
613447
613486
613558
613828
613857
613913
614724
614752
615036
615131
615317
615406
615439
615439
615499
615519
615563
615706
615866
616136
616151
616416
616467
616513
616838
616886
616981
617838
618265
618276
618799
618901
618940
619176
619291
619444
619453
619726
619835
620022
620450
620476
620958
620984
621253
621389
621401
621431
621663
621671
621899
622093
622774
623061
623133
623336
623515
623644
623703
623794
623981
624155
624217
624374
625042
625781
625798
626004
626171
626178
626269
626598
626622
626757
627003
627123
627181
627314
627342
627791
628171
628364
628461
628534
628548
628585
628816
629077
629097
629480
629971
630056
630100
630900
630920
631043
631045
631363
631637
631913
632078
632099
632359
632415
632805
632924
633099
633140
633690
633735
633853
633929
633953
634236
634275
634473
634633
634811
634919
635138
635493
635529
635583
636122
636129
636201
636279
636410
636421
636639
636652
636762
637169
637218
637840
638350
638451
638451
638853
638855
638903
639149
639196
639249
639412
639615
639696
639879
639895
640035
640125
640548
640561
640800
640836
642031
642549
642648
642760
642852
642959
643051
643364
643537
643775
643895
643970
644215
644404
644577
644806
644850
644867
644970
645026
645086
645116
645150
645193
645255
645341
645430
645449
645753
645970
646019
646037
646192
646746
646839
646967
647007
648096
648200
648307
648396
648589
648693
648716
649158
649747
649885
650100
650304
650507
650525
650762
650846
650893
651066
651068
651129
651231
651432
651666
651668
651758
651882
651893
652214
652505
652579
652614
653266
653296
653388
653656
653777
654281
654459
654795
654843
655027
655525
655911
656255
656422
656622
656739
656942
656954
657062
657977
658017
658489
658537
658643
658945
658976
659241
659259
659775
660352
660537
660802
661241
661297
661456
661616
661650
661853
662193
662252
662502
663161
663221
663268
663871
664188
664485
664656
664760
665190
665628
665947
665988
665989
666117
666394
666599
666675
666831
666837
666868
667018
667034
667216
668563
668726
668948
668979
669081
669169
669264
669309
669495
669553
669826
670555
670692
670924
671101
671587
671724
671910
672017
672095
672493
672662
672717
672848
672858
672875
673270
673446
673697
673799
674105
674505
674718
675052
675380
675801
675983
675997
676748
676857
676955
677047
677328
677401
677431
677501
677574
677933
678418
678718
678900
679007
679057
679088
679557
679698
679734
679873
679983
681106
681129
681454
681457
681470
681509
681516
681793
682582
682657
682787
682922
683405
683459
684317
684491
684905
685254
685596
685885
686063
686221
686478
686630
686642
686847
687177
687243
687629
688065
688861
689260
689331
689413
689441
689771
689935
690022
690210
690954
691002
691331
691937
692009
692448
692514
693348
693598
693912
693936
694017
694339
694729
694853
695116
695895
695924
695975
696474
696607
696632
697026
697138
697521
697530
697569
698187
698504
698519
698556
698670
699406
699441
699550
699612
699769
699848
700028
700276
700608
700761
701335
701409
701548
701590
701992
702134
702255
702577
702695
702912
702946
703009
703027
703207
703301
703341
703516
703774
703996
704088
704178
704325
704433
704565
705228
705574
705800
705801
705999
706131
706446
706455
706512
706825
706831
706896
706914
706953
706978
707013
707180
707240
707441
707613
707874
708809
708905
709231
709328
709398
709418
709534
709688
710153
710355
710393
710847
711129
711394
711666
711751
711952
712326
712385
712544
712566
712928
713341
713364
713414
714039
714201
714254
714266
714533
714723
714823
715000
715065
715226
715418
715618
715665
715677
715956
715960
715976
716483
716643
716879
717013
717099
717181
717194
717349
717650
717740
717946
718051
718131
718300
718403
718878
719086
719134
719356
719433
719570
719651
720010
720075
720109
720148
720395
720484
720600
720640
720788
721033
721217
721416
721533
721586
721824
721826
721959
722029
722163
722362
722505
722537
722695
723140
723144
723273
723673
723685
723708
724080
724139
724217
724240
724267
724307
724455
725014
725061
725088
725178
725302
725351
725371
725703
725817
725907
726032
726246
726283
726325
727069
727277
727288
727291
727608
727765
728147
728272
728300
728714
728963
729222
729412
729484
729548
729866
729989
730501
730581
730759
731181
731671
732320
732445
732478
732618
732688
732732
732800
732911
732933
733475
733833
734381
734426
734581
734723
734723
734831
734923
734957
735035
735082
735343
735723
735727
735798
735876
736241
736271
736443
736543
736597
736707
736770
737179
737231
737311
737325
737336
737715
738195
738253
738389
738505
738723
738895
739067
739811
739946
740573
740981
741055
741247
741427
741444
741676
741697
741980
742068
742832
743031
743062
743285
743589
743627
743635
743821
743944
744553
745028
745333
745455
745494
746299
746402
746509
746562
746755
746763
747095
747294
747863
748079
748238
748248
748417
748456
748618
749103
749270
749539
749955
750074
750391
750507
750740
750816
751218
751332
751525
751637
751641
751781
751836
752070
752093
752180
752199
752443
752558
753054
753121
753463
753465
753589
753711
753818
753875
754011
754025
754202
754588
754657
754692
754873
754902
754990
755148
755229
755545
755725
755868
755875
756070
756128
756238
756271
756451
756486
756496
756763
756816
756843
756997
757323
757476
758077
758085
758589
758692
759365
759861
759939
760021
760027
760097
760109
760160
760191
760279
760441
760444
760536
760545
760620
761506
761796
761862
761973
762016
762101
762183
762431
762719
762895
763211
763481
763533
763554
763720
763749
763844
764090
764439
764689
764931
765242
765356
765358
765437
765668
765682
766228
766343
766602
766811
766816
766820
766895
766934
767158
767265
768345
768665
768779
768952
769036
769755
769978
770003
770281
770361
770474
770626
770644
770663
770997
771113
771382
771529
771734
771916
772002
772108
772469
772604
772704
772818
772894
773162
773550
773808
773907
773948
774125
774160
774251
774568
774784
774881
774987
775001
775100
775192
775275
775458
775821
775834
775870
775887
775937
776225
776497
776570
776878
776973
777004
777020
777240
777931
778043
778273
778467
778843
779094
779576
779805
779866
780547
780621
780838
780873
781053
781376
781530
781644
781751
781801
781841
783144
783341
783774
783791
783860
783940
784156
784203
784373
784624
784698
785049
785062
785159
785261
785707
786360
786451
786917
786987
787183
787187
787205
787371
787383
787515
787781
787821
787867
787884
787975
788093
788123
788229
788557
788763
788859
788925
788956
789151
789229
789828
789891
789903
790120
790429
790430
790713
790924
791270
791390
791600
791943
791994
792018
792327
792635
792682
792847
793697
793868
793926
793955
794056
794169
794200
794220
794292
794317
795053
795358
795568
795570
795622
795650
795905
795916
796082
796463
796930
797014
797188
797226
797303
797325
797941
797983
798020
798491
799091
799454
799520
799606
799725
800047
800395
800407
800596
800792
800826
801167
801239
801266
801282
801693
801706
802199
802373
802402
802445
802661
802823
803560
803603
804207
804231
804449
805236
805316
805516
805612
805642
805652
805668
805790
806004
806211
806384
806631
806936
807131
807213
807225
807295
807439
807563
807761
807998
808194
808229
809586
809699
809951
810282
810480
810549
810959
811091
811288
811400
811444
811620
811656
811695
811968
812114
812134
812326
813234
813365
813444
813587
813644
814147
814504
814632
814766
814950
814960
815020
815080
815138
815302
815686
815753
816051
816105
816507
816857
816863
817379
817401
817673
817719
818438
818534
818758
818759
818831
818844
819234
819444
819991
819995
819999
820047
820250
820578
820791
821188
821435
821646
822340
822597
823449
823476
824011
824022
824367
824588
824879
824978
825056
825435
825472
825603
825798
825828
825942
826251
826361
826375
826534
826599
826748
826775
827029
827237
827520
827725
828104
828321
828601
828999
829076
829137
829164
829502
830042
830388
831301
831337
831710
831917
831963
832699
833003
833106
833350
833449
833524
833569
834743
834849
835072
835096
835139
835892
835919
836165
836450
836551
836646
836980
837003
837105
837648
837673
837941
837983
838364
838800
838840
838884
838905
838935
838958
838973
839410
839570
839709
840073
840094
840167
840198
840338
840494
840595
840738
840819
841330
841383
841536
841832
841841
842132
843053
843113
843557
843559
843572
843629
843788
844015
844118
844842
845115
845203
845297
845311
845647
845704
846238
846448
846469
846791
846830
847074
847328
847878
847992
848561
848612
848614
848754
848917
849005
849172
849306
849330
849455
849498
849550
849867
850025
850425
850956
851197
851309
851738
851760
851779
851826
851994
852104
852527
852731
852878
852926
852944
853027
853429
853471
853609
854189
854616
854854
854899
855431
855820
855833
855937
855971
855989
856024
856125
856176
856411
856476
856814
856820
857053
857124
857164
857536
858072
858176
858535
858651
858762
858795
859175
859253
859323
859578
859788
859807
860027
860888
861363
861449
861621
861762
861767
862022
862119
862312
862537
862646
862846
862907
862966
862985
863196
863266
863350
863705
863724
864082
864106
864381
865375
865423
865434
865653
866544
866548
866666
866926
867056
867165
867708
867740
867864
867914
867995
868216
868772
868802
868977
869172
869286
869316
869505
870811
871101
871149
871575
871656
871729
871951
872108
872147
873445
873504
873612
873784
873821
874225
874933
875621
875674
875682
875720
875882
876053
876085
876133
876494
876581
876934
877268
877282
877519
877642
877874
878288
878619
879114
879300
879845
879978
880171
881076
881468
882090
882680
882708
882938
883100
883622
883828
883852
883926
883955
884102
884358
884455
884856
884951
885228
885469
886106
886119
886391
886678
886704
886997
887125
887172
887629
887703
887731
888172
888196
888306
888664
888680
888859
888927
888937
889050
889604
889611
889764
890096
890517
890810
890893
890996
891058
891417
891557
891861
891953
892214
892588
892877
893348
893511
893694
893893
893933
894009
894020
894173
894177
894227
894318
894353
894378
894699
894768
894895
895252
896066
896191
896330
896881
897390
897558
897604
897680
898072
898243
898544
898800
898932
899057
899217
899244
899588
899617
900033
900137
900417
900575
900668
900961
901166
901193
901234
901437
901953
901992
902010
902424
902482
902621
902742
902778
902805
902871
903041
903812
905390
906032
906121
906123
906144
906228
906344
906346
906570
906767
907094
907457
907587
907628
907648
907721
908091
908166
908367
908412
908503
908994
909073
909261
909489
909659
909997
910072
910553
910999
911038
911206
911289
911398
911505
911528
911596
911681
911729
911731
911781
911881
912267
912557
912810
912856
913074
913427
913451
913699
913791
913847
914012
915467
915533
915950
916506
916764
916808
917190
917417
917743
917864
917877
917886
917925
918587
918590
918660
918925
919105
919162
919334
919457
919620
919832
920324
920487
920586
920689
921008
921097
921796
921796
921996
922091
922127
922144
922167
922201
922255
922429
922510
922525
922674
922738
922866
922871
923099
923119
923155
923231
923542
923923
923935
924467
924649
924808
925331
925796
926052
926059
926188
926406
926637
926839
927131
927305
927336
927536
927805
927845
927977
928287
928792
929225
929480
929773
929822
929873
929971
930221
930598
930719
931013
931058
931404
931435
931478
931789
932026
932465
932632
932771
932845
933140
933439
933484
933512
933533
933610
933641
933918
934316
934328
934577
934673
935674
936082
936418
936651
936693
937167
937208
937242
937321
937390
937532
937654
937888
937890
937927
938248
938305
938317
938462
938808
939071
939103
939164
939489
939600
939800
940210
940314
940373
940399
940722
940751
940860
940950
941466
941510
941690
942003
942172
942328
942556
942806
942807
942887
942944
942998
943422
943543
944187
944204
944386
944467
944528
944750
944842
945071
945198
945202
945542
945930
945973
946187
946240
946341
946420
946638
946965
947653
947729
947783
948108
948185
948244
948481
948607
948609
948744
948938
949244
949249
949319
949843
949939
950016
950709
950927
950973
951024
951345
951624
951713
952039
952231
952289
952428
952941
952950
953242
953302
953311
953426
953527
953884
954288
954330
954356
954642
954729
954918
955081
955248
955368
955484
955498
955668
955883
956008
956241
956345
956399
956420
956787
957242
957454
957493
958166
958419
958742
959032
959059
959412
959437
959455
959660
959786
959918
960666
960770
960831
961018
961028
961774
961775
962089
962702
962727
962893
963010
963056
963251
963541
963804
964101
964286
964317
964553
964644
964905
964958
965030
965136
965168
965474
965576
965577
966182
966427
966571
967275
967543
967677
967940
968185
968321
968444
968458
968534
968605
968608
968633
968837
969007
969124
969565
969655
969869
969912
969964
970376
970603
971097
971440
971748
971795
971797
971963
972020
972149
972287
972301
972314
972438
972461
972528
972703
973381
973399
973726
974340
974559
974670
974998
975144
975652
975717
975780
975802
976091
976438
976692
977299
977378
977435
977478
977674
977723
977741
978172
978222
978523
978788
979355
979552
980002
980020
980616
980896
980905
980944
981057
981497
981702
982070
982091
982399
982679
982694
983628
983755
984084
984128
984267
984726
984833
985689
985718
985737
985866
986196
986312
986360
986558
987010
987553
987723
987781
987931
988118
988276
988495
988653
988816
988946
989288
990590
990729
991731
993276
993461
993568
993882
994078
994342
994766
994804
994933
994989
995006
995431
995598
996028
996224
996455
996474
996538
996682
996859
996973
996978
997162
997642
997821
997943
997970
997976
998058
998138
998179
998245
998481
999594
999948
