10000
999993
999989
999873
999849
999789
999777
999587
999352
999243
999099
998956
998924
998834
998734
998491
998484
998203
998126
998104
998100
998057
997865
997849
997721
997701
997061
996881
996873
996822
996795
996766
996755
996745
996443
996029
995978
995912
995906
995687
995649
995525
995451
995413
995245
995182
995078
994994
994992
994732
994579
994247
994069
994027
994016
993983
993909
993839
993832
993757
993659
993614
993609
993578
993564
993563
993554
993506
993431
993410
993244
993150
993084
993055
993028
992938
992934
992615
992609
992577
992556
992518
992515
992428
992190
991876
991857
991830
991794
991672
991573
991557
991524
991386
991339
991297
991258
991153
990875
990858
990771
990709
990634
990564
990543
990429
990138
990097
990075
990019
990012
990006
989994
989953
989884
989403
989391
989149
988961
988892
988865
988774
988683
988506
988478
988353
988323
988309
988267
988264
988260
988179
987862
987842
987777
987756
987425
987385
987354
987030
987024
987008
986999
986947
986864
986799
986597
986509
986203
986191
986141
985957
985892
985872
985771
985725
985588
985543
985305
985239
985008
984976
984880
984625
984569
984413
984406
984404
984396
984321
984308
984132
984130
984000
983967
983938
983785
983757
983755
983686
983580
983564
983379
983308
983249
983246
983211
983068
982867
982828
982562
982493
982484
982420
982299
982177
982146
982080
982018
981952
981820
981817
981811
981806
981770
981426
981278
981269
981219
981213
981129
981021
980988
980934
980868
980567
980470
980458
980390
980196
980064
980034
980021
979915
979889
979814
979782
979493
979464
979411
979342
979287
979182
979148
979131
979105
978932
978808
978798
978795
978781
978750
978604
978251
977874
977859
977786
977647
977627
977533
977458
977371
977123
977087
977064
977045
976987
976979
976812
976723
976708
976646
976602
976445
976392
976307
976220
976033
975993
975984
975834
975744
975539
975512
975389
975252
974952
974878
974861
974854
974840
974737
974588
974493
974468
974414
974397
974258
974225
974149
974109
974097
974085
974011
973888
973766
973578
973394
973349
973328
973311
973196
973158
972982
972937
972908
972767
972763
972722
972599
972581
972463
972322
972238
972114
972077
972076
972066
972062
971361
971231
971229
971199
971134
971114
971106
970942
970822
970776
970636
970496
970376
970337
970162
970055
969991
969986
969954
969766
969628
969537
969435
969433
969377
969351
969281
969253
969145
969005
968942
968788
968582
968491
968463
968336
968278
968262
968193
968114
968092
968090
967753
967632
967500
967398
967311
967239
966347
966038
966007
965904
965813
965770
965746
965730
965729
965517
965448
965326
965265
965263
965224
965003
964814
964797
964773
964720
964340
964097
963938
963916
963884
963868
963787
963690
963666
963635
963392
963163
963034
962820
962720
962705
962684
962670
962301
962204
962168
962067
961943
961863
961803
961745
961638
961425
961373
961370
961303
961297
961085
960997
960888
960724
960560
960458
960211
960046
959952
959906
959847
959833
959804
959657
959541
959505
959455
959404
959221
958953
958936
958890
958829
958505
958461
958311
958261
957985
957781
957770
957761
957652
957594
957582
957473
957369
957341
957109
957101
956996
956956
956903
956875
956819
956488
956464
956314
956211
956203
956091
955996
955992
955795
955498
955246
955177
954919
954840
954815
954671
954598
954555
954214
954166
954072
954021
954007
953968
953871
953704
953685
953351
953004
952902
952810
952660
952621
952462
952378
952363
952302
952279
952050
951901
951877
951814
951397
951141
951124
951122
951053
951042
950707
950664
950509
950189
950163
950154
950137
950103
949915
949789
949613
949453
948943
948939
948935
948775
948732
948550
948417
948324
948312
948287
948265
948178
948159
948017
947975
947914
947876
947772
947761
947677
947495
947298
947226
947223
947211
947130
947126
947121
947110
947026
946948
946938
946919
946911
946812
946740
946694
946588
946516
946505
946424
946412
946178
946177
946094
946028
945685
945423
945275
945266
945148
945117
945092
945006
944981
944894
944787
944762
944699
944649
944542
944538
944502
944481
944341
944323
944306
944194
944183
944150
944100
944079
944041
943828
943812
943611
943501
943456
943345
943249
942782
942751
942706
942555
942513
942507
942448
942295
942256
942128
941964
941919
941678
941644
941490
941480
941378
941174
940875
940842
940745
940728
940707
940611
940581
940577
940516
940481
940440
940438
940425
940277
940149
940019
939974
939831
939760
939644
939611
939600
939490
939489
939444
939442
939289
939135
939115
939085
938826
938661
938558
938393
938338
938251
938216
938150
938145
938103
938092
938048
937887
937824
937625
937448
937339
937253
936932
936920
936845
936818
936590
936519
936410
936371
936276
936108
935654
935482
935330
935319
935219
935001
934907
934810
934691
934631
934605
934595
934566
934530
934530
934524
934507
934432
934334
934287
934073
934053
934030
934002
933929
933900
933861
933837
933815
933640
933623
933059
933014
932661
932626
932573
932227
932060
932002
931577
931504
931457
931422
931372
931177
931150
930971
930952
930941
930914
930720
930686
930590
930507
930343
930318
930293
930247
930078
929919
929844
929651
929603
929455
929436
929362
929331
929117
929059
929039
928960
928914
928906
928826
928777
928666
928662
928473
928472
928294
928251
928146
928052
928034
927985
927692
927655
927285
927025
926917
926825
926776
926721
926470
926391
926369
926276
926252
926168
926002
925883
925838
925672
925322
925287
925208
925090
924878
924867
924859
924742
924527
924430
924364
924364
924308
924272
924272
924124
924068
924047
923933
923606
923540
923494
923479
923306
923292
923086
923035
922747
922651
922619
922383
922364
922304
922119
922035
921993
921983
921868
921834
921781
921751
921733
921563
921526
921498
921480
921480
921383
921339
921313
921191
921078
920192
920183
920163
919789
919728
919700
919633
919614
919445
919353
919352
919025
919008
918656
918633
918594
918466
918441
918392
918283
918248
917960
917767
917714
917687
917120
917105
917060
917059
917015
916995
916786
916694
916681
916524
916469
916454
916214
916049
915700
915485
915415
915331
915235
915220
915212
915193
915069
915045
915015
914751
914618
914587
914583
914363
914250
914208
914052
913843
913646
913631
913624
913361
913255
913103
912879
912860
912753
912577
912444
911682
911348
911176
910463
910406
910383
910179
910175
910166
910086
910083
910033
910007
909985
909947
909811
909777
909765
909692
909663
909641
909599
909353
909179
909174
909047
908970
908716
908683
908542
908510
908484
908376
908367
908310
908284
908276
908122
907968
907815
907607
907509
907487
907369
907329
907265
907240
907182
906994
906913
906718
906680
906546
906469
906015
905985
905914
905584
905489
905401
905022
904899
904879
904495
904422
904315
904283
904086
903983
903981
903824
903809
903753
903510
903488
903376
902977
902942
902686
902568
902415
902374
902298
902286
902199
902019
901959
901882
901662
901376
901341
901239
901228
901209
901121
901044
900966
900939
900887
900785
900768
900695
900608
900168
900123
900057
899680
899442
899266
899189
899184
899014
898981
898960
898829
898756
898605
898588
898566
898528
898328
898041
898024
897935
897922
897843
897724
897703
897631
897597
897567
897549
897425
897023
896972
896882
896840
896349
896154
895834
895642
895628
895575
895559
895463
895458
895299
895094
894796
894755
894728
894668
894554
894476
894367
894247
894187
893851
893835
893704
893571
893475
893379
893226
893132
892841
892839
892776
892666
892612
892604
892501
892303
892129
891857
891687
891624
891538
891257
890996
890812
890716
890482
890478
890384
890339
890283
890248
890169
890077
890063
889905
889826
889742
889712
889710
889567
889356
889220
889207
889164
889115
888786
888689
888477
887863
887677
887458
887455
887387
887361
886973
886934
886921
886818
886773
886554
886439
886185
886147
886127
885934
885919
885873
885731
885670
885390
885291
885274
885094
885011
884876
884847
884790
884644
884596
884590
884493
884107
884084
884001
883942
883916
883801
883593
883592
883562
883444
883425
883367
883346
883323
883037
882910
882847
882812
882654
882449
882398
882307
882286
882150
882076
882040
881802
881716
881510
881436
881400
881393
881361
881279
881084
880936
880877
880793
880788
880684
880211
880186
880174
880146
880026
879911
879901
879719
879679
879534
879107
878890
878849
878773
878482
878373
878158
877890
877878
877809
877798
877774
877531
877474
877367
877352
877106
877069
876961
876927
876858
876798
876341
876281
876268
876208
876192
876187
876102
875784
875682
875583
875317
875194
875150
875110
874941
874892
874825
874808
874730
874604
874587
874533
874502
874340
874093
873707
873690
873582
873417
873388
873282
873282
873235
873090
873087
872749
872711
872601
872486
872391
872306
872015
872003
871871
871868
871745
871707
871651
871609
871601
871569
871433
871212
870866
870802
870762
870691
870622
870108
870074
869914
869839
869761
869729
869610
869596
869558
869500
869417
869385
869283
869160
869116
869095
869020
868943
868565
868373
868359
868228
868104
868042
868001
867997
867991
867927
867917
867877
867872
867730
867687
867616
867499
867480
867326
867291
867262
867224
867094
867087
867064
866841
866786
866776
866773
866670
866629
866499
866379
866287
866216
866116
866101
866049
865895
865852
865709
865642
865419
865353
865276
865261
865251
865231
865174
865079
864851
864757
864753
864690
864688
864668
864522
864377
864267
864244
864059
864029
863996
863680
863480
863370
863314
863239
863231
863160
863151
863087
863028
862965
862952
862942
862932
862898
862837
862764
862713
862586
862528
862307
862211
862081
862032
861884
861867
861832
861826
861472
861461
861348
861127
860988
860853
860684
860452
860444
860424
860325
860312
860305
860118
860050
860001
859975
859959
859940
859755
859742
859709
859655
859061
859014
858970
858910
858752
858510
858470
858329
858312
858233
858037
858031
857877
857862
857834
857815
857677
857533
857317
857158
857124
857058
857029
857027
856984
856951
856784
856663
856663
856582
856312
856267
856237
856203
856116
855988
855943
855760
855744
855518
855489
855313
855223
855023
854932
854704
854684
854666
854411
854353
854332
854289
854221
854203
854153
853925
853897
853807
853659
853617
853610
853412
853411
853164
853161
853123
853065
852929
852921
852807
852677
852622
852592
852563
852483
852419
852402
852353
852328
851997
851923
851860
851831
851722
851525
851438
851409
851332
851196
851054
850988
850959
850940
850931
850758
850720
850711
850577
850477
850388
850314
850253
850198
850148
849998
849827
849763
849691
849587
849355
849257
849168
849145
849048
849014
848984
848894
848873
848801
848772
848577
848421
848056
847838
847520
847497
847416
847385
847283
847086
846891
846671
846644
846643
846618
846439
846428
845979
845780
845664
845637
845456
845436
845426
845343
845174
845130
844938
844900
844883
844863
844759
844680
844497
844465
844229
844113
843924
843840
843822
843822
843797
843641
843632
843008
842886
842743
842644
842526
842339
842168
842142
842116
841839
841818
841484
841335
841307
841212
841190
841052
840900
840867
840862
840806
840712
840694
840375
840372
840204
840128
840127
840124
840038
839989
839975
839889
839848
839708
839012
838851
838749
838730
838729
838553
838325
838312
838216
838204
838173
838142
838122
838041
837635
837431
837337
837290
837258
837014
836889
836863
836768
836700
836571
836445
836442
836346
836146
835893
835855
835809
835768
835683
835499
835427
835350
835298
835208
835146
835138
835059
834985
834923
834865
834551
834251
834197
834196
834170
834143
834026
834000
833956
833691
833648
833410
833240
833134
832996
832933
832854
832648
832434
832360
832174
832173
832108
832067
831851
831773
831745
831738
831600
831573
831561
831242
831061
830979
830976
830902
830863
830852
830832
830813
830543
830538
830511
830402
830301
829947
829919
829885
829701
829498
829307
829235
829127
829100
829044
828998
828988
828793
828756
828547
828532
828496
828482
828412
828392
828285
828249
828244
828200
828178
827803
827711
827709
827701
827613
827376
827325
827280
827012
826848
826286
826091
826020
825847
825536
825505
825308
825230
825041
824916
824897
824789
824569
824544
824506
824499
824475
824409
824380
824354
824251
824128
824111
824033
824019
823918
823914
823384
823150
823051
822797
822718
822715
822687
822575
822526
822491
822486
822252
822233
822208
822030
821943
821868
821669
821566
821506
821350
821326
821100
821076
821063
820982
820804
820762
820758
820721
820596
820574
820520
820511
820431
820183
820001
819903
819700
819691
819556
819482
819341
819325
819137
819067
818986
818890
818857
818847
818837
818781
818741
818641
818507
818324
818260
818040
817826
817818
817783
817689
817597
817560
817540
817479
817413
817243
817067
816948
816628
816537
816521
816428
816322
816283
816250
816158
816034
815955
815919
815754
815680
815664
815642
815635
815632
815524
815515
815500
815433
815389
815283
815174
814917
814844
814842
814823
814581
814547
814489
814327
814216
814180
814175
813948
813887
813843
813832
813695
813645
813348
813274
813256
813111
813047
813029
813024
813007
812732
812693
812586
812457
812418
812056
811924
811860
811838
811786
811749
811619
811598
811591
811485
811462
811409
811295
811216
811032
810857
810815
810727
810726
810699
810519
810277
810240
810171
810162
809901
809868
809843
809697
809663
809484
809239
809197
809107
808966
808840
808684
807583
807567
807542
807506
807389
807316
807178
807146
806965
806798
806773
806551
806531
806489
806385
806279
806274
806199
806120
806012
806010
805932
805754
805671
805264
805253
805224
804987
804938
804760
804719
804658
804545
804504
804491
804287
804252
804121
803972
803739
803589
803477
803324
803291
803261
802995
802967
802885
802826
802761
802539
802449
802055
802048
801948
801938
801882
801767
801660
801657
801608
801452
801390
801349
801177
800936
800887
800868
800825
800637
800368
800344
800241
799915
799833
799817
799736
799669
799641
799306
799123
799057
799054
798994
798989
798948
798902
798750
798724
798412
798322
798146
797863
797846
797777
797733
797690
797667
797652
797198
796642
796345
796315
796249
796027
795968
795923
795840
795756
795579
795551
794911
794877
794659
794657
794521
794372
794358
794312
794167
794135
794119
794072
794041
793875
793865
793787
793680
793575
793442
793270
793209
793201
793158
793103
792953
792940
792708
792674
792591
792406
792223
791769
791297
791273
791131
791082
790993
790979
790921
790811
790720
790563
790487
790390
789937
789770
789762
789751
789500
789268
788952
788911
788902
788883
788649
788565
788262
788145
787959
787738
787719
787604
787581
787326
787217
787123
786954
786711
786581
786556
786498
786447
786202
786117
785943
785926
785913
785873
785684
785666
785659
785649
785510
785085
785062
785038
784986
784820
784786
784757
784664
784664
784661
784537
784154
784126
783986
783981
783952
783746
783336
783250
783163
783133
782885
782830
782752
782659
782649
782630
782575
782292
782162
782108
782092
782088
782020
781685
781620
781581
781546
781426
781421
781386
781218
781124
780949
780884
780784
780679
780666
780660
780573
780527
780490
780296
780268
779937
779906
779787
779638
779599
779524
779381
779272
779197
778832
778348
778330
778205
778191
778003
777910
777900
777788
777729
777714
777543
777508
777498
777399
777310
777212
777159
777101
776152
776108
776057
776042
775898
775787
775673
775643
775608
775335
775134
775121
774886
774861
774754
774705
774667
774240
774151
774066
773798
773751
773694
773654
773575
773537
773476
773464
773360
773273
773017
773007
772910
772894
772818
772806
772790
772682
772647
772618
772587
772575
772535
772524
772478
772133
772046
772013
771910
771836
771805
771751
771742
771707
771686
771638
771587
771566
771527
771477
771473
771461
771445
771400
771250
771149
771121
771103
770947
770833
770805
770696
770673
770438
770416
770414
770181
770041
769814
769647
769591
769576
769475
769459
769196
769180
769163
769022
768999
768958
768762
768627
768590
768459
768457
768389
768327
768288
768128
768079
768072
767934
767836
767797
767435
767433
767389
767119
767101
766964
766723
766575
766396
766371
766324
766301
766171
766001
765858
765750
765646
765578
765526
765513
765336
765290
765269
765235
765231
765180
765088
764999
764995
764967
764949
764934
764904
764822
764816
764795
764770
764756
764421
764297
764190
763995
763939
763895
763855
763552
763465
763448
763423
763136
763081
762974
762971
762944
762882
762801
762770
762609
762347
762303
762154
761988
761867
761838
761743
761729
761579
761551
761374
761158
761120
761119
761117
761085
761021
760968
760891
760851
760812
760618
760568
760555
760471
760428
760276
760239
760184
760174
759976
759899
759709
759673
759639
759327
759310
759272
759168
759152
759135
759061
759015
758817
758707
758541
758527
758398
758382
758258
758075
757933
757454
757412
757371
757267
757175
757015
756899
756733
756680
756566
756240
756193
756184
756183
756002
755934
755893
755892
755798
755787
755575
755483
755430
755398
755325
755324
755211
755064
754985
754979
754590
754472
754455
754413
754251
754219
754093
754031
754018
753833
753811
753734
753666
753653
753556
753532
753495
753488
753018
752983
752921
752629
752521
752488
752418
752263
752245
752217
752191
752138
752131
752129
752108
752085
751911
751881
751417
751292
751219
751200
751174
751001
750965
750954
750903
750874
750706
750511
750409
750124
749980
749906
749877
749839
749778
749726
749720
749579
749430
749391
749333
749241
749222
749214
749164
749089
749079
749016
749004
748994
748780
748750
748735
748720
748629
748618
748565
748547
748512
748461
748157
748024
747897
747865
747756
747633
747343
747170
747146
747134
747121
746998
746966
746805
746771
746707
746653
746623
746587
746533
746519
746467
746445
746322
745873
745662
745559
745399
745390
745220
745207
745024
744905
744715
744708
744660
744488
744452
744399
744155
744044
743994
743849
743822
743819
743546
743452
743405
743281
743195
742973
742952
742911
742570
742554
742475
742431
742361
742272
742173
742134
742042
741998
741974
741952
741836
741822
741739
741734
741725
741704
741584
741541
741487
741378
741368
741238
740958
740892
740876
740827
740740
740627
740589
740582
740358
740265
740090
739876
739806
739767
739674
739604
739574
739315
739307
739289
739171
739149
738978
738922
738921
738902
738891
738818
738567
738429
738412
738264
737855
737843
737737
737724
737614
737553
737483
737441
737424
737395
737283
737254
737174
737045
736997
736875
736747
736693
736569
736539
736499
736495
736425
736410
736241
736050
735975
735906
735781
735762
735665
735643
735079
734939
734779
734736
734717
734717
734550
734513
734406
734330
734242
734171
734026
733895
733881
733851
733827
733780
733769
733462
733459
733402
733396
733258
733244
733115
733065
733023
732979
732806
732627
732596
732585
732555
732474
732353
732214
732152
732128
731686
731512
731464
731373
731327
731243
731229
730944
730917
730878
730774
730731
730685
730648
730493
730413
730398
730367
730338
730323
730179
730016
729754
729751
729642
729423
729393
729293
729227
728900
728794
728530
728490
727859
727732
727658
727419
727306
727286
727149
726960
726842
726831
726797
726795
726556
726542
726328
726227
725878
725726
725688
725492
725400
725241
725200
724906
724855
724729
724664
724477
724434
724401
724371
724340
724188
723601
723462
723410
723069
723063
723015
722695
722640
722548
722506
722339
722327
722319
722308
722207
722184
722163
721947
721933
721846
721820
721772
721747
721692
721662
721659
721412
721378
721223
721168
721080
721017
720970
720100
720022
719756
719609
719265
719127
719093
718876
718836
718694
718556
718543
718482
718460
718404
718317
718221
718149
718033
718014
717886
717840
717585
717546
717513
717473
717241
717202
716908
716901
716864
716785
716691
716689
716593
716520
716463
716433
716412
716341
716262
716171
716102
715987
715973
715861
715743
715488
715344
715340
715292
715226
715025
714656
714524
714510
714352
714345
714126
714042
713728
713531
713507
713362
713305
713135
713122
713082
712960
712880
712859
712842
712782
712571
712518
712333
712318
712297
712249
712248
711863
711805
711705
711620
711577
711556
711401
711324
711265
711181
711115
711110
711096
711096
711001
710805
710779
710716
710558
710363
710330
710303
710098
710072
709925
709698
709698
709653
709619
709570
709455
709288
709255
709236
709147
709110
708936
708924
708775
708549
708546
708465
708430
708352
708296
708279
708223
708100
708100
707966
707819
707773
707650
707582
707546
707517
707470
707436
707433
707406
707352
707330
707078
706998
706993
706823
706792
706653
706645
706518
706311
706271
706181
705994
705962
705627
705538
705500
705306
705285
705249
704651
704536
703890
703723
703689
703664
703477
703460
703326
703304
703022
702995
702663
702578
702519
702492
702269
702157
702056
701892
701794
701785
701684
701648
701618
701517
701463
701451
701408
701326
701151
701090
701001
700998
700875
700823
700795
700784
700778
700777
700702
700639
700620
700569
700550
700296
700141
700107
700101
699983
699967
699849
699638
699499
699402
699338
699299
699232
699211
699183
699098
699094
699041
698911
698706
698650
698634
698482
698270
698267
698246
698152
697995
697993
697884
697879
697832
697798
697685
697544
697449
697186
697142
697133
697067
697053
697009
696959
696638
696525
696495
696475
696462
696417
696394
695913
695835
695791
695611
695572
695167
694827
694800
694712
694687
694536
694294
694059
693892
693773
693725
693452
693434
693164
693001
692878
692800
692768
692687
692685
692251
691984
691962
691931
691716
691645
691307
691147
690972
690851
690822
690712
690417
690311
690303
690077
689831
689821
689489
689251
689226
689161
689080
688598
688483
688317
688291
688253
688150
688074
688002
687734
687610
687494
687455
687407
687382
686958
686945
686859
686800
686794
686369
686291
686108
686094
685845
685779
685746
685623
685543
685063
685020
685000
684999
684923
684860
684829
684339
684222
684211
684199
684118
684034
683563
683501
683463
683380
683185
682828
682818
682784
682769
682737
682707
682163
682133
682013
682005
681995
681987
681967
681779
681729
681652
681622
681572
681507
681487
681444
681249
681088
680999
680713
680595
680582
680454
680103
680008
679997
679873
679709
679656
679399
679249
679246
679238
679182
679180
678946
678882
678789
678692
678646
678548
678512
678412
678399
678301
678225
678170
678129
678057
677977
677902
677767
677693
677667
677569
677395
677220
677190
676926
676865
676808
676661
676607
676277
676255
676225
676211
676207
676157
676140
676071
675928
675902
675869
675829
675697
675615
675538
675448
675414
675326
675321
675189
675085
675012
674943
674931
674916
674865
674803
674783
674781
674636
674627
674506
674465
674451
674343
674299
674111
673930
673880
673788
673641
673474
673395
673315
673301
673248
672948
672874
672871
672503
672453
672374
672328
671849
671826
671787
671422
671363
671317
671305
671303
671203
670995
670931
670868
670827
670704
670688
670651
670421
670343
670245
670185
670055
669987
669930
669886
669867
669852
669721
669507
669460
669414
669408
669391
669383
669258
669127
669058
669039
669023
668962
668437
668277
668228
668161
668059
667816
667574
667469
667453
667348
667146
667093
666943
666929
666925
666844
666718
666670
666660
666637
666525
666410
666370
666284
666264
666198
666160
665887
665797
665789
665765
665756
665714
665621
665608
665557
665365
665315
665175
665043
664979
664753
664689
664493
664483
664413
664400
664335
664295
664141
664137
663906
663845
663630
663496
663489
663408
663256
663120
662996
662964
662713
662696
662619
662465
662382
662260
662143
661594
661458
661415
661371
661365
661342
661300
661228
661209
661207
661080
661052
660562
660376
660239
660215
660119
659938
659767
659597
659504
659207
658858
658806
658738
658629
658556
658509
658387
658309
658267
658254
658060
657924
657885
657880
657825
657806
657650
657643
657578
657557
657455
657335
657277
657209
657116
657100
656989
656962
656809
656802
656752
656666
656645
656518
656472
656370
656256
656220
655966
655896
655881
655758
655684
655427
655281
655146
655094
654915
654829
654729
654724
654517
654460
654459
654288
654217
654117
654106
654018
653861
653849
653763
653721
653640
653576
653481
653240
653193
653048
653010
653008
653003
652993
652941
652898
652858
652836
652830
652818
652766
652750
652681
652464
652324
652193
652154
652130
652002
651941
651766
651534
651495
651327
651224
650991
650832
650803
650780
650608
650514
650209
650000
649999
649950
649937
649931
649915
649778
649770
649720
649619
649467
649425
649321
649260
649207
649068
649005
648957
648905
648287
648255
648183
648162
648045
647815
647732
647651
647638
647563
647540
647530
647331
647323
647162
647148
646641
646615
646604
646384
646366
646315
646292
646193
646171
646147
645854
645826
645738
645455
645349
645205
645111
645094
644979
644968
644876
644799
644752
644596
644517
644322
644189
644112
643899
643872
643728
643632
643589
643513
643445
643372
643187
643140
643050
642691
642564
642530
642465
642459
642359
642353
641921
641844
641670
641667
641637
641625
641556
641379
641314
641146
641081
641059
640992
640900
640837
640823
640753
640673
640487
640420
640401
640389
640364
640352
640334
640198
640019
639998
639921
639795
639707
639637
639632
639630
639597
639530
639473
639405
639338
639318
639110
639044
639008
638907
638496
638479
638367
638335
638328
638294
638155
638124
637914
637900
637892
637837
637790
637746
637442
637429
637376
637117
637044
636883
636768
636748
636719
636456
636421
636356
636103
636075
636020
635958
635881
635817
635503
635329
635312
635279
635207
635175
635107
635048
634989
634830
634727
634607
634562
634505
634485
634346
634302
634257
634206
634050
634012
633989
633946
633866
633777
633025
632981
632918
632902
632832
632760
632743
632725
632629
632534
632425
632402
632366
632197
632169
632018
631937
631915
631893
631660
631513
631450
631257
631163
631155
631154
631049
630775
630677
630549
630501
630376
630374
630286
630199
630182
630086
630075
629979
629958
629609
629526
629491
629459
629428
629372
629250
629237
629188
629115
629013
628980
628762
628732
628681
628662
628469
628469
628382
628372
628330
628278
628233
628177
628170
628153
628086
628078
628022
628003
627977
627838
627648
627643
627643
627529
627469
627282
627137
627123
627079
627064
627027
626983
626957
626894
626709
626386
626208
626196
626192
626170
626065
626062
626035
625813
625589
625571
625534
625402
625181
625003
624985
624978
624967
624943
624754
624598
624462
624246
624195
623557
623395
623340
623291
623120
622922
622614
622589
622415
622413
622274
622030
622020
621934
621821
621809
621727
621720
621685
621647
621618
621599
621576
621178
620567
620523
620514
620494
620347
620078
619714
619694
619676
619374
619205
619135
619067
619033
619002
618903
618854
618581
618571
618426
618323
618100
618067
617952
617904
617889
617883
617807
617766
617756
617735
617567
617514
617381
617308
617248
616965
616890
616795
616614
616601
616563
616334
616023
615720
615661
615581
615564
615532
615521
615422
615260
615045
614965
614648
614462
614439
614331
614145
614074
613986
613977
613950
613915
613566
613525
613463
613404
613280
613231
613151
613107
612969
612838
612717
612665
612647
612571
612388
612152
611918
611912
611907
611698
611638
611581
611419
611375
611323
611191
611172
611009
610632
610460
610360
610313
610229
610166
610163
610154
610132
610087
610021
610020
609901
609239
609120
609046
608946
608731
608718
608652
608548
608544
608544
608472
608393
608329
608306
608132
608129
607997
607839
607740
607667
607630
607462
607208
607098
607038
606982
606947
606890
606872
606815
606676
606581
606557
606467
606402
606310
606277
606246
606227
606049
605983
605973
605933
605876
605802
605791
605790
605754
605748
605698
605618
605598
605542
605481
605472
605432
605388
605296
605257
605111
604959
604916
604857
604852
604558
604454
604328
604124
603965
603814
603742
603667
603572
603380
603330
603307
603281
603218
603143
603137
602917
602855
602803
602504
602501
602473
602444
602414
602365
602315
602247
602234
602166
602103
601903
601758
601700
601444
601411
601394
601376
601344
601042
601026
600961
600884
600824
600789
600710
600606
600471
600466
600241
600080
600074
600070
599977
599948
599903
599794
599723
599716
599662
599632
599621
599588
599356
599306
599245
599212
599145
599138
598868
598654
598431
598399
598269
598142
598081
598063
598055
598034
598008
597832
597790
597788
597647
597322
597259
597235
597225
597133
597079
597037
596585
596475
596415
596244
596216
596181
596150
596085
596005
595937
595897
595892
595528
595331
595237
595017
594990
594958
594933
594765
594743
594731
594688
594619
594522
594510
594433
594248
594231
594215
594189
594031
593913
593776
593676
593675
593599
593444
593156
592964
592905
592863
592813
592333
592133
591772
591622
591483
591462
591433
591192
591156
591124
591112
590984
590968
590826
590802
590799
590557
590451
590372
590143
590032
589989
589935
589741
589628
589580
589549
589502
589502
589470
589464
589415
589366
588479
588394
588390
588314
588285
588239
588117
588025
588008
587989
587932
587923
587773
587723
587686
587508
587471
587468
587461
587090
587043
587039
586935
586820
586728
586690
586659
586651
586648
586635
586614
586592
586447
586289
586135
585984
585953
585797
585499
585287
585272
585256
584967
584869
584815
584717
584631
584596
584587
584555
584442
584024
583909
583848
583687
583640
583539
583508
583170
583160
583118
582834
582819
582798
582659
582547
582499
582386
582294
582256
581827
581822
581803
581800
581698
581660
581610
581487
581388
581387
581373
581298
581294
581234
581138
581082
581047
580838
580827
580804
580703
580693
580675
580656
580498
580308
580298
580097
580058
579877
579721
579507
579285
579272
579010
578963
578830
578811
578754
578713
578666
578441
578122
577991
577675
577658
577656
577621
577234
577208
577195
577159
577128
577118
576888
576708
576685
576340
576193
576099
575979
575910
575899
575710
575651
575381
575375
575351
575301
575053
575037
574826
574778
574532
574340
574281
574218
574104
573638
573535
573496
573337
573242
573028
573027
572989
572913
572879
572859
572820
572791
572774
572747
572610
572604
572595
572330
572270
572110
571946
571849
571846
571822
571777
571624
571453
571445
571435
571424
571394
571267
571214
571090
570966
570564
570425
570362
570332
570170
570121
570117
570082
569970
569968
569926
569892
569690
569577
569410
569259
569115
569092
568948
568889
568811
568507
568498
568454
568343
568252
568209
568201
568163
568147
568078
568051
568000
567947
567434
567283
567261
567221
567188
566672
566654
566596
566108
565972
565917
565822
565650
565625
565532
565510
565256
565073
564956
564884
564875
564822
564775
564763
564572
564555
564490
564175
564143
564098
564081
564030
563970
563964
563962
563836
563693
563598
563594
563497
563477
563412
563323
563315
563094
562948
562928
562786
562725
562723
562508
562488
562305
562293
562108
562058
561895
561893
561857
561725
561448
561349
561258
561215
561126
561115
561103
560984
560894
560829
560822
560812
560688
560657
560483
560380
560267
560264
560201
560187
560155
559683
559626
559617
559594
559575
559519
559277
559174
558930
558829
558770
558740
558718
558525
558360
558340
558337
558045
557992
557951
557818
557699
557524
557501
557368
557191
557150
557016
556975
556911
556733
556640
556521
556477
556245
556188
556118
555960
555826
555723
555613
555476
555406
555314
555218
555045
554971
554868
554839
554825
554737
554650
554385
554179
554018
554018
553964
553884
553856
553672
553665
553647
553489
553342
553335
553257
553241
553123
552982
552908
552858
552479
552431
552320
552204
552184
552155
551834
551749
551604
551442
551132
550929
550733
550680
550663
550627
550623
550501
550299
550177
550154
549764
549479
549164
549002
548972
548933
548817
548794
548665
548661
548632
548619
548569
548307
548286
548242
548175
548159
548144
548060
548043
548014
547832
547621
547603
547516
547409
547298
547146
547092
547017
546907
546887
546626
546561
546496
546292
546220
546109
546061
545898
545873
545746
545693
545436
545415
545307
544910
544711
544690
544590
544507
544461
544347
544338
544212
544106
544074
543969
543963
543872
543866
543834
543739
543672
543656
543393
543183
543048
542866
542856
542728
542673
542496
542267
542264
542251
542231
542135
542059
542009
541931
541887
541832
541802
541784
541731
541640
541370
541350
541179
541128
541048
540930
540892
540797
540776
540749
540589
540543
540525
540199
539934
539829
539770
539751
539700
539641
539618
539572
539553
539535
539451
539400
539322
539231
539104
538746
538669
538635
538557
538492
538403
538307
538122
537921
537835
537798
537650
537624
537610
537506
537488
537487
537414
537412
537373
537300
537166
536965
536938
536805
536743
536658
536627
536611
536440
536398
536330
536279
536170
535894
535875
535811
535640
535545
535370
535255
535186
534993
534860
534838
534771
534770
534720
534714
534640
534597
534156
534071
534066
533855
533837
533660
533569
533244
533221
533187
533115
532983
532961
532780
532705
532605
532603
532574
532502
532425
532155
532052
531958
531874
531834
531775
531756
531692
531590
531566
531398
531387
531378
531279
531238
531145
531145
531081
531004
530761
530598
530568
530509
530465
530366
530245
530139
530085
529907
529824
529738
529728
529516
529358
529348
529219
529198
529158
529134
529041
528800
528716
528575
528316
528242
528222
528219
527779
527753
527714
527526
527423
527406
527224
527206
527205
527055
527052
526862
526858
526716
526712
526534
526473
526460
526445
526238
525963
525960
525702
525629
525453
525401
525264
525209
525150
525087
524850
524650
524412
524349
524039
524003
523984
523904
523884
523868
523751
523378
523286
523179
523125
522932
522691
522573
522539
522408
522130
522079
522010
521988
521899
521730
521640
521547
521515
521412
521412
521406
521382
521159
521120
521093
521050
520753
520594
520554
520188
520113
519997
519943
519934
519927
519896
519720
519531
519508
519424
519366
519108
519087
519074
519068
518767
518760
518756
518694
518687
518528
518413
518349
518313
518241
518080
517704
517623
517512
517467
517030
516986
516910
516899
516518
516480
516219
516218
516203
516036
516035
516030
515985
515482
515454
515398
515324
515276
515057
514740
514630
514616
514584
514540
514463
514242
514046
514022
513875
513756
513627
513476
513319
513200
513119
513099
513052
513050
513047
512852
512847
512794
512787
512404
512040
512018
511965
511940
511809
511745
511731
511633
511540
511501
511434
511413
511362
511189
511108
510957
510905
510651
510572
510443
510400
510209
510092
509953
509883
509866
509839
509704
509673
509500
509361
509239
509047
509023
508848
508743
508486
508462
508394
508283
508124
508090
508065
508008
507948
507901
507707
507628
507532
507399
507332
506958
506929
506915
506875
506812
506684
506646
506605
506430
506267
506037
505928
505918
505906
505904
505903
505860
505794
505782
505766
505743
505709
505603
505514
505466
505444
505413
505134
505064
504858
504793
504596
504562
504342
504337
504271
504238
504220
504148
504108
504076
503958
503957
503897
503465
503362
503265
503224
502744
502486
502460
502404
502367
502325
502318
502210
502118
501912
501817
501781
501772
501766
501723
501703
501613
501588
501551
501549
501544
501524
501491
501403
501274
501191
501190
501065
501064
500982
500937
500894
500871
500828
500802
500721
500623
500517
500449
500259
500099
499969
499953
499926
499694
499680
499628
499520
499518
499401
499296
499251
499087
498978
498210
497922
497810
497804
497735
497661
497216
497213
497100
497024
496937
496886
496772
496626
496618
496601
496557
496352
496206
496186
496083
496055
496051
495989
495888
495862
495817
495784
495754
495642
495605
495533
495503
495410
495303
495291
495258
495148
495059
494970
494907
494824
494763
494666
494589
494554
494321
494254
494229
494175
494117
493992
493974
493964
493807
493747
493663
493651
493458
493451
493112
493076
493037
492997
492826
492822
492630
492608
492297
492291
492234
492189
492140
491992
491988
491982
491951
491922
491873
491754
491699
491616
491467
491427
491352
491331
491313
491227
491121
490748
490689
490511
490306
490289
490267
490177
489984
489983
489744
489721
489211
489201
489179
489121
488923
488705
488665
488559
488367
488324
488074
488044
487917
487799
487687
487411
487395
487268
487123
487079
486807
486799
486695
486623
486527
486269
486201
486182
486165
486127
485921
485851
485836
485781
485716
485707
485618
485542
485342
485288
485180
485076
485059
484915
484838
484825
484761
484741
484685
484519
484484
484391
484304
484177
483932
483904
483892
483854
483758
483699
483470
483445
483359
483204
483183
483012
482990
482778
482043
482021
482006
481897
481870
481849
481662
481629
481275
481011
480904
480572
480524
480218
480117
480005
479994
479923
479735
479681
479600
479582
479494
479295
479288
479279
479169
478812
478782
478664
478597
478497
478476
478410
478363
478332
478061
477885
477870
477687
477593
477570
477553
477442
477439
477362
477213
476917
476892
476869
476843
476769
476753
476698
476608
476596
476530
476437
476384
476308
476219
475999
475792
475629
475559
475361
475327
475229
475184
475019
474975
474930
474925
474910
474645
474487
474477
474370
474310
474191
474163
474149
474136
474025
473979
473937
473888
473871
473798
473792
473786
473767
473764
473652
473642
473517
473313
473270
473115
473065
473015
472954
472564
472400
472190
472144
472036
471856
471794
471694
471410
471282
471280
470990
470974
470931
470880
470732
470667
470632
470460
470359
470352
470341
470014
469952
469942
469934
469894
469852
469674
469646
469644
469620
469574
469535
469529
469470
469119
469080
469075
469062
468795
468558
468552
468485
468420
468264
468065
467880
467738
467626
467548
467530
467524
467460
467339
467104
466975
466886
466775
466764
466586
466509
466480
466352
466277
466142
466012
465984
465873
465617
465461
465278
465064
464913
464856
464732
464684
464556
464556
464265
464206
464199
464178
464088
463655
463610
463549
463514
463292
463256
463099
463098
463044
462999
462959
462922
462895
462864
462753
462664
462622
462571
462434
462334
462146
462143
462097
461980
461953
461909
461904
461868
461780
461741
461696
461626
461489
461342
461247
461015
460813
460695
460589
460573
460504
460436
460433
460411
460257
460158
460089
460087
459922
459840
459824
459800
459773
459695
459651
459575
459526
459476
459470
459424
459308
459166
458809
458803
458764
458682
458650
458583
458475
458363
458230
458206
458042
457988
457963
457931
457860
457664
457636
457506
457392
457261
457063
457055
456558
456447
456441
456435
456372
455871
455677
455557
455390
455276
455253
455065
454755
454526
454192
454103
454095
454010
453967
453965
453743
453620
453370
453033
452964
452864
452851
452808
452775
452655
452642
452312
452194
452032
451958
451741
451738
451558
451532
451398
451308
451228
451051
450953
450915
450757
450697
450572
450336
450239
450138
450067
450040
449773
449770
449556
449480
448831
448408
448048
447817
447705
447681
447565
447555
447493
447318
447171
447157
447056
447050
446971
446890
446703
446661
446614
446559
446490
446342
446285
446202
446030
446024
445871
445828
445758
445720
445668
445632
445472
445359
445331
445183
445001
444904
444879
444856
444820
444755
444751
444728
444677
444299
444289
444123
444026
443997
443919
443846
443594
443584
443515
443461
443435
443299
443268
443082
442927
442901
442862
442642
442641
442538
442416
442410
442367
442235
442164
442116
442044
442034
441721
441718
441553
441545
441466
441444
441146
440925
440718
440582
440427
440341
440121
440074
439965
439924
439838
439755
439497
439487
439487
439425
439395
439329
439243
438881
438850
438685
438684
438616
438395
438379
438273
438139
438109
437821
437813
437790
437696
437601
437343
437274
437201
437055
436726
436665
436643
436616
436587
436580
436514
436217
436077
436077
435708
435676
435524
435360
435352
435325
435293
434848
434819
434523
434471
434462
434455
434444
434338
434215
434115
433823
433578
433492
433473
433402
433358
433291
433284
433108
432966
432922
432759
432735
432603
432548
432531
432500
432434
432433
432237
432216
432057
432016
431892
431836
431820
431753
431751
431639
431559
431547
431282
431258
431158
431106
431024
430911
430877
430812
430690
430467
430416
430342
430160
430132
430037
429966
429878
429750
429671
429565
429542
429411
429392
429389
429298
429226
429133
429040
428990
428933
428864
428789
428778
428529
428522
428232
428230
427981
427881
427836
427816
427542
427123
427066
426992
426966
426948
426871
426795
426556
426462
426450
426357
426323
426303
426216
425799
425763
425537
425463
425450
424805
424756
424391
424286
424222
424069
423952
423876
423874
423874
423733
423558
423552
423511
423457
423068
423010
422497
422335
422330
422313
422251
422243
421782
421717
421703
421657
421648
421617
421360
421193
421166
420992
420929
420765
420648
420636
420603
420572
420350
420288
420201
420116
420098
420084
420067
420038
419798
419490
419369
418961
418814
418782
418681
418596
418206
418167
418094
418014
417877
417810
417794
417704
417647
417587
417511
417504
417444
417253
417205
416953
416935
416692
416682
416596
416358
416253
416173
416139
416079
416000
415882
415719
415633
415601
415599
415570
415533
415339
415333
415331
415109
415028
415006
414868
414836
414659
414600
414411
414348
414224
414219
414212
414207
414172
414152
413938
413873
413729
413655
413537
413462
413388
413129
413106
412976
412938
412815
412799
412555
411858
411727
411645
411571
411443
411438
411398
411319
411231
411166
411122
410922
410761
410633
410579
410522
410467
410440
410310
410147
410137
410114
409811
409593
409461
409433
409397
409286
409282
408831
408683
408683
408675
408668
408403
408329
408270
408248
408201
408178
407933
407925
407925
407811
407590
407514
407512
407355
407239
406995
406792
406589
406527
406514
406248
406181
406171
406010
405995
405956
405727
405583
405129
405105
404969
404948
404894
404880
404799
404701
404491
404452
404342
404260
404202
404184
403919
403870
403830
403769
403590
403521
403369
403323
403107
403104
403000
402799
402781
402750
402611
402540
402459
402246
402230
402147
402107
401868
401742
401597
401525
401444
401374
401359
401316
401266
401242
401166
401099
400761
400666
400601
400589
400563
400523
400305
400232
400080
399978
399957
399779
399673
399488
399278
399195
399179
398652
398613
398436
398422
398356
398352
398216
398212
398153
398076
398002
397719
397558
397246
397161
397159
397133
396957
396876
396872
396843
396785
396667
396645
396623
396551
396452
396412
396346
396191
396172
396050
395816
395791
395740
395431
395374
395306
395287
395191
395083
395004
394866
394848
394831
394800
394681
394669
394501
394478
394417
394302
394272
394083
394058
393860
393378
393352
393294
393280
393220
393198
393151
393018
392637
392535
392400
392387
392385
392337
392311
392266
392223
392194
392149
391924
391752
391720
391618
391361
391171
391146
390959
390943
390872
390720
390665
390510
390495
390260
390020
389966
389623
389539
389478
389326
389250
389244
389223
389076
389060
389014
388897
388857
388808
388744
388736
388640
388549
388417
388266
388104
388042
388030
387833
387646
387547
387470
387466
387447
387410
387307
387171
386729
386710
386640
386640
386530
386505
386388
386314
386246
386233
386096
386070
386067
385993
385992
385833
385782
385774
385708
385620
385553
385388
385356
385248
385206
385153
384913
384700
384560
384424
384347
384030
384023
383804
383654
383640
383625
383510
383448
383422
383258
383250
383229
383155
383106
383067
382816
382778
382685
382680
382575
382433
382176
382054
381768
381598
381486
381425
381365
381328
381279
381046
380916
380735
380570
380562
380508
380342
380266
380210
380193
380153
380133
380050
379953
379927
379906
379888
379723
379540
379433
379308
379265
379226
379161
379124
379089
379081
379040
378977
378928
378881
378781
378668
378650
378620
378546
378536
378504
378159
378064
377929
377882
377750
377730
377723
377579
377547
377268
377197
377161
376887
376779
376716
376630
376599
376464
376446
376377
376322
376315
376265
376206
376158
376155
376036
375874
375874
375865
375686
375624
375575
375549
375506
375347
375289
375180
375044
375014
374962
374954
374881
374284
374271
373696
373430
373399
373373
373286
373211
373198
373164
373043
372753
372738
372697
372627
372566
372492
372336
372203
371960
371935
371875
371840
371805
371778
371759
371099
371061
371061
370918
370815
370746
370706
370702
370532
370490
370456
370208
370125
370108
370083
370006
369887
369795
369790
369726
369699
369496
369486
369290
369251
369247
369238
369168
369038
369023
368991
368954
368784
368391
368323
368308
368292
368286
368210
368146
368062
367982
367974
367961
367956
367854
367774
367730
367726
367676
367583
367525
367462
367330
366908
366624
366620
366603
366461
366416
366029
365981
365924
365788
365744
365631
365171
365156
365080
365047
364892
364513
364479
364325
364322
364183
364080
364048
364036
363949
363935
363877
363739
363541
363472
363297
363283
363011
362870
362834
362797
362619
362393
362136
361927
361875
361806
361596
361549
361381
361319
360990
360942
360872
360806
360771
360419
360362
360303
360274
360191
360101
360027
359893
359815
359787
359594
359424
359363
359220
359213
359180
359119
359110
359012
358977
358936
358909
358737
358589
358470
358412
358394
358092
358079
357917
357844
357717
357692
357648
357350
356823
356816
356795
356752
356579
356445
356323
356282
356215
356134
356111
356007
355948
355782
355756
355706
355591
355528
355515
355270
355121
354967
354756
354687
354611
354569
354460
354148
354108
353998
353891
353866
353710
353629
353570
353077
352774
352702
352565
352277
352207
352181
352180
351961
351918
351820
351808
351312
351240
351097
350886
350631
350625
350562
350449
350410
350261
350238
350175
350146
349852
349815
349792
349791
349786
349683
349444
349437
349329
349261
349241
349234
349087
349085
348910
348812
348575
348548
348477
348067
348066
348058
347944
347875
347781
347635
347607
347563
347562
347230
347077
347013
346974
346960
346956
346864
346858
346649
346543
346466
346283
346223
345983
345889
345600
345542
345501
345338
345179
345070
345038
345032
344876
344655
344346
344332
344328
344324
344308
344278
344045
343961
343913
343905
343822
343684
343526
343438
343415
343400
343343
343236
343211
343152
343120
343113
342960
342546
342508
342362
342266
342262
342231
342191
342138
342095
341933
341925
341910
341782
341583
341515
341456
341381
341264
341201
341037
341010
340751
340723
340474
340302
340193
340113
339914
339807
339795
339629
339626
339508
339331
339311
339248
339188
338993
338954
338889
338556
337926
337925
337917
337891
337562
337547
337512
337416
337377
337337
337104
336970
336695
336684
336614
336525
336316
336294
336286
336197
335712
335700
335564
335537
335320
335317
335301
335297
335266
334904
334783
334649
334601
334559
334504
334500
334497
334291
334275
334219
334178
333791
333789
333680
333571
333352
333271
333187
333131
332947
332634
332576
332333
332273
332222
332143
332083
331886
331789
331780
331636
331534
331251
331220
331175
331043
331027
330286
330246
330245
330208
330108
329940
329884
329823
329803
329782
329760
329670
329664
329598
329248
329023
328965
328928
328849
328809
328605
328601
328482
328429
328241
328210
328151
328093
327776
327714
327487
327397
327235
327184
327151
327035
326611
326587
326249
325995
325875
325629
325572
325264
325260
325224
325146
325047
325008
324792
324787
324708
324600
324589
324435
324364
324241
324137
324088
324066
324023
323860
323713
323700
323472
323449
323318
323192
323105
323056
322939
322867
322704
322684
322633
322612
322355
322285
322177
322133
322113
322101
322027
321995
321918
321837
321819
321808
321760
321743
321638
321493
321428
321227
321056
321033
320755
320666
320558
320200
320074
320031
319946
319901
319891
319843
319838
319767
319661
319638
319615
319611
319568
319509
319474
319121
319059
318957
318844
318841
318178
318166
318153
318096
317899
317744
317720
317645
317415
317150
317082
317062
316827
316692
316363
316342
316221
316151
316126
315970
315749
315699
315678
315624
315541
315471
315458
314793
314647
314617
314510
314397
314196
314129
314010
314002
313604
313577
313207
313198
313117
312940
312930
312907
312875
312583
312523
312495
312494
312437
312378
312114
312059
311995
311834
311770
311713
311641
311590
311466
311422
311393
311309
310980
310801
310788
310520
310513
310448
310385
310137
310079
310009
309940
309807
309653
309514
309481
309446
309422
309421
309401
309387
309278
309242
309127
309107
309105
309049
309004
308903
308709
308694
308643
308632
308626
308585
308439
308436
307862
307794
307770
307728
307695
307675
307488
307385
307288
307244
307177
307129
307071
307018
306847
306816
306816
306645
306617
306516
306267
306146
305938
305937
305901
305853
305799
305784
305740
305556
305301
305271
305051
305042
304942
304867
304845
304695
304666
304648
304546
304412
304364
304139
303997
303940
303936
303767
303649
303618
303605
303544
303391
303384
303338
303226
303215
303150
303132
303103
303097
303064
303031
302843
302817
302793
302736
302638
302531
302504
302492
302413
302042
302018
301996
301976
301877
301823
301793
301521
301496
301408
301401
301178
301078
301046
300885
300826
300815
300771
300697
300695
300691
300622
300619
300541
300533
300436
300158
300127
300066
299874
299805
299781
299475
299303
299077
299049
298984
298864
298863
298813
298544
298541
298494
298482
298453
298378
298375
298339
298335
298064
297948
297897
297772
297718
297414
297373
297368
297335
297309
297085
297059
297056
296958
296904
296784
296564
296559
296361
296302
296291
296039
296008
295979
295957
295907
295864
295852
295795
295723
295441
295380
295376
295238
295007
294968
294941
294822
294750
294535
294305
294301
294137
294040
293839
293758
293577
293572
293507
293335
293298
292987
292755
292732
292698
292481
292343
292325
292298
292252
292246
292197
292190
292092
291739
291734
291510
291310
291252
290983
290933
290815
290616
290612
290266
290255
290158
290106
290106
290090
289902
289807
289725
289611
289569
289568
289535
289305
289140
289016
288904
288875
288860
288833
288700
288666
288643
288616
288165
288155
287909
287769
287676
287606
287406
287142
287035
287001
286999
286858
286847
286740
286444
286417
286414
286295
286259
286119
286007
285919
285914
285851
285685
285681
285659
285554
285526
285329
285285
285257
285240
285229
285169
285129
285114
285032
284990
284858
284727
284668
284578
284530
284452
284181
284059
284029
284023
283949
283942
283727
283664
283546
283372
283296
283213
282896
282749
282748
282709
282233
282218
282151
281984
281916
281674
281534
281490
281465
281268
280982
280947
280824
280784
280745
280700
280620
280604
280462
280409
280383
280225
280213
280156
279964
279838
279788
279748
279743
279734
279717
279604
279535
279072
279047
278966
278756
278380
278346
278084
277884
277822
277800
277359
277094
277014
276990
276750
276650
276532
276500
276456
276402
276371
276236
276159
276113
276059
275990
275966
275907
275652
275599
275564
275497
275449
275267
275235
275077
274967
274899
274835
274802
274708
274676
274671
274625
274447
273969
273819
273814
273639
273517
273354
273150
273128
273028
272972
272426
272351
272162
272145
271893
271885
271708
271577
271437
271292
271240
271238
271035
270962
270746
270554
270452
270448
270272
270047
269973
269565
269426
269330
269304
269254
269163
269144
269102
268842
268721
268707
268529
268507
268455
268436
268151
267840
267828
267801
267628
267589
267513
267465
267434
267357
267330
267305
267284
267168
267132
267016
266902
266855
266624
266596
266361
266286
266213
265947
265782
265690
265608
265501
265431
265415
265146
265129
265123
265075
264929
264893
264881
264814
264733
264566
264378
264287
264171
264171
264133
264110
263884
263852
263782
263755
263753
263747
263662
263642
263635
263579
263414
263330
263230
263138
263094
262949
262884
262813
262658
262568
262331
262327
262187
261913
261860
261807
261789
261721
261594
261475
261324
261171
261164
261088
260725
260664
260620
260387
260315
260164
260123
259988
259911
259854
259714
259539
259527
259494
259423
259217
258972
258731
258726
258710
258690
258621
258420
258378
258370
258369
258320
258238
258229
258205
258197
258124
257938
257894
257882
257670
257634
257621
257616
257603
257599
257532
257406
257276
256826
256669
256630
256439
256432
256396
256338
256300
255870
255666
255578
255410
255286
255204
254989
254967
254869
254743
254716
254659
254549
254539
254415
254259
254110
254099
254075
253928
253812
253697
253628
253400
253300
253250
253248
253146
253040
253031
252947
252877
252776
252760
252736
252728
252686
252532
252511
252443
252295
252103
252042
251952
251881
251797
251693
251609
251547
251192
251178
251138
251118
250996
250992
250935
250911
250747
250737
250545
250526
250514
250449
250282
250136
249909
249885
249656
249615
249581
249486
249205
249003
248960
248888
248551
248526
248430
248136
248100
247829
247812
247752
247750
247492
247310
247293
247198
247170
247079
247066
247052
247023
247011
246908
246704
246703
246569
246539
246513
246413
245977
245437
245424
245357
245231
245225
245186
245107
245049
244921
244856
244834
244816
244784
244716
244444
244417
244157
244039
244028
243924
243917
243855
243775
243424
243366
243304
243244
243182
243172
242999
242992
242929
242852
242703
242694
242464
242410
242296
242287
242222
242178
242118
241912
241779
241775
241527
241521
241503
241425
241404
241382
241029
240834
240510
240231
240211
240162
239757
239647
239642
239587
239253
239142
239084
239028
239006
238874
238764
238721
238605
238604
238432
238167
238167
238094
238034
238033
237957
237829
237726
237701
237700
237650
237593
237556
237286
237230
237212
237016
236862
236596
236460
236378
236247
236118
235843
235809
235728
235665
235525
235346
235315
234966
234774
234697
234668
234607
234547
234537
234486
234405
234328
234326
234303
234299
234092
234046
234043
234020
233956
233884
233700
233679
233598
233534
233473
233404
233344
233343
233291
233284
233274
233162
232837
232664
232631
232509
232220
232133
232122
231923
231904
231884
231482
231161
231114
231032
230933
230908
230663
230524
230438
230417
230416
230272
230207
230174
230008
230005
229907
229906
229747
229565
229558
229543
229497
229488
229468
228977
228850
228734
228649
228491
228491
228455
228442
228404
228301
228293
228268
228262
228190
228095
228033
228024
227934
227672
227571
227487
227443
227331
226993
226959
226895
226753
226748
226475
226426
226371
226002
225850
225850
225813
225806
225706
225681
225559
225493
225307
225214
225053
224967
224826
224824
224688
224514
224221
223963
223953
223807
223773
223762
223762
223755
223671
223657
223646
223132
223004
222964
222890
222816
222793
222699
222649
222645
222560
222527
222258
222179
222020
221996
221982
221732
221538
221436
221407
221352
221233
221160
221121
220893
220885
220866
220845
220384
220359
220298
220195
220062
219669
219500
218948
218757
218686
218512
218463
218364
218226
218224
218218
218118
217955
217834
217689
217352
216920
216874
216786
216702
216661
216661
216556
216437
216413
216407
216179
215982
215774
215645
215581
215444
215307
215277
215223
215133
215016
214908
214644
214558
214468
214344
214064
213990
213825
213405
213263
213088
213041
213025
213006
212963
212834
212720
212369
212292
212224
212211
212168
212141
212085
212041
212041
211944
211892
211776
211712
211523
211519
211498
211363
211165
210757
210723
210699
210517
210509
210364
210230
210200
210196
209922
209919
209802
209628
209482
209463
209175
208915
208884
208838
208815
208751
208725
208395
208345
208228
208175
208147
208119
207830
207610
207522
207515
207388
207218
207092
206967
206888
206840
206790
206586
206448
206446
206335
206309
206251
206093
206063
205863
205694
205665
205640
205490
205245
205154
204832
204728
204547
204533
204507
204345
204216
204165
204124
204116
203976
203973
203964
203863
203690
203531
203260
203155
203081
202716
202637
202472
202424
202277
202185
202179
202174
201859
201855
201844
201765
201566
201565
201553
201533
201474
201298
201194
201026
200908
200856
200833
200731
200668
200558
200347
200329
199979
199888
199336
198908
198865
198810
198723
198621
198554
198508
198338
198337
198307
198168
198164
198112
197959
197884
197606
197359
197353
197304
197295
197091
197050
196987
196952
196930
196910
196864
196692
196541
196441
196365
196200
196102
196100
195954
195897
195870
195766
195697
195336
195260
195136
195133
195065
195000
194954
194742
194590
194542
194459
194304
194290
194284
194164
194102
194088
194088
193788
193709
193671
193487
193416
193376
193269
192979
192920
192272
192179
192048
191962
191951
191936
191892
191847
191778
191749
191601
191510
191483
191360
191268
191197
191187
191055
191043
190940
190915
190349
190105
189960
189914
189683
189654
189554
189424
189406
189404
189376
189375
189245
189197
189108
189100
189056
188896
188794
188762
188704
188609
188460
188426
188033
187874
187816
187710
187558
187265
187228
187047
186921
186776
186578
186506
186401
186261
186221
186108
185935
185916
185809
185783
185564
185397
185217
185051
184902
184737
184732
184650
184532
184264
184263
183925
183589
183482
183476
183379
183329
183242
183219
183214
183103
182960
182919
182604
182306
182262
182243
182039
182029
181832
181753
181628
181619
181238
181238
181042
181029
180886
180787
180785
180709
180706
180567
180374
180314
180287
179878
179823
179720
179581
179548
179462
179424
179317
179172
179103
179019
179005
179000
178879
178798
178789
178779
178759
178621
178517
178370
178318
177970
177856
177502
177476
177439
177419
177363
177305
177298
177286
177045
176999
176925
176530
176404
176356
176238
175967
175905
175875
175714
175638
175552
175386
175152
175151
175100
175094
175016
174996
174959
174842
174824
174766
174580
174533
174481
174383
174189
174094
173985
173740
173660
173614
173566
173509
173494
173478
173435
173321
173007
173002
172479
172468
172461
172270
172142
172041
171993
171871
171865
171798
171720
171683
171670
171581
171043
170934
170912
170810
170760
170664
170619
170583
170545
170242
170141
170093
170080
169887
169812
169810
169804
169712
169645
169583
169580
169521
169491
169469
169370
169362
169319
169288
169264
169106
168994
168925
168917
168901
168847
168712
168390
168208
167965
167915
167846
167818
167811
167368
167331
167239
167107
167074
167028
166848
166651
166573
166566
166536
166462
166258
166228
165920
165887
165882
165844
165770
165714
165671
165583
165468
165208
164755
164671
164623
164525
164511
164467
164414
164398
164330
164247
163957
163948
163428
163414
163384
163241
163225
163193
163074
162944
162890
162838
162823
162749
162473
162456
162372
162286
162280
162239
162160
162072
162057
161928
161715
161683
161630
161137
161081
161057
160980
160973
160898
160833
160784
160646
160300
160293
160193
160128
160078
160050
159980
159898
159851
159846
159809
159744
159659
159452
159347
159219
159213
159189
158979
158646
158632
158590
158318
158292
158097
157819
157719
157628
157339
157291
157291
156989
156923
156591
156456
156373
156362
156357
156344
156303
156159
156084
156006
155959
155876
155872
155643
155267
155177
154891
154844
154204
154109
154066
154050
154017
153998
153959
153841
153840
153709
153541
153532
153485
153237
153223
153125
152960
152864
152790
152720
152684
152521
152364
152353
152337
152319
152283
152271
152096
152083
151788
151652
151569
151428
151348
151335
151068
150951
150924
150843
150810
150682
150576
150371
150347
150314
150290
150232
150181
150155
150113
150112
150093
150076
150067
149988
149939
149857
149853
149824
149716
149551
149410
149299
149198
149139
148990
148966
148847
148785
148621
148472
148317
148215
147924
147922
147803
147698
147662
147602
147592
147530
147525
147441
147076
146805
146758
146688
146639
146594
146539
146443
146281
146221
145855
145715
145710
145554
145488
145338
145291
145085
145003
144960
144882
144779
144707
144488
144473
144359
144347
144292
144267
144140
143948
143929
143826
143571
143561
143414
143367
143303
143292
143142
143079
142866
142860
142779
142733
142603
142583
142318
142202
142161
142146
142122
142040
142028
141972
141956
141920
141908
141882
141866
141850
141457
141294
141246
141244
141221
141119
141104
140977
140968
140934
140892
140784
140707
140701
140329
140217
140140
140137
140134
139961
139767
139695
139685
139597
139526
139355
139168
139000
138812
138762
138745
138691
138690
138689
138650
138633
138596
138588
138569
138389
138331
138239
138211
138102
138029
138016
137993
137973
137945
137899
137869
137697
137601
137575
137418
137390
137237
137221
137103
136940
136835
136721
136562
136391
136185
136119
135929
135883
135845
135808
135531
135493
135342
135301
134913
134795
134748
134686
134570
134567
134474
134441
134055
134004
134004
133973
133973
133810
133758
133534
133532
133427
133268
133262
133259
133239
133130
132975
132554
132532
132476
132372
131658
131561
131502
131361
131309
131284
131232
131217
131181
131132
131086
131073
131036
131013
130960
130700
130408
130403
130340
130333
130191
130071
130066
129984
129923
129772
129758
129730
129661
129587
129449
129430
129403
129253
128941
128839
128805
128796
128718
128542
128457
128388
128149
128091
127858
127719
127709
127582
127515
127472
127343
127333
127158
127132
127089
126547
126466
126234
126220
126094
125972
125927
125804
125701
125683
125681
125662
125616
125597
125592
125585
125565
125495
125431
125425
125396
125339
125295
124893
124830
124810
124483
124374
124329
123984
123982
123743
123449
123363
123287
123097
122755
122712
122657
122650
122631
122483
122448
122343
122107
121869
121646
121494
121406
121268
121122
121057
121056
120835
120835
120821
120772
120741
120705
120650
120556
120538
119995
119960
119878
119755
119722
119554
119531
119504
119451
119396
119343
119271
119204
119130
118909
118874
118837
118810
118792
118747
118509
118343
118329
118316
118314
118206
118115
118000
117832
117818
117792
117784
117767
117751
117566
117478
117475
117338
117266
117135
116838
116428
116226
116225
116183
116083
115988
115682
115632
115505
115489
115479
115320
115210
114757
114333
114302
114159
114071
114024
113965
113957
113768
113624
113371
113274
113202
113143
113053
113039
112793
112752
112455
112297
112250
112248
112216
112215
112016
111846
111842
111838
111740
111727
111630
111443
111382
111368
111134
111123
111023
110975
110965
110920
110889
110869
110822
110661
110491
110396
110243
110060
109930
109789
109788
109600
109556
109327
109297
109266
109110
108926
108907
108871
108843
108798
108751
108715
108685
108484
108390
108386
108369
108350
108300
108234
108222
108155
107978
107933
107749
107629
107387
106929
106664
106606
106531
106510
106442
106422
106365
106345
106292
106262
106222
106017
105929
105847
105744
105732
105677
105635
105624
105598
105596
105546
105500
105407
105214
105207
105005
104997
104861
104539
104380
104077
104026
104000
103982
103975
103877
103836
103674
103629
103222
103191
102873
102774
102705
102641
102559
102456
102256
102157
101996
101986
101933
101642
101610
101605
101455
101404
101348
101284
101132
100946
100890
100851
100797
100644
100530
100235
100158
100099
100078
100004
99962
99842
99789
99766
99748
99735
99680
99568
99492
99481
99158
99143
99013
98848
98631
98600
98599
98596
98490
98465
98424
98405
98320
98282
98186
98050
97856
97840
97800
97680
97650
97274
97226
97205
97110
97068
96912
96878
96729
96637
96554
96440
96417
96416
96362
96339
96266
96040
95963
95916
95735
95711
95606
95544
95478
95444
95370
95306
95023
94701
94689
94664
94630
94234
93866
93656
93634
93498
93398
93351
93346
93324
93293
93134
93134
93106
93101
93097
93054
93001
92956
92873
92729
92598
92518
92505
92478
92154
92113
92107
92082
91953
91879
91703
91534
91524
91496
91440
91411
91398
91391
91241
91211
91102
91022
90974
90868
90667
90638
90612
90507
90421
90177
89984
89920
89884
89851
89788
89685
89634
89189
89082
89039
88903
88853
88807
88703
88585
88390
88371
88316
88095
87997
87979
87895
87865
87702
87423
87011
86994
86935
86851
86798
86606
86549
86481
86211
86067
86030
85986
85980
85966
85938
85932
85822
85767
85667
85644
85535
85516
85396
85344
85174
85066
84973
84889
84865
84857
84724
84699
84686
84604
84483
84480
84432
84310
84180
84158
84103
84025
84004
83944
83916
83845
83809
83735
83539
83226
83188
83187
82894
82658
82639
82478
82453
82418
82405
82371
82315
82061
81872
81826
81782
81521
81498
81484
81425
81420
81418
81128
81122
80904
80884
80870
80825
80786
80620
80538
80468
80367
80361
80224
80192
80143
80064
79871
79851
79840
79692
79174
79139
79100
78465
78387
78183
78160
78153
78009
77868
77841
77781
77692
77458
77387
77289
77229
77162
77144
76768
76450
76285
76238
76169
76068
76057
75990
75948
75928
75814
75763
75433
75397
75359
75153
75111
75073
74696
74673
74624
74329
74328
74295
74288
74240
74097
74062
73792
73756
73661
73455
73286
73256
73079
73077
73007
72948
72893
72734
72619
72220
72118
71925
71662
71631
71536
71479
71357
71262
71222
71211
71188
71106
71092
70951
70672
70631
70549
70447
70429
70358
70191
70092
70012
69982
69952
69882
69417
69289
69271
69203
69170
69055
68978
68888
68877
68850
68812
68806
68689
68645
68587
68465
68419
68393
68329
68322
68312
68274
67966
67759
67319
67281
67272
67237
67231
67144
66549
66521
66401
66382
66285
65947
65939
65651
65558
65511
65313
65282
65276
65065
65019
64868
64789
64730
64533
64428
64274
63933
63929
63836
63615
63601
63599
63506
63461
63406
63271
63158
63026
62742
62559
62515
62111
62076
62036
61954
61726
61495
61128
60928
60923
60883
60882
60860
60765
60702
60657
60586
60487
60480
60476
60343
60262
60106
59977
59850
59578
59510
59445
59337
59235
59149
59120
59043
58954
58826
58633
58626
58256
58214
58111
57970
57713
57629
57612
57559
57505
57416
57397
57315
57150
57080
57069
57022
56771
56694
56520
56299
56288
56143
56098
55815
55560
55550
55520
55422
55379
55170
55153
55129
54722
54584
54430
54290
53900
53889
53792
53734
53656
53625
53619
53369
53305
53224
53221
53212
53167
52883
52849
52798
52783
52607
52502
52450
52311
52280
52085
52072
52053
52001
52000
51735
51628
51400
51371
51193
51160
51115
51046
51041
50911
50603
50595
50524
50309
50251
50240
50221
50069
49963
49936
49716
49630
49599
49459
49417
49277
49248
48996
48863
48784
48712
48659
48476
48432
48399
48395
48385
48149
48100
48082
48015
47915
47876
47752
47696
47663
47470
47351
47335
47332
47306
47232
47191
47136
47061
46826
46716
46545
46516
46406
46088
45718
45686
45667
45579
45256
45094
45084
45042
44979
44969
44673
44605
44527
44478
44438
44437
44287
44020
43914
43910
43867
43759
43746
43707
43697
43504
43463
43266
43256
43130
43016
42868
42686
42672
42547
42450
42229
42210
41832
41766
41667
41604
41529
41471
41296
41052
41043
40778
40769
40708
40648
40648
40642
40575
40561
40408
40326
40320
40318
40276
40248
39928
39844
39750
39633
39601
39489
39431
39400
38910
38873
38857
38700
38663
38636
38433
38400
38302
38089
38080
38057
38030
38019
37846
37804
37592
37589
37500
37401
37211
37163
37064
37042
37031
36980
36948
36903
36899
36792
36775
36690
36651
36602
36506
36460
36438
36360
36333
36049
35823
35602
35527
35344
35018
34881
34819
34774
34630
34548
34230
33669
33575
33362
33111
32938
32886
32683
32519
32425
32370
32147
32089
31727
31418
31003
30970
30942
30793
30669
30661
30641
30613
30509
30421
30403
30262
30090
30088
29986
29962
29932
29731
29712
29687
29538
29320
29083
29068
29025
28981
28866
28821
28750
28677
28563
28470
28442
28366
28317
28244
28231
28050
28019
27960
27941
27934
27733
27687
27611
27426
27287
27160
26950
26893
26890
26887
26807
26770
26711
26473
26465
26442
26324
26286
26093
26055
26005
25982
25915
25883
25738
25721
25543
25456
25391
25214
24953
24852
24809
24777
24710
24648
24607
24453
24441
24252
24206
24069
23946
23879
23878
23865
23781
23610
23349
23303
23302
23235
23212
22971
22851
22813
22747
22297
22283
22248
22220
22054
22026
22002
21886
21845
21788
21618
21518
21428
21401
21329
21125
21123
20866
20817
20588
20570
20447
20134
20002
19963
19732
19499
19465
19464
19390
19371
19124
19124
19070
18906
18822
18797
18679
18662
18220
18192
18079
18054
17917
17870
17833
17505
17436
17183
17110
17106
16858
16811
16746
16734
16334
16318
16240
16197
16143
15957
15709
15516
15434
15023
15010
14861
14760
14486
14465
14385
14348
14297
14092
14013
13891
13866
13843
13823
13467
13443
13328
13244
13077
12920
12763
12747
12697
12695
12668
12623
12219
12093
12084
12016
11976
11669
11613
11528
11528
11386
11179
11092
11053
11044
10955
10906
10896
10859
10751
10737
10612
10504
10416
10364
10317
10275
10267
10088
9904
9839
9817
9781
9717
9716
9652
9564
9434
9252
9200
8902
8839
8834
8730
8585
8351
8243
8047
7754
7468
7372
7333
7244
7198
6991
6933
6648
6637
6562
5982
5669
5605
5566
5474
5239
4461
4436
4343
4132
3903
3837
3693
3299
3207
3134
3118
3118
3094
3075
2945
2863
2793
2512
2318
2238
2205
2114
2009
1805
1713
1705
1605
1480
1423
1285
1243
1129
1056
943
925
647
645
643
619
591
561
534
340
331
281
280
263
149
149
114
90
55
