1000
999262
999046
994762
994014
993806
993588
993290
991629
990821
989849
985312
985206
985190
984759
982333
980564
980300
980057
979418
977851
975418
975078
972453
972294
972161
971622
971357
970703
970670
970599
969610
969482
968168
965760
965450
964500
963980
963093
962326
962169
960198
958629
958090
957998
957528
956022
954715
952487
951157
950827
950399
950037
949837
949775
949747
949697
948729
948560
947127
944942
944895
943747
942226
941835
941517
941364
941310
940820
940249
939552
939238
939021
938532
938374
938011
937618
937202
937192
936429
936067
935393
934904
932403
930663
929770
929290
929059
926341
925738
925301
924742
923546
923488
919268
917719
917001
916583
916282
913389
912301
911289
911208
910547
906668
906006
905198
905031
904883
904337
904000
903474
903457
903354
903130
902764
899823
899241
898943
897998
896629
896198
895659
895267
894386
894228
893592
893282
893246
892173
892150
891633
889692
889176
888785
887463
887371
886791
885839
885519
883256
881681
881500
880710
878350
877972
876079
874881
873384
870660
870305
869408
867728
867457
866918
864126
862843
860434
859529
859180
859161
859151
857023
856042
853239
850241
848712
847501
847372
846670
845821
845389
845281
842904
842610
842307
842164
841358
841230
840133
839902
839009
838538
838487
836800
835094
834155
833700
831192
830898
830891
830853
829524
826890
826766
826700
826099
822093
820502
820323
818222
816867
816224
815235
814636
814069
813389
811281
810724
809649
809466
804845
803830
803516
801774
801342
801235
800832
799686
799444
799053
797395
796131
794643
794192
793650
791968
791919
790999
790740
789476
788935
787116
782942
780569
780110
779990
776506
775413
774691
772583
770400
768159
766298
765774
765564
762701
760849
759107
756436
755262
755156
753860
751868
751693
751103
749831
749347
749122
748364
747724
747706
747010
746249
745461
744861
744689
741642
739576
737829
737805
736727
736524
736344
735699
735295
734358
733495
733336
733220
731904
731692
729426
727903
726345
724151
722768
722264
719547
719546
719353
717396
716706
715700
715442
714133
711021
710277
710271
709863
708528
708110
707814
707063
706739
705858
705769
705035
703301
703070
702933
702475
700876
700267
700047
697844
697118
695606
693573
693297
690662
690511
689321
689195
687974
687895
684970
684903
684543
681566
681447
681191
681180
678369
673170
671305
670188
669999
667703
666939
666534
664947
664500
663957
663478
663159
662731
661445
660871
656904
656799
655899
655686
654232
654138
654112
654063
651721
651215
649559
648283
646692
645504
645246
641325
640395
639676
638962
637186
635611
634571
629156
626184
625215
623919
623429
622267
621172
621049
620807
620039
619476
619443
617875
617017
616117
615324
614925
612695
612346
612283
612027
611211
609485
609013
607836
604996
603510
603455
603398
603352
602718
601580
600266
597528
596618
596132
591842
588940
588402
587309
587027
586157
586151
583590
582847
582575
582534
581082
578539
578227
576524
575846
575644
575144
573144
569357
567579
566677
566566
565367
562776
560253
560205
560018
559836
559768
559699
559157
557311
556857
555984
555067
553853
553085
552795
550575
550212
548958
548214
546411
545737
544426
544163
543966
543378
542965
542954
542750
540942
540154
538848
537984
536306
535945
535037
534998
534520
533579
533296
531759
530681
529960
529861
529137
528970
528750
528568
527086
526780
526498
526229
524938
522368
521030
520991
520528
519536
519497
518955
516819
516313
516028
515712
511435
509570
509221
508845
508266
507789
506680
505648
504591
502773
500719
499799
499189
498922
498202
497152
496591
496402
495516
494160
492002
491747
491100
486684
485759
485727
483188
483134
481222
480842
478558
477690
477686
474189
472847
472274
472223
471267
468332
468118
467962
466971
466762
465918
464662
464167
462561
462446
460931
460752
460057
457125
454770
453432
452250
451874
451809
451722
449501
448850
448760
447756
447487
447187
446179
445946
443680
442886
441919
441878
440599
438848
438687
436358
433598
432833
432438
429122
428597
428230
428049
427944
427865
427550
426000
424652
423624
423501
423256
420787
420495
419449
417105
415900
413651
411562
411557
411183
411134
409843
408190
407128
406279
406078
405896
405521
403045
401190
399246
390857
389896
388331
387847
385325
384095
383767
382795
382484
381901
381667
380879
380216
378734
378059
376379
376343
375035
374773
374443
373895
373828
373262
372487
371231
370585
370362
370278
370231
369710
368888
368724
368391
367281
367254
366275
363851
362836
362351
361657
359870
358651
358381
358172
357829
353096
349789
349172
349166
348970
347480
345518
339289
338228
337320
337135
335339
335336
335141
333588
333209
333105
332784
329265
328620
327271
324620
324220
324084
324069
324030
323474
323033
322161
321565
321273
320354
319071
318743
318573
315727
315381
315358
314730
314537
313842
313721
313437
307651
307549
307303
306976
306863
306820
306775
306288
304879
304837
302257
302252
302104
299981
299102
298884
298143
294547
294534
294340
294292
293320
293113
292866
291853
291508
290975
290037
288825
288342
287885
287700
287029
286954
286641
286574
286209
285276
284257
283820
277991
276585
273517
272302
270916
270766
269911
268751
266667
264081
262669
261792
260809
259899
258102
256135
255022
254564
254033
253432
252976
251803
251165
250931
248556
247807
246947
245746
243939
242439
242322
241967
240765
240599
240443
240431
239030
238760
237222
237198
236736
235984
235157
235143
235038
233813
232274
232070
229799
227282
226130
225194
223584
222412
222032
221619
220635
219770
219184
218730
217043
216897
215857
215301
214694
213274
213120
212756
211717
211287
211090
210696
208061
207474
206062
203474
203307
203234
202993
202618
200988
199951
199467
197514
196836
195162
194754
191683
191020
190329
190043
189757
189062
188489
186803
184866
183530
183075
182688
182659
178181
177115
177038
176174
175795
175299
173587
172682
171821
171498
170879
170213
169825
169718
169712
169210
168752
168270
167977
167660
165770
165099
162747
161281
160963
158059
155866
154834
153173
152714
151685
151501
151171
151009
147682
142095
141908
141378
138991
137348
134045
133902
133825
133287
131950
131083
130950
130868
129475
129449
129348
128841
128790
128313
128118
127314
127308
126935
126331
125776
123994
123773
123743
123535
123182
121054
120713
118678
117395
116990
116231
110826
108940
108064
106324
101870
101567
98794
95388
95232
93703
91919
91706
91047
89032
85648
85532
84464
84236
81695
81632
79591
78957
78224
78070
77236
77214
77107
76234
75628
74959
73414
72660
71627
70763
67207
66731
66645
66234
64585
63464
62758
61199
61156
60444
59731
59709
59177
58631
58316
58045
57463
55806
54811
53941
46481
43504
43217
42748
41862
41635
41081
39011
37813
37091
35391
33646
32825
32617
30048
28208
27589
27584
24879
23148
23056
22395
22354
21414
20887
20438
17961
16168
15670
15404
15378
10687
10630
10356
9267
8891
7762
6652
6491
6034
4334
4047
3488
3160
62
