100
999670
987497
986670
976357
970002
969798
955737
949437
915560
907155
906502
903165
883508
840475
830300
824411
811558
805336
799307
789985
780489
771805
759676
757227
727039
710050
705369
699237
687477
684546
684212
675567
675223
667002
663031
652428
650560
635671
632212
627500
625839
596968
583815
574345
573693
554975
545971
523288
522044
514816
507287
503460
503196
497636
492616
491385
449503
438697
428947
417260
409597
389054
384947
373345
363427
345721
312498
308480
299122
294298
276677
275692
262212
253178
231227
206351
199908
170559
155328
154963
136482
132754
126325
119633
116235
113055
92950
90465
84211
75889
75478
72799
67490
65320
45754
45588
40445
27453
9063
8833
