1000
997930
997238
997097
997074
996265
994854
994831
994716
994316
992751
991658
991343
991321
990151
989912
985734
985152
984317
983870
982624
982495
982139
981480
977973
977914
977557
976398
976014
974608
973654
973463
972786
971304
971206
968894
967950
967849
966499
963552
962980
962831
961847
961291
959323
958503
957726
957438
956877
956812
953704
953307
953024
950186
950117
949939
947809
946439
945613
944237
944002
940939
940771
940167
939894
938198
934652
933234
931536
930343
930140
928003
925911
925738
922678
922635
921803
920915
920331
919282
918724
917913
917117
917022
915712
914901
914651
911830
911517
911085
910955
909311
909299
908674
908641
906320
905827
904863
902948
902934
900041
899563
898666
897268
897081
897071
897048
896860
896066
895316
894844
893431
891946
891689
891314
890624
890060
889105
888626
888603
888073
885460
884771
884285
884076
883591
883589
883224
883119
881256
880262
877679
876932
876579
876192
876170
874785
874206
872944
872851
872425
871199
870787
867720
867716
867381
867361
867311
866842
865173
864271
862062
859966
859643
857365
854639
851888
851560
851319
849756
849569
847231
846827
845606
844784
844351
843861
842629
839321
838708
837511
837460
837109
835920
834775
834715
834051
833496
831925
826890
826625
826377
826346
823826
821967
821746
821453
821051
820281
819834
819223
817892
816010
815225
813362
812457
812040
811755
811488
811299
811025
809359
807696
806369
805161
803424
803342
803283
803194
802743
802669
802428
802183
800317
800148
799652
797901
797158
795191
795103
793740
793618
792880
791904
791877
790610
790294
788996
788538
787740
784882
784440
784167
783974
782997
782411
782290
781996
780324
780284
779415
777846
773647
773433
772992
771700
771676
768315
768278
767890
767591
767561
767232
766924
766612
766511
766508
765914
765271
765209
765079
763983
763902
763416
762677
762301
762297
761827
761729
760754
754916
753980
753908
752841
751585
749581
749314
748399
748353
748235
746781
744288
743059
742620
740300
740019
739478
737795
737561
737148
737048
735926
735290
734691
733802
733748
732755
731019
730360
730344
730229
728947
728375
728092
727665
727016
726770
725581
725436
725178
718939
717774
716353
715870
713216
711820
710503
708221
707306
702863
701719
700934
698775
695855
695346
695245
693726
691925
690908
689682
687434
686248
686191
686116
685752
685104
684594
683872
683497
681996
681767
681446
681246
680699
679152
678325
678271
677035
676109
671280
670424
669290
668403
667193
667192
666667
666234
663994
662973
662041
660929
660844
660204
657239
655951
655829
655002
654621
654513
653367
652826
648761
647551
647415
646009
645731
643130
642066
639986
639360
637217
636293
634715
634697
633807
633352
633081
633076
632853
632543
631819
630820
629678
628931
628211
626728
626013
624645
624093
623463
622999
622146
622094
621561
619001
618994
618767
618756
617888
615880
614824
610265
609725
608975
605073
605033
604288
603104
602889
602473
601211
599802
599719
599042
598400
598181
597057
596571
595096
595026
594424
594132
594071
593409
593249
592616
592521
592345
591457
588982
588619
585625
585406
580877
580686
577373
576320
575039
574324
574160
573999
573487
572346
571690
569445
569304
569276
567094
565468
565406
565045
565012
563583
562803
559819
558673
558509
556900
555799
555601
553960
553782
550604
550232
550045
549945
549230
548320
547874
547579
547440
547227
543361
543301
541524
540489
538384
538199
538077
536914
536030
536012
534328
531485
531229
530848
528792
527533
526366
525825
524006
523983
523642
522222
521847
521691
517978
517732
517600
514049
513541
512257
511787
510414
509148
508874
508351
506712
505772
504966
502034
501505
500562
499684
498619
498600
497986
496849
496685
495488
493976
492568
492287
491692
489674
488740
487571
487273
486666
485766
485338
484537
483307
483154
481578
481569
480372
480227
479197
476141
475512
473703
473100
472296
472108
471918
470399
470113
469973
468981
468608
466966
466555
466367
465692
465230
464844
464641
464455
464392
463966
462963
460945
460518
460156
459873
458221
458048
457509
457386
457038
456408
454952
454391
453116
453008
449138
448646
447222
447012
445745
445510
444144
444100
443906
443825
443016
441444
440280
440085
439828
439462
439093
435464
435083
434775
433930
432477
431995
431763
431761
431576
431494
429085
426167
425579
424886
423286
420034
417175
416103
416060
415549
414656
412520
411749
409995
405657
405190
404853
403403
401980
401462
399331
398551
396626
394915
394732
392046
391300
391172
388196
387904
386221
385876
385813
385439
385325
385093
384715
384700
384486
380714
379694
374088
373505
373475
373204
373181
371845
370495
370171
370050
368678
367974
365167
362212
360494
360330
357671
356066
353751
353219
352690
352640
352020
350136
350021
349748
349642
347433
345570
345451
344645
341750
340594
339569
337699
333589
332661
331072
330033
329897
327225
325972
324773
324022
323557
323108
322782
320559
317108
317103
316752
315255
314254
314167
313688
313627
313548
313261
313149
312690
310141
310129
309063
308195
307681
306625
306380
306182
304075
302890
302468
301698
300889
299892
299457
297308
296570
294115
293119
292420
291987
290007
288263
284241
283370
282150
280984
279202
279098
275993
275680
274560
274111
273780
271420
270704
270506
270326
269419
267285
265463
263886
262818
261737
261695
261587
260568
258855
256350
254491
254258
254174
253770
253742
252656
250415
249929
249556
245389
239830
239375
239165
238805
236595
234012
233698
230958
230529
230260
229018
226820
224746
223830
223332
222813
222794
222792
221885
221574
221400
221329
221319
220991
220370
220322
219672
218136
217670
216631
215282
215025
213184
213148
211251
210988
209902
209873
204454
202964
202843
201956
201179
199665
198119
197897
195402
195293
193276
192711
192659
190601
190272
189422
189385
188483
188047
187954
187896
187208
186793
184947
184885
183089
181777
181604
177146
177073
173548
173456
171913
171590
171275
169900
169795
168583
168089
166814
165047
164442
163913
163243
161743
159724
157918
157650
156974
153813
153205
152643
151685
149888
146391
145832
145593
143397
143281
142675
141191
138229
138177
136244
134258
134082
133540
132875
131973
130217
128433
127645
126834
121899
121192
120028
119127
118430
117260
116712
116626
116079
115741
114121
112071
111834
106635
106077
101821
101183
101003
100303
99888
96738
96261
94025
93142
93002
92690
91140
90522
89857
89051
88210
85405
85385
84960
84903
84168
83903
81471
80683
78922
78538
78143
77572
77519
77405
76908
76519
76397
75066
74807
72037
71829
70936
69605
67215
63091
60844
60762
60189
59492
58798
55077
54664
52072
52041
49577
47426
46476
43297
42533
42522
42326
40077
38652
36325
35027
34426
33867
33381
32722
30771
30669
29928
29478
28608
28208
28177
27550
26932
26864
26689
25298
24540
24247
24080
23517
19693
18492
18416
17710
16922
15658
13559
13099
12891
12623
9102
8941
6145
6111
5445
4821
3523
3380
3350
2863
1596
289
