10000
999976
999830
999421
999327
999317
999260
999258
999137
999016
999010
998981
998975
998938
998804
998785
998770
998646
998624
998584
998390
998305
998305
998220
998191
997956
997725
997686
997558
997536
997480
997459
997455
997402
997321
997157
997099
997057
997038
996993
996965
996821
996666
996629
996622
996554
996439
996322
996305
996223
996007
995913
995827
995807
995654
995577
995011
994893
994867
994785
994574
994195
994190
993973
993971
993942
993765
993644
993404
993290
993090
992940
992496
992372
992368
992362
992256
992228
992175
992054
991938
991916
991616
991524
991336
991159
991133
990971
990878
990797
990700
990628
990599
990464
990268
990233
990169
989834
989832
989638
989577
989507
989489
989445
989302
988898
988689
988637
988341
988199
988116
988106
988023
987980
987876
987839
987830
987662
987562
987549
987533
987099
987051
987038
986872
986647
986528
986463
986329
985618
985500
985470
985444
985399
985337
985330
984698
984679
984321
984162
984127
983962
983806
983669
983649
983638
983472
983437
983399
983265
983194
983187
983131
983095
982796
982736
982599
982580
982237
982210
982010
981990
981963
981938
981473
981464
981448
981446
981254
981157
981111
981072
981068
980934
980846
980649
980623
980621
980233
980192
980181
980113
980082
980021
980000
979910
979746
979676
979472
979357
979079
979067
979053
979049
978858
978806
978459
978344
978322
978293
978174
978010
977973
977946
977817
977797
977781
977733
977681
977666
977561
977267
977262
977217
977105
977051
976991
976884
976869
976830
976445
976407
976250
976188
976022
975793
975568
975553
975516
975322
974996
974880
974831
974541
974493
974447
974421
974404
974358
974289
974221
974198
974122
973895
973822
973808
973741
973678
973464
973277
973244
973117
973038
972943
972890
972646
972579
972571
972548
972398
972062
972004
971811
971659
971653
971604
971577
971558
971407
970904
970674
970623
970417
970342
970338
970061
969990
969966
969789
969513
969486
969474
969452
969402
969351
969118
969086
969016
968873
968859
968847
968533
968520
968510
968404
968367
968345
968334
968048
967742
967732
967698
967684
967559
967432
967375
967344
967320
967257
967240
967199
967192
967095
967046
967038
966976
966919
966914
966740
966722
966711
966687
966650
966575
966554
966288
966141
966134
965910
965771
965601
965475
965383
965174
965069
965036
965028
964992
964594
964573
964322
963855
963776
963506
963441
963327
963190
963065
962912
962866
962816
962808
962758
962529
962417
962129
962035
961985
961825
961820
961629
961501
961062
960783
960726
960710
960347
960314
960236
960052
959866
959863
959832
959803
959713
959702
959267
959141
959056
959016
958812
958771
958633
958631
958576
958576
958550
958499
958292
958219
958045
957970
957945
957821
957793
957472
957154
957090
957084
956853
956741
956666
956627
956614
956505
956464
956336
956286
956179
956123
956102
956023
956000
955810
955804
955787
955588
955529
955482
955329
955178
955145
955127
955101
954929
954873
954731
954494
954439
954252
954217
954053
953978
953751
953748
953087
953038
952999
952946
952775
952714
952644
952578
952469
952468
952437
952370
951958
951930
951802
951780
951599
951380
951148
951093
951081
951072
950997
950971
950903
950804
950479
950249
950197
949685
949499
949482
949364
949252
949180
949002
948907
948614
948522
948475
948449
948412
948243
948163
948010
947967
947793
947660
947497
947485
947282
947233
947220
947214
947135
947127
947125
947021
947018
946958
946929
946929
946923
946793
946480
946404
946375
946276
946255
946188
946084
946079
946064
945966
945892
945830
945745
945533
945361
945354
945314
945208
945179
944925
944221
944149
943930
943879
943848
943818
943799
943371
943232
942992
942935
942507
942491
942478
942451
942413
942395
942041
942022
941942
941809
941691
941039
941019
941011
940994
940971
940961
940910
940848
940845
940833
940799
940640
940618
940595
940558
940547
940393
940113
940047
939904
939728
939645
939541
939501
939398
939371
939363
939294
939294
938983
938912
938901
938874
938846
938845
938816
938777
938704
938676
938055
937955
937944
937897
937884
937728
937616
937550
937512
937499
937473
937378
937361
937306
937235
937201
937194
937169
937151
937150
937116
937045
936926
936856
936825
936757
936737
936587
936567
936419
936189
936141
936095
935838
935703
935536
935427
935375
935332
935111
934992
934966
934739
934444
934351
934303
934219
934126
933969
933942
933903
933872
933812
933691
933655
933618
933557
933182
933169
933072
933051
932934
932810
932752
932686
932647
932357
932230
932004
931799
931470
931383
931379
931364
931352
931086
931001
930946
930913
930911
930537
930409
930404
929815
929804
929771
929668
929621
929561
929425
929024
928924
928708
928653
928563
928516
928236
928120
928068
928040
927987
927926
927795
927724
927723
927574
927571
927425
927253
926823
926804
926733
926680
926505
926328
926181
926080
926048
925911
925760
925743
925689
925493
925480
925430
925242
925096
925089
925037
925026
924980
924921
924837
924824
924771
924355
924189
924173
924114
924088
923790
923725
923399
923385
923237
923103
923090
922817
922602
922581
922574
922517
922448
922447
922387
922341
922280
922149
921972
921923
921876
921858
921732
921624
921604
921544
921523
921484
921468
921399
921364
921264
920973
920922
920441
920394
920275
920212
920138
919997
919618
919516
919486
919357
919179
919135
919105
918918
918797
918341
918300
918265
917995
917987
917785
917743
917498
917413
917364
917269
917222
917118
917013
916983
916905
916782
916768
916663
916661
916618
916377
916192
916190
916137
916076
915736
915637
915564
915508
915437
915353
915350
915327
915299
915188
914932
914787
914782
914773
914735
914625
914557
914540
914188
914167
914162
914142
914101
914053
913940
913929
913920
913796
913733
913572
913516
913315
913246
913162
913130
913106
913080
912955
912932
912917
912909
912875
912682
912387
912044
911962
911949
911926
911883
911525
911335
911140
911123
911102
910660
910452
910441
910394
910349
910140
910014
909301
909261
909201
909031
908915
908632
908624
908622
908513
908428
908364
908279
908269
908194
908084
907907
907812
907748
907637
907480
907466
907300
907214
907089
906994
906958
906795
906769
906671
906670
906492
906477
906448
906425
906407
906320
906290
906284
906273
906181
906180
906124
905750
905735
905688
905487
905250
905240
905190
905163
905127
905126
905122
905064
904969
904792
904608
904531
904507
904463
904394
904317
904235
904196
903884
903879
903874
903869
903748
903713
903643
903574
903467
903345
903262
903156
903109
902909
902907
902856
902845
902591
902565
902378
902309
902259
902130
901945
901887
901588
901582
901402
901359
901304
901287
901109
900968
900814
900688
900552
900546
900535
900465
900232
900153
900077
900043
899921
899899
899749
899737
899594
899587
899580
899571
899568
899448
899447
899376
899219
898976
898869
898715
898434
898047
897891
897888
897768
897392
897313
897253
897249
897162
897152
897146
896998
896985
896786
896679
896569
896429
896345
896298
896265
895936
895800
895631
895589
895565
895562
895402
895390
895378
895353
895221
895130
895107
894988
894897
894880
894820
894720
894685
894648
894544
894199
894180
893943
893936
893845
893761
893751
893692
893599
893585
893542
893447
893424
893208
893152
893011
892926
892889
892858
892787
892700
892365
892343
892237
892193
892127
892005
891975
891935
891797
891757
891662
891660
891583
891576
891486
891471
891416
891305
891282
891206
891108
891089
890929
890912
890846
890762
890694
890227
889826
889780
889737
889734
889534
889370
889267
889124
889101
889056
889048
889029
888955
888793
888657
888203
887790
887682
887635
887566
887518
887468
887344
887329
887308
887282
887219
887212
887180
886995
886922
886753
886723
886718
886678
886624
886606
886493
886281
885934
885932
885914
885749
885616
885588
885402
885233
885084
884985
884731
884475
884421
883995
883969
883966
883876
883758
883617
883597
883390
883340
883243
883237
883171
883055
883025
882928
882897
882885
882881
882523
882387
882206
882144
882122
882093
882045
881891
881651
881650
881503
881050
881029
880963
880920
880851
880629
880597
880584
880499
880460
880359
880262
880111
880053
879905
879762
879720
879654
879599
879570
879551
879551
879543
879505
879451
879336
879112
878933
878812
878268
878131
878043
877950
877733
877708
877682
877665
877482
877286
877282
877154
876674
876636
876579
876511
876507
876254
876151
876022
875996
875957
875874
875870
875639
875619
875575
875448
875422
875269
875180
875139
875123
874842
874829
874657
874526
874267
874266
874240
874239
874196
874164
874071
873939
873884
873772
873602
873493
873341
873318
873196
873177
872981
872978
872791
872585
872499
872436
872422
872372
872241
872217
872199
871998
871975
871916
871902
871678
871627
871608
871306
871234
871010
870942
870775
870618
870463
870457
870441
870412
870405
870186
870043
870029
869887
869691
869617
869611
869598
869370
869270
869074
868877
868857
868848
868753
868558
868458
868416
868382
868377
868376
868330
868146
868109
867755
867616
867566
867141
867024
866957
866885
866877
866703
866424
866216
866196
866179
866010
865976
865939
865880
865770
865647
865463
865387
865179
865163
865154
865021
865010
864948
864334
864273
864218
864134
864130
863993
863644
863612
863439
863421
863381
863350
863248
863207
863050
862919
862619
862430
862386
862184
862143
861940
861722
861666
861588
861339
861293
861268
861198
861185
861131
860927
860869
860853
860687
860669
860635
860625
860564
860562
860401
860396
860313
860246
860154
860085
860038
859992
859977
859823
859609
859478
859439
859426
858932
858897
858895
858778
858768
858559
858505
858489
858320
858137
858136
858110
858012
858004
857996
857824
857646
857628
857569
857550
857483
857347
857333
857067
856892
856867
856777
856675
856541
856133
856068
856061
855987
855943
855934
855906
855877
855840
855809
855575
855530
855282
855237
855163
855059
854866
854482
854309
854057
854035
854034
853930
853593
853525
853463
853437
853436
853254
853246
853110
853043
852872
852865
852813
852774
852769
852648
852392
852290
852188
851992
851946
851575
851451
851323
851160
851081
851034
850931
850920
850730
850710
850630
850610
850609
850433
850421
850385
850385
850347
850234
850192
850070
850012
849890
849855
849845
849333
849332
849207
849197
849160
848997
848673
848485
848443
848235
848142
848077
848032
847949
847831
847800
847795
847407
847329
847264
847240
847214
847135
846906
846876
846830
846699
846637
846571
846410
846321
846320
846201
846058
846026
845942
845856
845813
845777
845742
845719
845640
845597
845444
845314
845215
845209
845134
845035
844916
844831
844807
844693
844625
844552
844479
844456
844451
844447
844191
844121
844060
843973
843808
843741
843687
843401
843359
843306
843305
843036
842941
842896
842878
842865
842757
842677
842337
842307
842237
842197
841743
841729
841724
841628
841532
841529
841528
841449
841320
841226
841136
841127
840835
840825
840727
840698
840544
840405
840049
840046
840044
839986
839967
839826
839822
839670
839449
839300
839296
839277
839254
839208
839137
838981
838921
838696
838668
838665
838612
838611
838466
838429
838364
838270
838225
837977
837691
837671
837623
837608
837584
837313
837312
837183
837084
837024
836965
836864
836863
836860
836627
836609
836195
836192
835960
835928
835860
835536
835534
835122
834965
834964
834863
834714
834672
834666
834648
834560
834397
834220
834084
833809
833800
833551
833480
833473
833457
833432
833385
833383
833356
833274
833235
833085
832984
832850
832755
832606
832532
832334
832319
832290
832264
832166
832080
831916
831637
831612
831242
831224
831100
830867
830658
830624
830354
830215
830089
829995
829989
829887
829873
829783
829548
829451
829329
829179
828766
828676
828524
828514
828511
828453
828438
828221
828130
828096
827899
827669
827627
827597
827525
827523
827358
827288
827221
827105
827085
827025
826868
826716
826705
826662
826635
826583
826516
826469
826381
826369
826200
825920
825728
825723
825667
825540
825440
825389
825200
825134
825112
825043
824807
824739
824553
824552
824354
824328
824326
824232
823989
823920
823874
823574
823559
823552
823550
823539
823483
823476
823420
823379
823335
823144
823090
822876
822853
822741
822506
822393
822196
821973
821923
821911
821861
821814
821539
821474
821455
821423
821389
821024
820840
820771
820534
820480
820327
820110
820019
819958
819839
819808
819701
819700
819657
819555
819545
819427
819387
819363
819141
819130
819067
819050
818966
818869
818784
818782
818770
818718
818685
818604
818449
818431
818403
818141
818041
817672
817664
817659
817610
817533
817451
817190
817189
816924
816751
816577
816435
816248
816152
816028
815890
815805
815788
815782
815682
815518
815437
815383
815234
815169
815111
814871
814799
814769
814613
814251
814156
814152
814150
814020
813973
813925
813713
813521
813390
813344
813133
813120
813054
813030
812791
812697
812198
812116
811934
811923
811792
811753
811611
811035
810872
810579
810578
810310
810296
810289
810244
810038
809950
809936
809906
809893
809767
809731
809400
809360
809343
809311
809269
809256
809232
809058
808949
808785
808767
808666
808561
808552
808546
808521
808280
808155
808122
808113
807967
807709
807645
807581
807549
807429
807408
807245
807192
806942
806790
806732
806689
806490
806466
806404
806403
806108
806107
806007
805978
805958
805889
805856
805794
805789
805549
805440
805410
805318
805193
804911
804868
804798
804788
804710
804701
804658
804553
804459
804407
804252
804050
803994
803928
803918
803809
803683
803557
803440
803010
802839
802755
802685
802595
802583
802495
802484
802350
802336
802325
802195
802087
802030
801748
801743
801613
801398
801277
801103
801072
800968
800880
800843
800788
800595
800570
800504
800418
800235
800205
800063
800002
799817
799742
799717
799684
799680
799516
799513
799446
799441
799174
799037
798956
798727
798705
798649
798365
798268
798266
798253
798184
798017
797977
797888
797768
797681
797666
797661
797650
797541
797334
797298
797217
797168
796931
796870
796704
796639
796579
796507
796408
796360
796332
796189
795968
795810
795681
795573
795538
795312
795194
795185
795175
795082
795032
794698
794660
794623
794426
794244
794108
793829
793614
793128
793012
792999
792996
792988
792971
792970
792939
792927
792772
792654
792510
792459
792446
792417
792362
792073
792007
791890
791617
791503
791495
791208
791145
791085
790892
790864
790789
790750
790587
790399
790376
789882
789587
789513
789482
789423
789402
789261
789167
789149
789117
788989
788959
788958
788859
788824
788748
788730
788617
788576
788459
788275
788251
788180
788174
788170
787807
787688
787367
787110
786956
786919
786878
786784
786697
786420
786412
786397
786350
786334
786312
786118
786053
785805
785766
785734
785718
785695
785569
785472
785387
785253
785230
785207
785193
785082
784970
784687
784405
784387
784236
784199
783918
783811
783670
783666
782996
782945
782864
782761
782739
782681
782674
782561
782514
782399
782359
782344
782304
782251
782235
782092
782088
781849
781769
781728
781608
781453
781444
781394
781344
781333
781188
780942
780934
780869
780822
780821
780647
780570
780563
780556
780528
780517
780480
780449
780443
780420
780296
780117
780029
780013
780008
779911
779745
779639
779618
779535
779365
779302
779020
778875
778775
778758
778623
778623
778524
778521
778466
778237
778075
777897
777630
777434
777325
777313
777188
777134
777118
776876
776752
776638
776521
776500
776324
776128
776040
775980
775978
775948
775808
775632
775434
775354
775092
775088
775038
774898
774759
774599
774372
774347
774187
774089
774051
773873
773423
773319
773276
772785
772778
772755
772718
772624
772604
772543
772416
772390
772387
772274
772231
772020
771622
771621
771439
771386
771104
771000
770923
770908
770846
770778
770739
770668
770558
770440
770374
770291
770225
770047
769903
769672
769644
769625
769622
769414
769387
769101
769099
769076
769067
768747
768705
768487
768463
768429
768297
768230
768100
768064
768049
767900
767878
767839
767839
767790
767764
767633
767552
767451
767367
767289
767072
766846
766664
766513
766494
766471
766460
766291
766280
765931
765900
765866
765475
765457
765437
765397
765161
764936
764907
764705
764674
764557
764500
764430
764405
764344
763916
763875
763874
763781
763652
763567
763546
763287
763279
763252
763234
763109
763066
762991
762954
762943
762797
762624
762585
762476
762332
762249
762164
762088
761892
761882
761828
761817
761529
761513
761418
761323
761261
761237
761206
761204
761141
760947
760918
760808
760791
760783
760761
760744
760683
760678
760441
760424
760339
760201
760170
759964
759961
759865
759612
759598
759594
759563
759562
759482
759423
759403
759385
759021
758999
758912
758819
758804
758481
758259
758152
758129
758051
757960
757785
757547
757492
757407
757310
757192
757152
757085
756756
756697
756645
756637
756595
756028
755938
755793
755624
755428
755354
755265
755002
754931
754808
754693
754681
754501
754384
754362
754357
754289
754210
754182
754172
754151
754114
754097
754017
754009
754005
753944
753889
753800
753794
753720
753617
753604
753535
753526
753475
753209
753199
753126
753083
752821
752738
752667
752619
752539
752537
752475
752386
752317
752145
752072
752071
752029
751795
751685
751511
751504
751497
751279
751277
751054
751039
750714
750610
750493
750484
750477
750475
750454
750453
750397
750391
750274
750238
750116
750087
750048
749423
749369
749336
749303
749293
749147
749073
749027
748964
748909
748831
748309
748296
748107
748043
747564
747557
747344
747318
747253
747214
747124
747124
747067
746920
746789
746593
746552
746407
746278
746173
745960
745888
745733
745272
745262
745226
744931
744920
744916
744906
744903
744813
744738
744640
744602
744592
744588
744388
744338
744182
744154
744044
743925
743821
743655
743581
743518
743437
743279
743100
742978
742970
742950
742919
742871
742837
742816
742676
742493
742388
742280
742258
742248
742245
741858
741791
741758
741747
741722
741579
741341
741323
741222
741220
741162
741092
741006
740890
740838
740776
740653
740652
740604
740458
740423
740347
740267
740254
740077
740053
739921
739633
739399
739184
739157
739053
738836
738780
738766
738624
738596
738346
738241
738184
738174
738143
737542
737466
737454
737312
737311
737265
737168
737073
736974
736884
736870
736845
736800
736706
736631
736580
736531
736528
736187
736090
735958
735869
735708
735520
735517
735430
735064
735013
735013
734996
734967
734907
734903
734870
734792
734763
734711
734706
734618
734618
734555
734534
734520
734443
734313
734286
734209
733831
733750
733560
733496
733209
733154
733137
733111
733020
732886
732806
732793
732761
732656
732636
732581
732553
732419
732208
732104
732090
731866
731831
731720
731713
731670
731617
731576
731464
731414
731213
730995
730954
730953
730907
730735
730700
730600
730597
730564
730360
730174
730107
729801
729775
729746
729681
729636
729623
729593
729526
729481
729409
729342
729262
729198
729025
728991
728749
728743
728614
728543
728441
728388
728339
728285
728285
728245
728135
728051
727982
727946
727914
727789
727529
727207
727170
726988
726851
726680
726617
726544
726508
726259
726150
726136
726084
725942
725908
725247
725200
725093
725000
724955
724870
724742
724695
724658
724554
724550
724309
724238
724079
723925
723896
723853
723852
723831
723718
723594
723594
723311
723230
723136
723080
722949
722625
722573
722457
722379
722319
722187
722101
722064
721716
721682
721534
721419
721333
721330
721201
721097
720699
720560
720494
720420
720415
720397
720375
720348
720268
720176
720157
720121
719998
719834
719681
719404
719355
719310
719305
719152
718929
718829
718647
718505
718454
718352
718336
717999
717873
717820
717529
717317
717131
717039
717018
716903
716828
716817
716718
716601
716005
715900
715894
715772
715731
715700
715255
715236
715227
715128
715101
714996
714991
714890
714744
714585
714509
714506
714489
714372
714310
714288
714278
714268
714246
714141
714134
714107
713869
713740
713367
713175
713111
713036
713025
712864
712847
712291
712218
712206
712040
711907
711906
711752
711628
711605
711602
711596
711456
711454
711392
711374
711361
711005
710994
710785
710603
710597
710553
710476
710446
710393
710297
710173
710147
710136
709765
709734
709701
709359
709338
709264
709133
709040
708863
708846
708745
708741
708524
708405
708132
708071
707846
707760
707525
707415
707335
707331
706959
706731
706633
706587
706575
706555
706504
706296
706254
706084
706011
705266
705198
704962
704803
704705
704506
704302
704058
704053
703783
703595
703592
703507
703318
703299
703296
703249
703166
703151
702866
702822
702733
702649
702500
702470
702465
702301
702056
701715
701638
701481
701064
700943
700917
700806
700789
700755
700678
700656
700491
700487
700286
700156
700146
700121
699902
699748
699741
699684
699638
699592
699476
699175
699119
699032
699017
698999
698999
698962
698934
698820
698691
698454
698301
698289
698163
698088
697992
697920
697453
697443
697364
697358
697003
696718
696716
696534
696406
696128
696034
695981
695713
695621
695514
695363
695357
695325
695248
695136
695101
694836
694806
694780
694431
694379
694350
694307
694298
694228
694164
694136
693971
693746
693660
693626
693354
693324
693269
693213
693083
693073
692864
692699
692687
692683
692682
692525
692386
692262
692245
692244
692109
692040
691668
691604
691563
691293
691284
691199
691079
691061
690885
690880
690875
690295
690044
689986
689935
689906
689894
689893
689753
689745
689733
689730
689574
689566
689538
689392
689324
689296
689100
688937
688593
688499
688434
688305
688289
688235
688225
687864
687403
687373
687133
687072
687072
687031
686868
686806
686691
686594
686475
686415
686388
685879
685847
685826
685645
685441
685406
685353
685178
685022
684863
684783
684744
684626
684609
684330
684244
684240
684185
684134
683850
683704
683643
683506
683424
683350
683135
682811
682729
682465
682363
682221
682128
682011
682005
681946
681895
681874
681762
681720
681618
681580
681546
681534
681472
681399
681320
681263
681197
681000
680799
680758
680606
680440
680432
680428
680327
680289
680051
679801
679598
679554
679491
679455
679360
679140
679112
678977
678971
678652
678435
678397
678344
678294
678038
677982
677931
677882
677840
677683
677676
677613
677574
677571
677381
677360
677352
677299
677295
677229
677196
677166
677056
676909
676849
676756
676725
676531
676496
676366
676295
676262
676223
676105
675623
675608
675064
675049
675028
674733
674651
674508
674490
674485
674363
674316
674239
674148
674095
674040
674009
673995
673988
673929
673868
673856
673779
673653
673606
673521
673473
673460
673433
673397
673366
673263
673103
672956
672943
672913
672717
672697
672603
672599
672475
672370
672325
672243
672056
672036
671938
671881
671636
671592
671394
671339
671321
671270
671245
671191
671020
670961
670865
670792
670541
670378
670279
670021
669988
669939
669915
669872
669753
669722
669630
669629
669531
669521
669485
669389
669333
669315
668975
668952
668918
668910
668805
668801
668615
668554
668327
668259
668212
668075
667890
667844
667790
667736
667695
667685
667618
667400
667103
666585
666498
666362
666343
666338
666265
666128
666110
665964
665960
665732
665512
665492
665446
665353
665267
664935
664895
664847
664781
664633
664487
664473
663967
663964
663913
663819
663513
663450
663445
663221
663153
663114
663021
663009
662890
662842
662824
662809
662794
662764
662585
662568
662548
662541
662487
662423
662376
662280
662227
662153
661745
661742
661718
661570
661393
661022
660743
660575
660500
660239
660214
660169
660043
659959
659695
659663
659593
659576
659572
659535
659518
659249
659174
659095
659033
658968
658929
658733
658688
658460
658260
657952
657929
657901
657880
657763
657719
657635
657612
657529
657496
657477
657442
657392
657237
657044
657004
656985
656833
656812
656730
656695
656620
656449
656415
656219
655880
655714
655670
655582
655129
654969
654783
654460
654297
654212
654167
654143
653960
653896
653868
653761
653503
653350
653318
653216
653090
653016
653015
652886
652752
652480
652450
651935
651929
651810
651573
651495
651326
651299
651140
651066
651019
650966
650880
650847
650835
650486
650399
650161
650054
650033
649957
649695
649674
649579
649511
649325
649305
649285
649185
649185
649066
648995
648950
648807
648757
648367
648310
648137
648101
647862
647830
647808
647758
647694
647663
647278
647252
647196
647085
647021
646916
646652
646578
646420
646299
645978
645844
645758
645632
645214
645154
645111
645091
645047
644886
644737
644727
644709
644637
644444
644400
644291
644182
644157
643984
643830
643724
643706
643544
643531
643225
643151
643059
643037
642971
642619
642572
642413
642393
642302
642289
642190
642080
642019
642001
641910
641641
641610
641526
641456
641373
641299
641285
641238
641080
641041
640914
640886
640872
640858
640574
640535
640525
640409
640353
640061
639815
639732
639586
639528
639399
639283
639163
639137
639096
638992
638832
638743
638719
638452
638364
638326
638111
637731
637509
637366
637027
637003
636844
636837
636752
636724
636511
636406
636278
636272
635933
635932
635819
635789
635604
635497
635440
635299
634957
634609
634573
634546
634397
634366
634323
634310
634258
634249
634154
634103
633867
633843
633754
633743
633734
633707
633578
633575
633480
633050
632955
632928
632899
632860
632791
632760
632755
632728
632690
632599
632470
632403
632285
632240
632023
632012
631982
631917
631764
631628
631609
631583
631551
631508
631503
631474
631404
631355
631274
631173
631030
630995
630873
630672
630397
630340
630279
629931
629764
629721
629685
629545
629328
629096
629050
628947
628781
628732
628633
628560
628444
628412
628408
628266
628200
628198
628039
627934
627849
627841
627730
627718
627539
627462
627237
627188
627116
627100
627047
627000
626951
626928
626601
626584
626281
626236
626117
625917
625788
625780
625571
625423
625413
625371
625239
625211
625182
625179
625177
625134
625037
624966
624849
624733
624599
624528
624493
624435
624321
624289
624281
624148
624010
623797
623763
623686
623521
623404
623381
623304
623240
623132
623121
623064
622970
622889
622801
622793
622690
622634
622476
622424
622387
622350
622278
622188
622078
621980
621908
621841
621800
621758
621712
621479
621202
621143
620861
620589
620583
620544
620428
620366
620290
620066
620054
619923
619902
619889
619867
619821
619780
619682
619479
619438
618913
618787
618603
618598
618577
618559
618489
618221
618158
618139
617997
617864
617763
617755
617738
617700
617543
617408
617101
617071
617061
616835
616773
616658
616595
616414
616304
616303
616289
616208
616182
615951
615900
615884
615717
615690
615681
615516
615492
615411
615349
615296
615268
615107
615051
614690
614634
614327
614203
613955
613914
613858
613681
613511
613211
613052
612885
612841
612797
612507
612233
612130
612082
612072
612031
612013
611877
611800
611744
611722
611641
611446
611441
611362
611154
611141
611081
610933
610932
610931
610913
610874
610774
610639
610582
610272
610259
610225
610218
610044
609993
609803
609770
609251
609249
609163
609137
609003
608946
608451
608443
608246
608194
608056
607803
607661
607525
607484
607310
607309
607278
607196
607163
607086
606989
606925
606896
606821
606633
606355
606063
606011
605983
605872
605862
605824
605783
605687
605659
605534
605451
605140
605007
604691
604680
604642
604600
604433
604370
604311
604293
604290
604224
604224
604081
604005
603909
603766
603639
603586
603511
603482
603366
603331
602926
602880
602861
602751
602743
602600
602593
602482
602438
602422
602299
602259
601896
601865
601857
601724
601691
601504
601430
601401
601352
601320
601279
601159
601004
600979
600784
600665
600464
600255
600222
600212
600120
599947
599672
599467
599303
599217
599182
599122
598879
598745
598725
598457
598434
598411
598357
598322
598264
598062
598005
597994
597920
597890
597848
597733
597708
597606
597561
597374
597354
597280
596948
596885
596759
596751
596747
596673
596342
596314
596151
595811
595467
595422
595401
595377
595217
595087
595083
594928
594910
594863
594793
594703
594663
594656
594502
594473
594446
594308
594291
594280
594082
594069
593686
593616
593603
593599
593572
593523
593403
593074
593074
593003
592987
592762
592660
592658
592565
592395
592365
592354
592253
591797
591692
591688
591674
591669
591429
591424
591157
591026
590909
590863
590834
590805
590643
590469
590432
590362
590256
590249
590141
590132
590066
589931
589731
589522
589407
589374
589333
589318
589247
588925
588870
588642
588601
588485
588395
587789
587766
587753
587744
587707
587683
587676
587616
587590
587580
587514
587490
587317
587282
587271
587221
586692
586670
586663
586662
586543
586375
586324
586258
586130
586052
586009
585920
585894
585773
585745
585624
585594
585577
585531
585379
585226
585189
584917
584905
584803
584688
584661
584417
584354
584302
583974
583863
583622
583462
583443
583416
583284
583240
583221
583189
583069
582955
582907
582884
582813
582772
582698
582530
582518
582504
582352
582169
581723
581652
581594
581440
581405
581395
581391
581383
581378
581376
581306
580970
580967
580937
580912
580864
580616
580408
580181
580122
579880
579770
579739
579545
579347
579088
578967
578907
578860
578794
578548
578514
578479
578434
578402
578360
578353
578039
577926
577892
577850
577771
577488
577291
577214
577012
576880
576762
576754
576724
576677
576235
576193
575796
575708
575656
575461
575460
575227
575096
575000
574849
574818
574581
574567
574530
574423
574223
574101
574089
573951
573782
573775
573758
573708
573627
573321
573194
573193
573089
572745
572534
572235
572178
572053
571831
571753
571716
571701
571678
571251
571172
571163
571026
570893
570820
570666
570645
570618
570612
570556
570537
570507
570454
570416
570291
570243
570205
570173
570092
569943
569911
569851
569820
569743
569724
569700
569688
569683
569657
569650
569639
569615
569370
568884
568735
568655
568511
568427
568361
568157
568119
567624
567411
567386
567296
567289
567187
567149
566765
566761
566663
566663
566655
566521
566480
566480
566442
566220
566158
565988
565861
565782
565664
565634
565559
565535
565456
565422
565377
564788
564767
564727
564634
564400
564346
564337
564239
563164
563152
563081
563072
562943
562717
562590
562587
562557
562487
562345
562206
562122
561920
561901
561892
561823
561750
561614
561560
561535
561406
561153
561117
561115
561086
560925
560924
560600
560576
560565
560536
560525
560422
560265
560139
559966
559854
559807
559728
559555
559453
559336
559327
559308
559145
559131
558914
558682
558519
558492
558160
558110
558081
557946
557632
557479
557432
557360
557263
557160
557096
557027
557013
556975
556889
556801
556741
556593
556475
556362
556299
556276
556138
555970
555919
555770
555769
555742
555641
555521
555497
555475
555423
555422
555331
555099
554939
554899
554805
554764
554596
554593
554549
554467
554440
554303
554283
553867
553769
553635
553588
553543
553528
553524
553423
553408
553396
553287
553260
553116
552776
552664
552530
552401
552382
552303
552254
552177
552151
552016
552002
551787
551786
551741
551700
551686
551420
551409
551134
551107
550888
550749
550746
550595
550528
550310
550246
550220
550069
549939
549910
549552
549472
549404
549107
549029
548956
548910
548614
548476
548463
548425
548425
548371
548339
548302
548266
548228
548156
547890
547815
547709
547598
547563
547432
547234
547160
546887
546827
546779
546724
546690
546665
546500
546301
546224
546118
546036
546029
545684
545306
545157
545135
544841
544809
544790
544669
544601
544589
544508
544270
544167
543929
543926
543815
543580
543527
543439
543392
543368
543246
543154
543126
542922
542902
542883
542841
542795
542763
542740
542617
542514
542506
542190
541804
541719
541652
541643
541612
541457
541339
541286
540888
540858
540704
540588
540575
540432
540426
540393
540229
540150
539984
539970
539900
539894
539883
539562
539413
539072
538653
538543
538323
538313
538302
538232
538124
537965
537960
537767
537648
537501
537487
537379
537354
537311
537185
537157
537088
537087
537046
536941
536729
536711
536616
536240
536110
536057
536004
535885
535795
535584
535348
535305
535296
535288
535262
534948
534873
534740
534676
534673
534411
534377
534367
534338
534330
534325
534270
534225
534207
534205
534066
533930
533687
533635
533546
533412
533390
533192
533188
533135
533097
533097
532928
532886
532636
532447
532138
532000
531938
531934
531899
531857
531803
531458
531351
531346
531315
531254
531180
531038
530898
530608
530568
530557
530533
530519
530517
530481
530390
530330
530325
530290
530156
529964
529872
529872
529747
529704
529539
529530
529498
529412
529315
529300
529169
529142
529134
529087
529036
528920
528882
528871
528758
528422
528358
528283
528155
528072
527730
527717
527557
526881
526724
526641
526633
526519
526412
526332
526247
526243
526083
526062
526042
525888
525831
525746
525738
525600
525507
525425
525398
525304
525149
525067
524999
524965
524729
524578
524533
524490
524423
524229
524225
524147
524086
524026
523986
523890
523707
523621
523505
523253
523222
523187
523073
523069
522651
522531
522525
522317
522148
522052
521710
521676
521564
521414
521285
521166
521134
520959
520944
520925
520820
520720
520703
520528
520348
520341
520311
520259
520183
520182
520170
520162
520126
520025
519950
519937
519844
519749
519709
519639
519622
519452
519351
519043
519014
518689
518623
518609
518573
518550
518510
518409
518368
518316
518257
518201
518039
517992
517799
517766
517715
517609
517466
517415
517212
516996
516876
516837
516673
516518
516508
516473
516300
516279
516086
515936
515930
515710
515661
515368
515361
515263
514929
514875
514801
514758
514555
514534
514513
514466
514368
514301
514202
514081
513940
513904
513840
513771
513673
513293
513058
512991
512947
512741
512712
512680
512657
512305
512295
512242
512190
512172
511972
511884
511456
511431
511297
511207
511142
511123
511102
511035
510902
510894
510874
510854
510778
510722
510686
510626
510578
510001
509970
509906
509873
509659
509458
509188
509023
509011
508993
508970
508948
508699
508690
508642
508593
508464
508415
508267
508116
508115
508096
508062
507882
507842
507795
507710
507649
507440
507249
506990
506946
506923
506713
506630
506543
506531
506443
506402
506168
505939
505832
505813
505662
505455
505449
505420
505352
505334
505074
505009
504911
504855
504590
504400
504324
504111
503981
503704
503643
503560
503514
503480
503469
503370
503359
503297
503267
503261
503260
503073
502904
502855
502826
502614
502462
502427
502277
502214
502178
502114
502053
502007
501876
501823
501719
501540
501352
501222
501123
501048
501026
501022
501003
500978
500875
500835
500650
500576
500311
500274
500239
500227
499931
499857
499782
499733
499564
499521
499517
499469
499321
499078
498902
498882
498868
498813
498383
498203
497933
497777
497600
497588
497560
497546
497413
497410
497406
497404
497373
497232
497146
497060
496911
496889
496704
496680
496583
496542
496514
496317
496281
496224
496221
495805
495495
495445
495397
495397
495366
495335
495326
495229
495089
495085
495063
495057
495017
494942
494619
494612
494547
494536
494500
494346
494298
494177
493997
493929
493717
493613
493565
493552
493544
493511
493366
493321
493304
493288
493244
493218
493189
493172
493168
493068
493013
493009
492982
492972
492967
492672
492423
492202
492012
491853
491504
491369
491337
491291
490952
490943
490931
490908
490780
490766
490488
490479
490376
490325
489884
489866
489601
489369
489368
489362
489287
489275
489247
489189
489116
489096
488959
488926
488925
488900
488831
488765
488676
488587
488567
488434
488300
488043
487874
487817
487578
487511
487407
487366
487081
487058
486998
486730
486431
486331
486151
485918
485849
485821
485543
485478
485410
485355
485351
485252
485167
485164
485145
485137
485039
484562
484552
484330
484315
484192
484168
484104
483965
483960
483866
483603
483572
483559
483492
483482
483474
483469
483440
483359
483190
483056
482957
482888
482885
482859
482793
482728
482595
482553
482543
482464
481488
481453
481426
481411
481246
481060
480927
480919
480703
480426
480036
479956
479809
479778
479728
479353
479159
479137
478792
478617
478613
478605
478587
478491
478470
478427
478411
478365
478183
478122
478088
478022
477877
477631
477513
477485
477182
477181
477132
477094
476754
476658
476438
476427
476147
476107
476048
476043
475923
475862
475857
475810
475749
475640
475611
475516
475479
475458
475453
475435
475424
475401
475274
475129
475020
475014
474944
474826
474581
474566
474428
474386
474368
474357
474305
474299
474249
474147
473980
473885
473876
473840
473797
473797
473756
473699
473663
473626
473554
473490
473238
473230
472991
472953
472949
472924
472857
472738
472733
472716
472676
472486
472159
472125
472059
472051
471976
471843
471733
471594
471509
471413
471392
471080
471003
470843
470633
470560
470478
470465
470439
470232
470049
470004
469983
469972
469833
469685
469666
469560
469497
469453
469424
469417
469409
469322
469302
469240
469152
469056
469008
468663
468614
468438
467986
467869
467812
467704
467640
467617
467236
467145
466649
466613
466258
466151
466090
465984
465919
465897
465322
465104
465057
464887
464837
464743
464736
464480
464359
464291
464214
464106
464021
463859
463787
463742
463466
463448
463365
463272
463053
462970
462934
462736
462645
462567
462446
462424
462414
462346
462313
462289
462223
462107
462012
461886
461790
461767
461736
461723
461628
461580
461037
461033
460950
460775
460515
459982
459904
459902
459840
459821
459725
459647
459534
459369
459125
459009
459003
458786
458758
458510
458436
458302
458288
458214
458137
457979
457964
457956
457862
457787
457667
457597
457551
457478
457438
457071
457042
457018
456868
456780
456709
456580
456572
456529
456450
456435
456276
456246
456074
456011
455824
455779
455749
455707
455604
455549
455338
455283
455165
454824
454728
454635
454521
454285
454279
454257
453929
453885
453754
453537
453504
453490
453163
453124
453117
453018
452929
452458
452449
452246
452217
451895
451862
451586
451521
451468
451447
451440
451293
451284
451276
451134
450977
450952
450921
450757
450584
450313
450244
450129
450066
449906
449669
449616
449548
449487
449424
449410
449407
449365
449195
449179
449151
449085
448861
448700
448466
448419
448347
448317
448128
447803
447530
447510
447501
447442
447383
446923
446864
446856
446808
446786
446634
446301
446249
446222
446222
445928
445912
445790
445649
445621
445310
445261
445150
444916
444898
444494
444363
444285
444220
444202
444181
443994
443987
443886
443872
443768
443750
443560
443245
443201
443189
443180
443180
442971
442945
442874
442689
442688
442669
442644
442560
442423
442218
442118
442066
442028
442027
441829
441659
441627
441626
441520
441502
441307
441173
441056
440880
440836
440743
440632
440453
440421
440394
440337
440284
440279
440196
440155
440092
440076
440026
439896
439813
439744
439634
439621
439560
439389
439381
439304
439271
439049
439047
439036
438931
438602
438434
438302
438271
438110
438080
438003
437782
437651
437512
437407
437269
437262
437238
437224
437004
437001
436951
436813
436793
436783
436670
436652
436462
436263
436263
436180
436127
436005
435877
435864
435516
435483
435350
435328
435265
435214
435164
435152
435134
435125
434971
434937
434817
434760
434758
434752
434739
434639
434533
434529
434468
434458
434394
434309
434302
433995
433983
433975
433923
433872
433806
433795
433756
433687
433659
433652
433628
433516
433511
433456
433108
432979
432978
432933
432632
432594
432335
432048
431860
431582
431556
431359
431123
431067
430920
430907
430503
430404
430316
430270
430261
430203
430085
429851
429760
429684
429614
429512
429373
429350
429096
429079
429026
428913
428910
428878
428737
428588
428551
428547
428488
428402
428396
428383
428379
428351
428159
428148
428129
428062
428022
427642
427568
427482
427401
427368
427304
427003
426898
426813
426582
426582
426572
426520
426446
426208
425946
425916
425839
425833
425782
425713
425526
425132
425071
425050
425010
424780
424742
424533
424510
424505
424494
424366
424356
424120
423972
423901
423833
423795
423677
423643
423588
423498
423487
423462
423317
423173
423079
423065
422893
422882
422748
422641
422602
422536
421945
421941
421503
421265
421222
421156
421122
420888
420830
420664
420493
420370
420303
420160
420083
419979
419904
419903
419880
419835
419667
419445
419279
419169
419003
418973
418938
418766
418714
418644
418576
418446
418380
418338
418235
418118
418115
417925
417665
417589
417521
417377
417355
417216
417183
416909
416866
416806
416682
416633
416285
416221
416216
416162
415943
415516
415512
415443
415253
415251
414968
414908
414454
414323
414321
414270
414252
414190
414140
414101
413818
413779
413702
413625
413427
413315
413290
413202
412971
412814
412797
412714
412690
412642
412554
412544
412397
412348
412330
412189
412086
412067
411882
411697
411448
411377
411024
410975
410869
410793
410715
410278
410244
410138
410027
409981
409791
409696
409628
409625
409600
409581
409543
409515
409183
409087
409087
409069
409050
408775
408546
408214
408157
408136
407859
407768
407714
407644
407629
407629
407595
407481
407406
407177
407167
407148
407082
407056
406954
406891
406861
406616
406437
406408
406406
406198
406190
406076
405940
405934
405160
405089
404905
404852
404832
404827
404658
404641
404358
404337
403972
403898
403730
403629
403571
403567
403530
403338
403165
403085
403039
403031
402947
402793
402747
402725
402715
402622
402598
402506
402478
401956
401641
401491
401117
401077
401052
400996
400808
400407
400318
400283
399889
399830
399803
399796
399648
399570
399401
399247
399104
399104
398977
398934
398919
398777
398641
398621
398596
398570
398530
398172
397950
397868
397835
397765
397614
397554
397399
397355
397322
397297
397271
396943
396936
396838
396775
396458
396374
396295
396271
396125
395954
395656
395567
395416
395207
395045
395020
395000
394926
394854
394547
394402
394313
394304
394223
394203
394184
394002
393895
393794
393775
393607
393554
393519
393477
393423
393271
393264
393193
393138
393129
393032
392977
392912
392878
392803
392321
392069
391963
391905
391627
391575
391571
391378
391373
391370
391266
391264
391195
391192
391192
391108
390877
390867
390673
390662
390654
390652
390633
390488
390423
390408
390390
390358
390333
390254
390102
389874
389856
389809
389693
389615
389516
389250
389184
389002
388980
388919
388476
388471
388153
387968
387940
387847
387807
387788
387562
387337
387032
386925
386892
386869
386802
386695
386573
386522
386478
386338
386332
386202
386092
386067
385954
385642
385319
385292
385288
385162
385038
384994
384947
384758
384647
384622
384297
384295
384284
384254
384187
384173
384016
383806
383724
383524
383501
383474
383399
383373
382928
382928
382755
382659
382462
382222
382184
382121
382118
382030
381963
381950
381908
381905
381772
381713
381607
381543
381495
381457
381409
381279
381166
381131
381130
381126
381016
380902
380612
380481
380476
380253
380180
380110
380003
379937
379663
379622
379550
379489
379248
379239
379139
379125
379082
379031
378884
378713
378514
378506
378402
378255
378200
378058
378046
378006
377788
377735
377732
377633
377541
377147
377053
377049
376837
376514
376272
376146
376049
375909
375872
375824
375819
375708
375615
375606
375524
375521
375413
375342
375137
375030
374903
374886
374548
374504
374276
374233
374189
374141
374031
373903
373894
373856
373692
373598
373550
373543
373513
373358
373351
373304
373238
373159
373107
373102
372918
372902
372841
372841
372564
372497
372402
372393
372284
372265
372174
371861
371843
371711
371544
371529
371376
371168
371134
371021
370819
370730
370699
370682
370588
370547
370349
370259
370256
370024
369977
369527
369335
369320
369318
369265
369229
369118
368920
368829
368745
368636
368473
368319
368315
368288
367936
367831
367773
367652
367612
367583
367580
367540
367486
367417
367401
367300
367210
367152
367069
366978
366811
366678
366648
366511
366068
366054
365977
365632
365594
365447
365196
365042
364809
364798
364785
364785
364683
364668
364634
364569
364534
364459
364204
364199
364127
364092
364015
363934
363909
363734
363660
363657
363415
363360
363328
363281
363193
363083
362881
362665
362557
362501
362500
362497
362234
362186
362145
362139
361687
361184
361166
360962
360951
360943
360916
360887
360785
360576
360575
360079
359981
359916
359805
359756
359547
359417
359280
359170
359084
359002
358854
358769
358596
358540
358413
358400
358365
358024
357959
357930
357818
357788
357601
357513
357467
357429
357291
357247
356987
356862
356695
356585
356575
356540
356426
356330
356252
356247
356122
356095
355876
355744
355686
355505
355430
355299
355107
354964
354879
354721
354705
354688
354624
354612
354583
354491
354395
354074
354036
353975
353968
353967
353768
353760
353760
353713
353690
353568
353522
353505
353336
353267
353230
353173
353014
352763
352710
352600
352535
352523
352507
352422
352410
352384
352238
352237
352131
352012
351977
351937
351820
351783
351653
351511
351363
351338
351336
351132
350736
350708
350680
350456
350404
350394
350355
350239
350120
350111
349899
349868
349814
349771
349707
349574
349513
349470
349432
349388
349245
349181
349131
349119
349108
348943
348855
348752
348716
348697
348543
348374
348330
348136
347962
347949
347939
347845
347693
347641
347531
347433
347376
347222
347087
347065
347033
346859
346650
346534
346454
346448
346405
346344
346319
346153
346132
346044
345993
345970
345886
345726
345634
345574
345431
345351
345150
345094
344879
344834
344779
344751
344303
344189
344179
344097
343937
343863
343830
343786
343745
343735
343664
343462
343326
343190
343176
343057
342978
342967
342944
342932
342920
342822
342689
342674
342667
342537
342295
342235
342234
342198
342039
342002
341980
341793
341739
341709
341628
341599
341524
341416
341154
341038
340793
340589
340511
340209
339962
339718
339698
339583
339460
339412
339375
339208
339138
338916
338768
338701
338472
338360
338279
338171
338170
337841
337838
337826
337766
337751
337593
337541
337508
337254
337233
336989
336889
336822
336679
336666
336656
336514
336488
336469
336391
336382
336303
336275
336102
336028
335998
335951
335914
335792
335721
335714
335678
335594
335454
335333
335332
334996
334963
334801
334782
334697
334603
334374
334238
334040
333998
333899
333837
333836
333760
333711
333490
333391
333309
333139
333110
332651
332570
332560
332086
332084
332031
331818
331776
331672
331607
331579
331429
331352
331342
331304
331231
330940
330904
330766
330666
330627
330617
330542
330432
330315
330306
330301
330218
330207
330168
329808
329600
329538
329533
329455
329438
329359
329235
329186
329008
328976
328828
328698
328688
327912
327885
327621
327577
327428
327368
327339
327323
327294
327184
327176
326827
326170
326153
326138
326089
325965
325936
325783
325730
325537
325460
325406
325190
325173
324879
324744
324688
324596
324521
324426
324295
324291
324178
324145
323938
323853
323724
323637
323613
323458
323269
323138
322904
322899
322856
322810
322720
322570
322516
322476
322428
322393
322229
322216
322165
322110
322055
321938
321886
321853
321799
321628
321480
321403
321394
321219
321101
321071
320944
320849
320781
320635
320627
320520
320449
320364
320334
320304
320133
320081
319908
319906
319461
319371
319294
319177
318968
318819
318772
318691
318571
318477
318445
318296
318030
317869
317550
317153
317127
316972
316967
316928
316902
316860
316828
316773
316772
316424
316421
316342
316311
316289
316244
316241
316226
316186
316110
316040
315989
315985
315905
315845
315844
315781
315763
315692
315368
315347
315340
315309
315069
315016
314912
314694
314656
314587
314544
314528
314464
314450
314338
314000
313985
313962
313901
313862
313739
313495
313474
313339
313336
313013
312884
312871
312811
312783
312666
312569
312562
312522
312393
312304
312225
312157
311925
311908
311880
311551
311328
311245
311209
310732
310665
310614
310500
310429
310420
310335
310227
310132
310124
310060
309968
309887
309522
309448
309398
309295
309289
309287
309269
309212
309206
308989
308900
308786
308761
308545
308544
308378
308345
308335
308140
307991
307896
307771
307663
307644
307598
307534
307410
307408
307352
307327
307180
307148
307053
306900
306856
306818
306728
306697
306573
306513
306416
306326
306319
306284
306243
306238
306228
305996
305936
305880
305846
305819
305775
305680
305643
305604
305480
305422
305409
305407
305398
305346
305309
305277
305191
305169
304872
304747
304702
304363
304360
304039
303997
303984
303907
303490
303277
303112
303106
303018
303006
303004
302458
302408
302406
302317
302209
302070
302019
301991
301954
301954
301661
301524
301459
301181
301052
301036
300999
300955
300869
300754
300645
300573
300520
300445
300403
300388
300374
300321
300182
299890
299833
299781
299776
299676
299586
299439
299429
299359
299260
299250
299136
298982
298936
298795
298502
298364
298343
298302
298137
298006
297980
297918
297844
297732
297720
297708
297654
297484
297281
297247
297012
296953
296840
296750
296618
296614
296610
296419
296388
296300
296196
295988
295762
295614
295614
295536
295526
295428
295411
295160
295146
295017
294751
294703
294573
294367
294325
294180
294051
293915
293860
293855
293850
293812
293331
293134
293060
293030
293014
292905
292699
292433
292399
292237
292195
292180
292154
292027
291994
291954
291900
291754
291668
291626
291334
291206
291174
291135
290992
290983
290928
290890
290824
290785
290707
290606
290488
290481
290466
290403
290288
290254
290156
289826
289824
289713
289612
289501
289357
289316
289294
289213
289152
289110
289073
289045
288970
288901
288862
288853
288657
288397
288358
288206
288200
288191
287953
287850
287711
287694
287645
287642
287360
287286
287218
286925
286923
286908
286871
286801
286743
286713
286369
286351
286296
286228
286157
286065
285823
285677
285576
285485
285357
285240
285239
285209
285109
285047
284966
284961
284941
284898
284875
284848
284827
284813
284796
284543
284442
284317
283999
283944
283919
283841
283810
283706
283655
283628
283627
283474
283442
283420
283334
283226
283218
283111
282970
282956
282837
282816
282661
282604
282423
282105
282042
281939
281902
281881
281731
281721
281678
281619
281618
281587
281477
281345
281241
281184
281112
280736
280694
280685
280525
280298
280171
279861
279828
279781
279767
279631
279543
279420
279377
279198
279145
279015
278842
278830
278789
278745
278663
278571
278469
278243
278238
278231
278099
277671
277387
277327
277310
277269
277187
277158
277035
276947
276884
276877
276740
276683
276640
276631
276609
276593
276583
276329
276304
276223
275855
275542
275354
275245
275124
275068
275026
274727
274720
274704
274684
274648
274210
274095
274090
274005
273988
273928
273890
273857
273647
273587
273576
273539
273399
273244
273244
273234
273037
272927
272785
272699
272634
272372
272180
272157
272156
272056
272012
271888
271886
271813
271779
271743
271579
271430
271340
271181
271114
270992
270982
270925
270835
270668
270661
270579
270530
270488
270077
270065
269921
269816
269802
269732
269516
269462
269403
269303
269022
268956
268908
268902
268894
268573
268566
268543
268492
268492
268452
268332
268246
268116
268057
267991
267977
267962
267898
267862
267830
267826
267803
267704
267653
267625
267593
267510
267344
267173
267010
266936
266672
266612
266554
266425
266217
266065
265920
265918
265911
265765
265623
265619
265533
265438
265381
265311
264964
264963
264891
264585
264536
264525
264035
263881
263843
263810
263642
263619
263452
263372
263300
263207
263205
262996
262796
262784
262515
262216
262151
262147
262117
262040
261937
261892
261833
261654
261406
261405
261278
261259
261194
261118
261096
261008
260986
260982
260911
260791
260740
260734
260658
260463
260405
260379
260341
260134
260127
260083
260047
259974
259671
259319
259266
259187
259132
259090
258852
258707
258578
258255
258198
258134
258131
258077
258015
257996
257919
257758
257629
257513
257468
257418
257259
257235
257145
257038
257036
256956
256954
256763
256592
256430
256392
256157
256113
255989
255962
255959
255844
255794
255708
255608
255552
255447
255406
255351
255351
255284
255256
255198
255079
255071
254985
254864
254862
254678
254582
254578
254177
254165
254139
254052
254046
253383
253376
253326
253266
252773
252481
252290
252261
251948
251667
251589
251452
251417
251386
251354
251098
251054
250710
250650
250524
250503
250498
250238
250214
250077
250001
249962
249885
249736
249666
249558
249461
249256
249215
249187
249098
249055
249012
249006
248862
248837
248819
248782
248700
248694
248572
248493
248454
248283
248199
248196
248141
248065
247707
247644
247555
247423
247103
246985
246983
246963
246853
246742
246740
246667
246521
246474
246269
246248
246165
246059
245966
245964
245842
245706
245523
245446
245219
245183
245058
245037
244255
244107
243921
243901
243703
243609
243575
243501
243499
243447
243121
242977
242959
242858
242808
242622
242573
242464
242223
242151
241980
241936
241874
241860
241812
241613
241410
241244
241231
241200
240704
240548
240519
240500
240412
240370
240357
240248
240221
240214
240205
240126
240125
239952
239900
239880
239849
239562
239520
239500
239380
239361
239338
239156
239087
239014
238915
238771
238707
238673
238544
238530
238349
238307
238235
238146
238112
237978
237926
237885
237864
237614
237609
237593
237545
237329
237146
236753
236599
236579
236446
236436
236394
236195
236195
236166
235833
235709
235479
235454
235446
234552
234526
234446
234408
234386
234190
233937
233838
233604
233589
233477
233262
233261
233161
233051
233006
232951
232887
232826
232627
232467
232386
232153
232054
231835
231527
231518
231435
231423
231247
231048
230848
230832
230830
230606
230519
230455
230356
230315
230308
230184
229947
229925
229897
229675
229646
229644
229424
229403
229144
229061
229014
229001
228995
228966
228963
228908
228845
228656
228621
228431
228418
228409
228307
228240
228108
228025
228006
227881
227876
227831
227750
227659
227590
227529
227415
227410
227359
227211
227195
227186
227103
226872
226666
226497
226370
226327
226291
226181
226106
226002
225935
225907
225889
225791
225618
225599
225221
225136
225120
224993
224979
224949
224853
224834
224788
224720
224657
224656
224556
224432
224416
224074
223834
223801
223694
223321
223201
223156
222980
222975
222930
222855
222822
222740
222621
222571
222559
222474
222354
222196
222165
222097
221933
221904
221847
221810
221781
221698
221690
221601
221180
220810
220770
220698
220620
220311
220193
220184
220116
219980
219599
219193
219071
218412
218377
218124
217930
217733
217708
217588
217570
217508
217338
217240
217177
217098
217064
216849
216518
216416
216371
216212
216094
215974
215752
215603
215236
215107
215083
214984
214974
214905
214820
214724
214694
214687
214598
214588
214529
214378
214272
214099
213898
213845
213843
213727
213693
213287
213110
213051
212989
212955
212835
212747
212714
212679
212600
212590
212531
212398
212343
212211
211982
211911
211892
211886
211874
211866
211794
211724
211675
211595
211527
211338
211337
210759
210753
210629
210621
210598
210587
210557
210505
210412
210397
210360
210320
210256
210144
210108
209983
209831
209653
209610
209529
209448
209415
209184
209182
209160
209112
209035
208902
208879
208878
208862
208796
208796
208696
208636
208488
208431
208413
208319
208129
207879
207876
207498
207409
207398
207394
207353
207279
207270
207263
207067
206970
206949
206901
206603
206438
206367
206314
205531
205505
205493
205415
205396
205341
205227
205202
205164
204847
204735
204468
204354
204303
204265
204035
203976
203962
203757
203677
203577
203484
203363
203297
203281
203248
202899
202892
202810
202786
202780
202630
202339
201934
201898
201662
201511
201380
201169
200995
200783
200647
200635
200598
200101
199839
199814
199708
199691
199637
199626
199481
199215
199120
198952
198822
198812
198759
198729
198687
198566
198415
198298
198279
198254
198206
198168
198127
198106
197968
197953
197740
197718
197700
197543
197537
196974
196836
196829
196779
196744
196698
196584
196530
196474
196419
196386
196318
196297
196261
196150
196136
195956
195846
195771
195645
195572
195536
195510
195380
195372
195279
195275
195133
195118
195050
195049
194931
194928
194747
194674
194404
194360
194268
194197
194150
193980
193894
193872
193707
193706
193655
193614
193569
193527
193521
193482
193403
193182
193075
193045
192977
192953
192748
192685
192683
192546
192525
192318
192192
192077
191747
191533
191518
191443
191340
191187
191172
191164
191006
190927
190708
190530
190321
190251
190200
190168
190124
190124
190068
190061
189910
189844
189673
189648
189523
189407
189379
189367
189298
189254
189220
189148
188915
188882
188814
188596
188440
188391
188308
188107
187818
187742
187676
187579
187440
187419
187374
187311
187149
187140
187049
187012
186952
186928
186858
186615
186613
186597
186290
186074
185999
185612
185611
185506
185485
185470
185444
185413
185313
185021
184900
184848
184797
184785
184737
184623
184593
184589
184566
184323
184305
184217
184175
184018
183991
183976
183961
183894
183608
183597
183504
183497
183385
183355
183240
183154
183069
182931
182811
182768
182702
182661
182641
182534
182238
182206
182146
182144
182107
182065
182042
181989
181735
181723
181711
181659
181596
181349
181078
181011
180957
180914
180906
180829
180743
180714
180661
180294
180262
180229
180227
179680
179364
179214
178912
178898
178890
178871
178808
178635
178483
178472
178294
178239
178182
178065
178000
177945
177858
177748
177716
177414
177290
177168
177072
177062
177052
177009
176810
176763
176551
176469
176211
176008
175872
175803
175801
175762
175716
175707
175386
175295
175206
175197
175093
174784
174511
174467
174310
174213
173965
173950
173830
173691
173592
173573
173466
173421
173204
173057
172993
172845
172843
172793
172743
172547
172471
172455
172266
172135
171976
171942
171925
171746
171672
171563
171310
170956
170699
170037
169985
169952
169770
169764
169609
169495
169098
168920
168780
168506
168443
168369
168220
168125
168054
167735
167505
167258
167238
167230
167219
167129
167076
167016
166981
166953
166950
166847
166839
166763
166745
166740
166645
166538
166495
166475
166424
166411
166386
166375
166283
166280
166199
166177
166141
166036
165843
165824
165355
165302
165207
165065
165024
165016
165013
164906
164896
164778
164576
164471
164453
164426
164405
164401
164384
164302
164239
164180
164159
163962
163833
163728
163680
163645
163612
163587
163494
163462
163231
162870
162652
162292
162138
162091
161961
161898
161754
161720
161629
161555
161492
161179
161176
161160
161141
161101
161076
161063
160987
160917
160812
160613
160373
160372
160368
160288
160141
160046
160005
159926
159847
159772
159730
159703
159692
159654
159601
159412
159387
159369
159315
159019
159005
158944
158877
158852
158821
158583
158426
158054
158046
157974
157918
157856
157803
157677
157611
157593
157571
157527
157458
157053
156764
156668
156651
156493
156438
156393
156331
156235
156070
155952
155879
155780
155710
155290
154959
154884
154819
154494
154492
154419
154277
154212
154062
153994
153836
153608
153461
153458
153324
153293
153276
153123
153109
152947
152823
152546
152535
152339
152323
152267
152111
151979
151855
151377
151289
151196
151116
150934
150855
150796
150786
150757
150606
150534
150274
150103
150031
149887
149818
149784
149695
149692
149599
149525
149429
149418
149370
149228
149073
148828
148643
148583
148480
148455
148258
148228
148074
147997
147799
147681
147579
147540
147523
147504
147384
147131
146917
146797
146747
146735
146717
146569
146350
146341
146340
146075
145914
145805
145751
145711
145709
145553
145439
145424
145382
145379
145192
145131
145087
144974
144885
144840
144723
144655
144613
144610
144608
144447
144391
144355
144177
144127
143995
143920
143814
143537
143492
143432
143369
143359
143280
143203
143167
143096
143087
143046
142954
142941
142923
142430
142022
142001
141907
141692
141635
141565
141277
141201
141177
141118
141067
141062
140928
140844
140738
140580
140486
140252
140184
139894
139882
139803
139775
139664
139581
139464
139456
139436
139257
139061
138999
138951
138920
138853
138761
138754
138693
138626
138489
138367
138366
138294
138004
137903
137708
137651
137612
137552
137168
137097
137019
137012
136991
136874
136784
136670
136560
136516
136501
136428
136344
136115
136090
136015
135980
135873
135775
135751
135719
135691
135678
135640
135634
135618
135552
135458
135421
135408
135403
135371
135337
135313
135279
135201
135140
135044
134748
134604
134428
134287
134240
134170
134028
133964
133954
133921
133910
133894
133753
133506
133498
133232
132654
132580
132557
132536
132503
132412
132368
132198
132157
132146
132071
131953
131881
131875
131586
131581
131558
131520
131503
131467
131450
131363
131344
131333
131323
131265
131179
131122
131096
131070
131053
131049
131004
130955
130893
130757
130750
130614
130590
130575
130574
130464
130352
130171
130095
130024
129774
129587
129551
129551
129504
129360
129332
129298
129247
129240
129180
129130
129058
129046
128965
128652
128280
128137
128089
128068
128065
127871
127855
127734
127692
127640
127592
127592
127477
127411
127372
127344
127327
127224
127136
126858
126832
126792
126697
126688
126651
126628
126587
126453
126093
126048
126032
126011
126005
125857
125650
125603
125548
125296
125135
125070
125059
125058
125055
124941
124589
124527
124497
124261
124205
124205
123987
123947
123943
123891
123864
123627
123383
123127
122845
122799
122736
122633
122536
122469
122457
122452
122399
122359
122255
122208
122056
121869
121639
121576
121470
121437
121244
121161
121125
120943
120909
120892
120829
120677
120628
120627
120266
120227
120054
119987
119904
119631
119593
119573
119237
119052
118915
118904
118645
118478
118453
118312
118190
118116
117947
117887
117853
117852
117851
117646
117587
117568
117516
117356
117223
116987
116964
116948
116935
116796
116742
116670
116584
116548
116366
116141
116104
115912
115905
115782
115688
115516
115514
115314
115221
115166
115040
114942
114926
114821
114750
114745
114729
114713
114472
114453
114444
114344
114283
114244
114172
114125
113956
113914
113905
113845
113684
113526
113506
113272
113168
113151
113068
113030
112762
112630
112441
112213
112212
112102
111988
111878
111860
111830
111538
111386
111185
111087
110923
110904
110769
110707
110706
110602
110515
110500
110441
110317
110300
110241
110042
109981
109827
109780
109683
109595
109542
109416
109237
109213
109205
109169
109075
108926
108889
108831
108749
108711
108681
108607
108590
108574
108439
108319
108214
108184
108138
107990
107900
107854
107734
107418
107365
107365
107329
107275
107105
107097
106859
106653
106616
106577
106464
106290
106242
106142
106115
106079
105692
105687
105670
105616
105540
105497
105444
105363
105353
105348
105315
105315
105173
104848
104848
104700
104658
104561
104361
104343
104339
104319
104279
104260
104037
103988
103932
103706
103561
103472
103397
102728
102723
102692
102691
102676
102573
102358
102307
102288
102239
102085
102003
101858
101593
101574
101553
101351
101342
101341
101306
101101
101098
101021
100800
100713
100688
100572
100570
100313
100180
100144
99906
99339
99209
99102
99073
98910
98834
98832
98807
98781
98542
98475
98373
98151
98143
98134
97866
97784
97621
97545
97508
97457
97362
97350
97252
97216
97185
97157
97119
96720
96713
96671
96596
96552
96527
96353
96326
96309
96272
96173
96088
95912
95873
95796
95505
95450
95379
95311
95309
95217
95099
95051
94900
94616
94446
94394
94388
94344
94344
94171
94114
93813
93664
93572
93568
93534
93490
93366
93364
93265
93187
93136
93095
93060
93037
92627
92413
92304
92297
92278
92243
92228
91928
91872
91828
91768
91613
91553
91303
91009
90495
90409
90353
90256
90209
90175
89995
89956
89952
89703
89614
89597
89537
89520
89383
89261
89251
89241
89206
89001
88812
88776
88730
88689
88534
88533
88425
88370
88204
88158
88080
87987
87896
87821
87637
87399
87341
87325
87242
87169
86910
86886
86671
86512
86434
86242
86160
86129
86065
85974
85870
85781
85779
85654
85559
85515
85504
85470
85344
85015
84988
84982
84862
84803
84726
84521
84510
84406
84325
84262
84135
84079
84064
83521
83336
83298
83294
83164
83150
83105
83000
82882
82764
82742
82736
82675
82564
82561
82541
82418
82205
82198
82186
82183
81997
81974
81953
81870
81632
81475
81282
81181
81062
80926
80598
80431
80322
80232
80089
80037
80028
79986
79978
79878
79642
79506
79318
79055
79009
79001
78995
78592
78570
78568
78483
78369
78327
78255
78248
78188
78150
77935
77919
77647
77634
77521
77439
77416
77370
77312
77241
77157
77057
77011
77005
76992
76988
76911
76875
76783
76750
76623
76487
76405
76377
76367
76065
76055
76049
76029
75862
75841
75794
75551
75509
75190
75185
75179
75102
75006
75000
74997
74910
74861
74854
74797
74641
74631
74622
74503
74452
74329
74214
74159
74090
74055
73612
73308
73263
73169
72981
72952
72881
72839
72668
72619
72274
72099
72001
71896
71717
71644
71551
71312
71301
71086
70793
70762
70727
70679
70577
70563
70367
70359
70319
70291
70230
70023
69916
69900
69731
69690
69620
69572
69440
69437
69244
69054
69017
68864
68802
68653
68557
68469
68292
68270
68243
68200
68129
67900
67689
67368
67299
67277
66804
66790
66757
66627
66596
66569
66532
66522
66412
66383
66363
66256
66067
66066
65932
65908
65883
65753
65632
65586
65583
65471
65441
65354
65131
65122
65096
65056
64637
64501
64441
64188
64165
64105
64018
63935
63883
63734
63609
63319
63182
63164
63127
63094
63066
62996
62929
62829
62816
62510
62510
62348
62105
62037
62024
61989
61817
61759
61590
61527
61510
61403
61336
61310
61188
61005
60828
60803
60706
60643
60574
60528
60528
60418
60411
60361
60307
60248
60160
60036
59885
59848
59366
59355
59314
59206
59127
59116
58967
58767
58613
58604
58591
58445
58326
58314
58156
58031
57996
57906
57872
57683
57631
57516
57188
57153
57136
56883
56695
56552
56455
56343
56314
56106
55913
55875
55794
55699
55585
55433
55320
55310
55286
55192
55095
55019
54949
54948
54876
54818
54607
54438
54341
54172
53996
53968
53965
53935
53729
53631
53387
53251
53202
53183
52856
52819
52664
52642
52602
52387
52146
52140
52060
52032
51993
51832
51112
51047
50852
50776
50737
50468
50413
49856
49616
49512
49428
49235
49166
48886
48510
48361
48323
48273
48255
48146
48060
47973
47889
47825
47800
47765
47751
47649
47617
47591
47515
47495
47436
47361
47342
47299
47009
46968
46933
46718
46557
46555
46543
46494
46378
46298
46204
46199
46118
46103
46017
45885
45881
45737
45725
45532
45527
45403
45347
45220
45099
45096
45011
44985
44637
44397
44322
44290
44097
43980
43913
43829
43814
43706
43695
43530
43472
43351
43275
43074
42909
42773
42662
42608
42588
42578
42516
42465
42398
42362
42252
42069
41796
41706
41508
41508
41504
41478
41402
41364
41356
41223
40863
40665
40361
40168
40154
40113
40071
39919
39904
39737
39664
39654
39541
39432
39029
38952
38797
38740
38441
38439
38205
38150
38096
37710
37524
37350
37327
37258
37164
37080
37038
36940
36934
36768
36739
36734
36611
36598
36586
36403
36361
36290
36191
36117
35924
35702
35652
35488
35461
35376
35303
35276
35173
35092
35031
34999
34979
34945
34820
34798
34772
34673
34659
34642
34642
34379
34358
34312
34175
34158
33944
33836
33832
33826
33568
33345
33334
33263
33159
32746
32389
32367
32317
32198
31780
31713
31684
31669
31327
31292
31269
31066
31006
30933
30890
30729
30718
30705
30639
30540
30482
30463
30402
30335
30333
30229
30213
29949
29895
29873
29856
29583
29571
29543
29395
29353
29351
29225
29120
29098
29059
28918
28812
28793
28724
28670
28482
28379
28367
28318
28263
28208
28136
27936
27902
27720
27659
27623
27519
27357
27191
27056
26909
26762
26665
26641
26637
26585
26551
26515
26467
26459
26419
26399
26340
26269
26061
26054
25818
25712
25667
25506
25403
25322
25263
25187
25060
25051
24810
24664
24527
24434
24393
24272
24235
24215
24119
24117
24014
23944
23872
23854
23592
23582
23388
23345
23299
23283
23157
23092
22976
22657
22645
22617
22533
22267
22160
21900
21728
21569
21482
21450
21390
21352
21244
21152
21077
20976
20971
20863
20605
20398
20358
20081
20036
19985
19873
19731
19652
19599
19515
19472
19050
18913
18712
18684
18654
18645
18486
18473
18338
18136
18049
18029
17771
17769
17752
17613
17332
17288
17197
17088
16959
16921
16904
16841
16823
16819
16758
16306
16274
16261
16200
16167
16163
16163
16060
15934
15923
15790
15760
15706
15659
15648
15626
15622
15595
15481
15481
15377
15079
15044
14978
14956
14925
14603
14585
14489
14484
14387
14304
14025
14024
14005
13956
13943
13853
13779
13606
13594
13530
13465
13379
13358
13349
13271
13227
13147
13071
12915
12855
12832
12657
12656
12648
12554
12439
12425
12324
12278
12037
11869
11843
11778
11704
11665
11611
11586
11568
11542
11424
11386
11348
11119
11043
11011
10991
10987
10962
10920
10823
10767
10670
10660
10474
10468
10117
10089
10083
10005
9939
9907
9900
9840
9760
9709
9664
9547
9504
9411
9364
9244
8973
8956
8853
8785
8781
8669
8442
8269
8201
8120
8103
8062
7971
7804
7684
7631
7506
7456
7447
7368
7354
7275
7272
7240
6445
6434
6358
6195
6089
6064
6039
5861
5676
5368
5287
5226
4970
4742
4714
4623
4579
4344
4258
4251
4227
3738
3736
3643
3467
3384
3340
2941
2844
2840
2816
2570
2559
2525
2460
2226
2161
2070
2033
1972
1910
1751
1722
1696
1657
1567
1537
1316
1213
1069
696
673
425
326
302
184
114
108
