100
972750
955261
952998
948961
918392
887423
877887
863189
815234
803236
787322
787207
779844
777458
774691
751711
743468
724033
723653
701160
700579
700532
694501
694353
691820
682929
680110
678152
664372
630856
614877
614201
602051
579893
576958
559425
552925
544170
540344
533894
519843
514611
499535
466372
455726
443423
443264
436131
431053
417316
416638
412654
402318
384975
379034
372679
369632
336950
318462
317594
311628
310623
307070
303767
300608
294817
284146
282306
274385
269799
263912
258430
253224
247999
246635
217648
216537
216367
208975
185436
181575
174115
170479
157287
143927
128286
128251
121303
106970
100540
90477
88648
81112
58375
47145
40194
35727
29739
21978
1122
