1000
2731
3240
5359
5420
5579
6392
6501
7367
8700
9469
10428
13151
13321
14930
15336
16053
17715
19746
21090
21430
22432
25246
28089
28953
29724
33751
34709
35253
35551
37438
40143
42828
42909
43211
43504
45828
45958
47501
48180
50595
50727
51296
53428
55312
58028
58921
59111
59470
60633
60887
62130
63764
63822
64877
68462
69624
69650
69672
70721
72593
73225
73376
74080
76148
76826
77646
79430
82077
82084
83178
83362
83771
85420
86598
89124
89523
90405
92113
92413
94851
94857
95544
96880
100377
100614
100674
100772
101430
102441
102999
103874
105022
105252
106579
106927
109462
109493
112583
112989
116514
119573
120359
120627
121081
122258
123526
124966
127177
127227
127387
128291
128739
130350
130639
131823
133015
133329
136546
136557
136925
137929
138557
140435
141609
143070
144408
144703
144803
146133
146625
147483
147594
147923
149192
151079
151197
151336
152453
153495
154195
154209
155125
155377
155869
156642
157574
158476
158811
158979
159529
159549
161728
161754
165088
165330
165914
168120
168584
170355
171078
171225
174312
174396
175374
175380
175392
176752
177353
178645
178972
179726
179810
181382
182293
183350
183539
184577
184847
186095
186456
186632
187092
188181
188630
188654
188790
188819
191171
193741
194889
195103
196293
197920
198240
198603
199199
199250
199401
199841
199920
200145
202774
203910
203976
204404
205725
208777
208972
209455
209556
210302
210303
211819
212358
213860
214226
215459
219729
220088
221342
221659
221881
222410
222983
226032
226267
226794
226896
230439
231378
231635
232193
232233
232702
232840
235948
236354
236679
237513
237793
239434
239579
240187
240204
240882
241617
241763
243251
243841
244532
244589
244643
244772
244843
246126
247394
247413
247901
248514
249319
250186
250324
252091
253622
253734
254352
254551
255287
255704
257096
257350
259936
261820
261843
262260
262435
263029
263210
264802
265209
266156
266583
266793
268303
268709
268776
269840
270011
270281
270358
270593
271532
271620
271632
272148
272411
274373
274832
275403
275405
277137
277762
279589
280088
280176
280788
281365
284963
286025
286840
289883
294735
296044
296979
298005
300286
300427
300716
301510
302219
306798
307428
308516
308675
309607
312699
312936
313200
314073
314435
314666
316526
316738
317145
318812
319601
320046
321019
324081
324246
324428
326435
327449
328065
328447
332504
332578
332654
334688
335538
335574
336135
336505
337877
340156
341921
342699
345026
345835
346319
346439
348071
348791
350053
351124
352078
353967
355776
356277
357374
357383
358783
359547
361551
361918
362024
362112
362561
363109
363663
363832
365493
365659
366130
366473
370510
370904
371959
374125
375508
375811
376518
377821
378698
379099
380118
380201
382703
386652
386870
387267
390330
390868
396501
397670
397912
402723
404614
404682
405978
407567
407697
408227
408703
409283
410171
411706
412625
413713
413771
413802
415124
415146
415224
415857
419895
420216
421096
424307
424382
426521
427876
428410
429476
430731
430866
431950
433275
436506
437519
437801
438366
438509
440057
441240
441616
443097
444626
444800
444847
445226
446403
447354
447874
448282
448453
450045
452980
452982
453165
454517
454547
454660
454716
455429
457056
457063
459924
462475
462684
463183
464181
466253
466810
467244
468020
468377
468797
470315
470676
471055
471423
472011
472280
473428
473905
474475
475329
476797
477502
477880
479268
479959
480882
482907
486084
487110
489055
489202
489249
489695
489985
490727
490770
491076
491560
492452
493360
494458
495586
495960
496159
496196
496324
496477
498041
498129
499673
500266
501547
504196
505032
506217
507679
510672
511130
512230
513292
514390
514470
521828
524583
526478
527824
528038
528061
530678
531392
534634
535630
536655
537715
538778
539543
541439
542143
543100
544176
544558
545908
546231
546473
547717
548864
549280
549339
549978
551320
551749
553486
555592
556201
557309
557666
558108
560455
562360
563132
563596
565166
565945
566218
566223
568313
570724
572387
573043
574274
575121
575410
577256
579029
579780
581351
581525
585595
587494
589507
593268
595429
596239
596737
598889
599805
601425
602254
602330
602468
604558
605866
606290
606779
608778
610304
610513
610577
610836
611935
612182
614765
615870
616020
616177
617991
619979
620090
620381
620562
621051
621080
624598
624842
626631
627966
628366
629685
629707
631165
631750
634648
634736
634776
634793
635826
636294
636790
636822
639454
640787
641552
642519
643549
643984
644890
648626
648783
649232
650047
650901
651050
653663
654632
655190
655860
657368
658632
659157
661429
664113
665441
665585
667431
669468
670036
670293
671261
673065
673851
674114
677301
678471
678536
680241
680448
683054
685044
685199
686113
688620
688628
688921
691147
691534
691780
692131
692807
693422
694278
694338
697929
698612
699691
700088
701124
705598
705829
706016
706307
706550
706767
707856
708063
710308
710434
711454
712064
714559
715631
717545
718320
718633
720299
722231
722913
723268
725402
727418
727536
730554
732299
733313
733487
734615
734973
735694
737040
737078
737121
737441
738342
738765
738851
739135
739453
739877
740805
741125
742291
742436
745985
746545
749413
749992
751043
751272
753834
754602
755944
756337
758563
758778
759489
759635
760257
760676
761918
762299
763232
763985
764866
765627
765915
766393
766847
769256
769538
770946
771498
773364
775121
776608
777873
778693
779216
780039
781090
782129
782219
782793
783014
783896
784106
784116
786187
786617
789162
789204
789404
789970
790008
790521
790780
791299
793305
793949
794379
795850
796177
800803
801032
803005
804328
805003
806228
807109
810668
812725
812978
813261
813459
814521
815233
815358
817776
819155
819203
819742
823466
823741
824645
828131
829413
830443
832916
833320
834629
835638
840917
843191
843238
843239
843622
844858
845138
846844
847790
853537
854749
855814
856073
856575
856620
861144
861184
861788
862306
864287
864625
865017
865340
865573
866341
866691
866701
867873
869598
870421
871289
873082
873337
873848
873878
874135
874306
875793
876891
876963
877710
879381
881405
881882
882784
883099
885016
885254
885611
886339
886770
887115
889112
889530
891054
891188
891827
891919
892088
893194
893249
893970
894112
894408
895151
895734
896365
896733
896884
897060
897475
899019
900002
901382
905533
906020
906337
906676
907602
908098
908581
909368
909698
909994
910443
913204
915051
915378
917645
918163
918545
919999
921482
921556
922420
922819
923190
923262
924550
925151
926131
930420
930726
930990
931392
931397
932184
932515
932696
933803
935910
936262
936921
936980
937272
937292
939935
940441
942678
943094
945490
945979
946952
948982
949226
951217
955610
958739
959116
959798
959959
960968
962644
963092
963989
964874
965544
965817
966526
967474
967902
967944
968131
968149
968794
969846
971219
972867
973606
973863
975191
976608
977934
977985
979721
979945
980372
982553
983420
984042
985244
985263
986034
986499
987575
988574
988725
993861
994719
997093
997581
998725
999518
