100
3274
12401
13925
27797
28445
44218
47565
56684
67361
72619
72882
85657
90071
98590
104169
127671
129670
132086
145484
149807
170504
173666
178831
208580
212429
213712
222612
232812
273255
283643
284962
312309
313197
321912
343140
343741
344907
358445
363939
364056
391160
398147
401133
414781
418567
437255
447634
447733
447980
449371
449701
452696
452989
459286
469018
483750
487118
516140
517345
524713
537731
538014
571182
597499
603150
603173
603704
608423
626105
628368
629256
657962
672776
678127
682840
693396
695533
707191
708354
725739
749043
750120
751677
756633
783759
813279
864972
885224
887981
893431
906327
909357
912324
913336
923858
927567
947357
952284
988776
996927
