10000
130
573
755
822
840
901
917
952
1005
1313
1480
1730
1746
1768
1958
2168
2227
2241
2256
2316
2332
2438
2485
2510
2535
2552
2563
2581
2605
2735
2743
2829
3126
3270
3336
3539
3539
3653
3665
3725
3765
3805
3913
4175
4181
4273
4282
4348
4349
4360
4519
4532
4548
4599
4726
4730
4774
4865
5155
5283
5326
5449
5595
5596
5663
5736
5788
5971
5979
5980
6094
6204
6482
6522
6572
6617
6711
6744
7080
7207
7211
7374
7802
7873
7874
7875
7913
8047
8326
8336
8425
8469
8488
8573
8621
9095
9245
9312
9418
9610
9677
9742
9761
9814
10355
10379
10536
10550
11078
11087
11248
11285
11302
11411
11604
11742
11900
11930
11946
11989
12013
12113
12313
12345
12354
12452
12484
12491
12558
12713
13284
13365
13368
13489
13584
13718
13907
14228
14327
14358
14368
14458
14617
14641
14823
14837
15036
15074
15252
15271
15311
15349
15419
15424
15699
16027
16158
16253
16327
16336
16380
16457
16471
16474
16606
16640
16907
16948
16960
17416
17422
17501
17781
17783
17925
18022
18076
18127
18201
18267
18388
18424
18565
18566
18591
18709
18841
18871
19301
19458
19611
19622
19663
19704
19711
19721
19808
19911
19916
19923
19988
20092
20151
20346
20474
20520
20596
20743
20746
21060
21070
21135
21179
21282
21440
21548
21583
21614
21661
21810
21937
22058
22374
22380
22561
22637
22713
22797
22818
22827
22902
22911
23272
23388
23429
23465
23777
23813
23971
24095
24278
24296
24446
24635
24667
24701
24727
24730
24802
24871
24910
24937
24980
25113
25132
25167
25173
25283
25530
25588
25666
25698
25740
25894
25939
26165
26181
26573
26581
26609
26760
26777
26851
26856
26962
27061
27097
27131
27257
27304
27600
27614
27660
27804
27894
27913
28020
28090
28326
28407
28424
28481
28628
28629
28828
28849
28904
28948
29165
29246
29352
29419
29888
30034
30257
30301
30443
30583
30720
30748
30764
30908
30911
31041
31109
31313
31425
31634
31637
31638
31736
31870
32129
32314
32355
32394
32574
32599
32896
32925
32991
33021
33101
33293
33335
33336
33406
33406
33549
33575
33614
33709
33723
33783
33801
33966
33974
34026
34061
34085
34269
34269
34350
34371
34594
34744
34883
34932
34940
35016
35245
35374
35480
35518
35570
35626
35919
35953
36111
36135
36173
36247
36421
36473
36563
36592
36758
36765
36822
36974
37078
37127
37180
37265
37405
37501
37502
37552
37651
37691
37716
37984
38141
38186
38266
38340
38438
38528
38769
38868
38886
38891
38894
38909
39106
39153
39174
39186
39301
39310
39327
39483
39643
39679
39730
39752
39796
39908
39952
39977
39980
40048
40266
40286
40337
40374
40390
40428
40534
40637
40646
40727
40937
40960
41055
41186
41244
41545
41696
41708
41734
41886
41910
41916
41937
42013
42016
42073
42075
42158
42265
42288
42333
42362
42544
42617
43062
43134
43262
43290
43352
43393
43435
43452
43461
43594
43840
43973
44072
44261
44341
44399
44403
44438
44523
44590
44727
44772
44912
45660
45849
45885
46055
46087
46154
46156
46195
46537
46621
46640
46646
46732
46749
47113
47114
47155
47310
47339
47423
47429
47451
47519
47568
47649
47788
47839
47839
48040
48060
48270
48343
48355
48633
48636
48658
48664
48703
48854
48867
49023
49054
49075
49208
49268
49309
49368
49478
49488
49675
49721
49759
49775
49811
49925
49987
50004
50006
50093
50120
50228
50341
50367
50534
50567
50568
50578
50599
50992
51078
51096
51107
51231
51713
51835
51878
51897
51927
51942
52077
52208
52480
52600
52633
52739
52758
53043
53108
53255
53272
53311
53322
53524
53585
53644
53814
53938
54006
54034
54141
54279
54350
54520
54600
54670
54676
54732
55024
55199
55285
55346
55359
55781
55838
55842
55881
56079
56088
56270
56458
56533
56576
56856
57063
57316
57414
57646
57781
57841
57850
57901
58099
58107
58206
58228
58278
58342
58491
58512
58515
58667
58944
59043
59170
59186
59364
59464
59680
59759
60523
60537
60565
60634
60645
60724
60750
61089
61237
61388
61388
61580
61788
62121
62194
62198
62302
62380
62588
62630
62902
62928
63056
63096
63214
63231
63470
63545
63554
63642
63814
63856
63949
64196
64346
64433
64476
64505
64552
64625
64631
64657
64671
64795
64869
64956
64985
65011
65039
65078
65155
65174
65333
65362
65400
65418
65587
65649
65680
65700
65866
65900
65997
66067
66164
66278
66280
66501
66880
66945
67061
67371
67624
67672
67675
67748
67779
68073
68285
68300
68326
68335
68344
68349
68393
68438
68596
68784
69061
69082
69117
69201
69234
69281
69355
69499
69586
69796
69876
69882
70117
70138
70193
70346
70641
70811
70960
70965
71013
71061
71105
71243
71283
71551
71789
71950
72170
72180
72181
72250
72634
72697
72727
72952
73022
73187
73269
73293
73338
73357
73445
73644
73897
73904
74211
74225
74240
74339
74385
74482
74567
74819
74874
74981
75056
75140
75185
75231
75520
75642
75643
75783
75841
75911
75951
76086
76120
76336
76347
76478
76504
76516
76841
76962
77056
77297
77770
77980
78123
78249
78255
78517
78589
78642
78663
78665
78728
78816
78916
78920
78949
79002
79087
79090
79425
79428
79450
79750
79784
79971
79981
80265
80278
80557
80627
80858
80915
81058
81165
81269
81374
81564
81666
81854
82001
82132
82145
82477
82509
82974
83011
83053
83127
83341
83473
83505
83599
83622
83722
83781
84011
84011
84089
84148
84271
84306
84308
84411
84446
84463
84501
84627
84628
84794
84972
84989
85256
85312
85384
85421
85438
85511
85525
85534
85556
85646
85707
85795
86308
86515
86560
87061
87110
87155
87160
87185
87425
87457
87603
87611
87703
87999
88097
88118
88236
88286
88322
88326
88361
88362
88411
88592
88655
88706
88914
88960
88979
89007
89153
89373
89376
89454
89511
89608
89728
89866
89939
90005
90006
90087
90119
90191
90332
90460
90595
90654
90874
90938
90995
91131
91217
91437
91640
91765
91774
91962
91990
92200
92281
92507
92520
92530
92533
92585
92807
92841
92994
93040
93073
93130
93155
93212
93261
93500
93608
93699
93763
93810
93925
94039
94056
94139
94140
94171
94264
94319
94440
94461
94497
94703
94842
94863
95019
95299
95422
95424
95437
95445
95466
95469
95481
95523
95815
95894
95949
96011
96031
96548
96607
96623
96762
96909
97045
97313
97436
97526
97588
97730
97754
97844
98047
98158
98431
98697
98765
98840
98842
99029
99050
99145
99155
99396
99461
99688
99932
99937
99938
99974
99997
100154
100450
100466
100494
100556
100698
100821
101106
101111
101275
101340
101375
101474
101484
101795
101915
101994
102068
102199
102420
102507
102550
102553
102654
102765
102771
102832
102898
103051
103096
103204
103218
103525
103581
103611
103620
103985
104041
104056
104093
104172
104232
104258
104308
104440
104462
104494
104759
104915
105361
105816
105912
105977
106151
106215
106456
106710
106851
107212
107324
107479
107906
107962
108049
108109
108171
108174
108213
108288
108325
108334
108364
108387
108390
108496
108497
108523
108526
109072
109387
109480
109584
109774
109803
109852
109853
109930
109976
110064
110070
110092
110195
110242
110296
110363
110440
110561
110577
110642
110708
110844
110852
110885
110967
111227
111597
111622
111625
111860
111883
111896
111932
111934
111973
111999
112132
112175
112176
112405
112638
112666
112804
112842
113008
113012
113030
113105
113199
113366
113421
113456
113461
113522
113645
113671
113830
113897
113996
114049
114141
114470
114493
114536
114682
114777
114928
115072
115229
115452
115530
115685
115696
116026
116181
116227
116266
116516
116635
116844
117216
117420
117808
117920
118091
118099
118278
118304
118343
118352
118512
118623
118625
118854
118919
118977
119134
119145
119827
119946
119966
120250
120351
120367
120647
120655
120662
121015
121034
121163
121212
121430
121575
121687
121796
122417
122427
122429
122509
122532
122597
122598
122602
122631
122748
122842
122919
123014
123357
123445
123483
123516
123562
123633
123737
123769
123846
123889
124122
124151
124165
124201
124238
124344
124489
124677
124711
124777
124797
125036
125059
125078
125127
125189
125325
125495
125543
125623
125719
125751
125900
125938
126196
126331
126476
126710
126711
126767
126779
126812
126886
126905
127104
127112
127242
127284
127378
127385
127631
127662
127837
127889
127928
127930
128042
128064
128130
128198
128210
128227
128287
128477
128538
128617
128886
128965
129011
129416
129446
129496
129500
129605
129718
129827
130034
130278
130503
130552
130608
130625
130686
130754
130770
130800
130885
130885
130959
131010
131034
131060
131405
132033
132098
132169
132250
132521
132634
132687
132737
133038
133097
133270
133341
133443
133446
133497
133554
133575
134072
134129
134152
134213
134265
134508
134532
134537
134803
134820
134850
134919
135046
135126
135211
135323
135798
135874
135879
135913
136093
136368
136488
137020
137087
137127
137179
137210
137509
137611
137627
137832
137944
137947
137956
138043
138055
138203
138348
138417
138425
138426
138655
138743
138819
138820
139120
139120
139197
139710
139989
139995
140034
140135
140399
140418
140653
140734
140833
140963
141160
141254
141260
141290
141421
141499
141682
142342
142418
142523
142566
142596
142609
142668
142738
143335
143371
143512
143668
143676
143721
143744
143886
144046
144121
144148
144257
144282
144293
144317
144504
144627
144932
144990
145035
145082
145090
145159
145194
145360
145420
145425
145509
145531
145832
145956
145960
145974
145998
146124
146290
146553
146645
146667
146981
147025
147283
147379
147422
147513
147669
147676
147676
147849
147850
148008
148072
148334
148510
148621
149086
149186
149248
149329
149625
149855
149880
149888
149894
149921
149980
150059
150186
150419
150625
150820
150891
150943
151070
151080
151115
151216
151645
151756
151757
151764
151815
151857
151988
152056
152104
152161
152163
152312
152398
152520
152649
152695
152780
152949
152964
153091
153109
153200
153234
153260
153265
153479
153695
153758
153818
153892
153897
154401
154419
154448
154703
155014
155060
155121
155259
155498
155504
155541
155835
155871
155884
156035
156115
156144
156172
156215
156680
156738
156887
156915
157088
157145
157380
157432
157441
157553
157566
157776
157928
157992
158319
158506
158990
159020
159207
159267
159288
159398
159411
159472
159593
159616
159651
160050
160351
160498
160533
160559
160584
160591
160671
160854
160894
161058
161116
161210
161314
161532
161538
161602
161767
161919
161928
161976
162060
162140
162213
162222
162552
162618
162623
162638
162713
162768
162896
163052
163171
163313
163330
163334
163587
163645
163676
163695
163718
163751
163918
163930
163983
164056
164128
164144
164161
164320
164322
164350
164383
164598
164718
164737
164764
164876
164966
165031
165128
165189
165197
165374
165582
165598
165634
165700
165704
165732
165809
166204
166374
166442
166544
166749
166763
166796
166810
166847
166979
166980
167020
167082
167144
167310
167343
167346
167422
167422
167475
167535
167567
167630
168185
168200
168236
168314
168643
168895
169057
169065
169069
169115
169157
169523
169587
169793
169866
169873
169897
169935
169955
169988
170234
170419
170424
170454
170526
170542
170555
170560
170576
170606
170640
170943
171053
171196
171243
171430
171460
171566
171836
172196
172297
172299
172389
172403
172426
172618
172808
172820
172950
173037
173299
173357
173398
173632
173665
173704
173798
173895
174120
174262
174307
174374
174392
174495
174530
174601
174630
174699
174784
174971
175010
175027
175050
175081
175109
175225
175308
175332
175405
175422
175530
175594
175727
175735
175945
176057
176311
176397
176436
176524
176633
176816
176998
177192
177236
177284
177300
177357
177373
177446
177596
177750
177878
177959
177969
178011
178075
178189
178313
178340
178370
178488
178631
179034
179039
179126
179341
179343
179370
179403
179406
179563
179565
179656
179685
179821
180218
180241
180278
180324
180545
180652
180716
180949
181085
181335
181458
181487
181512
181590
181759
181799
181845
181943
181979
182094
182173
182433
182453
182478
182656
182860
182917
183061
183399
183699
183781
183850
183906
183935
184282
184341
184434
184537
184581
184634
185179
185236
185317
185323
185333
185397
185406
185440
185561
185644
185701
185712
185791
185800
186095
186180
186278
186420
186511
186740
186871
187050
187073
187117
187285
187295
187660
187743
187773
188063
188141
188176
188414
188452
188493
188546
188695
188707
188755
188756
188904
188981
189113
189125
189134
189193
189245
189362
189366
189428
189607
189617
189648
189658
189849
189887
189903
190126
190224
190416
190583
190661
190682
190814
190908
191335
191369
191386
191504
191524
191531
191549
191753
191757
191827
191830
191843
191866
192013
192064
192211
192219
192376
192496
192563
192795
192855
192910
193056
193268
193356
193485
193811
194051
194122
194224
194293
194523
194599
194612
194667
194748
194965
195203
195204
195226
195345
195614
195779
195809
195970
196065
196116
196365
196395
196916
196947
196952
196964
197015
197034
197049
197293
197476
197589
197695
197709
197963
197984
198192
198259
198270
198498
198510
198512
198536
198542
198590
198707
198736
198940
199218
199347
199435
199508
199524
199530
199662
199734
200008
200109
200212
200228
200229
200365
200384
200478
200482
200713
200899
200938
201165
201239
201289
201321
201417
201439
201458
201483
201534
201660
201669
201895
202462
202515
202645
202882
203014
203039
203209
203232
203384
203435
203682
203688
203713
203913
203996
204008
204068
204123
204163
204285
204466
204685
204744
204752
204845
204896
204945
204964
205005
205130
205240
205259
205519
205560
205581
205679
205810
205860
205936
205961
205967
205993
205999
206029
206123
206262
206348
206483
206583
206750
206840
206905
206997
207060
207096
207227
207425
207519
207682
207696
207859
207878
208019
208436
208463
208569
208755
208756
208793
208964
208989
209007
209119
209450
209479
209753
209762
209764
209827
209879
210170
210421
210505
210552
210763
210835
211009
211059
211116
211119
211151
211155
211158
211197
211240
211322
211486
211509
211587
211603
211657
211673
212063
212094
212105
212238
212255
212421
212510
212615
212673
212698
212931
212937
212957
212999
213193
213395
213583
213796
213855
213890
213985
214160
214509
214612
214686
214781
215022
215091
215208
215622
215698
215771
215777
215863
215901
215901
215953
215977
216011
216184
216380
216429
216513
216648
216654
216773
216908
217021
217025
217119
217262
217442
217522
217592
217613
217629
217645
217784
217787
217910
217940
218063
218337
218405
218456
218509
218518
218527
218554
218621
218680
218771
218840
218864
218949
219107
219146
219180
219268
219411
219454
219456
219634
219662
219772
219815
219851
220004
220194
220215
220343
220424
220593
220597
220663
220763
220765
220774
220926
220977
221039
221045
221421
221683
221858
221905
221959
222017
222068
222130
222154
222193
222206
222261
222288
222391
222517
222568
222644
222704
222736
222861
222873
223014
223041
223246
223277
223302
223316
223401
223461
223587
223669
223976
223992
224071
224383
224390
224454
224512
225023
225038
225133
225173
225179
225280
225351
225503
225690
225883
226073
226185
226193
226244
226509
226939
227092
227147
227209
227289
227290
227344
227456
227545
227744
227889
227905
227931
227944
227998
228054
228088
228182
228353
228396
228452
228562
228722
228866
228950
229037
229093
229138
229201
229205
229256
229542
229590
229670
229682
229799
229805
229976
230253
230649
230652
230771
230781
230933
230956
231057
231073
231113
231133
231167
231293
231315
231439
231460
231654
231719
231822
231896
232000
232035
232423
232578
232633
232634
232739
232895
232978
233006
233037
233046
233104
233188
233340
233369
233407
233644
233803
233856
233893
234159
234160
234191
234241
234293
234454
234464
234736
234754
234764
234844
234868
234929
235200
235212
235221
235293
235337
235415
235720
235826
235884
236324
236448
236816
236946
237097
237177
237485
237606
237902
237999
238138
238244
238379
238409
238560
238586
238613
238668
238894
239149
239319
239543
239758
239782
239783
239793
239813
239835
239883
239902
240027
240043
240175
240191
240386
240446
240451
240737
240767
240788
240821
240842
240842
240920
241019
241089
241200
241240
241271
241323
241341
241423
241536
241567
241594
241688
241766
241808
241819
241820
241824
241992
242126
242193
242308
242332
242406
242548
242791
242796
242857
243038
243041
243331
243390
243838
244117
244159
244194
244235
244332
244396
244494
244498
244531
244699
244753
244772
244775
244782
244829
244948
244982
245075
245269
245412
245506
245547
245613
245620
245907
245927
245981
246085
246108
246282
246521
246549
246833
246936
247158
247326
247561
247589
247764
247917
247975
248506
248684
248707
248718
248754
248791
248793
248842
248874
248876
249022
249165
249199
249312
249320
249343
249402
249431
249475
249554
249567
249607
249661
249717
249974
250077
250224
250284
250386
250525
250528
250698
250833
250922
251006
251028
251043
251047
251114
251173
251175
251259
251299
251546
252037
252302
252355
252483
252526
252643
252845
252952
253013
253192
253278
253361
253668
253792
253945
253948
253974
254026
254202
254521
254659
254685
254764
254827
254828
255015
255058
255148
255163
255175
255263
255309
255407
255785
255804
255816
255844
255902
255922
255975
256013
256056
256649
256672
256768
256815
256818
256904
257055
257214
257549
257741
257839
257853
258038
258164
258186
258217
258233
258415
258610
258638
258702
259031
259165
259180
259291
259370
259404
259409
259423
259446
259470
259679
259713
259780
259850
259944
260076
260342
260505
260596
260813
260946
260967
261246
261280
261519
261534
261536
261544
261690
261710
261731
261761
261939
262050
262170
262257
262281
262337
262445
262477
262581
262729
262892
263019
263066
263098
263098
263139
263201
263220
263269
263336
263366
263467
263668
263785
263788
263835
263864
264147
264155
264275
264460
264573
264592
264723
264862
264979
265057
265330
265456
265506
265560
265617
265727
265749
265803
265841
266048
266115
266139
266230
266388
266674
266681
266841
266971
267410
267420
267479
267494
267622
268012
268029
268046
268129
268176
268184
268256
268412
268462
268518
268609
268687
268807
268880
269122
269152
269251
269368
269439
269479
269542
269641
269736
269753
269755
269817
269900
269912
269971
270011
270062
270125
270169
270252
270309
270351
270438
270465
270545
270666
270795
270940
270982
271024
271041
271194
271325
271544
271693
271697
271778
271863
271870
271881
272083
272117
272272
272541
272635
272851
272965
273424
273432
273498
273504
273511
273571
273693
273706
273802
273805
273825
273831
274091
274600
274636
274685
274773
274924
274990
275079
275253
275359
275422
275495
275519
275566
275780
275903
275931
275948
275994
276354
276718
276741
276886
276954
277120
277198
277334
277474
277876
278090
278182
278289
278355
278492
278588
278639
278688
278717
278745
278766
278834
279007
279072
279235
279302
279312
279340
279356
279812
279877
279936
279976
280070
280483
280495
280536
280549
280670
280768
280782
280801
280830
280832
280976
281003
281209
281216
281373
281460
281580
281606
281623
281670
281685
281686
281713
281815
281816
281957
281964
282239
282337
282624
282642
282812
282934
283206
283339
283481
283542
283599
283636
283765
284089
284105
284192
284238
284558
284604
284776
284804
284932
285032
285081
285416
285475
285720
285730
285749
285808
286127
286329
286359
286644
286672
286723
286728
287077
287165
287180
287326
287428
287429
287475
287519
287724
287909
287999
288037
288284
288328
288404
288517
288569
288593
288721
288918
289026
289099
289337
289770
289812
289878
290070
290168
290197
290297
290366
290385
290410
290411
290471
290666
290888
290998
291021
291108
291172
291192
291231
291271
291501
291616
291761
291796
291828
291849
291895
291976
292035
292057
292198
292219
292412
292555
292560
292694
293042
293164
293328
293524
293565
293585
293689
293805
293859
293888
294049
294178
294218
294248
294541
294579
294846
294894
295147
295150
295325
295352
295368
295540
295577
295630
295660
295669
295837
295872
295884
295962
296059
296060
296114
296232
296393
296555
296677
296876
296897
297020
297067
297135
297166
297217
297369
297408
297522
297726
297846
297846
297901
298141
298161
298318
298347
298413
298456
298463
298481
298490
298580
298637
298677
298854
299032
299189
299193
299273
299277
299457
299470
299508
299511
299589
299742
299789
299890
299999
300078
300102
300278
300378
300693
300829
300945
300947
301249
301355
301456
301492
301663
301678
301764
301896
302001
302016
302034
302255
302438
302471
302497
302507
302915
302978
303021
303140
303163
303257
303327
303333
303361
303445
303447
303858
303988
304004
304040
304058
304147
304391
304416
304531
304535
304594
304625
304733
304905
304923
304988
305038
305060
305126
305292
305471
305489
305554
305556
305603
305958
305997
306209
306233
306287
306364
306408
306565
306658
306704
306719
306740
306807
307120
307282
307362
307640
307660
308046
308081
308095
308168
308217
308388
308456
308470
308680
308772
308777
308873
309059
309114
309227
309419
309547
309561
309762
310134
310265
310647
310867
310906
311150
311405
311606
311620
311750
311768
311904
311975
312104
312225
312629
312648
312688
312765
313222
313352
313373
313392
313489
313503
313553
313573
313722
313733
313853
313884
313903
313998
314194
314283
314469
314595
314601
314686
314811
314901
314939
315064
315068
315113
315278
315484
315641
315659
315726
315836
316027
316217
316266
316337
316419
316443
316472
316508
316627
316790
316894
316974
317009
317016
317464
317503
317591
317596
317805
317833
317881
318187
318194
318291
318309
318310
318345
318434
318659
318733
318741
318849
318897
318940
319497
319596
319801
319844
320075
320115
320308
320326
320389
320441
320561
321097
321167
321185
321199
321271
321550
321676
321719
321849
321919
322137
322221
322367
322442
322500
322746
322753
322777
322802
322853
322887
322952
323157
323185
323245
323274
323406
323426
323477
323605
323630
323643
323651
323873
323887
323892
323980
323983
324208
324215
324259
324290
324477
324693
324716
324735
324834
324890
325012
325440
325493
325495
325550
325615
325630
325762
325806
325840
325898
325953
326020
326200
326328
326610
326655
326656
326746
327324
327495
327505
327547
327560
327650
327726
327730
327734
327795
327864
328060
328067
328157
328247
328463
328516
328559
328638
328796
328805
328852
328983
329196
329337
329448
329574
329835
329922
329955
329982
330210
330271
330284
330296
330329
330443
330488
330488
330584
330658
330673
330794
330838
330847
330865
330902
330957
331101
331130
331330
331406
331466
331470
331847
332208
332304
332387
332537
332665
332842
332850
333093
333225
333260
333321
333378
333391
333453
333485
333619
333689
333878
334187
334227
334300
334487
334580
334862
334965
335021
335086
335135
335204
335232
335303
335442
335461
335482
335631
335721
335926
335964
336076
336250
336344
336410
336523
336637
336648
337025
337216
337230
337282
337384
337652
337684
337826
337866
337978
337983
338145
338164
338210
338331
338358
338364
338445
338500
338576
338584
338914
338984
339086
339231
339257
339300
339397
339478
339579
339751
339893
340003
340012
340016
340177
340262
340295
340341
340386
340407
340464
340520
340563
340600
340764
340858
341335
341462
341532
341666
341736
341878
341912
341932
342170
342203
342207
342229
342327
342500
342737
342838
342856
342900
342904
342927
343131
343144
343238
343254
343277
343461
343469
343486
343552
343613
343634
343644
343650
343688
343719
343753
343825
343906
344001
344009
344027
344243
344328
344368
344691
344722
344782
344794
345492
345560
345641
345668
345852
346112
346169
346170
346509
346608
346608
346622
346837
346859
346893
347114
347219
347255
347294
347324
347325
347392
347603
347628
347636
347884
348085
348192
348302
348365
348378
348440
348661
348962
349048
349142
349296
349519
349572
349717
349767
349768
349798
349851
349886
349926
350168
350262
350398
350491
350603
350721
350757
350763
350849
350859
350906
350991
351124
351247
351339
351447
351580
351604
351754
351803
352113
352159
352191
352278
352330
352350
352405
352440
352488
352556
352630
352756
352856
353126
353258
353321
353356
353377
353428
353516
353758
353849
354127
354202
354706
354758
354797
354823
354875
355060
355099
355437
355644
355736
355746
355762
355800
356082
356289
356314
356320
356344
356398
356448
356478
356637
356639
356967
356989
357041
357154
357208
357309
357815
357950
358041
358091
358123
358253
358344
358473
358612
358768
358865
359133
359526
359550
359556
359776
359866
359879
359893
359956
360183
360202
360707
361068
361237
361317
361401
361507
361508
361517
361619
361841
361848
361921
362030
362120
362192
362318
362336
362521
362532
362560
362570
362742
362834
362980
363230
363234
363422
363438
363503
363882
363962
363994
364036
364200
364256
364268
364359
364439
365050
365059
365182
365244
365262
365301
365347
365388
365408
365424
365432
365466
365527
365594
365627
365670
365985
365991
366058
366256
366320
366331
366574
366710
366765
366766
366771
366794
366828
366851
366929
366937
366971
367071
367087
367263
367306
367470
367585
367766
367803
367854
367992
368004
368089
368346
368386
368545
368681
368801
368809
368822
368832
368920
368934
368978
369117
369136
369204
369308
369362
369898
369954
370123
370155
370326
370334
370470
370633
370686
371084
371135
371374
371449
371545
372158
372310
372318
372624
372753
372807
372911
372999
373209
373260
373409
373451
373468
373499
373837
373891
373932
373960
374093
374340
374374
374484
374491
374817
375083
375211
375613
375752
375973
376036
376276
376289
376403
376466
376472
377160
377190
377233
377393
377420
377445
377446
377488
377686
377770
377785
377808
378047
378155
378166
378446
378486
378616
378682
378712
378725
378917
378962
378971
378985
379105
379349
379445
379657
380125
380265
380270
380768
380829
380829
380885
381001
381029
381068
381119
381201
381351
381355
381451
381463
381516
381596
381779
381902
381922
381940
382108
382180
382233
382321
382393
382450
382495
382605
382634
382655
382676
382765
383125
383309
383437
383534
383567
384037
384042
384056
384067
384230
384282
384397
384498
384588
384674
384691
384721
384908
384991
385005
385008
385008
385262
385330
385380
385392
385484
385718
385792
385839
385862
385890
385893
386214
386282
386285
386368
386490
386527
386532
386553
386668
386688
386777
386777
386789
386796
386826
386853
387049
387351
387613
387802
387880
388130
388131
388224
388597
388661
389149
389150
389203
389223
389283
389315
389399
389410
389781
389830
389934
390083
390316
390431
390602
390609
390691
390858
391034
391088
391215
391299
391304
391318
391346
391615
391664
391818
391877
392047
392227
392231
392250
392681
392791
392849
392887
392896
392911
392948
392955
393091
393111
393372
393434
393458
393522
393579
393663
393716
394088
394128
394130
394209
394299
394471
394524
394557
394617
394640
394661
394691
394802
394987
395024
395108
395123
395209
395278
395538
395589
395615
395633
395835
395858
396005
396010
396191
396418
396459
396607
396937
396963
397025
397118
397145
397198
397220
397232
397234
397397
397435
397523
397562
397567
397569
397598
397629
397697
397827
397987
398134
398163
398259
398428
398509
398687
398786
398788
398830
398924
398970
399119
399155
399457
399612
399695
399823
399960
399986
400198
400236
400413
400490
400501
400642
400663
400791
400830
400891
400909
401160
401176
401209
401288
401387
401476
401575
401592
401878
401921
402100
402163
402206
402216
402315
402348
402366
402794
402916
402918
402928
402981
403067
403090
403235
403242
403427
403610
403747
404034
404154
404205
404266
404270
404297
404351
404365
404420
404479
404487
404552
404681
404727
404777
404792
404865
404960
405123
405137
405149
405160
405307
405365
405627
405702
405831
406025
406102
406284
406356
406937
407069
407073
407189
407232
407389
407440
407533
407550
407726
407857
408141
408158
408358
408375
408449
408457
408465
408478
409042
409251
409256
409272
409493
409574
409580
409607
409625
409938
410059
410069
410137
410329
410335
410390
410413
410587
410625
411103
411211
411220
411248
411377
411600
411640
411800
411980
412377
412685
412866
412901
413096
413177
413218
413349
413586
413589
413608
413929
413945
414073
414135
414302
414364
414396
414506
414522
414584
414629
414660
414818
414863
414942
414971
415038
415154
415213
415287
415525
415549
415962
416088
416184
416197
416409
416534
416592
416631
416877
417157
417178
417331
417664
417665
417785
418188
418203
418206
418245
418407
418527
418738
418917
418999
419011
419175
419209
419235
419340
419395
419406
419805
419834
419885
419947
419954
420336
420584
420596
420657
420732
420937
420950
420979
421078
421136
421155
421183
421235
421376
421571
421758
421945
421972
422048
422140
422242
422293
422350
422443
422508
422637
422764
422815
422859
423082
423223
423303
423326
423423
423558
423596
423902
424045
424047
424365
424366
424385
424470
424719
424727
424738
425002
425255
425257
425286
425332
425387
425430
425548
425609
425621
425732
425840
425938
426032
426079
426175
426260
426378
426395
426436
426559
426593
426746
426758
426875
426899
426910
427113
427184
427212
427216
427233
427288
427530
427621
427641
427674
427687
427884
428256
428342
428395
428546
428558
428859
428897
429073
429481
429569
429623
429630
429671
429677
429688
429917
429960
430052
430082
430110
430110
430114
430281
430390
430554
430611
430974
431072
431079
431109
431128
431166
431230
431239
431378
431400
431473
431505
431506
431756
431930
432013
432148
432151
432164
432227
432258
432260
432301
432325
432443
432468
432937
433072
433116
433264
433355
433478
433556
433669
433902
433999
434021
434144
434165
434252
434373
434520
434530
434677
434693
434725
434735
434898
434918
434958
434959
434962
435027
435049
435093
435164
435180
435283
435351
435366
435435
435443
435490
435623
435784
435946
436055
436082
436117
436182
436269
436357
436672
436799
437037
437168
437175
437199
437200
437257
437262
437305
437437
437515
437552
437604
437649
438008
438027
438102
438295
438441
438525
438574
438656
438673
438912
438980
438988
439049
439055
439093
439165
439193
439290
439349
439374
439415
439545
439582
439688
439696
439885
439905
439906
439994
440299
440534
440728
440760
441046
441216
441462
441830
441908
441998
442199
442282
442351
442477
442542
442698
442698
442744
442784
442870
443532
443573
443672
443747
443754
443758
443783
443803
443831
443934
443990
444426
444480
444627
444692
444693
444732
444741
444866
444962
445205
445454
445464
445531
445687
445714
445760
446121
446265
446356
446370
446445
446551
446716
447105
447245
447378
447573
447712
447781
447783
447904
448028
448056
448072
448257
448281
448414
448451
448588
448654
448759
448836
448930
449105
449418
449446
449450
449538
449567
449767
449800
449805
449825
449873
450066
450169
450172
450395
450491
450692
450885
450971
451024
451053
451113
451164
451246
451250
451358
451368
451587
451595
451813
451877
451963
452068
452159
452236
452443
452514
452653
453075
453253
453283
453301
453330
453597
453777
453949
453997
454063
454170
454264
454374
454386
454409
454423
454474
454537
454569
454789
454887
455036
455181
455478
455568
455578
455728
455838
455917
456040
456079
456094
456119
456142
456189
456207
456250
456306
456349
456642
456766
456938
457070
457176
457408
457494
457571
457691
457814
457884
457903
458003
458040
458239
458273
458370
458387
458540
458723
458974
459295
459298
459301
459312
459421
459686
459878
460012
460107
460348
460373
460557
460757
461149
461279
461291
461337
461538
461614
461659
461720
462273
462329
462496
462578
462700
462763
463057
463085
463227
463257
463334
463336
463561
463686
463775
463951
464102
464129
464201
464225
464315
464548
464565
464617
464700
464734
464764
464815
464947
465117
465214
465452
465469
465482
465536
465561
465582
465867
465900
466072
466143
466426
466433
466435
466647
466688
466871
466952
466983
467024
467181
467275
467360
467469
467734
467833
467974
468103
468109
468195
468320
468333
468416
468476
468485
468534
468861
469047
469139
469159
469218
469312
469402
469416
469506
469519
469612
469963
470003
470036
470149
470371
470375
470463
470485
470505
470846
471143
471328
471578
471891
472024
472095
472168
472201
472325
472384
472409
472503
472676
472738
472801
472846
472952
472962
472984
472988
472997
473213
473248
473353
473533
473617
473652
473697
473710
473802
473815
473816
473854
473970
474007
474051
474069
474081
474098
474107
474173
474281
474401
474492
474552
474633
474659
474876
474888
474925
474977
475054
475091
475281
475400
475556
475638
475656
475657
475775
475846
476240
476269
476642
476645
476872
476950
477039
477368
477480
477736
477756
477776
477829
478213
478259
478277
478336
478387
478390
478460
478585
478728
478756
478938
478938
479069
479121
479199
479214
479270
479273
479286
479294
479338
479358
479362
479403
479406
479495
479564
479587
479633
479741
479745
479773
479868
480038
480215
480237
480266
480367
480589
480608
480658
480770
480828
481068
481708
481752
481867
481971
481986
482084
482121
482219
482228
482243
482311
482330
482508
482739
482800
482812
483015
483055
483171
483624
483720
483964
484058
484086
484159
484268
484296
484318
484552
484581
484622
484626
484888
484979
485201
485242
485423
485537
485641
485738
485833
485853
485943
486189
486346
486350
486380
486409
486636
486718
486863
486917
487066
487087
487173
487310
487332
487568
487577
487642
487823
487825
487842
488029
488041
488043
488162
488209
488405
488522
488631
488688
488698
488846
488848
488907
489042
489123
489160
489267
489410
489429
489460
489658
489688
489765
489821
489867
489976
490199
490342
490379
490415
490459
490583
490605
490613
490615
490725
490890
490929
490974
491019
491029
491250
491332
491349
491388
491539
491604
491613
491615
491668
491772
491784
491903
491952
491974
492015
492138
492264
492323
492538
492545
492878
493032
493380
493529
493555
493578
493609
493640
493668
493780
493948
493972
494084
494295
494367
494471
494585
494948
495011
495316
495320
495422
495489
495655
495948
496051
496215
496384
496528
496803
496920
496924
496981
497076
497145
497382
497575
497591
497605
497917
498129
498157
498173
498367
498368
498416
498496
498651
498751
498755
499189
499214
499220
499240
499378
499398
499411
499733
500015
500067
500084
500227
500247
500456
500623
500629
500854
501027
501039
501040
501167
501230
501232
501300
501301
501320
501326
501465
501526
501773
501824
501903
501910
502207
502208
502235
502555
502566
502627
502705
502838
502856
502906
502957
502979
503218
503234
503244
503265
503267
503355
503394
503464
503530
503742
503954
503998
504268
504489
504591
504669
504671
504804
504860
504923
504930
505000
505055
505080
505089
505180
505240
505290
505503
505583
505611
505918
506257
506277
506377
506419
506759
507064
507699
507738
507845
507935
507991
508079
508392
508405
508514
508545
508557
508590
508797
508929
508948
508950
509000
509181
509522
509534
509606
509834
509938
510012
510123
510211
510285
510329
510355
510390
510577
510696
511074
511109
511116
511251
511328
511466
511576
511625
511642
511676
511700
511735
511758
511948
512019
512050
512118
512123
512222
512408
512442
512529
512629
512804
512901
512911
513050
513243
513444
513517
513667
513697
513743
513777
513882
513947
514125
514211
514378
514455
514533
514661
514752
514917
515096
515137
515217
515335
515366
515529
515753
515774
515943
516083
516106
516114
516114
516468
516486
516584
516651
516699
517113
517825
517995
518138
518380
518456
518672
518751
518751
518762
518950
518956
518962
519023
519075
519226
519495
519670
519708
519790
520007
520111
520112
520167
520204
520206
520512
520728
520797
520841
520878
520921
521063
521229
521310
521485
521562
521642
521757
522019
522247
522288
522366
522463
522474
522537
522672
522699
522704
522729
522863
522953
522984
523123
523132
523143
523165
523254
523348
523408
523422
523574
523671
523827
524023
524079
524209
524229
524230
524354
524440
524521
524685
524759
525061
525184
525402
525518
525551
525608
525703
525954
525982
526146
526162
526230
526327
526465
526466
526706
526774
526920
526936
526950
527012
527040
527157
527470
527504
527563
527582
527664
527731
527736
527976
528005
528034
528064
528069
528152
528434
528508
528577
528654
528708
528783
528833
528851
528870
528900
528950
529402
529440
529673
529773
529863
529981
529983
529987
529988
530097
530254
530502
530506
530528
530599
530623
530663
530805
530983
531210
531295
531586
531610
531732
531751
531763
531840
531869
531918
531954
532024
532028
532069
532212
532300
532314
532375
532410
533069
533101
533101
533155
533191
533194
533454
533516
533524
533609
533690
533787
533810
533908
534046
534051
534318
534529
534592
534751
534913
535046
535177
535242
535261
535281
535333
535397
535457
535551
535713
535912
536014
536037
536183
536195
536343
536353
536431
536721
536731
536885
536931
536953
537156
537171
537373
537382
537564
537634
537756
537773
537821
537933
537952
538197
538274
538384
538462
538643
538717
539277
539333
539455
539546
539591
539682
539755
539832
539854
539990
540021
540245
540313
540481
540513
540588
540807
541208
541250
541302
541314
541547
541641
541691
541826
541843
541865
542005
542146
542164
542232
542310
542572
542583
543004
543201
543380
543525
543620
543657
543659
543737
543761
543913
543988
544080
544192
544383
544690
544753
545045
545136
545163
545169
545228
545330
545460
545555
545620
545716
545788
545796
545865
545932
545996
546027
546029
546121
546136
546191
546207
546217
546423
546467
546606
546631
546665
546751
546758
546768
546935
546991
547079
547250
547263
547315
547321
547436
547514
547538
547562
547664
547722
547786
547854
547964
547990
548111
548119
548143
548143
548353
548355
548377
548551
548689
548725
548856
548890
548893
549152
549314
549321
549434
549441
549479
549508
549555
549691
549752
549770
550142
550192
550243
550551
550568
550681
550813
550868
550900
550914
550939
551135
551189
551329
551454
551534
551608
551616
551657
551720
551736
551953
552367
552448
552584
552595
552717
552890
553112
553189
553216
553225
553252
553300
553311
553331
553531
553567
553736
553740
554253
554517
554523
554592
554629
554827
554876
554894
555002
555083
555092
555183
555293
555329
555465
555527
555697
555717
555985
556015
556040
556114
556373
556548
556602
556608
556660
556777
556834
556879
556934
557255
557308
557352
557563
557578
557596
557617
557710
557738
557790
557994
558030
558166
558213
558290
558305
558400
558428
558559
558664
558683
558791
558840
558966
559066
559118
559174
559222
559271
559278
559334
559514
559543
559881
559990
560086
560242
560506
560640
560791
560802
560972
561130
561252
561287
561347
561454
561660
561718
561721
561814
561929
562087
562144
562225
562281
562459
562597
562861
562992
563016
563160
563190
563202
563242
563245
563255
563317
563541
563571
563620
563652
563705
563741
563836
564044
564076
564130
564156
564444
564531
564568
564572
564581
564784
564834
565000
565215
565220
565262
565320
565378
565568
565622
565661
565677
565726
565929
566059
566128
566135
566152
566246
566279
566480
566649
566721
566772
566812
567039
567057
567068
567101
567146
567308
567360
567433
567464
567587
567849
568089
568157
568289
568512
568514
568625
568859
568914
568981
569042
569105
569310
569374
569601
569684
569752
569796
569814
569983
570099
570280
570466
570505
570540
570600
570658
570707
570719
570913
570936
570997
571128
571186
571187
571290
571318
571355
571399
571425
571574
571730
571914
571980
572208
572534
572793
573016
573230
573399
573435
573453
573674
573701
573725
573799
573821
573856
573973
574226
574243
574313
574338
574479
574545
574760
574855
574861
574889
574898
574915
574964
574984
575116
575343
575440
575539
575608
575632
575684
575791
576046
576108
576198
576201
576358
576383
576631
576880
577076
577448
577495
577535
577552
577787
577901
577903
577905
577968
578040
578094
578213
578704
578781
579005
579007
579089
579290
579328
579340
579359
579379
579989
580047
580130
580198
580295
580296
580319
580575
580738
580867
580975
581013
581121
581121
581134
581361
581529
581587
581703
581743
581745
581759
581917
581936
582030
582400
582425
582444
582447
582487
582591
582667
582749
582829
582891
583047
583100
583156
583271
583513
583535
583644
583703
583784
583823
583829
583877
583880
583951
584000
584117
584150
584172
584313
584357
584435
584578
584578
584596
584776
584995
585023
585264
585268
585439
585648
585690
585710
585724
585737
585789
585792
585944
586129
586159
586202
586229
586240
586268
586355
586577
586619
586635
586901
587043
587092
587116
587167
587272
587291
587350
587376
587476
587571
587842
587864
587911
587979
588269
588442
588841
588870
589298
589310
589332
589332
589389
589415
589439
589443
589457
589460
589464
589465
589518
589619
589795
589886
589912
589992
590076
590082
590137
590187
590407
590714
590723
590747
590819
591003
591009
591067
591121
591142
591184
591463
591496
591594
591691
591694
591703
591724
591784
591850
591857
591926
591956
592105
592507
592619
592783
592785
593470
593472
593473
593698
593800
593875
593900
593971
593980
594127
594282
594399
594871
594959
595137
595176
595297
595421
595450
595507
595544
595558
595656
595798
595974
596151
596477
596496
596647
596652
596720
596867
596944
597079
597192
597261
597299
597551
597565
597649
597694
597701
597960
598001
598016
598022
598183
598364
598382
598489
598558
598696
598708
598873
599012
599033
599146
599320
599349
599423
599775
599916
599984
600146
600212
600255
600306
600320
600578
600775
600825
600892
601190
601201
601265
601272
601329
601654
601685
601697
601727
601746
601893
601977
602072
602100
602284
602349
602392
602403
602417
602481
602518
602625
602792
602975
603077
603136
603158
603163
603326
603435
603459
603531
603620
603674
603849
603903
603919
604135
604208
604275
604545
604785
604844
604889
605038
605225
605251
605266
605503
605819
605974
606126
606152
606188
606319
606337
606413
606488
606532
606583
606595
606612
606630
606636
606681
606691
606888
607009
607326
607371
607448
607578
607621
607900
608079
608084
608150
608219
608410
608561
608871
609024
609174
609229
609249
609387
609395
609520
609680
609765
609814
609982
610128
610190
610367
610454
610480
610562
610626
610674
610910
611083
611170
611202
611207
611481
611562
611638
611709
611780
611796
611827
611837
611848
611962
611974
612072
612085
612270
612817
613161
613233
613233
613326
613397
613592
613615
613632
613698
613905
613910
613974
614075
614084
614152
614252
614290
614328
614420
614464
614472
614605
614694
614769
615148
615165
615170
615177
615235
615526
615693
615715
615892
616010
616072
616078
616095
616118
616171
616485
616514
616529
616529
616548
616668
616672
616734
616790
616834
616918
616935
616964
617190
617355
617447
617465
617530
617587
617786
617804
617862
617930
617967
618258
618301
618303
618335
618466
618640
618684
618720
618808
619028
619083
619420
619455
619593
620114
620193
620319
620648
620657
620781
620848
620967
620969
621160
621389
621469
621505
621573
621634
621692
621714
621852
621982
622038
622253
622666
622787
622840
622886
623026
623032
623033
623220
623295
623328
623358
623611
624029
624093
624224
624292
624567
624791
625141
625196
625208
625229
625263
625367
625418
625742
625975
626236
626264
626352
626378
626512
626613
626708
626744
626764
626768
626821
626857
626917
627008
627112
627201
627390
627439
627512
627628
627739
627890
627891
627906
627948
628001
628035
628367
628470
628520
628803
628880
628942
628966
629033
629186
629259
629314
629546
629611
629652
629655
629741
629802
629843
629924
629978
630035
630070
630128
630350
630467
630711
630732
630894
630935
630940
631053
631130
631144
631307
631456
631522
631593
631618
631698
631704
631824
631916
631974
632220
632288
632346
632379
632441
632685
632701
632794
632836
632848
632875
632893
632904
633194
633294
633307
633601
633763
633862
633975
634114
634245
634251
634291
634396
634539
634718
634804
634943
635014
635092
635122
635195
635322
635522
635603
635807
635827
635994
636288
636302
636370
636502
636659
636677
636745
636751
637087
637213
637253
637265
637599
637660
637843
637855
637859
637861
638134
638264
638369
638388
638427
638598
638607
638617
638622
639155
639187
639193
639252
639402
639447
639551
639582
639646
639705
639729
639760
639819
639946
640068
640082
640087
640122
640481
640501
640530
640547
640552
640578
640585
640604
640639
640733
640777
640993
641033
641074
641096
641171
641195
641264
641441
641489
641542
641575
641723
641898
642462
642508
642691
642712
642733
642754
642794
642827
642952
643062
643100
643109
643483
643732
643772
643824
644182
644235
644252
644352
644470
644839
645027
645065
645075
645172
645271
645306
645368
645502
645688
645705
645899
645960
646087
646195
646301
646302
646374
646499
646562
646884
647207
647259
647356
647470
647493
647634
647762
647771
648002
648409
648692
648735
649156
649158
649200
649300
649301
649323
649350
649382
649658
649711
649865
649936
650123
650256
650362
650556
650675
650698
650729
650752
650782
650888
650937
651080
651085
651262
651279
651565
651733
651752
651788
652046
652184
652352
652363
652407
652591
652753
652757
652834
652842
652988
653055
653191
653194
653630
653654
653831
654001
654184
654249
654337
654346
654431
654540
654548
654611
654719
654949
655047
655156
655223
655260
655545
655569
655612
655618
655660
655721
655769
655826
655956
656003
656040
656257
656404
656415
656434
656654
657048
657079
657299
657328
657721
657798
657874
657904
657954
657971
658078
658177
658194
658326
658417
658492
658960
659103
659128
659138
659251
659304
659342
659376
659392
659435
659561
659737
659854
659926
659965
659984
660447
660663
660675
660874
661011
661153
661287
661319
661388
661501
661545
661655
661726
661766
661796
661858
661876
661930
662253
662407
662532
662768
662938
663020
663067
663102
663123
663240
663307
663316
663383
663916
663916
663994
664038
664041
664064
664384
664469
664484
664505
664507
664630
664636
664816
665014
665090
665164
665494
665609
665667
665782
665996
666066
666492
666920
666921
667011
667115
667128
667161
667394
667440
667509
667578
667715
667768
667986
667994
668035
668120
668191
668362
668452
668491
668692
668852
669047
669088
669151
669201
669269
669600
669645
669686
669792
669928
669994
670028
670115
670385
670550
670553
670762
670830
670925
671031
671163
671428
671429
671452
671452
671612
671647
671661
671862
671910
672018
672033
672037
672225
672326
672334
672350
672453
672938
673086
673138
673290
673784
673850
673912
673973
674046
674100
674279
674308
674567
674804
674811
674816
674837
674871
674930
675103
675149
675153
675171
675211
675410
675412
675429
675480
675483
675499
675506
675554
675640
675668
675818
676009
676089
676140
676450
676905
676960
677012
677048
677220
677333
677424
677439
677603
677749
677781
677855
677977
677996
678164
678223
678468
678509
678625
678695
679188
679538
679550
679576
679601
679605
679652
679653
679740
679757
679761
679807
679835
680006
680288
680378
680418
680424
680572
680614
680676
680802
680844
680875
680893
681096
681104
681470
681543
681628
681662
681697
681708
681757
681765
681775
681978
682114
682199
682342
682363
682428
682658
682678
682866
682877
683138
683266
683301
683350
683438
683494
683660
683797
683990
684000
684022
684031
684089
684241
684501
684545
684612
684640
684829
684837
684852
684910
685033
685102
685156
685234
685269
685806
685944
685998
686403
686434
686445
686568
686752
686862
686978
687010
687049
687166
687279
687303
687318
687331
687485
687510
687561
687704
687778
687798
687842
687844
688020
688183
688272
688322
688373
688500
688681
688886
688952
689055
689236
689334
689371
689447
689550
689562
689832
689867
689960
690105
690258
690350
690359
690497
690585
690639
690824
690877
690890
690910
691009
691185
691214
691296
691359
691472
691571
691598
691623
691657
691846
692026
692176
692181
692206
692308
692423
692563
692599
692775
692798
692882
692941
693103
693253
693371
693379
693403
693467
693611
693641
693647
693688
693748
693826
693875
693989
693992
694009
694140
694283
694344
694363
694463
694510
694534
694641
694664
694699
694983
695114
695117
695151
695302
695345
695461
695462
695480
695529
695706
695719
695789
695820
695868
695873
695931
696084
696093
696297
696354
696397
696456
696498
697097
697130
697166
697311
697323
697350
697818
697874
697972
698033
698293
698402
698474
698591
698651
698669
698669
698723
698836
698891
699067
699068
699109
699151
699179
699327
699378
699438
699580
699637
699642
699701
700087
700141
700158
700211
700316
700557
700747
700824
700946
701445
701636
701661
702011
702057
702317
702397
702426
702607
702755
702803
702803
702993
702999
703110
703266
703299
703326
703356
703392
703517
703782
704004
704022
704239
704460
704678
704687
704918
704944
704945
704983
705090
705165
705166
705362
705449
705499
705633
705820
705886
706000
706030
706080
706399
706443
706849
706998
707071
707196
707239
707352
707487
707490
707731
707814
707840
707917
707967
708171
708255
708308
708482
708638
708683
708748
708852
708853
709000
709026
709027
709090
709155
709309
709457
709479
709714
709820
709823
709844
709887
710021
710223
710363
710482
710706
710710
711079
711155
711409
711429
711571
711776
711968
712045
712061
712213
712268
712270
712282
712284
712321
712431
712454
712457
712466
712490
712548
712722
712883
712935
713093
713096
713209
713235
713324
713414
713445
713469
713501
713799
713864
713967
714136
714152
714230
714250
714285
714345
714402
714406
714611
714671
714679
714766
714803
714829
714891
714892
714963
715186
715278
715314
715324
715527
715678
715952
716048
716069
716077
716247
716428
716460
716521
716616
717058
717085
717107
717168
717313
717467
717515
717622
717654
717708
717734
718125
718195
718263
718504
718517
718582
718639
718684
718825
718853
718957
718984
719078
719281
719301
719871
720170
720285
720358
720383
720837
720899
720998
721147
721287
721365
721393
721525
721613
721638
721639
721646
721692
721863
721897
721913
721943
721988
722077
722115
722293
722362
722807
722936
723175
723223
723298
723339
723444
723522
723625
723666
723735
723797
723818
723840
724051
724132
724151
724205
724293
724299
724310
724576
724713
724869
724961
725261
725312
725444
725483
725508
725527
725546
725615
725907
726001
726168
726272
726313
726422
726467
726591
726603
726620
726632
726787
726928
727047
727077
727125
727143
727228
727250
727660
727715
727750
727750
728058
728073
728186
728277
728284
728345
728405
728432
728586
728641
728705
728730
728782
728854
729372
729443
729992
730371
730474
730510
730563
730855
731012
731352
731428
731494
731584
731816
731828
731833
731861
731870
731885
731928
731952
731989
732034
732126
732147
732249
732448
732463
732522
732692
732877
732935
732994
733129
733143
733283
733418
733493
733534
733594
733666
733699
733835
734272
734559
734641
734767
734811
734926
734948
735273
735320
735360
735636
735640
735926
735956
735966
736320
736432
736521
736561
736701
736758
736784
736840
736941
737037
737059
737061
737196
737215
737385
737561
737729
737796
737877
738007
738139
738199
738307
738344
738418
738505
738557
738713
738894
739163
739178
739275
739440
739580
739599
740216
740375
740413
740445
740456
740600
740755
740914
740950
741148
741177
741240
741282
741519
741577
741581
741758
741898
742016
742085
742194
742341
742419
742504
742588
742707
742808
742991
743047
743088
743123
743232
743384
743412
743435
743463
743766
743854
743865
744012
744026
744101
744117
744272
744540
744606
744613
744720
744885
744938
744973
744991
745141
745285
745418
745496
745501
745510
745979
746006
746059
746174
746230
746371
746388
746442
746477
746486
746554
746735
746753
746822
746884
746923
746968
747258
747307
747471
747591
747642
747774
747845
747906
747921
748244
748480
748568
748572
748650
748711
748762
748807
748871
748931
749000
749169
749342
749520
749786
749795
749891
750031
750236
750295
750302
750374
750400
750498
750536
750561
750599
750735
750909
751114
751136
751153
751173
751219
751236
751314
751407
751410
751751
751762
751825
751896
751907
752034
752042
752090
752140
752221
752277
752343
752549
752552
752598
752619
752678
752709
752745
753083
753093
753093
753165
753278
753292
753494
753589
753701
753725
753770
753849
753923
753942
753981
754023
754108
754553
754699
754991
755103
755168
755248
755397
755439
755553
755829
755832
756034
756094
756105
756107
756216
756231
756242
756263
756306
756336
756580
756617
756661
756671
756786
756860
756888
757128
757261
757545
757546
757553
757625
757626
757637
757652
757672
757934
758015
758132
758184
758353
758374
758550
758587
758616
758668
758698
758807
758996
759004
759027
759065
759402
759638
759732
759747
760026
760097
760122
760169
760265
760362
760553
760783
760962
761219
761289
761354
761625
761626
761679
761696
761840
761867
761890
761894
761907
761944
762370
762641
762813
762988
763051
763075
763108
763137
763315
763380
763439
763628
763647
763673
763767
763885
763919
763993
764219
764309
764322
764511
764541
764589
764704
764748
764793
764836
764836
764898
764907
764970
765111
765201
765340
765542
765657
765661
765679
765840
765961
766010
766065
766185
766238
766301
766448
766730
766949
766990
767028
767137
767184
767579
767656
767987
768049
768117
768162
768218
768280
768297
768372
768504
768641
768714
768734
768734
768823
768841
768869
768876
769001
769005
769204
769516
769703
769753
770046
770098
770205
770300
770671
770744
771038
771060
771074
771327
771413
771417
771488
771491
771509
771550
771573
771888
771959
771976
772069
772070
772436
772620
772630
772633
772679
772715
772903
772992
773089
773145
773174
773183
773211
773303
773415
773488
773631
773658
773749
773938
773984
774024
774100
774197
774427
774573
774602
774606
774674
774817
774836
774864
775017
775127
775352
775380
775432
775433
775475
775478
775565
775732
775806
775897
775906
775909
775983
775991
776065
776079
776684
776697
776851
776923
777078
777098
777194
777265
777320
777329
777475
777680
777699
777935
777936
777970
778106
778191
778260
778272
778636
778651
778727
778772
778826
778862
779009
779158
779218
779218
779241
779276
779354
779364
779438
779472
779508
779599
779604
779624
779648
779714
779862
779903
779929
779935
780050
780090
780251
780269
780447
780462
780511
780532
780579
780583
780722
780812
781120
781243
781264
781416
781438
781589
781641
781874
782233
782266
782331
782340
782499
782544
782596
782649
782704
782712
783094
783195
783198
783302
783346
783408
783562
783570
783665
783710
783787
784000
784307
784342
784480
784617
784872
784989
785198
785226
785280
785353
785396
785470
785496
785664
785685
785710
785819
786083
786228
786357
786486
786660
786726
786739
786813
787005
787279
787328
787338
787604
787618
787668
787742
788005
788034
788071
788251
788252
788417
788475
788901
788957
789002
789009
789031
789167
789225
789340
789387
789428
789465
789640
789940
790010
790095
790193
790320
790417
790425
790659
790666
790708
791352
791552
791565
791732
791952
791962
791996
792247
792285
792359
792447
792459
792671
792735
792770
792815
792863
792881
793052
793095
793152
793231
793592
793600
793863
793903
793946
794098
794217
794269
794282
794299
794409
794512
794766
794826
794938
795137
795227
795351
795414
795422
795760
795922
795989
795999
796203
796442
796447
796571
796660
796722
796756
796877
796969
797200
797344
797420
797520
797612
797806
797876
798012
798119
798519
798596
798666
798693
798700
798774
798841
798896
798962
798994
799174
799343
799539
799541
799569
799592
799715
800037
800047
800105
800130
800292
800569
800590
800727
800745
800813
800818
800884
801039
801056
801680
801726
801904
801918
802004
802196
802438
802613
802670
802722
802733
802928
802997
803231
803252
803539
803700
803861
804095
804113
804373
804629
804863
804955
804975
805185
805343
805497
805661
805812
805840
805939
806115
806162
806173
806195
806197
806307
806668
806695
806767
806847
806920
806943
806967
807149
807267
807311
807573
807803
807973
808121
808167
808415
808504
808546
808552
808556
808562
808585
808592
808655
808685
808702
808815
808889
809142
809226
809331
809704
809730
809745
809793
809945
810029
810033
810049
810088
810192
810365
810369
810416
810473
810569
810689
811041
811240
811292
811300
811308
811457
811787
811814
811919
812083
812276
812285
812605
812687
812961
813127
813154
813335
813430
813430
813457
813719
813740
813937
813980
814076
814300
814460
814532
814626
814782
814829
814883
814907
814919
814934
814957
815110
815422
815550
815576
815742
815752
815903
815982
816124
816129
816180
816312
816593
816885
816907
816907
816943
817116
817130
817365
817439
817455
817458
817617
817649
817918
818015
818215
818377
818455
818763
818767
818904
818914
819016
819119
819222
819328
819390
819433
819472
819569
819722
819803
819867
819868
819885
819889
820140
820171
820438
820454
820559
820625
820718
820772
820955
820986
821030
821218
821248
821338
821483
821517
821521
821642
821711
821759
821811
821906
821965
822164
822266
822360
822481
822531
822532
822626
822643
822792
823015
823085
823097
823109
823276
823314
823460
823583
823648
823704
823917
824055
824102
824140
824266
824335
824348
824493
824602
824692
824869
824984
824989
825012
825030
825541
825559
825684
825760
826027
826096
826115
826192
826252
826269
826322
826332
826622
826839
826857
826994
827016
827245
827317
827325
827383
827625
827651
827743
827780
827916
827918
828066
828083
828180
828324
828332
828407
828427
828546
828666
828705
828725
828847
829013
829360
829391
829400
829424
829447
829544
829849
829893
830020
830049
830199
830394
830479
830538
830552
830553
830652
830715
830840
830842
830959
831104
831254
831428
831486
831530
831673
831674
831677
831973
832046
832092
832110
832157
832222
832244
832249
832417
832438
832544
832609
832646
832915
832946
832987
833135
833166
833221
833383
833438
833490
833511
833544
833553
833561
833751
833817
833902
834071
834108
834143
834282
834490
834589
834934
835120
835361
835425
835526
835659
835683
835732
836060
836165
836280
836387
836462
836527
836545
836653
836788
836793
836802
836880
837012
837034
837156
837175
837206
837461
837687
837698
837752
837960
838167
838217
838244
838423
838455
838568
838571
838671
838937
839058
839089
839162
839179
839426
839462
839624
839710
839940
839984
839985
840030
840074
840095
840293
840324
840375
840408
840504
840509
840530
840637
840656
840729
840838
841134
841372
841462
841505
841508
841567
841570
841685
841872
841940
841948
841988
842050
842222
842243
842257
842335
842365
842467
842467
842595
842620
842682
842943
843106
843345
843403
843730
843749
843767
843917
843933
843937
843953
844177
844201
844322
844362
844556
844610
844669
844706
844719
844816
845174
845201
845273
845450
845469
845546
845555
845620
845625
845817
845837
846010
846132
846219
846223
846241
846325
846332
846409
846439
846617
846630
846665
846811
846881
847193
847250
847516
847545
847615
847687
847840
847846
847942
847989
848118
848152
848182
848260
848331
848426
848531
848553
848562
848603
848921
848934
849129
849296
849439
849518
849590
849617
849624
849661
849743
849770
849859
850121
850152
850364
850423
850457
850568
850644
850837
850881
850908
850945
850959
850980
850982
851042
851055
851139
851582
851974
852023
852302
852304
852463
852523
852779
852815
852864
852866
852908
852999
853097
853179
853329
853420
853470
853515
853535
853568
853590
853676
853746
853784
854194
854269
854362
854419
854428
854436
854437
854441
854519
854534
854589
854765
854922
855041
855118
855143
855267
855299
855321
855739
855809
855915
856119
856137
856149
856166
856263
856304
856379
856394
856461
856512
856525
856584
856591
856672
856741
856874
856953
857072
857092
857142
857216
857490
857491
857650
857727
857731
857769
857892
857993
858073
858253
858255
858367
858404
858841
859021
859032
859083
859093
859142
859201
859242
859242
859603
859636
859838
859864
859885
859988
860029
860031
860240
860373
860398
860514
860556
860650
860691
861112
861290
861631
861756
861863
861894
862006
862135
862150
862186
862505
862512
862666
862718
862896
863067
863490
863504
863552
863685
863740
863883
863891
863940
864021
864099
864259
864481
864490
864624
864665
864682
864751
864889
864939
865041
865137
865141
865696
865748
865764
865955
865961
866113
866208
866255
866297
866305
866367
866373
866413
866627
866657
866715
866719
866800
866890
867022
867289
867446
867468
867535
867542
867582
867623
867669
867676
867767
867812
867860
867949
867986
868036
868156
868189
868238
868502
868509
868609
868640
868757
868975
868996
869038
869057
869133
869163
869183
869209
869303
869455
869536
869746
869783
869949
870014
870069
870179
870287
870588
870754
870939
870992
870997
871125
871143
871155
871157
871226
871238
871459
871589
871638
871679
871948
872012
872101
872180
872259
872322
872627
872779
872799
872827
873099
873154
873279
873374
873413
873511
873519
873592
873663
873693
873719
873864
873864
874142
874233
874270
874271
874275
874304
874354
874523
874537
874770
874971
874986
875106
875124
875338
875442
875555
875720
875776
875781
875852
875927
875936
875998
876193
876388
876697
876844
876933
877010
877189
877531
877638
877643
877674
877727
877856
877912
878103
878259
878260
878342
878348
878457
878461
878494
878688
878697
878753
878765
878902
878921
878995
879051
879117
879203
879543
879848
879867
879909
879992
880036
880318
880361
880568
880604
881003
881086
881093
881223
881293
881414
881459
881504
881546
881713
881808
881863
881880
881957
881985
881995
882015
882116
882182
882218
882239
882415
882434
882637
882788
882789
882802
882935
882939
882952
882998
883194
883210
883246
883422
883595
883621
883724
883782
883822
883837
883938
883978
883982
884025
884217
884418
884549
884631
884683
884770
885286
885318
885712
885787
885890
886122
886182
886239
886324
886437
886472
886505
886511
886544
886723
886723
886877
886885
886917
886957
886962
886993
887081
887288
887291
887412
887440
887489
887504
887595
888102
888385
888441
888445
888527
888586
888623
889020
889065
889082
889123
889176
889262
889375
889684
889796
889895
890036
890063
890243
890714
891095
891248
891295
891472
891501
891566
891617
891683
891770
891778
891887
892149
892239
892362
892599
892660
892692
892840
892891
893356
893449
893484
893619
893664
893684
893761
893797
893832
894143
894161
894229
894416
894431
894478
894484
894696
894987
895132
895196
895576
895601
896143
896202
896451
896468
896528
896665
896745
896763
896802
896934
897004
897030
897320
898091
898220
898345
898388
898426
898538
898688
898740
898753
898795
898815
898880
898911
899030
899135
899442
899958
900079
900175
900481
900495
900650
900720
900916
900963
900986
900986
901019
901085
901130
901351
901375
901412
901445
901560
901876
901877
901892
901893
902081
902084
902107
902322
902517
902568
902676
902700
902712
902763
902771
902861
903067
903102
903112
903126
903134
903177
903234
903324
903343
903466
903482
903614
903727
903774
903804
903818
903984
904147
904210
904622
904677
904755
904951
905025
905199
905439
905591
905649
905662
906243
906265
906324
906647
906666
906740
907473
907574
907791
907803
907933
908140
908149
908309
908407
908472
908728
909107
909278
909288
909343
909444
909474
909521
909571
909750
909813
909824
909843
910045
910076
910198
910262
910318
910360
910459
910470
910615
910669
910780
910783
910806
910867
910942
911003
911133
911284
911546
911550
911645
911832
911964
912023
912381
912576
912650
912873
912983
912992
913038
913086
913111
913199
913688
913741
913798
913884
913888
914127
914304
914621
914684
914749
914767
914844
914882
914892
914969
915143
915189
915227
915327
915330
915440
915566
915570
915577
915592
916117
916288
916319
916443
916535
916839
917126
917161
917206
917303
917356
917561
917573
917580
917729
918086
918086
918209
918324
918540
918682
918735
918932
918974
919068
919194
919235
919282
919358
919384
919486
919491
919507
919640
919755
919962
920069
920258
920274
920306
920423
920512
920551
920663
920732
920958
921028
921152
921184
921649
921739
921774
921818
921953
922013
922119
922161
922202
922402
922457
922753
922777
922894
922923
922978
922985
923075
923153
923460
923477
923627
923761
923763
923772
923780
924033
924217
924233
924239
924262
924339
924505
924527
924662
924714
924758
925008
925195
925454
925578
925956
926073
926192
926323
926429
926454
926776
926790
926829
926904
927198
927463
927515
927599
927741
927879
927957
927963
928211
928265
928341
928423
928442
928480
928541
928580
928684
928688
928702
928703
928715
928785
928816
928866
929041
929072
929198
929262
929322
929447
929531
929577
929682
929785
929859
929912
930029
930079
930172
930195
930236
930295
930359
930468
930484
930614
930968
931098
931373
931505
931548
931593
931692
931973
931988
932000
932226
932231
932264
932308
932309
932322
932345
932452
932464
932713
932783
932891
933043
933083
933126
933244
933303
933391
933395
933641
933711
933844
933895
934049
934172
934226
934296
934484
934523
934565
934576
934615
934640
934702
934719
934801
934851
934950
934950
934979
935249
935292
935468
935531
935568
935719
935866
935996
936063
936141
936196
936219
936273
936386
936581
936706
936755
936916
937011
937113
937114
937125
937383
937393
937468
937581
937590
937593
937651
938155
938308
938354
938484
938607
938797
938870
938877
938888
938909
939010
939145
939259
939335
939408
939431
939432
939856
939858
939941
939959
940173
940243
940323
940323
940328
940364
940371
940402
940454
940503
940527
940583
940764
940819
940837
940927
941100
941164
941229
941295
941392
941426
941675
941891
941958
942065
942134
942152
942351
942368
942447
942452
942561
942705
942908
942932
942958
942967
943096
943117
943264
943310
943319
943663
943693
943864
944207
944231
944372
944438
944442
944627
944739
944794
945576
945589
945603
945665
945740
945851
945867
945943
946005
946221
946253
946391
946461
946511
946717
946809
946919
947004
947416
947572
947594
947796
947818
947836
947873
947979
947996
948021
948272
948319
948437
948444
948507
948548
948659
948666
948687
948744
948784
948859
948965
949400
949412
949448
949873
949935
949975
950078
950169
950212
950218
950342
950358
950496
950504
950532
950588
950774
950923
950964
951057
951062
951133
951172
951249
951517
951664
951700
951928
951949
952017
952116
952287
952335
952893
952905
953105
953202
953209
953326
953442
953453
953461
953532
953665
953715
953975
954291
954439
954450
954459
954599
954680
954735
954940
955164
955191
955297
955423
955552
955561
955594
955612
955702
956198
956244
956246
956475
956538
956803
956812
956896
957024
957070
957160
957245
957335
957346
957370
957579
957593
957670
957706
957834
957903
957947
957948
958026
958080
958141
958238
958293
958386
958401
958471
958566
958657
958672
958756
958823
958860
958883
958898
958900
958933
959101
959158
959309
959320
959375
959524
959588
959776
959947
959951
959974
960175
960262
960337
960419
960467
960527
960529
960656
960738
960847
961175
961179
961362
961392
961610
961616
961742
961955
961991
962264
962331
962430
962597
962934
963030
963277
963308
963388
963555
963769
963797
963914
963957
964116
964246
964754
964777
964913
965008
965317
965365
965481
965527
965584
965588
965618
965679
965750
965964
966151
966265
966273
966327
966335
966396
966404
966414
966483
966494
966576
966730
966770
966920
966990
967033
967220
967611
967642
967671
967679
967834
967920
968054
968149
968285
968306
968524
968581
968666
968770
968785
968900
968953
969200
969293
969433
969737
969785
969945
970044
970447
970660
970737
970946
971150
971151
971201
971233
971261
971297
971354
971376
971502
971663
971771
971892
971958
971965
972189
972233
972291
972320
972372
972438
972441
972458
972496
972668
972842
972889
972903
973091
973127
973198
973226
973250
973366
973683
973849
973994
974041
974149
974428
974465
974535
974620
974689
974691
974754
974757
974806
974891
974940
975189
975246
975481
975584
975670
975754
975930
975943
975955
975978
976017
976040
976050
976113
976223
976279
976330
976498
976499
976512
976751
976861
976934
976984
976993
977018
977028
977130
977458
977486
977573
977587
977791
977898
977898
978004
978017
978066
978113
978180
978316
978418
978452
978467
978651
978700
979208
979240
979279
979355
979568
979796
979912
980009
980238
980487
980513
980690
980952
980958
981002
981104
981285
981317
981378
981423
981472
981478
981484
981873
981879
981949
981987
982157
982331
982395
982603
982791
982937
983002
983289
983410
983634
983849
983906
984002
984095
984096
984113
984128
984156
984336
984492
984548
984589
984592
984849
984992
985062
985245
985391
985408
985425
985706
985855
985874
986014
986082
986218
986265
986282
986444
987045
987177
987576
987627
987685
987705
987780
987820
987842
987901
987918
988044
988084
988125
988177
988213
988352
988616
989214
989283
989300
989410
989493
989826
989892
990068
990164
990241
990253
990264
990269
990279
990442
990621
990740
990929
991191
991350
991581
991869
991973
992075
992106
992252
992271
992335
992440
992478
992680
992792
992811
992895
992907
992959
993058
993119
993276
993359
993413
993456
993539
993872
993892
993955
994078
994197
994237
994532
994773
994794
994833
994980
995127
995213
995292
995314
995394
995475
995674
995725
995994
995996
996037
996080
996136
996507
996601
996639
996758
996759
996844
996856
997072
997164
997212
997312
997425
997434
997514
997639
997799
998123
998196
998424
998441
998493
998626
998663
998696
998797
998834
998933
999023
999134
999415
999548
999802
999867
