1000
-998778
-994226
-992688
-991752
-990033
-988907
-988903
-986735
-985947
-983587
-983544
-982991
-982615
-982554
-981872
-980614
-980490
-976917
-976042
-974486
-973104
-967428
-964102
-963641
-959292
-955734
-955682
-955542
-948619
-946830
-943889
-943632
-941825
-941732
-940703
-938630
-938268
-934665
-933149
-930598
-928921
-926936
-923629
-923241
-917109
-916968
-913480
-913208
-912122
-909745
-908543
-905775
-903189
-902500
-899553
-897080
-896858
-895550
-895486
-894470
-892328
-892255
-890665
-882541
-881783
-880837
-876716
-875733
-875347
-874170
-870899
-868782
-867548
-862281
-860418
-856222
-854803
-852941
-852109
-851075
-845419
-844027
-843675
-842905
-841959
-841283
-839252
-833837
-831956
-831130
-826803
-825665
-825054
-824394
-823968
-823737
-821266
-820247
-818115
-817909
-814051
-811872
-811139
-804067
-804006
-803550
-803171
-802968
-802924
-802215
-798517
-796659
-796295
-795046
-793282
-793238
-790075
-789618
-789550
-788234
-782663
-779224
-778327
-773255
-772637
-772464
-772002
-767663
-767220
-766012
-762921
-761993
-761320
-754453
-753343
-751951
-751524
-751047
-746450
-743360
-742932
-739312
-738148
-734832
-732770
-730089
-728229
-725704
-723430
-720027
-716071
-715508
-712510
-709661
-709020
-707907
-706984
-703595
-700859
-697448
-696779
-696694
-692253
-691662
-688574
-687604
-684620
-674897
-672307
-670771
-666259
-663877
-662602
-661597
-660387
-660287
-659332
-657847
-657560
-656403
-650585
-650524
-649285
-648298
-647286
-645365
-643562
-642971
-642533
-641237
-636168
-635489
-631817
-630699
-626113
-625535
-621262
-621079
-616273
-614997
-614315
-613057
-607900
-605794
-604073
-599239
-595352
-595272
-594262
-591788
-591702
-588533
-587899
-585177
-583583
-583365
-583015
-582491
-580465
-579862
-578549
-578064
-576868
-576487
-573215
-569901
-569799
-569006
-564909
-563182
-558718
-557106
-556464
-554178
-550902
-546234
-544771
-544538
-539836
-538401
-537576
-530972
-524961
-524803
-523324
-522256
-518595
-517235
-517032
-516618
-515628
-513569
-512977
-511303
-510476
-510327
-509848
-509708
-506224
-506064
-504912
-504589
-501323
-498142
-497616
-495456
-490947
-485337
-475955
-474517
-473656
-472212
-471264
-470646
-466313
-461339
-460749
-460364
-459960
-459535
-459514
-456479
-452543
-451461
-449300
-448906
-448695
-446000
-445473
-443861
-441800
-440878
-440543
-438333
-437416
-434889
-430754
-429815
-429141
-428821
-425861
-421320
-416603
-414674
-412246
-412044
-410858
-410360
-409440
-408180
-408014
-407488
-406741
-406507
-405806
-405102
-403506
-400151
-398757
-394803
-394746
-391797
-390875
-390748
-390581
-389680
-384517
-384072
-383617
-381610
-381303
-380959
-380471
-377818
-377093
-372292
-369254
-367540
-367099
-363246
-362879
-357191
-356659
-352098
-346824
-345926
-342152
-340034
-337447
-335073
-334478
-332680
-332080
-332007
-328869
-317137
-315588
-313609
-312363
-309318
-309148
-306947
-304771
-304603
-303422
-299573
-298142
-295995
-294829
-293183
-293037
-292628
-290011
-285970
-284283
-283614
-282398
-280080
-279163
-278523
-276186
-276074
-274878
-274693
-272017
-266132
-265082
-259184
-258178
-252844
-252291
-250357
-250189
-249916
-249492
-249248
-247112
-243217
-242853
-239719
-238110
-236330
-233778
-230246
-229726
-227036
-226611
-226340
-225759
-225433
-224339
-224064
-218143
-217624
-216405
-215461
-213302
-211598
-211529
-211283
-208731
-208545
-207495
-206273
-203850
-200241
-198636
-197300
-194153
-191041
-188223
-187230
-182078
-178101
-177696
-176293
-175990
-174714
-173952
-173249
-172261
-171829
-171610
-171389
-166084
-165971
-164336
-162955
-159089
-156944
-154889
-154844
-150729
-149431
-146727
-140092
-138634
-137601
-137225
-136215
-128251
-127480
-122136
-118500
-118393
-114916
-110483
-109178
-109069
-109060
-105020
-100979
-97117
-96028
-94335
-91126
-89431
-89161
-88794
-87255
-84640
-83000
-79482
-77742
-75488
-74732
-73228
-70753
-63893
-61278
-61171
-60730
-60303
-60142
-60118
-59127
-49695
-48362
-47824
-46620
-43435
-43102
-40349
-38983
-36094
-32540
-24566
-22707
-22073
-21079
-20949
-20369
-19553
-15070
-12842
-12080
-12006
-6240
-2792
226
319
701
5904
6873
8680
9129
11739
12603
13777
14055
15753
15917
20173
24731
25075
25524
30292
30819
35309
40823
48181
48595
49200
49240
49462
58703
60376
60404
60972
63587
63796
64610
65011
65862
66239
74778
75511
75812
77122
77963
79034
79545
81236
87528
90163
91072
91883
95263
95435
95658
96516
101598
104325
104556
107142
108934
112008
113149
116864
118787
120228
120754
121544
122294
123979
124553
126155
129658
130621
131763
131907
134049
136855
143477
148026
149362
149767
152053
155326
156673
159361
159643
159886
162187
162501
170079
174810
180211
182438
182963
183918
190443
191479
192513
194155
194424
197284
197500
197649
198697
200270
202383
204654
207558
210718
213173
215141
216404
218510
222129
223557
224516
224911
227422
231220
234111
234469
234840
234980
235309
236437
238443
239775
240779
241033
243552
244221
245120
247721
248182
248231
248609
251650
257614
257905
259881
263934
264395
265499
266493
268268
270161
271127
273592
276151
279047
282339
283005
289634
290397
294481
303945
311953
312609
313966
316796
317570
317813
317872
319493
320032
323153
326222
326549
326785
327726
328482
330133
331698
334122
336990
340175
342251
345457
346028
346250
350239
351558
354478
355826
355999
356088
358052
360253
360511
361969
365278
368174
368253
370346
370794
373648
374089
375139
375628
375817
376495
378716
380548
381592
386267
386560
390110
392184
397897
398188
398723
399352
400456
402224
404016
404020
407677
408464
409738
414361
415037
416027
417430
417669
418071
420038
425618
426480
426636
431093
431538
432270
432456
438790
440375
442579
445485
447045
448336
449667
452569
453787
456289
458771
459370
459962
465088
465515
465849
467069
469606
470640
471908
473846
476166
476560
482786
487925
488562
489841
495159
495198
500097
503722
506815
507186
507630
507752
510613
512661
515507
516781
516959
521459
522861
523621
524121
524216
525603
526878
528720
530518
531842
534282
535428
537089
539207
541980
542433
542999
544405
545578
546846
554591
555008
555464
556283
562876
564715
564944
566511
566712
567889
570994
580613
583281
585361
588413
592333
600248
600408
605287
606999
614729
617910
620812
622792
622941
623583
623746
629107
635954
636160
641708
644365
649908
650031
651702
656015
657991
659717
661544
665528
668754
670633
670705
671896
675119
675684
676941
678246
678347
680191
680618
682005
683392
684098
686492
686968
692565
693046
701936
706683
707785
710801
711681
715499
715613
720026
724252
725386
726774
731696
735054
739678
741358
744825
746893
754342
756608
757490
766152
766319
767002
767347
767470
769559
769560
773299
777507
783116
783309
784368
788454
789299
790056
790962
791145
791849
792383
801608
805873
806513
809524
811298
816051
816696
819042
819200
821436
823349
823718
837011
840207
840554
842101
842170
843171
843629
845776
848446
858731
861313
865924
871070
872254
872351
873179
876922
877392
878239
878403
880308
881942
885670
887165
887618
890818
893932
897241
897486
897814
898638
900283
901133
901662
903412
914066
916630
918009
918543
919915
921097
921803
921896
921970
925358
928535
928637
931585
932449
935545
937359
938365
940458
945444
945532
948994
950126
951185
954655
956103
957589
958632
958923
959202
959802
962310
967005
967483
967597
974503
976557
977140
980838
983300
983972
985107
987010
988705
989453
991035
991355
997009
