10000
-999357
-999142
-998975
-998874
-998509
-998473
-998417
-998234
-998177
-998149
-997735
-996947
-996902
-996819
-996696
-996656
-996562
-996420
-996171
-996116
-996109
-995832
-995319
-994551
-994518
-994324
-994245
-994119
-994039
-993830
-993702
-993702
-993668
-993294
-993242
-993235
-992797
-992784
-992666
-992646
-992124
-992047
-991956
-991772
-991680
-991672
-990976
-990897
-990580
-990558
-990464
-990038
-990018
-989634
-989248
-989175
-988894
-988788
-988666
-988621
-988170
-988013
-987811
-987686
-987606
-987555
-987477
-986843
-986774
-986615
-986482
-986448
-986378
-986098
-986076
-986050
-985679
-985424
-985167
-984840
-984358
-984227
-984001
-983802
-983514
-983233
-982956
-982918
-982785
-982754
-982596
-982525
-982514
-982360
-982248
-981950
-981641
-981590
-981074
-981022
-980675
-980544
-980251
-979957
-979873
-979738
-979396
-979274
-979095
-978492
-978336
-978258
-977933
-977920
-977778
-977725
-977589
-977373
-977343
-977069
-976511
-976288
-976230
-976209
-976167
-975993
-975692
-975636
-975444
-975374
-975256
-974447
-974360
-974250
-974223
-974076
-974028
-973870
-973753
-973463
-973447
-973418
-973119
-973024
-972876
-972684
-972355
-971986
-971917
-971590
-971508
-971384
-971321
-971063
-970908
-970905
-970371
-969939
-969491
-969484
-969392
-969332
-969175
-968886
-968811
-968167
-967993
-967989
-967969
-967958
-967919
-967848
-967835
-967603
-967514
-967465
-967209
-967104
-967010
-967009
-966832
-966656
-966652
-966210
-966074
-966000
-965944
-965637
-965226
-965124
-964993
-964932
-964757
-964748
-964659
-963730
-963494
-963299
-963268
-963266
-962791
-962655
-962148
-962068
-962033
-962023
-961951
-961854
-961439
-961350
-961088
-960282
-960274
-960244
-959996
-959984
-959401
-958621
-958276
-958210
-957653
-957396
-957218
-957107
-957036
-957018
-956924
-956771
-956548
-956220
-956075
-956033
-955651
-955386
-955347
-955271
-954977
-954571
-954327
-954088
-953799
-953476
-953398
-953311
-953169
-953047
-952669
-952185
-952089
-951551
-951396
-951328
-951317
-951114
-950934
-950854
-950323
-950313
-950285
-950179
-949934
-949724
-949660
-949655
-949590
-949522
-949204
-949141
-949082
-948950
-948950
-948318
-948305
-947943
-947677
-947413
-946992
-946747
-946581
-946501
-946439
-946280
-945919
-945873
-945596
-945467
-945136
-945016
-944479
-944385
-944237
-943735
-943544
-942849
-942752
-942743
-942623
-942125
-941868
-941325
-941285
-940256
-939829
-939712
-939686
-939090
-938789
-938783
-938450
-938340
-938017
-937905
-937860
-937715
-936956
-936023
-935811
-935764
-935588
-935353
-934851
-934738
-934722
-934423
-934230
-933809
-933385
-933167
-933152
-932997
-932901
-932668
-932396
-932370
-932300
-931977
-931703
-931563
-931559
-931551
-931054
-930420
-930033
-929490
-929075
-928421
-928226
-928118
-927976
-927877
-927870
-927262
-927131
-927048
-926956
-926489
-926424
-926387
-926350
-926189
-925860
-925610
-925574
-925467
-925068
-924464
-924275
-924015
-924007
-923747
-923123
-922994
-922915
-922911
-922798
-922644
-922586
-922506
-922316
-921578
-921557
-921533
-921494
-921284
-921135
-920077
-919992
-919931
-919719
-919378
-919362
-918675
-918429
-917915
-917864
-917814
-917621
-917382
-917359
-917180
-917169
-917117
-916913
-916732
-916657
-916580
-916556
-916412
-916396
-916371
-916245
-915921
-915793
-915792
-915747
-915682
-915545
-915485
-915237
-914970
-914957
-914589
-914411
-914310
-914200
-914131
-914051
-914041
-913879
-913869
-913731
-913333
-913223
-913150
-913129
-913030
-912268
-911712
-911377
-911299
-911248
-911192
-911084
-910761
-910315
-910297
-909990
-909873
-909866
-909572
-909563
-908516
-908495
-908475
-908112
-907765
-907607
-907567
-907286
-906243
-906123
-906053
-905785
-905083
-904688
-904684
-904644
-904503
-904161
-903131
-903022
-902982
-902910
-902878
-902287
-901803
-901169
-900943
-900753
-900724
-900094
-900057
-899967
-899879
-899652
-899625
-899404
-899096
-898894
-898761
-898689
-898644
-897987
-897746
-897690
-897632
-897274
-897215
-897103
-897089
-897048
-897042
-896852
-896544
-896520
-896266
-896144
-896088
-895737
-895692
-895498
-895485
-895360
-895002
-894987
-894932
-894857
-894818
-894735
-894620
-894149
-893889
-893721
-893258
-892764
-892641
-892632
-892546
-892537
-892521
-892297
-892239
-891889
-891441
-891168
-891081
-891037
-890620
-890416
-890279
-889949
-889563
-889337
-888943
-888785
-888766
-888715
-888657
-888434
-888331
-887975
-887669
-887602
-887411
-887325
-887275
-887201
-887107
-886997
-886799
-886501
-886448
-886007
-885793
-884748
-884453
-884113
-883928
-883357
-882904
-882191
-881964
-881860
-881705
-881676
-881319
-881285
-881180
-881129
-881036
-880892
-880724
-880525
-880524
-880132
-879320
-878926
-878889
-878830
-878550
-878291
-878168
-877910
-877818
-877544
-877217
-877209
-876804
-876782
-876657
-876632
-876601
-876127
-876079
-876033
-875577
-875501
-875486
-875286
-874708
-874428
-874072
-874063
-873838
-873783
-873574
-873480
-873279
-873141
-873126
-872921
-872891
-872673
-872575
-872336
-872108
-871557
-871528
-870981
-870759
-870484
-870419
-870219
-870125
-869938
-869401
-869184
-869033
-868585
-868445
-868421
-868082
-867781
-867752
-867563
-866995
-866874
-866784
-866333
-866266
-866029
-865922
-865859
-865025
-864987
-864872
-864443
-864207
-863944
-863633
-863557
-863360
-863219
-863078
-862890
-862809
-862715
-862696
-862434
-862352
-861747
-861668
-861648
-861576
-860720
-860594
-860519
-860270
-860258
-859829
-859772
-859476
-859327
-859129
-859080
-859017
-858944
-858890
-858784
-858615
-858552
-858451
-858181
-857988
-857980
-857954
-857806
-857625
-857607
-857280
-857111
-856250
-856135
-856117
-855962
-855732
-855354
-854954
-854948
-854610
-854530
-854491
-854226
-854161
-854137
-853609
-853307
-853112
-853099
-853062
-852989
-852886
-852861
-852790
-852752
-852613
-852558
-851882
-851817
-851672
-851614
-851386
-850771
-850510
-850491
-850462
-850340
-850209
-850018
-849886
-849710
-849689
-849584
-849395
-849118
-848949
-848368
-848258
-848224
-848087
-848084
-847549
-847119
-847004
-846813
-846794
-846783
-846768
-846645
-846544
-846297
-846159
-845966
-845847
-844766
-844748
-844700
-844503
-844387
-843870
-843665
-843538
-843245
-842977
-842758
-842632
-842458
-842262
-842054
-841962
-841944
-841639
-841549
-841396
-841350
-841051
-841024
-840521
-840226
-840184
-840173
-840068
-839846
-839647
-839490
-838669
-837812
-837806
-837176
-837108
-837065
-836800
-836405
-836298
-836295
-836242
-836224
-836124
-835795
-835748
-835400
-835247
-835072
-834875
-834847
-834648
-834167
-833869
-833376
-833294
-832713
-832712
-832652
-832573
-832420
-832364
-832310
-832257
-832177
-831656
-831568
-831480
-831317
-831314
-831236
-831228
-830707
-830588
-830458
-830422
-830131
-830053
-829992
-829900
-829856
-829732
-829455
-829370
-829196
-828891
-828802
-828702
-828520
-827921
-827802
-827711
-827476
-826955
-826656
-826593
-826258
-826226
-825800
-825799
-825795
-825756
-825642
-824962
-824862
-824690
-824526
-824278
-824092
-823601
-823512
-822777
-822665
-822233
-822014
-821617
-821468
-821376
-820624
-820450
-819986
-819805
-819629
-819597
-819230
-818566
-817975
-817958
-817172
-817153
-817094
-816483
-815948
-815919
-815869
-815453
-815316
-815223
-815012
-814831
-814812
-814777
-814761
-814576
-814180
-813797
-813728
-813189
-812877
-812859
-812813
-812661
-812657
-812548
-811849
-810975
-810478
-809965
-809749
-809298
-809217
-809205
-809200
-809093
-808830
-808358
-808275
-807562
-807561
-807004
-806771
-806769
-806587
-806551
-806262
-806054
-805623
-805572
-805538
-805402
-805265
-804974
-804711
-804567
-804399
-803925
-803607
-803510
-803498
-803269
-803124
-803030
-803009
-801852
-801704
-800377
-800290
-800232
-800193
-800151
-800003
-799751
-799530
-799419
-799129
-798864
-798421
-798203
-798197
-798145
-797353
-797228
-797211
-797124
-797122
-797120
-797107
-796745
-796541
-795896
-795719
-795596
-794846
-794720
-794045
-793542
-793524
-792850
-792847
-792784
-792582
-792316
-791868
-791549
-791429
-791327
-791254
-791214
-790888
-790814
-790781
-790648
-790545
-790397
-790265
-790206
-790108
-790071
-790057
-790053
-789708
-789304
-789070
-788941
-788901
-788782
-788779
-788605
-788524
-788270
-788201
-787900
-787814
-787587
-787540
-787414
-787268
-786871
-786862
-786773
-786717
-786639
-786595
-786048
-786013
-785952
-785744
-785404
-785197
-784731
-784659
-784418
-784368
-784311
-784211
-784161
-784117
-783660
-783147
-783140
-782660
-782312
-782212
-781934
-781927
-781827
-781539
-781344
-780517
-780409
-780054
-779695
-779460
-779320
-779297
-779137
-779079
-778884
-778880
-778339
-778014
-778004
-777837
-777361
-777177
-776970
-776760
-776615
-776310
-776023
-775831
-775659
-775479
-774868
-774777
-774527
-774437
-774128
-774118
-774029
-773945
-773830
-773665
-773207
-773175
-773072
-772956
-772877
-772508
-771787
-771685
-771593
-771357
-770670
-770340
-770232
-770198
-769916
-769787
-769608
-769167
-768677
-768040
-767984
-767902
-767892
-767851
-767666
-767469
-767045
-766666
-766631
-766596
-766439
-766049
-765923
-765696
-765497
-765339
-765307
-765199
-765074
-765006
-764941
-763925
-763728
-763514
-763421
-763226
-763121
-763023
-762461
-762335
-762325
-762215
-761966
-761500
-761453
-761307
-761267
-761019
-760988
-760881
-760698
-760520
-760258
-760138
-759990
-759896
-759878
-759863
-759777
-759638
-759292
-759177
-758916
-758768
-758763
-758546
-758297
-758229
-758181
-758158
-757484
-757102
-757044
-756943
-756354
-756027
-755902
-755633
-755277
-755071
-754998
-754995
-754995
-754369
-754249
-754193
-753936
-753736
-752806
-752176
-752050
-751749
-751502
-751472
-751284
-750937
-750777
-750732
-750489
-750243
-750217
-750065
-749997
-749660
-749432
-749367
-749010
-748858
-748707
-748601
-748509
-747538
-747510
-747431
-746890
-746842
-746630
-746496
-746310
-746179
-745914
-744996
-744743
-744519
-743996
-743938
-743731
-743620
-743514
-743390
-743128
-743109
-742671
-742200
-741317
-741274
-741254
-740948
-740936
-740826
-740704
-740670
-740538
-739803
-739686
-739423
-739320
-738805
-738771
-738276
-738226
-738182
-737866
-737672
-737488
-737225
-737147
-737017
-736978
-736937
-736696
-736549
-736461
-736329
-736302
-736202
-736127
-735851
-735845
-735788
-735392
-735354
-735332
-735229
-734923
-734922
-734731
-734584
-734511
-734476
-734375
-734364
-734185
-734054
-734049
-733967
-733934
-733765
-733580
-733483
-733377
-733348
-733294
-733203
-733100
-732299
-732094
-731952
-731577
-731543
-731436
-731292
-731219
-731154
-731094
-731075
-730838
-730525
-730399
-730357
-730086
-729812
-729781
-729646
-729357
-729007
-728736
-728262
-728250
-728207
-727859
-727495
-727251
-727238
-727182
-726983
-726897
-726890
-726715
-726707
-726540
-726417
-726396
-726075
-725972
-725795
-725701
-725550
-725176
-724914
-724855
-724797
-724741
-724740
-724650
-724587
-724484
-723753
-723681
-723558
-723545
-723253
-723244
-723055
-723022
-722732
-722693
-721943
-721711
-721610
-721440
-721391
-721021
-720929
-720886
-720763
-720483
-720319
-720191
-720186
-719726
-719640
-719562
-719299
-717805
-717609
-717573
-717537
-717427
-717265
-717156
-717076
-717046
-716991
-716738
-716280
-716115
-715832
-715761
-715747
-715556
-715281
-715064
-714988
-714845
-714839
-714810
-714592
-714135
-713781
-713602
-713506
-713321
-713138
-712792
-712508
-712424
-712346
-712107
-711737
-711722
-711658
-711571
-711298
-711078
-710951
-710903
-710825
-710661
-710567
-710531
-710067
-710032
-710026
-709897
-709619
-709600
-708737
-708691
-708537
-708519
-708408
-708244
-708199
-707996
-707814
-707515
-707049
-706761
-706611
-706476
-706412
-706410
-706381
-706373
-706278
-705991
-705984
-705983
-705981
-705874
-705864
-705847
-705718
-705597
-704984
-704958
-704914
-704302
-704125
-703304
-703084
-703040
-702954
-702909
-702794
-702718
-702673
-702436
-702388
-702127
-702110
-701922
-701534
-701027
-700874
-700240
-699984
-699694
-699574
-699388
-699250
-699102
-698944
-698858
-698728
-698620
-698478
-698392
-697885
-697563
-697364
-697295
-697148
-696925
-696364
-696202
-696020
-695934
-695914
-695885
-695852
-695417
-694948
-694908
-694552
-694500
-694391
-694018
-693700
-693624
-693075
-692823
-692713
-692611
-691869
-691762
-691701
-691534
-691447
-691399
-691054
-690312
-690241
-690093
-690082
-690053
-690019
-689814
-689435
-689238
-688932
-688866
-688749
-688617
-688002
-687409
-687139
-687108
-687079
-686793
-686677
-686488
-686398
-686251
-685783
-685667
-685659
-685502
-685217
-684997
-684561
-684221
-684200
-683955
-683891
-683886
-683631
-683469
-683335
-682955
-682754
-682480
-682395
-682380
-682328
-681913
-681618
-681450
-681431
-681194
-681022
-680999
-680956
-680841
-680729
-680135
-679763
-679557
-679333
-679178
-679078
-679070
-679046
-678979
-678844
-678742
-678687
-678597
-678577
-678478
-678442
-678155
-677851
-677418
-677337
-677284
-677266
-676949
-676911
-676476
-676356
-675558
-674965
-674872
-674467
-674346
-674321
-674255
-674198
-673948
-673827
-673778
-673751
-673743
-673726
-673589
-673298
-673179
-673178
-673074
-672554
-672111
-671732
-671515
-671401
-671358
-671177
-671036
-670983
-670690
-670597
-670399
-669958
-669945
-669815
-669480
-669211
-668913
-668339
-667869
-667827
-667768
-666823
-666714
-666586
-666336
-666233
-666051
-665724
-665722
-665208
-664857
-664268
-663915
-663811
-663561
-662807
-662465
-662179
-661697
-661661
-661036
-660978
-660906
-660524
-660259
-660074
-659926
-659496
-659109
-659088
-658864
-658713
-658669
-658123
-656666
-656441
-656418
-656357
-656117
-655851
-655695
-655412
-655323
-655308
-655051
-654308
-654166
-653550
-653300
-653038
-652948
-652819
-652541
-652450
-652278
-652274
-652111
-651803
-651786
-651767
-651760
-651598
-651349
-651173
-651067
-650843
-650518
-650462
-650217
-649975
-649549
-649138
-649124
-649118
-649111
-648844
-648686
-648668
-648323
-647945
-647753
-647566
-647482
-647447
-647344
-647304
-647286
-647012
-646849
-646809
-646716
-646710
-646604
-646591
-646520
-646239
-645923
-645461
-645449
-645436
-645210
-644809
-644677
-644548
-644124
-644076
-643997
-643701
-643550
-643352
-643139
-643045
-642941
-642701
-642487
-642258
-642201
-641830
-641422
-641128
-641037
-640946
-640862
-640726
-639912
-639522
-639319
-639270
-639152
-638842
-638787
-638338
-638119
-637949
-637886
-637868
-637714
-637564
-637533
-637531
-637523
-636705
-636650
-636323
-635931
-635819
-635528
-635052
-635038
-634931
-634837
-634717
-634659
-634495
-634420
-634334
-634259
-634170
-633895
-633691
-633488
-633456
-633347
-633317
-633177
-633044
-632954
-632943
-632690
-632333
-631697
-631073
-630918
-630897
-630733
-630517
-630328
-629983
-629748
-629633
-629633
-629371
-629208
-628940
-628801
-628600
-628519
-628485
-628262
-627901
-627539
-627453
-627142
-626743
-626117
-625786
-625501
-625240
-625225
-625101
-624638
-624543
-624274
-624240
-624215
-624021
-623682
-623553
-623547
-623503
-623475
-623387
-623292
-622980
-622306
-622090
-622016
-621897
-621774
-621500
-620842
-620464
-620320
-619951
-619880
-619740
-619727
-619528
-619510
-619425
-618797
-618392
-618383
-618074
-617748
-617538
-616774
-615586
-615288
-615246
-615234
-615188
-614755
-614584
-614525
-614220
-614217
-613980
-613568
-613360
-613356
-613238
-613169
-613049
-612773
-612548
-612485
-612084
-612076
-611768
-611688
-611428
-611374
-611106
-610875
-610872
-610872
-610356
-610334
-610284
-610116
-610003
-609027
-608898
-608795
-608743
-608505
-608387
-608351
-608284
-608236
-608197
-607931
-607689
-607654
-607426
-607214
-606482
-606123
-605996
-605891
-605785
-605644
-605025
-604876
-604497
-604144
-604114
-604056
-603822
-603815
-603809
-603711
-603402
-603250
-603072
-602971
-602736
-602507
-602500
-602087
-602070
-601822
-601801
-601739
-601684
-601607
-601454
-601367
-600599
-600580
-600577
-600508
-600417
-600211
-600106
-599953
-599914
-599831
-599828
-599753
-599513
-599453
-599434
-599430
-599177
-599157
-598373
-598148
-598140
-598005
-597818
-597794
-597603
-597102
-596385
-596072
-595843
-595841
-595484
-595462
-595350
-595320
-594554
-594542
-594384
-594198
-593482
-593446
-593354
-592991
-592892
-592729
-592480
-592331
-592305
-592144
-592103
-591892
-590837
-590593
-590494
-590223
-590070
-589925
-589678
-589560
-589530
-589484
-589333
-589188
-588872
-588866
-588772
-588605
-588548
-588539
-587817
-587810
-587758
-587648
-587088
-586979
-586680
-586521
-586187
-586105
-586022
-585949
-585902
-585674
-585603
-585558
-585522
-585439
-585277
-585238
-585197
-585069
-584207
-583657
-583502
-583120
-583017
-582585
-582546
-582419
-582192
-582175
-582131
-582043
-581945
-581623
-581463
-581311
-581214
-580816
-580753
-580531
-580218
-579838
-579796
-579442
-579073
-578866
-578755
-578629
-578625
-578140
-577200
-577068
-576160
-576081
-576030
-575844
-575757
-575629
-575149
-575112
-574791
-574603
-574372
-573824
-573632
-573595
-573358
-573330
-572873
-572758
-572740
-572586
-572410
-572020
-571996
-571213
-571211
-571011
-570764
-570681
-570655
-569895
-569517
-569307
-569268
-569116
-569095
-569053
-568440
-568297
-568203
-568184
-568040
-568028
-567198
-567106
-567104
-567059
-566778
-566492
-566480
-566341
-566323
-565436
-565268
-565181
-564740
-564359
-564232
-564145
-564142
-563912
-563799
-563722
-563347
-563077
-562954
-562750
-562692
-562290
-562245
-562242
-562107
-561945
-561690
-561684
-561626
-561610
-561487
-561429
-561335
-561112
-561101
-561094
-561084
-561064
-560436
-560435
-560392
-560358
-560303
-559944
-559808
-559611
-559430
-559401
-559375
-559358
-558980
-558824
-558119
-557823
-557775
-557715
-557512
-557485
-557115
-557095
-556951
-556869
-556841
-556734
-556491
-556459
-556234
-556153
-556106
-555790
-555747
-555656
-555434
-555277
-554620
-554532
-554463
-553878
-553850
-553821
-553758
-553689
-553653
-553544
-553041
-553011
-552929
-552723
-552090
-551607
-551395
-551328
-550927
-550563
-550535
-550418
-550400
-550220
-550090
-548815
-548639
-548092
-548057
-547917
-547843
-547513
-547336
-546698
-546576
-546563
-546289
-546138
-546058
-545755
-545705
-545663
-545600
-545581
-545560
-545336
-545249
-545101
-544839
-544689
-544527
-544469
-544383
-544298
-544154
-544139
-543905
-543893
-543754
-543496
-542779
-542642
-542577
-542569
-542563
-542547
-542287
-542131
-541669
-541613
-541443
-541132
-540578
-540471
-540238
-539418
-539338
-538941
-538916
-538867
-538800
-538578
-538450
-537952
-537838
-537655
-537551
-537389
-537123
-537104
-537059
-536103
-535982
-535828
-535393
-534598
-534454
-534357
-534351
-534228
-534002
-533824
-533823
-533571
-533454
-533163
-533154
-533139
-532757
-532295
-532199
-532133
-532099
-532098
-532016
-532005
-531768
-531757
-531294
-530997
-530431
-530185
-529698
-529640
-529564
-529525
-529208
-529163
-529024
-528940
-528912
-528798
-528645
-528360
-528215
-528026
-527401
-527358
-527135
-526835
-526552
-526461
-525956
-525594
-525496
-525356
-525222
-525208
-525150
-524948
-524710
-524621
-524301
-524267
-524062
-523622
-523559
-523285
-523253
-522569
-522278
-522158
-521617
-521445
-521335
-521299
-521155
-520999
-520951
-520785
-520678
-520637
-520630
-520407
-519995
-519879
-519878
-519831
-519574
-519514
-519452
-519291
-519178
-519114
-519075
-519042
-518967
-518921
-518690
-518509
-518427
-518264
-518181
-518169
-518082
-518026
-517514
-517514
-517307
-517269
-517206
-516875
-516466
-516235
-515106
-515038
-514883
-514660
-514559
-514505
-514317
-514032
-513743
-513660
-513629
-513527
-513411
-513168
-512919
-512901
-512658
-512582
-512095
-512029
-512015
-511583
-511521
-511504
-511460
-511177
-510998
-510847
-510837
-510798
-510641
-510587
-510584
-510142
-509999
-509658
-509581
-509521
-509501
-509288
-509007
-508913
-508702
-508495
-508365
-508149
-507957
-507949
-507884
-507839
-507324
-507295
-507176
-507098
-506795
-506773
-506738
-506603
-506165
-506067
-505937
-505899
-505555
-505202
-505104
-504831
-504759
-504728
-504706
-504462
-504438
-504374
-504028
-504008
-503634
-503552
-503533
-503494
-503026
-502997
-502877
-502754
-502621
-502563
-502473
-502472
-502460
-502428
-502371
-502156
-502104
-502012
-501805
-501748
-501644
-500820
-500790
-500135
-500047
-500020
-499792
-499634
-499550
-499327
-499013
-499008
-498841
-498730
-498577
-498214
-498175
-498130
-498001
-497639
-497264
-497252
-496369
-496333
-495806
-495801
-495557
-495555
-495332
-494801
-494788
-494759
-494664
-494567
-494465
-494322
-494253
-493937
-493838
-493587
-492608
-492304
-491768
-491625
-491471
-491450
-491446
-491322
-491313
-491294
-491283
-491049
-490795
-490378
-490257
-490042
-490037
-489919
-489898
-489786
-489706
-489503
-489403
-489385
-489376
-489091
-488841
-488656
-488333
-488079
-487586
-487347
-487194
-486759
-486652
-486621
-486609
-486574
-486527
-486477
-486450
-485794
-484902
-484797
-484648
-484456
-484400
-484060
-484037
-483890
-483838
-483610
-482976
-482931
-482577
-482491
-482475
-482160
-481607
-480547
-480375
-480191
-480189
-480127
-480124
-479562
-479498
-479041
-478958
-478874
-478534
-478254
-477510
-477504
-477393
-477379
-477325
-477066
-476694
-476450
-476438
-476016
-475542
-475355
-475238
-474972
-474868
-474844
-474840
-474315
-474182
-473693
-473390
-472781
-472482
-472435
-472164
-472152
-471450
-471272
-471233
-471219
-471019
-470816
-470804
-470420
-469914
-469656
-469406
-469308
-468910
-468885
-468685
-468436
-468005
-467821
-467570
-467561
-467560
-467479
-467205
-466821
-466568
-466373
-466183
-466053
-466020
-466012
-465926
-464820
-464673
-464660
-464280
-464124
-463846
-463673
-463180
-462791
-462681
-462607
-462528
-462196
-462111
-462058
-461985
-461922
-461886
-461884
-461092
-460948
-460929
-460897
-460586
-460567
-460442
-460361
-460082
-459888
-459572
-459504
-459502
-459427
-459238
-459160
-459133
-458818
-458585
-458446
-458382
-458309
-458293
-458260
-458236
-458077
-457987
-457981
-457749
-457344
-457032
-457005
-456941
-456937
-456798
-456375
-455691
-455297
-455228
-454837
-454703
-454667
-454186
-454162
-454133
-454068
-453862
-453456
-453267
-453107
-452907
-452819
-452519
-452483
-451827
-451809
-451580
-451393
-450789
-450641
-450610
-449935
-449880
-449868
-449519
-449216
-449177
-449057
-448931
-448869
-448740
-448368
-448338
-447776
-447589
-447265
-447145
-447089
-447089
-446874
-446658
-446568
-446299
-445638
-445625
-445610
-445556
-445413
-445257
-445184
-445081
-445067
-444378
-444206
-443791
-443780
-443714
-443327
-443292
-443122
-442955
-442945
-442761
-442651
-442455
-441991
-441933
-441843
-441139
-441083
-440369
-440357
-440154
-440108
-439749
-439659
-439574
-439517
-439477
-439411
-439337
-439204
-439144
-438689
-438507
-438436
-438395
-437455
-437447
-437284
-436598
-436545
-436386
-436224
-436060
-435950
-435769
-435661
-435650
-435312
-435089
-434973
-434817
-434590
-434516
-434303
-433529
-433309
-433270
-433084
-433038
-432473
-432462
-432162
-431741
-431728
-431447
-431411
-431401
-430995
-430805
-430786
-430578
-430290
-429812
-429609
-429271
-429197
-429182
-428975
-428482
-428053
-427987
-427822
-427782
-427571
-427560
-427309
-427028
-427014
-426748
-426725
-426309
-425517
-425510
-425390
-424942
-424890
-424881
-424819
-424770
-424683
-423611
-422812
-422791
-422484
-422454
-422327
-421900
-421848
-421750
-421138
-421042
-420644
-420273
-419878
-419462
-418975
-418873
-418858
-418725
-418303
-417855
-417792
-417538
-417291
-417181
-416690
-416626
-416558
-416367
-416184
-415960
-415711
-415563
-415501
-415293
-415151
-414891
-414887
-414876
-414854
-413966
-413931
-413138
-412427
-412338
-412293
-411914
-411829
-411765
-411706
-410943
-410922
-410719
-409901
-409887
-409816
-409642
-409640
-409518
-409355
-409119
-409042
-408828
-408694
-408480
-407628
-407612
-407431
-407319
-407264
-407168
-407158
-406854
-406813
-406766
-406608
-406572
-405875
-405558
-404910
-404564
-404550
-404483
-404352
-404177
-403759
-403600
-403596
-403515
-403352
-403301
-402682
-402487
-402468
-402406
-402389
-401845
-401583
-401404
-401073
-399511
-399291
-399260
-399188
-398898
-398727
-398528
-398285
-397922
-397854
-397760
-397571
-397374
-397158
-397058
-396905
-396905
-396479
-396352
-396290
-396191
-396179
-396167
-395824
-395456
-395410
-395048
-395022
-395002
-394694
-394581
-394295
-394264
-394242
-394057
-394029
-393610
-393486
-392840
-392702
-392632
-392589
-392521
-392382
-392132
-391826
-391817
-391769
-391683
-391544
-390865
-390821
-390558
-390319
-390127
-390116
-389604
-389354
-389237
-389121
-388536
-388155
-387977
-387858
-387579
-387567
-387197
-387113
-387068
-387010
-386957
-386574
-386105
-386100
-386089
-385997
-385957
-385475
-384836
-384805
-384578
-384524
-384199
-383916
-383804
-383793
-383639
-383544
-383127
-383083
-383034
-382779
-382486
-382437
-382339
-382315
-382272
-382094
-382002
-381285
-380944
-380858
-380759
-380664
-380469
-380346
-380018
-379809
-379765
-379264
-379162
-378419
-378156
-378156
-378128
-378080
-378032
-377867
-377743
-377219
-377060
-376630
-376490
-376022
-375601
-375581
-375484
-375475
-375445
-375428
-375269
-375216
-375179
-374982
-374813
-374718
-374581
-374459
-374192
-374038
-374018
-373915
-373756
-373641
-373363
-373173
-373103
-373081
-372935
-372839
-372641
-372586
-372536
-372506
-372470
-372369
-372137
-372069
-371941
-371833
-371773
-371712
-371108
-371070
-371062
-371034
-370979
-370953
-370858
-370570
-370566
-370217
-370014
-369996
-369926
-369635
-369621
-369070
-368961
-368935
-368823
-368742
-368410
-368248
-368191
-367967
-367453
-366997
-366977
-366900
-366659
-366449
-366352
-366309
-366182
-366122
-366054
-365806
-365763
-365682
-365520
-365464
-365144
-364964
-364858
-364591
-364230
-363709
-363507
-363459
-362929
-362898
-362712
-362516
-362435
-362296
-362189
-362084
-361829
-361792
-361760
-361745
-361464
-361152
-361030
-360999
-360940
-360656
-360468
-360436
-360284
-360054
-360000
-359875
-359769
-359469
-359273
-359260
-359251
-358934
-358855
-358835
-358229
-357986
-357873
-357788
-357680
-357650
-357539
-357244
-357104
-356944
-356849
-356804
-356475
-356443
-356104
-355321
-355318
-355271
-355211
-355123
-354995
-354947
-354795
-354779
-354531
-354276
-353927
-353926
-353798
-353634
-353489
-353410
-353331
-353151
-353149
-352415
-352071
-352011
-351860
-351225
-351110
-351109
-351015
-350748
-350365
-350134
-350118
-349660
-349471
-349316
-348496
-348365
-348340
-348297
-348137
-347610
-347430
-347349
-347165
-347126
-347083
-346991
-346623
-346376
-346346
-345661
-345581
-344976
-344736
-344692
-344598
-344598
-344569
-344347
-344228
-344212
-344121
-343887
-343811
-343776
-343740
-343679
-343447
-343407
-343388
-343199
-343130
-342982
-342585
-342429
-342338
-342273
-342155
-341910
-341890
-341594
-341519
-341399
-341342
-341175
-341047
-340793
-340767
-340699
-340679
-340559
-340537
-340251
-340118
-340051
-339923
-339888
-339862
-339394
-338957
-338929
-338404
-338358
-338147
-337819
-337626
-337358
-336734
-336697
-336434
-336404
-336323
-336274
-336203
-336023
-335898
-335843
-335802
-335256
-335176
-335123
-334774
-334672
-334598
-334412
-334245
-333830
-333727
-333597
-333130
-332704
-332538
-332157
-331941
-331560
-331168
-331107
-331056
-330896
-330277
-330004
-329706
-329247
-328757
-328696
-328654
-328180
-327935
-327824
-327553
-327534
-327424
-327340
-327010
-326948
-326931
-326845
-326477
-326294
-325679
-325584
-325509
-325401
-325353
-324857
-324690
-324298
-324222
-324197
-324081
-324046
-323678
-323432
-322664
-322466
-322453
-322352
-322226
-322214
-322197
-322127
-321810
-321608
-321480
-321339
-321285
-321275
-321099
-321052
-320560
-320545
-320514
-319978
-319819
-319626
-319362
-319173
-318956
-318947
-318866
-318676
-318600
-318596
-318499
-318042
-317820
-317303
-317261
-316816
-316701
-316650
-316647
-316396
-316033
-316013
-315439
-314991
-314779
-314539
-314476
-314083
-313574
-313388
-313199
-312975
-312523
-312271
-312222
-311719
-311054
-310764
-310742
-310548
-310051
-309764
-309702
-309688
-309656
-309490
-309398
-309300
-309218
-308975
-308971
-308881
-308675
-308310
-307841
-307686
-307627
-307476
-307253
-307152
-306849
-306711
-306641
-306578
-306280
-306204
-306113
-305723
-305670
-305453
-305451
-305112
-304457
-303908
-303814
-303103
-303038
-302973
-302814
-302724
-302583
-302397
-302396
-301870
-301631
-301457
-301416
-301274
-301248
-301198
-301176
-301011
-300576
-299915
-299866
-299562
-299312
-299264
-299263
-299155
-299139
-299116
-299087
-299061
-298568
-298439
-298434
-298249
-298002
-297935
-297873
-297547
-297509
-297090
-296976
-296970
-296739
-296600
-296516
-296308
-295796
-295720
-295651
-295576
-295495
-295087
-295075
-295063
-294289
-294212
-293954
-293273
-292929
-292845
-292693
-292686
-292553
-292474
-292291
-292213
-291954
-291906
-291419
-291332
-291086
-290591
-290404
-290369
-290286
-290111
-289357
-289345
-289283
-288908
-288752
-288472
-288454
-288390
-288363
-288183
-287987
-287961
-287813
-287772
-287708
-287601
-287485
-287424
-287361
-287329
-287261
-287221
-286893
-286261
-286129
-286085
-285034
-285006
-284715
-284710
-284673
-284516
-284493
-284476
-284460
-284323
-283848
-283720
-283636
-283588
-283471
-283435
-283429
-283412
-283332
-283294
-282804
-282541
-282488
-282310
-282275
-282242
-282127
-281965
-281720
-281508
-281342
-281155
-281104
-281079
-280776
-280688
-280493
-280379
-280252
-280143
-280007
-279978
-279704
-279660
-279549
-279215
-279004
-278944
-278618
-278576
-278288
-277847
-277688
-277026
-276653
-276501
-276347
-276259
-276223
-276010
-275974
-275684
-275538
-275467
-275431
-275087
-275041
-274948
-274427
-274302
-273804
-273791
-273294
-273280
-272998
-272934
-272933
-272899
-272885
-271969
-271661
-271196
-271157
-271102
-269906
-269874
-269758
-269463
-269454
-268913
-268597
-268453
-268206
-267759
-267471
-266829
-266763
-266597
-266429
-266173
-266025
-265997
-265945
-265927
-265820
-265408
-265157
-264933
-264750
-264486
-264474
-264398
-263628
-263511
-263360
-263357
-263239
-262391
-261956
-260999
-260936
-260478
-260447
-260157
-259892
-259682
-259282
-259282
-259158
-259107
-258886
-258870
-258432
-258390
-258243
-258231
-258062
-258061
-257833
-257574
-257429
-257224
-256977
-256929
-256496
-256418
-256305
-255880
-255257
-255185
-255182
-255082
-254547
-254076
-253942
-253881
-253820
-253444
-253377
-253215
-253074
-252761
-252663
-252413
-252383
-252353
-251659
-251428
-251284
-251106
-250941
-250838
-250756
-250738
-250691
-250513
-250485
-250482
-250262
-250206
-250140
-249896
-249575
-249168
-249064
-248927
-248917
-248603
-248375
-248338
-247970
-247843
-247032
-246770
-246759
-246444
-246315
-245912
-245320
-245006
-244715
-244287
-244267
-244021
-243963
-243877
-243869
-243672
-243606
-243396
-243327
-243118
-243087
-243027
-242548
-242449
-242296
-242194
-242005
-241827
-241660
-241554
-241479
-241415
-241202
-241175
-241130
-240968
-240779
-240557
-240388
-240015
-239945
-239356
-238856
-238528
-238096
-238052
-238004
-237944
-237800
-237790
-237706
-237604
-237587
-237093
-237037
-236976
-236811
-236510
-236439
-236407
-235519
-234933
-234912
-234633
-234569
-234462
-233972
-233911
-233807
-233749
-233441
-233391
-233257
-232854
-232787
-232660
-232323
-231171
-231132
-230841
-230724
-230560
-230470
-230352
-229946
-229546
-229385
-229355
-229063
-229048
-228742
-228648
-228541
-228113
-228050
-227891
-227394
-227313
-226854
-226593
-226240
-226079
-225497
-225109
-224608
-224367
-224343
-224157
-224049
-223013
-223000
-222956
-222937
-222325
-222172
-222077
-221937
-221908
-221800
-221793
-221738
-221270
-221239
-220930
-220907
-220622
-220501
-219604
-219276
-219172
-219016
-218880
-218639
-218602
-218554
-218505
-218374
-217529
-217386
-217234
-217156
-217134
-217109
-216926
-216749
-216386
-215885
-215826
-215781
-215747
-215607
-215228
-215182
-215121
-215027
-214924
-214828
-214755
-214671
-214582
-214088
-214086
-213531
-213416
-213297
-213161
-212830
-212433
-212328
-212325
-212086
-211803
-211782
-211567
-211550
-211450
-211297
-211219
-211098
-210818
-210283
-210256
-210200
-210023
-209968
-209652
-209427
-208742
-208577
-208280
-207922
-207873
-206958
-206833
-206667
-206267
-206262
-206046
-206019
-205950
-205847
-205745
-204656
-204125
-203614
-203610
-203517
-203108
-202885
-202789
-202788
-202240
-202214
-202158
-202004
-201944
-201835
-201828
-201563
-201300
-201241
-201177
-201055
-200582
-200579
-200396
-200271
-199979
-199746
-199510
-199070
-198800
-198282
-198104
-198104
-197836
-197811
-197637
-197463
-197150
-196842
-196647
-196589
-196378
-196296
-195905
-195856
-195574
-195347
-194768
-194243
-194130
-194099
-193872
-193646
-193279
-193256
-192970
-192961
-192635
-192619
-192585
-192325
-191935
-191872
-191860
-191829
-191411
-191302
-191163
-191114
-191049
-190889
-190571
-190518
-190196
-190181
-189530
-189476
-189360
-189325
-189053
-188962
-188766
-188421
-188181
-188031
-187909
-187689
-187683
-187646
-187471
-186822
-186606
-186539
-186213
-186205
-185899
-185810
-185543
-185377
-185267
-184874
-183501
-183177
-183158
-183061
-182930
-182539
-182226
-182115
-181980
-181767
-181729
-181713
-181623
-181501
-180971
-180860
-180522
-179892
-179844
-179761
-179583
-179419
-179299
-179252
-179248
-179178
-179070
-178932
-178808
-178789
-178757
-178745
-178642
-178279
-178220
-178127
-178048
-177861
-177659
-177565
-177439
-177078
-176999
-176551
-176433
-176145
-176028
-175777
-175766
-175577
-175576
-175094
-175082
-175042
-174950
-174696
-174646
-174613
-174290
-174194
-173942
-173781
-173726
-173441
-173379
-173166
-173119
-173058
-172981
-172886
-172522
-171898
-171687
-171644
-171522
-171403
-171366
-171291
-171066
-171042
-170527
-170407
-170249
-170156
-169867
-169701
-169656
-169501
-169489
-169417
-169337
-169030
-169029
-168761
-168711
-168331
-168324
-168223
-167719
-167628
-167083
-165976
-165801
-165703
-165559
-165413
-165400
-165360
-164991
-164575
-164094
-163807
-163790
-163727
-163672
-163584
-163306
-163188
-163083
-163003
-162790
-162756
-162710
-162613
-162373
-162254
-162167
-162151
-161862
-161720
-161188
-161160
-161157
-161021
-160886
-160853
-160641
-160449
-160343
-160324
-159945
-159753
-159381
-158727
-158581
-158383
-158298
-158236
-157925
-157806
-157708
-157619
-157530
-157524
-157311
-156378
-156362
-156127
-155760
-155645
-155645
-155547
-155498
-155453
-154646
-154540
-154448
-154428
-154205
-154204
-153720
-153542
-153530
-153522
-153183
-153112
-152868
-152312
-152151
-152059
-151933
-151442
-151034
-150777
-150759
-150699
-150552
-150119
-150116
-149754
-149723
-149655
-149544
-149198
-149005
-147554
-147532
-146542
-146534
-146519
-146490
-146440
-146425
-146415
-146228
-146208
-146182
-146096
-145765
-145619
-145585
-145376
-145337
-145085
-145054
-144889
-144749
-143670
-143469
-143386
-143334
-142935
-142236
-142102
-142048
-141847
-141732
-141727
-141723
-141713
-141055
-141004
-140820
-140670
-140666
-140652
-140332
-140322
-140237
-139543
-139404
-139188
-139181
-139166
-138625
-138405
-138370
-138139
-137637
-137592
-137176
-136926
-136866
-136852
-136812
-136700
-136680
-136652
-136635
-136395
-136230
-136153
-136035
-135991
-135765
-135683
-135612
-135544
-135455
-135423
-135372
-135301
-135095
-134903
-134900
-134591
-134515
-134434
-134308
-133912
-133870
-133853
-133827
-133723
-133694
-133498
-133379
-133296
-133006
-132620
-131892
-131750
-131711
-131533
-131313
-131227
-130999
-130784
-130772
-130414
-130057
-130002
-129917
-129910
-129661
-129500
-129054
-128437
-128240
-127276
-126682
-126425
-126316
-125926
-125814
-125657
-125656
-125618
-125234
-125189
-125123
-124981
-124735
-124341
-124215
-123929
-123798
-123584
-123552
-123383
-123345
-123278
-122872
-122819
-122484
-122471
-122428
-122207
-122166
-122141
-121240
-121076
-120890
-120881
-120867
-120592
-120131
-119798
-119443
-119223
-119175
-119129
-119125
-118884
-118257
-117500
-117427
-117417
-117276
-116786
-116471
-116420
-116190
-116162
-116041
-116038
-115534
-115496
-115146
-114915
-114867
-114648
-114253
-114246
-114161
-113764
-113745
-112608
-112367
-112316
-112057
-111933
-111826
-111548
-111516
-111474
-111277
-111099
-111056
-110954
-110782
-110744
-110687
-110582
-110120
-109864
-109423
-109210
-109077
-108792
-108684
-108651
-108615
-108601
-108477
-108352
-108329
-108164
-107942
-107484
-107309
-106762
-106579
-106325
-106011
-105348
-105267
-105064
-104949
-104825
-104767
-103714
-103540
-103459
-103407
-103266
-102926
-102893
-102224
-102111
-102093
-101305
-100993
-100889
-100538
-100388
-100169
-99969
-99044
-98973
-98233
-98035
-97667
-97425
-97273
-97096
-97072
-97010
-96643
-96004
-95683
-95681
-95586
-95354
-95318
-95233
-94852
-94335
-94297
-94190
-93700
-93129
-93111
-92806
-92613
-92508
-92405
-92398
-92056
-92018
-91871
-91858
-91556
-91552
-91379
-91235
-90687
-90591
-90460
-90341
-90241
-90213
-89918
-89832
-89448
-89401
-89236
-89033
-88875
-88760
-88740
-88706
-88306
-88192
-88070
-87560
-87417
-87367
-87130
-86746
-86684
-86188
-85933
-84836
-84213
-83678
-83524
-83479
-83370
-83288
-83033
-82766
-82546
-82468
-82421
-82008
-81700
-81655
-81499
-81479
-81307
-81204
-81083
-81016
-81012
-80953
-80601
-80346
-80346
-79973
-79661
-79657
-79622
-79186
-79166
-78762
-78322
-78182
-78137
-77785
-77563
-76845
-76832
-76713
-76640
-76398
-76287
-75952
-75880
-75459
-75439
-75339
-75080
-74993
-74937
-74861
-74846
-74637
-74576
-74547
-74479
-74309
-74125
-74102
-73849
-73621
-73292
-72763
-72661
-72118
-71833
-71171
-71150
-70678
-70616
-70525
-70483
-70153
-70066
-69997
-69891
-69625
-69295
-69101
-69091
-69044
-68820
-68538
-68511
-67998
-67873
-67800
-67659
-67491
-67447
-67426
-67301
-67279
-67249
-67050
-66504
-66401
-66347
-66253
-66213
-66153
-65332
-65184
-65120
-65075
-64815
-64699
-64672
-63938
-63682
-63439
-63163
-63132
-62638
-61916
-61448
-61120
-60886
-60704
-60638
-59757
-59703
-59067
-58798
-58434
-58266
-58187
-57752
-57694
-57614
-57224
-57214
-57160
-56774
-56350
-56268
-56119
-56043
-55318
-55284
-55142
-55060
-54843
-54794
-54514
-53927
-53783
-53635
-53625
-53568
-53304
-53270
-53120
-52810
-52730
-52528
-52393
-52371
-52321
-52114
-52061
-51974
-51943
-51941
-51613
-51458
-51344
-51031
-50856
-50830
-50387
-50336
-50189
-50015
-50004
-49871
-49758
-49594
-49552
-49464
-49423
-49251
-48951
-48588
-48509
-48479
-48299
-48010
-47936
-47581
-47558
-47132
-46740
-46586
-46480
-46401
-46141
-45652
-45137
-44583
-44402
-44322
-44320
-44169
-44047
-43973
-43611
-43566
-43541
-43491
-43217
-43170
-42759
-42706
-42501
-42462
-42372
-42218
-42169
-42138
-41985
-41972
-41897
-41887
-41628
-40685
-40661
-40252
-40109
-39463
-38910
-38862
-38572
-38545
-38464
-38060
-37965
-37656
-37344
-37231
-37202
-36887
-36596
-36589
-36485
-36421
-34622
-34411
-34047
-33954
-33482
-33190
-33158
-32887
-32835
-32510
-32482
-32426
-31748
-31537
-31498
-31255
-31166
-31144
-30220
-30033
-29791
-29175
-29058
-28990
-28632
-28519
-28422
-28210
-27323
-27290
-27289
-27134
-27056
-26709
-26458
-26273
-25735
-25594
-25590
-25443
-25410
-25179
-25094
-24752
-24719
-24364
-24322
-24153
-24060
-23669
-23345
-22781
-22501
-22394
-22374
-22363
-22300
-21748
-21687
-20864
-20283
-20282
-20015
-19801
-19373
-19356
-19325
-18915
-18865
-18600
-18585
-18499
-18485
-18123
-18079
-17832
-17801
-17464
-17314
-17297
-17217
-16632
-16385
-16067
-15988
-15698
-15698
-15697
-15595
-15191
-14413
-14402
-14222
-14108
-13005
-12858
-12814
-12642
-12627
-12597
-12520
-12518
-12152
-12142
-11889
-11666
-11608
-11533
-11465
-11325
-11179
-11047
-10962
-10717
-10508
-10300
-10196
-10111
-9900
-9397
-9251
-9249
-9182
-9132
-8741
-8634
-8633
-8075
-8029
-7747
-7608
-7157
-6813
-6161
-6081
-6018
-5610
-5599
-5553
-5195
-5166
-5005
-4647
-4632
-4496
-4476
-4248
-4188
-4056
-3983
-3771
-3610
-3511
-3361
-3088
-3067
-2812
-2584
-2380
-2370
-1417
-1374
-970
-529
-401
-304
-176
-125
-51
46
143
426
1169
1368
1395
1422
1479
1544
1867
2042
2110
2123
2156
2190
2449
2669
2699
2704
3086
3570
3601
4408
4921
4950
5142
6037
6235
6244
6408
6703
6818
6877
7149
7170
7452
7874
7891
8074
8379
8447
8688
8850
8867
8968
9090
9257
9262
9370
9773
9918
9927
10025
10061
10071
10223
10228
10870
11153
11258
11424
11687
11700
12037
12064
12449
12582
12820
13841
13957
14006
14090
14342
14348
14479
15002
15117
15250
15373
15452
15483
15585
15616
15662
15895
16108
16478
16591
16613
16824
16941
17113
17146
17445
18299
18570
18602
19030
19407
19515
20084
20686
21780
21909
22088
22105
22587
22947
22958
23658
23761
24011
24118
24402
24503
24653
24660
24677
24752
25085
25124
25388
25449
25680
25794
25865
25869
27019
27057
27062
27169
27249
27822
27861
27899
28043
28332
29300
29544
29587
29774
29788
29926
30628
31119
31471
31471
31496
31636
31708
31746
31830
31917
31950
31966
32021
32023
32169
32392
32462
32751
33543
33726
34014
34409
34874
35244
35281
35289
35307
35481
35724
35952
36258
36417
36671
36786
36886
37123
37636
37780
37858
37995
38630
38716
38808
38888
39128
39186
39354
39439
39514
39531
39716
39724
39832
39835
39863
39941
40062
40211
40360
40435
41055
41123
41320
41553
41661
41970
42478
42589
42622
43057
43537
43875
43942
44145
44818
45368
45391
45531
45541
45928
46156
46213
46281
46661
46859
46908
46967
47072
47783
48052
49390
49717
49758
49977
50078
50152
50213
50281
50370
50419
50486
50513
50688
50887
51471
51483
51521
51647
52028
52088
52234
52565
53303
53448
53533
53667
53731
53931
54808
54925
55068
55104
55159
55261
55395
55536
55623
55906
56271
56334
56407
56444
56797
57078
57449
57980
58075
58420
58575
58661
58755
59257
59294
59435
59478
60059
60297
60418
60471
60783
61096
61504
61901
61908
61930
62493
62858
62871
62878
63198
63267
63352
63382
63685
63869
64067
64104
64164
64341
64401
64475
64738
64887
65382
65450
65563
65850
65964
67757
67888
67922
68290
68357
68430
68805
68851
69046
69096
69440
69585
69685
70147
70166
70215
70275
70276
70303
70652
70726
70955
71254
71447
71855
71916
71941
72409
72598
72780
73071
73209
73304
73590
73713
73746
74034
74063
74326
74443
75474
75614
75638
75830
75959
76246
76361
76485
76585
76927
76991
76996
78036
78038
78079
78192
78203
78215
78515
78698
78751
79083
79293
79394
79811
79928
79967
80093
80140
80329
80348
80535
80671
81114
81126
82054
82503
82752
82937
83151
83214
83280
83374
83588
83646
83913
83980
84288
84513
84688
84734
85003
85015
85169
85222
85252
85739
85902
86017
86104
86271
86794
86803
86962
87033
87207
87408
87514
87871
87944
88041
88665
88871
89427
89633
90059
90283
90346
91135
92071
92447
92585
92732
93099
93120
93335
93379
94116
94263
94277
94543
94665
94965
94998
95038
95172
95172
95281
95476
95765
96207
96638
96778
96873
97062
97171
97241
97566
97716
98058
99804
100310
100580
100953
101413
102013
102487
103117
103642
103936
104162
104325
104365
104400
104472
104490
104639
105191
105402
105926
106362
106366
106397
107474
107853
108449
108548
108927
109091
109154
109383
109541
109777
109777
110252
110340
110572
110981
111132
111344
111386
111903
112018
112146
112267
112444
113189
113452
113837
114105
114186
114284
114314
114529
114629
114912
115006
115055
115112
115113
115521
115598
115646
115805
116001
116148
116371
116871
116929
117077
117142
117227
117335
117525
117600
118346
119268
119291
119562
119744
119773
119798
120748
120764
120785
121083
121261
121538
121784
121970
122375
122473
122539
122947
123107
123211
123257
123535
123587
123673
123907
124209
124360
124549
125127
125595
125902
125966
126059
126067
126099
126138
126178
126248
126295
126401
126876
126893
126939
127093
127101
127203
127353
127509
127511
127887
127894
127981
128026
128237
128659
128676
128770
128921
129478
129513
129891
129961
130232
130443
130482
130662
130881
130924
131473
131745
132262
132375
132376
132424
132701
132932
132976
133064
133420
133546
133822
133909
133973
134033
134149
134158
134182
134418
134727
134962
135100
135241
135569
135622
136082
136166
136185
136196
136229
136303
136469
136776
136897
137476
137652
137850
138052
138399
138416
138563
138887
138977
139142
139260
139306
139503
139654
139696
139819
140202
140685
140737
140788
141293
141399
141667
142154
142367
142631
142799
142804
143200
143520
143561
143626
143711
143883
144004
144138
144540
144658
144733
144768
144915
144957
145016
145151
145189
145352
145377
145582
145817
146018
146072
146196
146533
146735
147293
147631
147882
148734
148816
148879
149066
149108
149177
149454
149491
149933
150009
150231
150342
150470
150569
151363
151577
151721
151735
151902
152157
152350
152391
152716
153061
153220
153279
153445
153656
153695
153745
154023
154248
154614
154754
154931
155018
155091
155133
155533
155688
155757
155774
156018
156169
156231
156309
157111
157168
157189
157255
157776
158051
158084
158720
158932
159448
159486
159522
159574
159644
159716
159800
160408
160617
160811
160919
160931
160968
160974
161049
161200
161219
161278
161284
161342
161575
161770
161814
161851
161983
162003
162184
162273
162420
162540
162590
162751
163137
163460
163478
163796
163800
163915
163987
164237
164362
164479
164488
164488
164519
164654
164996
165032
165488
165534
166015
166032
166555
166791
167159
167333
167417
167651
167714
168144
168309
168578
168956
169198
169359
169437
169610
169648
169873
170202
170244
170262
170708
170765
170952
171391
171626
171772
171807
172144
172196
172269
172772
173173
173371
173919
174077
174442
174890
175051
175164
175279
175396
175436
175725
175831
176164
176198
176346
176403
176437
176526
176756
176999
177048
177078
177211
177413
177556
177572
177735
177869
177875
177927
178407
178484
179307
179523
179591
179883
179896
179943
180045
180365
180890
180909
181010
181196
181394
181692
181703
181785
181903
181915
182405
182712
183910
184279
184678
184744
184857
184980
185000
185197
185333
185393
185578
186228
186306
186699
186849
186968
187032
187060
187367
187785
187852
188242
188272
188421
188612
188670
188718
188774
188800
188810
188830
188929
189583
190034
190062
190119
190544
190668
190819
191605
191745
192237
192520
192563
192952
192979
193211
193248
193280
193299
193330
193352
193538
193766
194042
194903
194906
195352
195725
195856
196345
196507
196603
196818
196841
196899
197215
197970
198462
198653
198656
198664
199917
200118
200180
200401
200494
200695
200874
200887
201102
201419
201538
201651
202199
202475
202621
202683
202861
203001
203109
203200
203229
203709
203910
203964
204328
204366
205214
205304
205596
205658
205780
205847
205922
206205
206246
206444
206614
206727
207076
207088
207286
208034
208139
208148
208352
208476
208592
208611
208839
208891
208984
209260
209310
209345
209670
209817
209899
210269
210290
210597
210725
211137
211456
211686
212182
212355
212461
212494
212617
212956
213380
213538
213700
213782
213875
214182
214650
214716
214754
214777
214873
215041
215530
215687
216278
216369
216383
216845
216881
216916
217488
217961
218040
218137
218156
218210
218252
218463
218807
219638
219648
219720
220206
220240
220538
220848
220999
221060
221105
221605
221635
221683
221932
222016
222232
222409
222447
222544
222695
222703
222858
222866
223106
223143
223398
223469
223585
224016
224611
224659
224730
224927
225175
225515
225684
225871
226428
226489
226853
227046
227277
227591
227706
227716
228198
228367
228396
228457
228472
228893
229284
229418
229676
230476
230547
230802
231153
231467
231568
231873
232441
232488
232515
232937
232971
233315
233648
233717
233784
233805
234288
234293
234443
235039
235064
235118
235468
235732
235892
235930
235983
236504
236587
236906
237715
238143
238611
238892
239207
239292
239705
240424
240528
240950
241028
241384
241789
241865
241924
242081
242127
242233
242578
242699
242869
242989
243051
243618
243640
243727
243755
243766
243789
243823
243849
243949
243962
244003
244055
244290
244370
244469
244900
244967
244995
245357
245498
245601
245617
245665
246148
246469
246549
246722
246934
247293
247661
247670
247753
247869
248404
248428
248541
248632
248724
248886
248990
249173
249262
249356
249734
250007
250009
250467
250763
250867
251416
251495
251504
251816
251820
251930
252255
252484
252630
252904
253218
254311
254317
254418
254438
254559
254565
254736
254776
254961
255247
255453
255478
255580
255607
255613
255893
255958
255999
256103
256804
256905
256950
257056
257102
257189
257577
257731
257787
258247
258418
258562
258842
258910
259017
259074
259550
259642
259705
259881
260102
260139
260376
260713
261421
261457
261655
261678
261910
262294
262715
262936
263046
263184
263243
263419
263442
263471
263658
263714
263771
263780
263991
264512
264834
264920
265098
265136
265296
265317
265424
265591
265660
265983
266084
266262
266299
266304
266596
266612
266624
266979
267307
267421
267523
267536
267585
267930
268257
268840
269769
269790
269886
270283
270343
270617
270722
271084
271094
271128
271245
271281
271860
272011
272079
272174
272242
272406
272907
272983
273002
273131
273184
273785
274066
274168
274414
274485
274820
274854
274867
275049
275250
275528
275606
275822
276418
276452
276486
276527
276689
276731
276737
276819
277103
277315
277416
277486
277623
277699
278559
278851
279234
279442
279840
279968
280716
280746
280780
281069
281399
281467
281502
281823
281835
281884
282445
282465
282566
282933
283402
283576
283705
284545
284589
284759
284766
285022
285039
285042
285359
285525
285786
285963
285966
286138
286200
286748
286826
287243
287254
287255
287279
287455
287471
287471
287482
287705
288020
288042
288531
288647
288690
288791
289679
289766
290165
290283
290554
291136
291271
291295
291410
291577
291625
291743
291788
291975
292185
292275
292328
292537
292756
292765
292800
292917
293498
293771
293863
293907
294337
294585
295067
295158
295257
295345
295715
295776
295831
296208
296249
296466
296537
296698
296708
296833
296844
297439
297946
298242
298273
298411
298535
298561
298638
298875
299502
299589
299591
299612
299627
299795
299801
299846
299957
300330
300445
300460
300487
300571
300585
300834
301082
301169
301555
301618
301623
301794
302124
302132
302165
302207
302224
302634
302777
302830
303021
303023
303024
303537
303636
303741
304302
304353
304846
305042
305201
305256
305515
305549
305749
305951
306014
306084
306408
306429
306606
306775
306841
307371
307559
307601
307663
307869
307870
308110
308614
308703
309077
309571
309710
309739
309927
309977
310315
310513
310534
310647
311237
311517
311562
311706
311968
312030
312114
312472
312665
312828
312874
313019
313210
313340
313674
313845
314056
314095
314485
314842
314850
314974
315170
315853
315963
316148
316159
316315
316701
316808
316847
316949
317218
317890
317987
318209
318302
318492
318647
318846
318963
319041
319098
319346
319469
319572
319632
319673
319764
319833
319845
320031
320686
320770
320923
321370
321437
321581
321628
321860
322046
322919
323037
323114
323311
323570
323690
323881
324136
324256
324565
324723
324976
325417
325772
325817
325840
325847
325894
326139
326513
326672
326922
327072
327113
327119
327393
327483
327914
328102
328457
329217
329234
329471
329535
329673
330360
330377
330714
331065
331281
331355
331631
331639
331769
331837
331893
331973
332493
332662
332900
332927
333131
333136
333238
333691
333749
333883
333907
334163
334362
334423
334502
334717
334873
334957
336124
336795
337323
337474
337723
337795
338253
338305
338383
338695
338939
338996
339129
339404
339482
339549
339868
340045
340128
340219
340391
340442
340556
340763
340870
340925
341473
341569
341614
341687
341758
341852
341887
341940
342003
342104
342536
342598
342864
343266
343378
343422
343556
343605
343709
343829
344041
344134
344146
344338
344438
344481
344506
344857
344942
345026
345095
345425
345791
346089
346161
346397
346887
347137
347214
347254
347352
347573
347708
347807
348078
348198
348885
348961
349055
349409
349749
350158
350285
350413
350580
350645
351180
351415
351618
351689
351998
352024
352389
352434
352622
352646
353182
353285
353311
353587
353769
354471
354711
354797
354824
355054
355232
355262
355493
355818
355836
356214
356275
356276
356571
357091
357386
358380
358395
358427
358720
358761
359027
359749
359762
360119
360236
360471
360531
360596
360730
360985
361118
361266
361617
362039
362310
362452
362916
363048
363121
363430
363579
363704
363715
364310
364373
364708
364799
365008
365226
365234
365263
365458
365595
365708
365998
366084
366789
366808
366877
366933
367322
368265
368313
368692
369514
369617
369704
369795
369837
370081
370189
370324
370429
370922
370931
371124
371838
371843
371896
371938
373220
373245
373319
373609
373705
374014
374233
374380
374500
374728
374942
375113
375370
375420
375450
375790
375967
375977
376206
376254
376462
376580
376630
377128
377462
377546
377608
377949
378041
378214
378310
378399
378414
378425
378436
378488
378528
378962
378970
379103
379217
379313
379761
379829
380281
380744
380839
381042
381049
381124
381412
382127
382128
382865
384101
384145
384396
384543
384565
385069
385109
385119
385230
385300
385581
385774
385921
386155
386205
386360
386397
386818
386834
387056
387366
387441
387663
388040
388498
389008
389458
389484
389508
389908
389967
390202
390284
390391
390871
391091
391140
391146
391190
391279
391328
391581
392085
392090
393049
393510
393724
394083
394739
394895
394953
395152
395179
395232
395395
395414
395452
395668
395793
396186
396586
396951
397002
397345
397377
397442
397547
398067
398185
398211
398256
399009
399198
399205
399407
399615
399813
400097
400355
400588
400807
400866
400979
401648
401925
402110
402129
402232
402319
402502
403002
403074
403147
403195
403585
403886
404029
404079
404304
404374
404456
404941
404996
405094
405205
405505
405651
405828
406361
406571
406671
406691
406692
407190
407246
407513
407561
407671
407822
407891
408294
408655
408712
408849
408893
409170
409565
409595
409764
409850
409881
410502
410560
410631
410991
411276
411369
411595
411843
411902
412121
412217
412960
413221
413231
413332
413384
413475
413482
413602
413692
413716
414517
414658
414728
415217
415526
415908
415979
416186
416704
416798
417321
417628
417723
418683
418819
418851
418856
419346
419357
419514
419555
419663
419918
420127
420130
420149
420850
420965
421163
421745
421898
422166
422979
423131
423277
423370
423397
423532
423551
423697
423777
424561
424793
425531
425593
425790
425791
425858
425934
425965
426058
426224
426699
426778
426781
426853
427029
427054
427063
427195
427252
427966
428097
428257
428262
428391
428669
429320
429614
429715
429980
430087
430106
430143
430159
430243
430348
430483
430653
430745
430958
431105
431225
431412
431632
432102
432388
432442
432633
432680
432688
433242
433708
434290
434631
434765
434841
434968
435018
435113
435518
435559
435980
435990
436038
436254
436545
436803
436833
436869
436915
437341
437511
437632
437722
437752
437902
438098
438187
438283
438661
438795
439172
439248
439500
439607
439708
439812
439925
439933
439961
440055
440431
440534
440600
440746
440767
440868
441220
441316
441400
441536
441620
441993
442062
442934
442935
443037
443370
443389
443525
443696
444001
444092
444142
444287
444636
444735
444886
445065
445383
445515
445533
445759
445857
445992
446293
446377
446382
446412
446759
446797
446896
447293
447301
447335
448037
448107
448687
448783
448949
449364
449570
449655
449901
449914
449916
449953
450129
450222
450338
450350
450671
450855
450887
450940
450949
450970
451414
451670
451936
451985
452137
452149
452611
452651
452775
453020
453331
453435
453594
453738
453843
454011
454129
454171
454189
454245
454996
455405
455797
456166
456661
456901
457086
457090
457145
457609
457918
458077
458380
458617
458814
458880
458893
458929
459078
459221
459412
459491
459505
459721
460005
460040
460151
460318
460368
460483
460668
460915
461372
461385
461435
461940
462170
462497
462747
463029
463199
463308
463807
463940
464040
464539
464661
464779
465221
465660
466070
466166
466196
466254
466923
467238
467376
467383
467654
467721
467970
467970
468077
468737
469070
469281
469764
469848
470213
471215
471263
471439
471558
472046
472527
472750
472827
472844
472959
473168
473199
473372
473674
474407
474476
474517
475376
475602
475861
477404
477599
477878
478059
478279
478888
479001
479127
479167
479188
479224
479329
480232
480296
480392
480394
480983
481242
481537
481690
481698
481704
481721
482000
482179
482544
482591
482650
482692
482832
483016
483210
483672
483772
483913
484122
484634
484798
484832
484843
485343
485377
485415
485566
485732
485766
485959
486124
486158
486229
486381
486493
486680
486970
487200
487624
487722
488201
488503
488922
489132
489161
489263
489855
490216
490673
490961
490968
491120
491333
491482
491990
492313
492594
492629
493210
493217
493288
493512
493518
493564
493793
493807
493948
494134
494404
494426
494942
494992
495009
495139
495436
495621
495768
496226
496537
496549
496704
497168
497222
497225
497329
497337
497555
498012
498245
498660
498856
498994
499033
499132
499716
499892
500417
500463
500476
500558
500560
500797
501217
501417
501427
501639
501693
501986
502454
502810
503313
503443
503450
503769
503777
503779
503817
503917
503933
504062
504115
504206
504309
504393
504988
505045
505191
505208
505347
505467
505545
505556
505640
505725
505788
505928
506185
506230
506498
506667
506758
506891
507289
507297
507389
507578
507768
508431
508660
508781
509009
509035
509103
509161
509239
509481
509636
510018
510038
510080
510122
510206
510559
510781
510926
511055
511127
511154
511442
511505
511733
511764
512082
512084
512086
512148
512175
512215
512281
512770
513004
513151
513355
513715
513779
513983
514393
514494
514720
515429
515498
516312
516651
516911
517045
517210
517288
517609
517877
518062
518092
518468
518701
518787
518879
519102
519693
519811
519926
519976
520178
520379
520531
520561
521141
521260
521475
521558
521562
521662
522041
522137
522305
522363
522390
522496
522511
522848
523006
523183
523440
523447
523612
523758
523801
524016
524063
524091
524525
524809
525346
525414
525426
525604
525774
526098
526101
526246
526407
526430
526483
526486
526648
526763
526825
527101
527111
527264
527272
527348
527473
527848
528047
528080
528256
528438
528543
528737
528840
528965
529264
529769
529884
529915
529980
530236
530441
530524
530561
530760
531304
531411
531788
531885
531911
532266
532307
532390
532410
533036
533516
533533
533635
533861
533905
534186
534289
534382
534688
535065
536617
536785
536999
537013
537341
537709
538160
538748
539033
539711
539903
539964
539976
540051
540183
540251
540450
541231
541450
541664
541769
542199
542234
542281
542401
542808
542861
543451
543520
543706
543801
544068
544258
544425
544518
544771
544914
544977
545460
545516
545602
545839
546009
546014
547013
548073
548128
548225
548336
548372
548567
548606
548691
548719
549195
549351
549367
549487
549936
550062
550097
550533
550724
550791
551032
551039
551400
551478
551583
551830
551966
552119
552423
552446
552599
552610
552680
552941
553221
553344
553362
553428
554321
554344
554393
554495
554635
554671
554910
554966
555087
555157
555158
555338
555522
555605
555793
556298
556589
556673
556766
557026
557235
557296
557309
557404
558048
558087
558749
558994
559191
559334
559506
559696
559702
560006
560457
560547
560560
560574
560593
560664
560791
560814
561086
561292
561317
561706
561741
561752
561753
561989
562337
562825
562922
563026
563390
563400
563641
563675
563707
563754
563803
563853
563979
564061
564124
564173
564358
564536
564708
564745
564855
565141
565188
565331
565807
566378
566508
566508
566517
566553
566611
566617
566670
566796
566835
566936
567521
567631
568496
568619
568703
569029
569118
569576
569618
569649
569784
569982
570244
570663
570785
571022
571107
571135
571345
571575
572053
572097
572119
572259
572465
573121
573547
573717
573839
573966
574074
574121
574184
574315
574521
574567
574897
575271
575469
575618
575703
576115
576474
576544
576958
577054
577838
577885
577924
577933
577936
578112
578130
578333
578715
578814
578865
579271
579750
579782
579808
580105
580445
580615
580923
580970
581728
581797
582077
582640
582789
582929
583110
583149
583335
583519
583884
584364
584420
584443
584840
584906
584916
584977
585249
585405
585472
585597
585831
585930
586102
586371
586451
586534
586593
586876
587032
587103
587267
587273
587441
587889
588257
588314
588430
588523
588577
588599
588865
588939
589044
589164
589375
589395
589652
589708
589806
590121
590443
590592
590934
591043
591135
591293
591433
591614
591950
592027
592160
592291
592516
592585
592903
593140
593269
593396
593453
593926
594245
595391
595605
595839
596134
596267
596468
596499
596658
597108
597166
597274
597771
598003
598293
598384
598678
598760
598794
598951
599318
599509
600073
600342
600468
600785
601017
601137
601185
601210
601510
601615
601695
602201
602267
602285
602329
602528
602593
602616
602665
602764
603213
603478
603881
603950
604011
604396
604435
604589
604661
604669
604705
604965
605289
605656
605749
606352
606581
607365
607368
607580
607641
607661
607750
608408
608631
608957
609117
609492
609799
609818
609845
610173
610238
610295
610469
610521
610863
610905
610940
611370
611374
611390
611826
611951
612151
612711
612750
612809
613128
613462
613634
613873
614157
614616
614712
615017
615133
615189
615800
616079
616245
616264
616364
616872
617273
617332
617338
617439
617470
617504
617817
617851
618144
618661
619039
619049
619204
619456
619630
619708
619760
620304
620351
620439
620853
621494
621527
621578
621796
621814
621822
622781
622904
622926
623252
623256
623561
623831
624078
624288
624296
624769
625032
625171
625231
625381
625477
625844
625871
626207
626841
627072
627237
627310
627357
627430
627630
627798
628060
628125
628147
628290
628376
628966
629244
629493
629795
630152
630283
630700
630879
630962
631086
631197
631346
631785
631911
632445
633235
633382
633403
634004
634133
634259
634443
634462
634847
635039
635063
635318
635384
635418
635482
635575
635901
636174
636504
636566
636802
636966
637125
637249
637278
637285
637356
637383
638025
638292
638434
638436
639549
639591
639676
639890
639892
640107
640329
640649
640941
641074
641444
641560
642146
642757
642848
643312
643632
643962
643971
644493
644495
644752
645097
645131
645660
645808
645925
645990
646066
646148
646426
647045
647122
647218
647315
647424
647528
647606
647627
647743
647964
647980
648156
648538
648789
648987
649133
649303
649345
649447
649699
649712
649741
650116
650690
650878
651204
651237
651336
651915
652104
652174
652294
652295
652446
652654
652934
653120
653180
653198
653554
654115
654143
654438
654439
654630
654955
654971
655463
655499
655814
655892
655986
656588
656658
656675
657230
657580
657585
658014
658455
658582
658731
658879
658966
659080
659874
659935
660249
660504
661460
661785
661981
662015
662178
663697
664189
664381
664465
665151
665873
665988
666086
666349
666665
667397
667565
667945
667957
668183
668489
668810
668884
669312
669347
669496
669534
669589
669871
669882
670094
670233
670318
670382
670418
671013
671398
671560
671710
671836
672253
672683
672737
672749
672987
673105
673347
673655
674057
674243
674259
674312
674453
674699
675004
675637
675726
675933
675960
676056
676260
676321
676623
676708
676839
676890
676901
677299
677811
677856
677910
678236
678237
678548
678620
678877
678926
679150
679516
679903
680260
680347
680893
681163
681271
681616
682387
682408
682457
682478
682589
682598
682618
682667
682844
683052
683224
683345
683675
684101
684438
685149
685285
685487
685784
686122
686197
686323
686434
686533
686543
686672
687016
687211
687413
687471
688125
688290
688596
688659
688895
689046
689102
689194
689725
689738
689782
690019
690244
690760
690939
691300
691447
691475
691573
691786
692070
692096
692253
692546
692993
693097
693098
693150
693301
693301
693361
693845
694030
694369
694473
695346
695392
695585
696110
696232
696359
696481
696869
697048
697409
697482
697764
697780
697949
697991
699009
699070
699449
700078
700188
700190
700394
701443
701617
701812
701917
701937
702122
702806
702850
702869
702991
703045
703272
703524
703555
703847
703924
704090
704378
704588
704785
704799
705058
705513
705971
705998
706066
706268
706440
706667
706685
706706
706716
707198
707394
707550
707846
708365
708479
708558
708813
709037
709058
709231
709232
709765
709885
709922
709997
710314
710606
710752
710794
710972
711090
711105
711651
711685
712287
712448
712574
712704
712758
712827
713745
713913
714118
714361
714477
714791
714896
715069
715674
715880
716018
716166
716532
717224
717429
717573
717723
718526
718564
718975
719011
719067
719083
719330
719457
719486
719626
719719
719890
720030
720150
720191
720393
720504
720647
721314
721566
721810
721943
722051
722335
722394
722456
722671
722697
722888
723232
723273
723403
723443
723578
723678
724074
724130
724496
724674
724837
725074
725340
725422
725441
725543
725669
725869
725887
726044
726185
726281
726322
726634
726689
726700
726789
727443
728080
728138
728289
728533
728579
729138
729466
729726
729756
730582
730708
730816
731157
731216
731928
732079
732429
732631
732814
733077
733440
733480
733525
733686
733859
733969
734604
734804
734968
735054
735158
735302
735356
736002
736046
736081
736104
736934
737025
737036
737127
737238
737607
737644
737651
737879
737901
737954
737966
738099
738111
738194
738730
738768
738931
738965
738984
739044
739390
739507
739535
739654
740018
740055
740106
740470
740823
740954
741301
741563
741792
741864
742177
742344
742502
742595
742782
742873
743035
743119
743175
743380
743458
743678
743821
744048
744356
744466
744634
744940
745171
745199
745219
745387
745412
745684
746298
746431
746468
746675
746983
747076
747135
747366
747396
747456
747465
747493
747677
747848
747889
748256
748532
748556
749128
749152
749164
749714
749877
750127
750152
750158
750226
750332
750611
750700
750883
751418
751789
752005
752394
752658
753212
753451
754122
754274
754506
754527
754888
754940
755445
755698
756033
756166
756181
756652
756829
756894
756955
757388
757595
758286
758649
758777
758965
759197
759261
759659
759711
760114
760138
760547
761040
761103
762176
762632
762805
762848
762891
762983
763092
763427
763531
764182
764473
764778
765085
765100
765282
765798
765894
766373
766551
767060
767111
767138
768498
768741
768814
769141
769691
769783
769861
769930
770504
770543
770952
771417
771524
771549
771594
771725
772206
772341
772468
773131
773152
773490
773542
774282
774343
774701
775266
775271
775397
775468
775634
775993
776470
776779
777496
777606
778061
778217
778344
778444
778627
778792
778875
779090
779138
779321
779503
779677
779832
779912
780123
780205
780224
780405
780583
780615
780705
781312
781456
781670
782469
782509
782598
782851
783275
783344
783748
783764
783884
784026
784254
784439
784802
785042
785227
785334
785385
785407
785549
785890
785958
786081
786235
786368
786395
787109
787130
787268
787395
787501
787581
788078
788080
788167
788843
789024
789075
789182
789272
789424
789446
789562
789636
789771
789863
790286
790332
790753
790763
790794
790833
790853
790858
791071
791228
791343
791677
791755
791907
791959
792006
792217
792324
792483
792664
792678
792701
793110
793278
793316
793574
793674
793685
794002
794177
794427
794561
794950
795242
795556
795738
795776
795806
796282
796786
797099
797339
797385
797491
797816
798193
798355
798809
798821
798854
798880
799007
799504
800198
800283
800697
800829
801061
801089
801136
801397
801659
801823
801848
802142
802210
802234
802236
802337
802708
802953
802985
803047
803269
803381
803510
803600
803702
803717
803869
803951
804147
804330
804398
804432
804437
804553
804630
804740
804945
805031
805092
805370
805608
805640
806043
806301
807052
807155
807373
807562
807579
807650
807765
808160
808178
808354
808418
808567
809155
809430
809683
810071
810126
810364
810511
810681
810931
810971
811294
811621
811634
811634
811816
812202
812388
812451
812729
812798
812802
812941
813002
813116
813127
813286
813298
813310
813630
814165
814214
814224
814309
814636
814815
814899
815488
815507
816030
816254
816483
816553
816592
817088
817262
817445
817732
817768
817782
817979
818124
818687
818804
819514
819640
820012
820019
820195
820293
820498
820768
820887
820947
821115
821617
821752
822283
822322
822474
822695
822971
823011
823258
823407
823418
823577
823610
823663
823922
823932
823932
824048
824167
824230
824476
824567
824600
824787
824907
825088
825197
825239
825317
826179
826211
826407
826635
826960
827206
827391
827571
827680
827710
827716
827783
827833
828425
829131
829210
829523
829594
829689
829731
829943
830124
830224
830391
830465
830584
830595
830636
830737
830847
831392
831423
831608
831820
831900
831920
832196
832355
832360
832382
832550
833099
833156
833733
833733
833870
833871
833987
834144
834317
834674
835057
835403
835491
835909
835939
835991
836508
836639
836948
837305
837330
837379
837490
837602
837842
837866
838069
838218
838275
838527
838905
839251
839400
839428
839558
839771
840114
840468
840888
841086
841101
841274
841707
841815
841891
842002
842237
842656
843102
843235
843359
843640
843692
843962
844376
844499
844499
844700
845284
845299
845562
845702
846238
846273
846319
846380
846757
846881
847330
847563
847779
847833
848177
848303
848983
849449
849549
849792
849978
850250
850545
850808
851252
851262
851671
852133
852201
852264
852427
852468
852559
852564
852848
853154
853354
853664
854198
854215
854366
854424
854595
854713
855242
855302
855554
855585
855664
855787
855943
856042
856138
856207
856576
856857
857002
857106
857264
857326
857711
857758
858649
858658
858755
858835
859704
859782
859936
860026
860037
860075
860118
860364
860523
860526
860920
861139
861286
861342
861662
861926
861947
862138
862256
862264
863090
863256
863538
863553
863605
863607
863688
863943
864073
864104
864178
864299
864344
864517
864595
864750
864789
865462
865854
866634
867071
867084
867152
867505
867736
868476
868917
869570
870051
870485
870550
870662
870671
870854
870887
870922
871103
871175
871498
871529
871762
872148
872161
872207
872470
872698
872803
873013
873088
873314
873407
873549
873750
874003
874157
874850
874956
875363
875617
875763
876035
876330
876368
876382
876796
877079
877091
877147
877309
877388
877392
877776
877808
878056
878210
878309
878621
878669
878688
878733
879205
880238
881135
881339
882446
882740
882982
883018
883357
883476
883501
883604
884383
884568
884617
885431
885435
885682
886048
886156
886840
886959
887346
887367
887488
887771
887914
888269
888333
888511
888546
888566
889089
889104
889155
889283
889366
889432
889488
889631
889662
889863
889866
890394
890802
890851
891061
891133
891246
891463
891821
891927
892100
892295
892565
892846
892966
893355
894142
894748
895356
895457
895585
895629
895689
896050
896085
896528
896745
897029
897075
897127
897230
897372
897390
897916
898014
898094
898171
898461
898486
898781
899036
899126
899371
899454
900278
900342
900388
900416
900451
900829
900914
901099
901253
901423
901482
901569
901585
901606
901926
902128
902246
902328
902477
902637
902856
903083
903549
903622
903830
903918
904351
904354
904396
904405
904502
905254
905809
906027
906088
906293
906352
906561
906798
906951
907016
907019
907748
907802
907945
907968
907993
908315
908335
908810
908918
910214
910359
910715
911174
911250
911757
911929
911994
912022
912042
912253
913476
913975
914489
914675
914790
915047
915214
915624
915789
915871
916491
916567
917014
917056
917303
917459
917644
917748
917901
918044
918067
918271
918428
918735
918947
918964
919086
919095
919674
919703
920002
920139
920143
920157
920209
920265
920279
920644
920700
920838
920915
921154
921945
922121
922171
922534
922748
922853
922926
923282
923325
923747
923837
923901
923945
924155
924549
924909
925019
925128
925250
925564
925668
925776
926162
926167
926264
926404
926570
926788
926812
926937
926944
927145
927454
927678
927738
928411
928452
928598
928615
928765
928984
929028
929329
929609
930094
930126
930209
930515
930538
930975
931271
931508
931560
931705
931740
931858
932113
932222
932350
932378
932400
932591
932674
932730
932753
932760
932822
932866
933098
933166
933733
933805
933888
933914
934187
934204
934305
934313
934355
934401
934405
934581
934678
934689
935065
935327
936376
936651
936766
937181
937379
937487
937749
937779
937876
937991
938029
938040
938241
938349
938397
938417
938465
939066
939080
939495
939606
939886
940113
940766
940784
941134
941562
941660
941906
942455
942516
942634
942675
942995
943174
943176
943357
943409
943621
944076
944114
944289
944367
944439
944703
945063
945289
945771
946054
946196
946293
946385
947009
947626
947930
947961
948048
948298
948348
948520
948902
949234
949238
949785
950311
950389
950873
950925
951441
951462
951522
952187
952536
952645
952657
953249
953368
953647
953691
953795
954282
955088
955222
955241
955294
955319
955385
955572
955636
955904
956202
956357
956507
956583
956890
957083
957163
957168
957340
957347
957522
957548
957616
957644
957770
958829
959000
959043
959092
959917
960129
960165
960267
961146
961188
961235
961239
961246
961428
961431
961597
961634
961752
961843
961920
962097
962629
962672
963117
963304
963744
963767
963797
964204
964432
964789
964999
965045
965124
965170
965397
965609
965973
966009
966029
966527
967088
967373
967558
968367
968479
968693
969025
969164
969617
969692
970157
970242
970513
970656
970844
970865
971187
971376
971461
971953
972060
972213
972475
972516
972733
972813
972872
972876
972925
973702
973790
973812
974278
974550
974565
974948
975251
975475
975518
975548
975569
975590
975636
975641
975672
976085
976583
976796
977005
977366
977539
977756
977776
977800
978425
978719
978805
978895
979500
980242
980761
980783
980801
980806
980848
981277
981415
981473
981481
981801
981845
981866
982401
982649
982678
982725
982775
983036
983727
983902
984534
984966
984983
985088
985198
985577
985600
985738
985910
985949
986064
986260
986268
986333
986509
986591
986773
986781
986861
987029
987435
987805
987843
988127
988158
988349
988455
988684
988867
989052
989182
989204
989308
989368
989522
989528
989549
989734
989792
989902
990302
990518
990610
990684
990697
990908
990962
991164
991360
991471
991667
991703
992083
992098
992213
992344
992515
992521
992553
992597
992758
992778
993238
993578
994182
994292
994314
994502
994629
994945
995241
995344
996249
996255
996466
996496
996597
996680
997190
997741
997824
997826
997890
998239
998253
998441
998456
998629
998793
998806
998891
999299
999550
999687
999850
