100
-989812
-963203
-940206
-880606
-860387
-853452
-843866
-809555
-797411
-761882
-716669
-707957
-660188
-654434
-651162
-642846
-622059
-614375
-606183
-584789
-573075
-556990
-555715
-542493
-540735
-539062
-491095
-459248
-439217
-382302
-381296
-380874
-352296
-345536
-342206
-330601
-327211
-324349
-322028
-300328
-246120
-238259
-238021
-227762
-211126
-205362
-175328
-168259
-146642
-73341
-69533
-52245
-46807
-12843
71173
102442
103376
119174
129106
151732
158991
185449
222835
234961
307473
311982
318730
324296
368251
404172
433569
437471
499200
520194
556540
560508
567285
579092
579733
595327
635102
641108
656366
664447
706301
756209
772999
775474
781370
785204
822762
831037
841622
844541
890590
898932
902897
903643
963347
981700
