100
-989107
-975816
-966713
-958403
-923149
-916343
-895498
-894040
-887569
-808968
-793535
-781589
-781358
-779045
-753051
-748302
-746521
-733089
-710849
-693786
-678355
-639544
-628051
-572291
-567511
-528104
-497996
-453296
-438875
-434484
-381440
-377888
-371131
-368143
-366155
-360874
-353894
-352644
-331854
-307277
-248230
-174714
-149552
-142887
-114192
-103594
-85846
-67464
-34356
10238
22364
39093
52222
75057
83007
134382
136184
151212
163613
179429
193874
209818
213663
229109
257760
309995
312882
339828
357505
383534
440210
443590
455598
472200
507266
507936
509901
510456
515036
521011
549287
555736
559432
597234
614543
619305
629474
643839
652490
669613
695515
696560
712853
718128
726719
738377
799584
870143
891812
937858
