1000
-993055
-992631
-990234
-987352
-984468
-982550
-982448
-980276
-978655
-976238
-972240
-968572
-961900
-961738
-960411
-958737
-958315
-957939
-957750
-957253
-955876
-955040
-947409
-946236
-940611
-940314
-940158
-939769
-939762
-939314
-937842
-931389
-920385
-911365
-910270
-903676
-903675
-901890
-896361
-896360
-893824
-889973
-889631
-886977
-886854
-885745
-884843
-883413
-879218
-877778
-875835
-874822
-869071
-866877
-866621
-866025
-864310
-863800
-861047
-860535
-860464
-857782
-856032
-855475
-854446
-854271
-853315
-852167
-848972
-848027
-846705
-846634
-846433
-844342
-843065
-840655
-838285
-834648
-831222
-829547
-827019
-826932
-825835
-824983
-824106
-819913
-817412
-814910
-814290
-812884
-810415
-807631
-806555
-804446
-802014
-793733
-791715
-783683
-782673
-781892
-781167
-774979
-773184
-771157
-771114
-770164
-767143
-763798
-759872
-759065
-755450
-750682
-749230
-748969
-748698
-748562
-745560
-741252
-740187
-739496
-739438
-736139
-735803
-735779
-734959
-731958
-725112
-724564
-722641
-722382
-721166
-718445
-717559
-712060
-711409
-710923
-707113
-706414
-700697
-694382
-693713
-691557
-683752
-679435
-678920
-678263
-674886
-667335
-666587
-665481
-665125
-665051
-664916
-664724
-663762
-660044
-659435
-656821
-651547
-647043
-645048
-641863
-641375
-638584
-631329
-629807
-626192
-626158
-620592
-617588
-616030
-612341
-612106
-610820
-610250
-602877
-600092
-600000
-594818
-593717
-593703
-593282
-592668
-592108
-591767
-591173
-591163
-591098
-590897
-590110
-588684
-585384
-584066
-582415
-579958
-577814
-575840
-574063
-572601
-571325
-562936
-561885
-559127
-558156
-553876
-551128
-549427
-549140
-547698
-545951
-538740
-537108
-537100
-535967
-531881
-528347
-526568
-525573
-524746
-524571
-522643
-522337
-520014
-516047
-515741
-514026
-511770
-511550
-509737
-507563
-507506
-507441
-506184
-505610
-504540
-502029
-499185
-499088
-496478
-495517
-492998
-492279
-491187
-490839
-488427
-486827
-485323
-482762
-482720
-482231
-477424
-476196
-476158
-475594
-474443
-470199
-469535
-465915
-463314
-463114
-461566
-460773
-460089
-459716
-457520
-456932
-453373
-450249
-442005
-438587
-438578
-434831
-434123
-433459
-431581
-426967
-421164
-420556
-416826
-416111
-414733
-409241
-406817
-404038
-398731
-398551
-398129
-396650
-395455
-394120
-393764
-392174
-384728
-377592
-373879
-369684
-369118
-365557
-364477
-363826
-360750
-359519
-358480
-356297
-354983
-352920
-348879
-347219
-346293
-340443
-337801
-335116
-335087
-334154
-333619
-328968
-326621
-325891
-324074
-324060
-321490
-320017
-315862
-312245
-309850
-307969
-306244
-305034
-303119
-301542
-301374
-300663
-300236
-299868
-299625
-296057
-293981
-293509
-293399
-291947
-291606
-289957
-287397
-287108
-286734
-285509
-283862
-281856
-281752
-281679
-281566
-280436
-277235
-274188
-273909
-271343
-271163
-269515
-269402
-268191
-264629
-262473
-261641
-258710
-256445
-255110
-251685
-250574
-248245
-248112
-245034
-244504
-244442
-241484
-240017
-239060
-237548
-233312
-233077
-232491
-231630
-230619
-229162
-228845
-228713
-228636
-228380
-227777
-227605
-227399
-225541
-224935
-224212
-224142
-222809
-222562
-221164
-218215
-217826
-214894
-213631
-213325
-211319
-211006
-209294
-209159
-204733
-203617
-202566
-195764
-189196
-184185
-182830
-180865
-179949
-179440
-177754
-176780
-173736
-172721
-170739
-170632
-166200
-162844
-160164
-158101
-156837
-156828
-156767
-154263
-154089
-151214
-148116
-147481
-147371
-147094
-145136
-145107
-142695
-137992
-135529
-131950
-129917
-124093
-123675
-122194
-120632
-120497
-117998
-116070
-115531
-113543
-113306
-112174
-110552
-109323
-108633
-107977
-106443
-105645
-104093
-103490
-95778
-94108
-92636
-92347
-84408
-80801
-79889
-79887
-76911
-76072
-74526
-73326
-70574
-69100
-68903
-63557
-62832
-60837
-59014
-56833
-51350
-50654
-47932
-47036
-46632
-45852
-45838
-44502
-42808
-39971
-39646
-36378
-36026
-35572
-34982
-31614
-29136
-29004
-26697
-24631
-23287
-23089
-22626
-21609
-20326
-17516
-16135
-14185
-14121
-14062
-13550
-13294
-12491
-10448
-10307
-5929
-4843
-517
1092
2489
3443
4254
4811
5072
6931
7980
9057
9576
11500
13184
14471
14487
17006
18807
20087
25564
27197
28194
28403
29394
33341
34143
38271
39390
39890
41110
41565
41629
41844
42169
48060
60768
63904
70232
71444
72723
73281
79548
84571
86930
91996
93884
94153
94268
98660
98695
107798
112774
113367
113846
114947
118641
120186
122738
123418
125504
126063
129023
130208
130423
133048
133113
142118
142667
143802
149883
150997
151176
153106
155520
156049
158168
158647
158893
159770
160572
164266
173489
175846
178035
182291
182457
189228
189773
190209
191198
192822
195951
201024
202034
202193
211931
216250
218842
223944
226401
226494
231485
232320
233596
234104
234237
238112
240822
245260
249237
250052
250433
250847
258002
258525
260814
263516
263583
267109
271284
271608
275417
276078
279947
280661
282630
283711
284439
289697
291221
291572
291730
298844
299691
300173
300611
302991
304337
304347
307630
308302
312891
316278
321075
321468
322147
322709
323102
328123
329144
329812
330202
330858
331271
334487
335812
337770
338710
340341
343008
343956
344500
348792
349605
352462
353024
356048
356314
356368
356628
357617
358201
363947
376557
378132
379246
383957
386746
391391
394630
397741
397889
400469
401205
401839
401940
403393
404101
404166
405295
405566
406167
406276
410821
412433
413540
417603
418712
419587
422170
424993
427435
429185
429766
430992
431273
433127
433507
434260
435138
435509
435700
440881
441847
443202
443607
445277
450787
452403
452622
461220
464020
466023
466423
467074
467858
470588
470665
470886
475622
475927
481657
481706
484825
485899
497111
501960
502239
505512
506532
514116
514698
514982
518698
521213
521806
521846
522020
525354
530022
533919
536645
538573
539161
539577
540850
551499
551658
555826
556971
561574
566670
568536
568617
571257
573176
573379
573879
574549
575820
583307
583898
589166
593690
602723
603247
604241
605125
606428
609183
609427
609547
610405
612202
613377
614111
618814
623591
623770
629734
630121
630386
635861
636517
640030
645672
647495
649662
649820
650965
652270
655126
655854
660901
662971
664756
668396
671266
672562
675146
675950
676917
676994
679668
680043
681132
684501
688463
689874
692163
692194
695389
697294
697440
698603
701225
705327
705786
706715
706765
716778
718533
718772
720165
720486
720638
721458
724604
726907
727007
734801
738418
738974
739727
743393
743934
745587
746003
746277
747045
747899
748655
749310
749509
749553
753810
754650
755973
756304
758030
759596
760369
760550
764104
764401
766529
767719
768650
768891
771567
774434
775081
776235
777621
777732
777795
778827
783926
786207
788070
788588
791697
792338
794205
796465
801633
802121
802678
803713
805623
806043
806910
809715
809913
812569
813471
813545
814717
818040
822735
823892
824012
824507
824639
828218
828406
834518
834698
837908
838112
843285
844338
844786
847001
848272
849201
850912
851376
852684
855577
856175
858985
859933
867539
869094
870847
873149
873776
877136
878226
879870
891534
892842
893123
893783
894880
895524
896195
898845
905196
905840
905956
910607
911784
912688
914199
915044
915605
917517
918913
919773
922178
923127
923581
927832
930752
934729
943839
943867
946518
953031
957987
958570
961268
961858
964603
968342
978804
979676
980006
980150
982272
982775
984233
984412
985099
985717
988016
991180
991813
992530
993445
