1000
-999885
-998138
-996973
-996075
-993041
-992483
-991363
-988588
-987575
-987341
-986577
-985902
-984482
-976346
-976033
-974990
-974533
-971683
-971205
-969946
-968260
-967782
-966589
-965698
-964483
-963811
-962549
-962097
-961621
-959922
-956133
-952142
-941878
-941806
-939051
-933601
-930566
-926632
-924480
-923223
-920630
-917835
-911614
-905130
-903073
-902284
-898604
-897934
-896332
-895536
-892974
-891961
-890723
-880008
-866752
-865614
-863950
-863693
-863535
-862021
-861418
-858837
-857960
-857407
-857344
-856321
-855304
-855027
-854006
-853598
-847845
-847785
-844507
-842469
-841290
-840572
-839717
-838270
-837363
-833509
-832280
-830970
-830908
-830862
-829936
-826358
-824400
-822370
-821923
-820752
-816216
-816082
-815473
-815376
-815238
-814923
-814489
-814023
-804435
-801184
-800060
-793582
-792934
-791309
-791087
-788793
-786266
-783463
-783246
-782223
-779528
-778722
-776082
-776070
-774761
-774035
-773735
-773474
-773467
-773316
-768846
-766974
-763240
-757039
-754390
-751956
-746323
-743644
-742149
-739396
-738827
-737968
-737684
-734022
-733262
-731180
-727236
-726032
-721019
-719223
-718308
-718202
-718155
-717893
-715924
-715480
-711845
-711253
-709334
-708569
-702209
-701085
-695086
-692619
-691088
-688449
-687965
-685176
-684899
-684725
-683507
-683388
-680046
-676661
-667222
-665316
-659179
-655669
-655126
-653195
-647020
-645530
-641909
-640316
-637450
-635624
-635100
-634503
-630148
-628341
-624330
-621889
-621879
-618603
-616249
-615470
-615070
-614540
-610028
-608425
-606910
-606858
-605512
-605032
-603969
-602983
-596936
-595895
-595398
-590868
-589654
-587797
-586233
-583528
-583097
-582276
-575885
-575153
-575075
-573985
-572980
-572803
-570531
-570402
-562575
-559420
-559061
-559054
-558497
-557967
-557718
-556196
-552477
-551081
-550062
-549970
-546390
-545590
-542525
-541364
-540961
-540553
-538537
-536293
-535790
-526419
-525838
-524434
-523557
-520736
-520728
-516059
-514193
-512154
-509755
-508769
-508500
-503934
-499944
-499917
-497877
-495573
-494482
-493931
-492826
-487062
-483093
-480032
-479205
-477885
-475812
-471901
-467577
-466732
-464640
-463975
-461721
-461385
-459841
-458109
-456079
-454262
-453236
-451871
-451580
-450057
-449703
-439014
-436309
-434034
-429560
-428194
-425326
-424614
-420463
-419761
-418797
-417955
-417040
-415887
-414822
-414292
-409037
-407329
-404425
-402073
-400549
-399038
-394776
-394406
-393854
-391796
-388999
-388784
-383920
-383180
-380490
-378027
-376271
-375869
-374328
-372503
-371694
-368592
-367684
-365472
-364917
-361361
-360943
-358303
-357897
-357013
-353759
-350998
-347678
-345496
-344516
-344494
-343687
-332675
-332261
-331914
-329831
-325051
-324655
-324476
-322596
-322189
-313182
-312497
-312252
-309409
-307156
-302201
-299919
-299553
-298671
-297582
-292340
-287207
-287166
-280917
-279257
-278182
-276309
-276167
-275729
-274015
-273126
-272866
-270169
-269017
-267217
-265512
-264912
-258440
-252028
-251863
-251289
-250784
-249687
-247155
-246984
-245053
-244815
-243092
-239203
-238750
-238353
-235670
-235243
-234787
-234338
-229999
-228748
-228056
-223782
-222234
-220406
-219310
-218082
-213395
-211148
-207710
-207416
-201536
-195788
-194750
-190658
-190325
-189967
-189878
-186305
-185272
-184509
-184219
-183665
-183033
-183022
-180592
-179950
-179414
-175474
-173253
-172810
-171716
-170480
-165957
-164220
-163011
-161689
-158099
-157684
-146883
-146392
-144482
-141941
-139901
-138316
-138226
-136116
-135414
-131968
-131117
-125658
-125470
-125275
-124654
-123245
-122597
-122473
-119105
-117441
-115833
-113785
-110453
-109574
-109529
-109348
-108796
-108214
-106856
-105182
-103431
-102630
-96340
-92674
-91800
-89558
-88446
-87899
-84380
-83764
-81716
-80131
-76360
-72245
-70229
-68374
-67749
-66996
-65632
-64328
-63810
-60084
-59938
-56987
-55944
-52825
-45964
-42461
-41767
-41540
-37196
-31982
-30315
-27899
-25878
-24296
-21464
-20313
-18331
-18208
-16999
-13464
-6905
-4615
-4545
-3117
1037
5293
6991
14786
16678
19940
21151
21320
23029
24136
24518
24689
32748
33338
34072
36595
37435
38607
42775
43764
46275
51531
51989
53912
54339
54974
57241
58156
60162
60176
61299
61319
61874
67216
67362
74292
75553
76478
77640
77773
79260
79704
82339
82602
84693
85824
88821
88948
91335
91418
91636
93525
101575
103022
103145
103746
106499
113416
117216
117928
120635
122928
126922
129545
133113
133858
134621
141294
142231
142296
142831
143192
146973
152312
153061
155356
155479
155866
157515
159896
161875
163024
165108
166728
171882
177355
179131
181720
183422
184948
187117
187706
187983
193318
197096
197772
200397
202961
203822
204725
204759
205123
205612
207238
213678
217571
218225
219767
221539
222632
225066
226811
229114
232818
235796
236830
242834
243097
243233
247932
250626
253313
261037
262908
269218
272929
272941
274029
278432
278648
280914
281911
283497
284034
284185
285138
286669
290830
292009
295233
297857
308026
311275
311981
312263
313424
315270
322728
327866
329222
333506
334091
336393
336644
337713
338266
339497
341507
342739
343731
345298
347952
348696
355349
359022
360510
364203
365239
367797
368026
370048
371156
372852
373070
377663
378671
384947
388703
389420
390712
390940
392386
392629
400603
402502
405089
408043
410630
410898
411428
412439
412663
413914
416034
416140
419729
419890
420314
423474
424935
425842
426169
429144
435776
436869
438387
439492
440740
441365
441591
443480
443555
448439
452283
455911
456805
457086
457177
457720
463510
463581
466449
470333
470591
472572
472736
476962
478165
478205
478711
480276
480853
481969
484433
486269
489038
495472
496818
497278
499724
500843
501332
501843
503259
506814
507581
510394
514007
515144
517755
517864
517949
518822
521478
523213
525116
525785
527023
527318
528978
531506
531699
537824
538966
540701
546496
547395
551393
552356
558410
558960
560241
561081
561315
563901
564262
564473
569911
572308
573108
574772
576972
579270
580270
581069
583268
590078
591159
592509
592685
595342
596508
600028
606567
612352
615149
617227
618931
620623
621212
621945
625559
629316
630040
630483
638073
638598
640837
641572
642805
642860
646127
652191
656049
659255
663984
665696
674379
674488
678834
679222
679960
681743
683608
684227
685580
686024
687161
688009
688180
688846
693042
693261
693464
695684
696567
699139
699807
699882
701387
702755
703641
704259
707302
707802
708330
708811
709078
709120
710414
715088
716674
718263
718883
719059
721570
722115
723236
727575
729902
735075
736073
739787
740533
741498
743653
745105
747588
749880
750885
752353
752848
752974
755002
755760
762647
763712
765372
765399
766816
768032
768740
772360
772577
774180
778035
779357
779558
781524
782792
783627
783989
788100
788413
788727
789851
791492
793671
793905
794175
794377
799366
801125
801900
802197
804847
805322
805648
808351
809588
810181
811295
816042
817509
819208
820025
822560
825568
827090
827749
828118
829308
832237
834210
836152
836158
838385
839819
842883
844472
851000
851543
854145
857978
858362
859520
859832
860174
860631
864634
866054
872825
875715
879584
881197
882239
882804
890305
893972
894202
896135
896192
900176
902346
903799
904524
905424
906696
913394
913559
913606
922869
923490
925331
926286
928778
928979
929564
930459
932065
934251
934809
935342
941197
944482
946414
947849
950626
953357
954234
954773
954868
954927
954929
957552
962056
962658
967688
971239
978507
982325
983828
985507
986645
990201
990838
991799
992087
993977
996190
997730
