10000
-999997
-999901
-999779
-999327
-999185
-999021
-998973
-998909
-998700
-998551
-998264
-998126
-998114
-997751
-997552
-997362
-997183
-996787
-996748
-996700
-996461
-996237
-996232
-996202
-996111
-996076
-995883
-995770
-995622
-995398
-995178
-994959
-994866
-994525
-994422
-994286
-993930
-993910
-993847
-993665
-993661
-993355
-992911
-992725
-992212
-992174
-991737
-991721
-991609
-991468
-991395
-991172
-990428
-990185
-990043
-989923
-989876
-989779
-989509
-989462
-989105
-989083
-988935
-988890
-988622
-988436
-988425
-988226
-988223
-988206
-987823
-987738
-987036
-986819
-986431
-986032
-985889
-985143
-984883
-984673
-984639
-984467
-984424
-984165
-983797
-983758
-983667
-983344
-983224
-982856
-982732
-982702
-982592
-981971
-981830
-981762
-981040
-981026
-980849
-980808
-980251
-980005
-980004
-979715
-979565
-979475
-979314
-979186
-978347
-978002
-977893
-977815
-977664
-977579
-977566
-977427
-977426
-976764
-976355
-976211
-976124
-975761
-975314
-975020
-974867
-974829
-974471
-974240
-973984
-973889
-973705
-973409
-973299
-973279
-973244
-972760
-972746
-972349
-972236
-972112
-971979
-971601
-971233
-971212
-970501
-970217
-970195
-970141
-969989
-969559
-969478
-969389
-968174
-968160
-967808
-967775
-967717
-967393
-967119
-966724
-966614
-966128
-965958
-965751
-965713
-965669
-965617
-965341
-965157
-964738
-964623
-964616
-964222
-964033
-963959
-963939
-963867
-963659
-963620
-963484
-963323
-963302
-962902
-962757
-962637
-962517
-962401
-962261
-962095
-961684
-961649
-961575
-961570
-961143
-961121
-960979
-960858
-960654
-960594
-960572
-960537
-960434
-959845
-959483
-959391
-959305
-959245
-959144
-959139
-959000
-958902
-958872
-958871
-958833
-958670
-958477
-958188
-957838
-957423
-957281
-957279
-957269
-957022
-957021
-956578
-956468
-956459
-956432
-956022
-955465
-954922
-954857
-954775
-954246
-953869
-953817
-953429
-953423
-953403
-953079
-953020
-952922
-952855
-952483
-952410
-952387
-952321
-952287
-952252
-952240
-952004
-951956
-951815
-951575
-951564
-951419
-951125
-951113
-950916
-950825
-950523
-950052
-950025
-949974
-949885
-949538
-949513
-949497
-949004
-948954
-948783
-948711
-948632
-948552
-948136
-948105
-948105
-947997
-947786
-947482
-947440
-947394
-946681
-946602
-946424
-946212
-945982
-945304
-945252
-945005
-944842
-944284
-944266
-944233
-944022
-943953
-943781
-943152
-942929
-942912
-942809
-942272
-942250
-942228
-942040
-942019
-942002
-941879
-941748
-941627
-941187
-941167
-941045
-940743
-940601
-940091
-940042
-939702
-939536
-939334
-939302
-939293
-939124
-938940
-938856
-938478
-938214
-938029
-937799
-937623
-937465
-937046
-936963
-936713
-936430
-936133
-935897
-935847
-935452
-935221
-935209
-935151
-934711
-934588
-934251
-934125
-934021
-933907
-933144
-932478
-932365
-932003
-931936
-931783
-931393
-931295
-930897
-930690
-930670
-930452
-930343
-930130
-930049
-929896
-929785
-929694
-929675
-929051
-929036
-928959
-928622
-928338
-928310
-928299
-927968
-927852
-927733
-927580
-927576
-926922
-926453
-926420
-926416
-926382
-926306
-926261
-926093
-926061
-926017
-925779
-925313
-925156
-924960
-924891
-924764
-924623
-924468
-923734
-923518
-922840
-922779
-922592
-922581
-922537
-922473
-922182
-921802
-921418
-921394
-921365
-921228
-921194
-921029
-921002
-920399
-919774
-919541
-919479
-919288
-919257
-919047
-918867
-918244
-918216
-918112
-918005
-917876
-917623
-916541
-916507
-916281
-915936
-915930
-915595
-915463
-914897
-914571
-914499
-914487
-914172
-914031
-913967
-913704
-913494
-913011
-912884
-912786
-912658
-912518
-912086
-911481
-911306
-911152
-911047
-910943
-910917
-910863
-910807
-910535
-910516
-910497
-910396
-909929
-909580
-909404
-909051
-908819
-908694
-908512
-908148
-908087
-907900
-907810
-907805
-907719
-907606
-907501
-907476
-907382
-907265
-907223
-907158
-907132
-906769
-906692
-906193
-906141
-906093
-906079
-905948
-905811
-905459
-905409
-905362
-905161
-905091
-905027
-904968
-904694
-904352
-904198
-904109
-903898
-903876
-903703
-903695
-903634
-902770
-902677
-902640
-902625
-901976
-901711
-901576
-901260
-901007
-900911
-900707
-900681
-900520
-900392
-900175
-899758
-899755
-898974
-898775
-898195
-897952
-897942
-897692
-897585
-897574
-897153
-896496
-896235
-896060
-895926
-895516
-895064
-894869
-894754
-894637
-894590
-894315
-894084
-894018
-893659
-893445
-893381
-893295
-892982
-892543
-892337
-892105
-891804
-891211
-891204
-891109
-890901
-890864
-890655
-890589
-890460
-890364
-890236
-890078
-889639
-889512
-889008
-888463
-888004
-887669
-887430
-887197
-887005
-886785
-886661
-886191
-886081
-886060
-885988
-885370
-885319
-884941
-884795
-884166
-883368
-883171
-883078
-883023
-882596
-882495
-882363
-881989
-881913
-881754
-881733
-881504
-881431
-881378
-881352
-881315
-881312
-881234
-881221
-881148
-880930
-880828
-880663
-880617
-880115
-879789
-879734
-879359
-879093
-878972
-878882
-878412
-878354
-878070
-877654
-877480
-877432
-877246
-877178
-877149
-876906
-876765
-876580
-876522
-876470
-876091
-876029
-875897
-875730
-875707
-875537
-874947
-874877
-874821
-874733
-874715
-874580
-873788
-873458
-873094
-873005
-872449
-871920
-871841
-871758
-871446
-871279
-870837
-870821
-870752
-870731
-870624
-870464
-870351
-870327
-870262
-870038
-869967
-869902
-869792
-869785
-869641
-869601
-869401
-868799
-868781
-868533
-868466
-868146
-867844
-867793
-867654
-867507
-867381
-867110
-866570
-866247
-865971
-865812
-865722
-865562
-865087
-864631
-864615
-864579
-864292
-864124
-864111
-863851
-863771
-863626
-863390
-863122
-861739
-861679
-861308
-861119
-860927
-860857
-860799
-860406
-860137
-859702
-859512
-859445
-859296
-859216
-859122
-859104
-858799
-858743
-858687
-858551
-858488
-858297
-857907
-857460
-857350
-857283
-857216
-857084
-856769
-856046
-855846
-855487
-855336
-855005
-854019
-853909
-853771
-853667
-853277
-853208
-853138
-852514
-852400
-852297
-852203
-852203
-851973
-851549
-851358
-851262
-851090
-850510
-850187
-849848
-849515
-849467
-849095
-848727
-848685
-848463
-848440
-848268
-848216
-848017
-848012
-847585
-847098
-847052
-846926
-846685
-846358
-846339
-846191
-845998
-845807
-845549
-845420
-845380
-845380
-845284
-845187
-845171
-845041
-844756
-844459
-844373
-844007
-843963
-843849
-843759
-843692
-842986
-842970
-842042
-841913
-841842
-841727
-841620
-841487
-841463
-841249
-841196
-841044
-840969
-840937
-840876
-840708
-840696
-840680
-840563
-839945
-839408
-839322
-839120
-838966
-838571
-838148
-837999
-837845
-837647
-837633
-837334
-837115
-836530
-836381
-836283
-835953
-835633
-835562
-835435
-834991
-834874
-834772
-834571
-834486
-834455
-834441
-834432
-834179
-833836
-833406
-833036
-832220
-832122
-831943
-831936
-831568
-831448
-830835
-830813
-830812
-830702
-830573
-830251
-829795
-829790
-829724
-829422
-829290
-829164
-829100
-828687
-828681
-828595
-828510
-828362
-827915
-827901
-827680
-827402
-827359
-827225
-826984
-826693
-826613
-826545
-826390
-826372
-826025
-825757
-825650
-825508
-825441
-825118
-824437
-824410
-824334
-824329
-824061
-823966
-823931
-823803
-823683
-823554
-823448
-823325
-823066
-822712
-822513
-822112
-821848
-821769
-821743
-821528
-821260
-820200
-819858
-819809
-819432
-819425
-819360
-818986
-818961
-818755
-818741
-818657
-818599
-818347
-817883
-817841
-817840
-817816
-817729
-817420
-817299
-817265
-816839
-816678
-816662
-816236
-816092
-815741
-815652
-815432
-815303
-815266
-815168
-814780
-814680
-813991
-813876
-813857
-813442
-813341
-813075
-812867
-812852
-812246
-812129
-811955
-811727
-811364
-811317
-811051
-810753
-810743
-810529
-810384
-810070
-810030
-809551
-809027
-808916
-808850
-808588
-808572
-808375
-808312
-808184
-808130
-807815
-807367
-806795
-806756
-806634
-806181
-805548
-805351
-805259
-805064
-804972
-804816
-804325
-803769
-803089
-802638
-802546
-802470
-802454
-802420
-802238
-801780
-801620
-801576
-801234
-801142
-801134
-800669
-800593
-800423
-800310
-799903
-799757
-799684
-799533
-799403
-799018
-798980
-798672
-798597
-798562
-798278
-798081
-798040
-797793
-797486
-797462
-797291
-797029
-796907
-796512
-796504
-795869
-795799
-795258
-795224
-795057
-794996
-794580
-794372
-794267
-794123
-793873
-793719
-793601
-793580
-792968
-792708
-792535
-792379
-792173
-791755
-791733
-791646
-791611
-791598
-791505
-791480
-791463
-791326
-790343
-790195
-789798
-789719
-789648
-788884
-788679
-788637
-788197
-788188
-788031
-787756
-787737
-787516
-787139
-786959
-786820
-786797
-786654
-786469
-786183
-786152
-786013
-785960
-785535
-785369
-785292
-785124
-784548
-784494
-784281
-784215
-783993
-783961
-783755
-783464
-783443
-782684
-782592
-781652
-781508
-781447
-781132
-780959
-780618
-780472
-780301
-779882
-779767
-779699
-779587
-778887
-778856
-778598
-778598
-778384
-778281
-777209
-776848
-776745
-776419
-776142
-775866
-775243
-775229
-775051
-774761
-774055
-773307
-773259
-773229
-773014
-772924
-772896
-772665
-772614
-772486
-772486
-772431
-772394
-772280
-772156
-772156
-771912
-771852
-771724
-771693
-771378
-771179
-771139
-771020
-770807
-770483
-770133
-769879
-769651
-769589
-769348
-769266
-769115
-769032
-768881
-768567
-768446
-768385
-768256
-768247
-767946
-767874
-767810
-767705
-767618
-767592
-767174
-766321
-766193
-766140
-765701
-765618
-765598
-765028
-764969
-764877
-764760
-764750
-764418
-764275
-764263
-764195
-764087
-763926
-763632
-763590
-763277
-763147
-763129
-762725
-762348
-761956
-761118
-760644
-760506
-760400
-759598
-759585
-759309
-759208
-759138
-758754
-758546
-758428
-758150
-758083
-757968
-757916
-757546
-757469
-757468
-757273
-757219
-757088
-757053
-756862
-756686
-756677
-756629
-756447
-756179
-756072
-756014
-755924
-755855
-755798
-755753
-755507
-755352
-755328
-755211
-755163
-755007
-754941
-754909
-754638
-754280
-754077
-753952
-753919
-753417
-753116
-753075
-752963
-752750
-752577
-752521
-752228
-751967
-751747
-751709
-751691
-751645
-751513
-751478
-751231
-751144
-751115
-751105
-750755
-750698
-750620
-750541
-750180
-749777
-749443
-749356
-749188
-749178
-749129
-749081
-748553
-748512
-748487
-748209
-748098
-747771
-747720
-747259
-746665
-746628
-746549
-746453
-745932
-745669
-745487
-745184
-745116
-745116
-745038
-744864
-744324
-744253
-744108
-744079
-743530
-743240
-743142
-742459
-742251
-742209
-742133
-742132
-742055
-742035
-741847
-741797
-741578
-741275
-741081
-740997
-740907
-740894
-740671
-740587
-740445
-740303
-740252
-739758
-739744
-739598
-739570
-739332
-739331
-739183
-738745
-738725
-738349
-738330
-738268
-737830
-737588
-737528
-737130
-736748
-736740
-736490
-736412
-736115
-736106
-735844
-735626
-735359
-735174
-735117
-735059
-735039
-734808
-734756
-734687
-734575
-734242
-734214
-734184
-733821
-733739
-733609
-733581
-733551
-733338
-732787
-732770
-732460
-732187
-732074
-731763
-731670
-731171
-731131
-731130
-730997
-730715
-730579
-730022
-729995
-729955
-729564
-729263
-729167
-729051
-728972
-728726
-728480
-727776
-727656
-727419
-726839
-726628
-726328
-726165
-726152
-725847
-725521
-725507
-725472
-725217
-725117
-725012
-724946
-724457
-724319
-724218
-723958
-723451
-723393
-723379
-723124
-722972
-722612
-722416
-722294
-722011
-721426
-721307
-721303
-721260
-721101
-721087
-720893
-720847
-720695
-720459
-719958
-719603
-719429
-719036
-718814
-718631
-718161
-717977
-717893
-717730
-717681
-717327
-717199
-716883
-716231
-716231
-715935
-715929
-715134
-714931
-714919
-714729
-714630
-714386
-714356
-714287
-713881
-713755
-713624
-713456
-713348
-713346
-713306
-712852
-712847
-712263
-711732
-711480
-711268
-711207
-710964
-710706
-710628
-710571
-709925
-709888
-709488
-709455
-709441
-709091
-709033
-708554
-708516
-708412
-708367
-708277
-707491
-707306
-707242
-706649
-706445
-706361
-705921
-705513
-705245
-705144
-705017
-704990
-704816
-704260
-704021
-703940
-703928
-703909
-703803
-703462
-703299
-703245
-702918
-702246
-702068
-702046
-701776
-701762
-701533
-701417
-701379
-701048
-701040
-700994
-700481
-699998
-699973
-699865
-699831
-699789
-699500
-699447
-699082
-698901
-698356
-698249
-698192
-698079
-698062
-697889
-697682
-697604
-697507
-697108
-696345
-696135
-696108
-695573
-694706
-694644
-694475
-694361
-694034
-693548
-693346
-693232
-692846
-692565
-692346
-692219
-692172
-691906
-691743
-691547
-691475
-691388
-691076
-690908
-690628
-689872
-689803
-689437
-689031
-688794
-688722
-688721
-688693
-687908
-687647
-687369
-686975
-686504
-686426
-686390
-686195
-686190
-685962
-685845
-685668
-685444
-685392
-685308
-684885
-684128
-684008
-683878
-683475
-682965
-682962
-682774
-682706
-682567
-682557
-681509
-681427
-681342
-681160
-681150
-680618
-680565
-680479
-680302
-680248
-680243
-679865
-679769
-679395
-679333
-679274
-679253
-679048
-679035
-678917
-678870
-678172
-677807
-677423
-677405
-677155
-677141
-677042
-676956
-676047
-675973
-675882
-675860
-675830
-675819
-675812
-675357
-675260
-674916
-674685
-674129
-674079
-673583
-673471
-672998
-672993
-672922
-672679
-672505
-672291
-672171
-672041
-671996
-671989
-671591
-671420
-671179
-671156
-670574
-670491
-670449
-670222
-670119
-670025
-669924
-669758
-669652
-669370
-669186
-669181
-669071
-668800
-668657
-668400
-668114
-667970
-667770
-667723
-667607
-667468
-666983
-666790
-666596
-666319
-666266
-666206
-666129
-666006
-665928
-665806
-665235
-665031
-664911
-664536
-664510
-664422
-664324
-663653
-663116
-663005
-662581
-662517
-662352
-662324
-662202
-662179
-662160
-662078
-662078
-661993
-661863
-661824
-661751
-661696
-661372
-660879
-660686
-660646
-660627
-659771
-659560
-659495
-659432
-659250
-659245
-658889
-658864
-658474
-658312
-658271
-658095
-658029
-657934
-657789
-657754
-657722
-657535
-657527
-657037
-656892
-656566
-656305
-656296
-656200
-656137
-655864
-655816
-655441
-655396
-654995
-654866
-654421
-654330
-654327
-654147
-653673
-653578
-653519
-653194
-652674
-651679
-651652
-651534
-651326
-651152
-651115
-651068
-651027
-650933
-650775
-650724
-650443
-650346
-650237
-650097
-650041
-649963
-649648
-649575
-649039
-648600
-648570
-648221
-648043
-648041
-647842
-647807
-647342
-646231
-645786
-645776
-645750
-645742
-645320
-645277
-645011
-644843
-644788
-644756
-644511
-644428
-644106
-643940
-643662
-643586
-643233
-643143
-643130
-642903
-642442
-642392
-642078
-642028
-641702
-641677
-641373
-641334
-641064
-640973
-640564
-639855
-639746
-639651
-639353
-639299
-639228
-638923
-638534
-638438
-638420
-638217
-638205
-638059
-637899
-637520
-637475
-637392
-637381
-637275
-636782
-635585
-635445
-635244
-634982
-634971
-634919
-634824
-634749
-634704
-634617
-634322
-634138
-633832
-633407
-632850
-632733
-632575
-632233
-631560
-631103
-630746
-630746
-630236
-630233
-630183
-629936
-629674
-629658
-629363
-629301
-629114
-629102
-629039
-628876
-628457
-627991
-627743
-627591
-627506
-627294
-626820
-626783
-626580
-626254
-626233
-626059
-625600
-625431
-625313
-625286
-625011
-624678
-624652
-624442
-624387
-624195
-623676
-623564
-623542
-623368
-623243
-623175
-622879
-622768
-622537
-622452
-622223
-622213
-622012
-621694
-621482
-621400
-620790
-620680
-620274
-620121
-619607
-619247
-619148
-619141
-619130
-618771
-618636
-618250
-617953
-617791
-617788
-617648
-617123
-616951
-616768
-616737
-616636
-616410
-616090
-616028
-615982
-615734
-615680
-615654
-615396
-615222
-615065
-614711
-614692
-614177
-614085
-614047
-614015
-613943
-613624
-613423
-613318
-612803
-612774
-612700
-612557
-612549
-612114
-611773
-610994
-610360
-610202
-610181
-610174
-609668
-609541
-609255
-608914
-608687
-607995
-607716
-607704
-607417
-606701
-606456
-606120
-606093
-605328
-605269
-605002
-604839
-604356
-603802
-603797
-603694
-603615
-603525
-603374
-603164
-602874
-602668
-602659
-602428
-602400
-602022
-601663
-601500
-601239
-600761
-600694
-600645
-600510
-600455
-600223
-600114
-600084
-600001
-599759
-599394
-599259
-599239
-599037
-598997
-598945
-598575
-598403
-598356
-598127
-597867
-597864
-597785
-597694
-597666
-597564
-597459
-597234
-597203
-596978
-596637
-596396
-596385
-596187
-596172
-596116
-595756
-595651
-595535
-595001
-594852
-594256
-593923
-593542
-593466
-593037
-592796
-592696
-592507
-592206
-592143
-592089
-592087
-591270
-590662
-589854
-588889
-588569
-588533
-588253
-588178
-588054
-587396
-586878
-586775
-586715
-586440
-586367
-585839
-585497
-585419
-585293
-584357
-584007
-583916
-583846
-583551
-583206
-582840
-582755
-582165
-581809
-581632
-581530
-581418
-580911
-580723
-580679
-580656
-580645
-580431
-580398
-580293
-580118
-580006
-579928
-579837
-579772
-578646
-578548
-578328
-578165
-578141
-578120
-577690
-577635
-577520
-577164
-577133
-576909
-576674
-576667
-575956
-575760
-575627
-575578
-575548
-575395
-574989
-574713
-574496
-574306
-573988
-573899
-573643
-573335
-573003
-572917
-572881
-572868
-572741
-572630
-572435
-571749
-571692
-571480
-571153
-571104
-570660
-570633
-570097
-569796
-569649
-568963
-568949
-568918
-568858
-568792
-568633
-568077
-567612
-567602
-567537
-567404
-566906
-566898
-566294
-566095
-566022
-565856
-565649
-565557
-565507
-565318
-565269
-565219
-565112
-564715
-564527
-564342
-564275
-564150
-564099
-563781
-563309
-563304
-563177
-563177
-562909
-562810
-562637
-562602
-562434
-562331
-562220
-562144
-562040
-561861
-561717
-561233
-560978
-560606
-560521
-560120
-560063
-559822
-559760
-559465
-558902
-558842
-558667
-558641
-558473
-558452
-558438
-558327
-558201
-557778
-557643
-557539
-557494
-556665
-556636
-556353
-556258
-556167
-555949
-555724
-555339
-555092
-554555
-554468
-554451
-554299
-554025
-553786
-553765
-553661
-553266
-553177
-553158
-553109
-553033
-552762
-552531
-552417
-552404
-552322
-552316
-552196
-551639
-551558
-551038
-550831
-550816
-550754
-550648
-550603
-550577
-550342
-550172
-550110
-549956
-549874
-549243
-549177
-549158
-549090
-548801
-548750
-547971
-547948
-547863
-547721
-547514
-547493
-547450
-547427
-547028
-546736
-546505
-545193
-545080
-544945
-544541
-544434
-544377
-544279
-544266
-544118
-544032
-543856
-543438
-543110
-542852
-542445
-542311
-541946
-541762
-541521
-541509
-541478
-541429
-541389
-541292
-540805
-540682
-540617
-540467
-540456
-540268
-539775
-538684
-538604
-538597
-538537
-538058
-537472
-537414
-537384
-536993
-536491
-536368
-536306
-536216
-536119
-534526
-534352
-534280
-534076
-533969
-533842
-533628
-533444
-533297
-533225
-532957
-532833
-532807
-532742
-532661
-532444
-532326
-532293
-532144
-532084
-531816
-531641
-531633
-531463
-531318
-531303
-531113
-530927
-530911
-530753
-530651
-530180
-529679
-529471
-529435
-529071
-528685
-528318
-527964
-527774
-527472
-527374
-527326
-527262
-526762
-526142
-526102
-526098
-525781
-525686
-525369
-525352
-525345
-525191
-525142
-524992
-524860
-524717
-524424
-524306
-524089
-524014
-524007
-523999
-523386
-522615
-522450
-522252
-522232
-522018
-521982
-521201
-521188
-521066
-520896
-520870
-520867
-520826
-520626
-520177
-520161
-520019
-519851
-519716
-519598
-519516
-519323
-519268
-519113
-518794
-518659
-518633
-518111
-518046
-517355
-517347
-517039
-516957
-516904
-516789
-516600
-516431
-516428
-515715
-515666
-515587
-515341
-515247
-515129
-514459
-514367
-514256
-514248
-514229
-514115
-514109
-514003
-513136
-512890
-512752
-512593
-512022
-511696
-511653
-511528
-511286
-511282
-510909
-510902
-510618
-510332
-509860
-509749
-509238
-508589
-508529
-508452
-507846
-507628
-507514
-507212
-507142
-507085
-506599
-506597
-506523
-506501
-506161
-506001
-505945
-505900
-505892
-505691
-505491
-505223
-505101
-505039
-504956
-504666
-504617
-504064
-503982
-503231
-502954
-502874
-502696
-502683
-502432
-502427
-502365
-502331
-502320
-502184
-502127
-502119
-502051
-502042
-502030
-501723
-501503
-501377
-501377
-500969
-500917
-500458
-500262
-499864
-499611
-499557
-499539
-499508
-499009
-498935
-498646
-498529
-498280
-498250
-498036
-497552
-497306
-496995
-496898
-496427
-496195
-496170
-496141
-496055
-496048
-496023
-495958
-495775
-495529
-494907
-494869
-494707
-494550
-494461
-493669
-493454
-493326
-492929
-492673
-492476
-492096
-491888
-491696
-491604
-491591
-491225
-491075
-491036
-490949
-490674
-490476
-490149
-490142
-489863
-489826
-489795
-489700
-489619
-489263
-489120
-489001
-488558
-488398
-488279
-487322
-487087
-486459
-486046
-485967
-485573
-484848
-484792
-484559
-484497
-484206
-484148
-484067
-483830
-483678
-483577
-483410
-483396
-483235
-483096
-482996
-482738
-482655
-482517
-482307
-481841
-481667
-481465
-481414
-481381
-481346
-481311
-481140
-481111
-480859
-480832
-479906
-479870
-479619
-479558
-479280
-479126
-479025
-478818
-478321
-478277
-478238
-478197
-478000
-477600
-477436
-477114
-476934
-476686
-476657
-476356
-476340
-476140
-476073
-476073
-475945
-475721
-475630
-475552
-475396
-475156
-474927
-474836
-474733
-474487
-474355
-474312
-473871
-473688
-472935
-472862
-472807
-472555
-472461
-472100
-471499
-471345
-471281
-470840
-470100
-469811
-469556
-469315
-469229
-469187
-469148
-469008
-468754
-468694
-468239
-467571
-467322
-466875
-466766
-466614
-466501
-466229
-466085
-465831
-465622
-465147
-465137
-464551
-464541
-464421
-464163
-464110
-463992
-463991
-463826
-463606
-463569
-463543
-463452
-463301
-463273
-463087
-462720
-462553
-462470
-462460
-462260
-461724
-461691
-461199
-461106
-460727
-460726
-460500
-460408
-460392
-460151
-459816
-459715
-459537
-459530
-459471
-459410
-458956
-458891
-458850
-458727
-458601
-458588
-458197
-457021
-456996
-456943
-456524
-456483
-456245
-455701
-455582
-455354
-455078
-454841
-454795
-454454
-453738
-453619
-452980
-452968
-452793
-452652
-452552
-452504
-452472
-452396
-452376
-452275
-451930
-451792
-451531
-451474
-451043
-450917
-450861
-450614
-450110
-449916
-449761
-449729
-449386
-449224
-449166
-448997
-448664
-448317
-448153
-447980
-447924
-447857
-447513
-447473
-447319
-446915
-446605
-445979
-445387
-445177
-445136
-445038
-444899
-444707
-444571
-444559
-444452
-444243
-444071
-443865
-443806
-443773
-443764
-443665
-443565
-443564
-443160
-443076
-443021
-442949
-442930
-442826
-442772
-442750
-442613
-442540
-442077
-442006
-442000
-441624
-441480
-440933
-440579
-440573
-440253
-440125
-440067
-440039
-439179
-439154
-439007
-438932
-438802
-438495
-438190
-438098
-437592
-437307
-437278
-437212
-436730
-436294
-436254
-436137
-435923
-435795
-435757
-435743
-435695
-435353
-434304
-434104
-434078
-434073
-434018
-433939
-433627
-433370
-432438
-432345
-432226
-432194
-431968
-431858
-431762
-431391
-431217
-430843
-430724
-430227
-429762
-429663
-429498
-429402
-429213
-428999
-428891
-428872
-428624
-428558
-428425
-428380
-428263
-428098
-427824
-427640
-427106
-426999
-426835
-426484
-426332
-426287
-426203
-426076
-425620
-425231
-425189
-425136
-425087
-424819
-424768
-424665
-424264
-423771
-423216
-423108
-423014
-423006
-422953
-422681
-422657
-422459
-422385
-422135
-422130
-422114
-422090
-421839
-421836
-421787
-421546
-421487
-421103
-420861
-420818
-420004
-419908
-419863
-419692
-419458
-419361
-419310
-418603
-418491
-418382
-417874
-417741
-417681
-417479
-417419
-417358
-417347
-416449
-416065
-415315
-415111
-414878
-414833
-414694
-414253
-414058
-413997
-413840
-413702
-413067
-413063
-412904
-412890
-412493
-412454
-412019
-411974
-411966
-411834
-411490
-411483
-409618
-409112
-408891
-408517
-408452
-408415
-408359
-408099
-407816
-407314
-407101
-406861
-406786
-406587
-406477
-406153
-405764
-405642
-405510
-405232
-405048
-405012
-404958
-404823
-404734
-404562
-404087
-403682
-403406
-402905
-402740
-402493
-402387
-402334
-402333
-402210
-402112
-401885
-401794
-401394
-400776
-400768
-400652
-400224
-400141
-400021
-399945
-399897
-399566
-399270
-399236
-399148
-399095
-398923
-398912
-398763
-398556
-398369
-398282
-398194
-397778
-397699
-397641
-397553
-397355
-397144
-397137
-396843
-396838
-396614
-396436
-396401
-396106
-396059
-396001
-395943
-395923
-395897
-395471
-395470
-395310
-395218
-395135
-395111
-394971
-394603
-394475
-394058
-393961
-393757
-393498
-393154
-392872
-392851
-392492
-391986
-391979
-391935
-391563
-390863
-390703
-390469
-390368
-390341
-390327
-390239
-390202
-390037
-389521
-389512
-389505
-389069
-389068
-388914
-388722
-388607
-388090
-387981
-387919
-387650
-387514
-387293
-386968
-386680
-385576
-385386
-385202
-384751
-384658
-384475
-384439
-383973
-383781
-383691
-383593
-383568
-383289
-382838
-382505
-382454
-382057
-382007
-381960
-381707
-381385
-380998
-380737
-380707
-380589
-380572
-380408
-380282
-380261
-379846
-379713
-378907
-378763
-378761
-378749
-378542
-378230
-378158
-378140
-377960
-377657
-376616
-376568
-376564
-376473
-376163
-376006
-375954
-375904
-375852
-375757
-375586
-375584
-375464
-375325
-375297
-375214
-375044
-375008
-374641
-374357
-374255
-374144
-374131
-374025
-373736
-373689
-373585
-373368
-373285
-373133
-372462
-372402
-372221
-372207
-372177
-372088
-371835
-371764
-371734
-371373
-371204
-371200
-371175
-371091
-370975
-370505
-369887
-369598
-369460
-369405
-369180
-368873
-368553
-368478
-368295
-368289
-368143
-368138
-367987
-367927
-367812
-367480
-367240
-366998
-366974
-366956
-366854
-366558
-366525
-366407
-366402
-366308
-366240
-365793
-365546
-365515
-365475
-365370
-365341
-365229
-365163
-364619
-364608
-364514
-364420
-364401
-364395
-364312
-364146
-364027
-363907
-363698
-363658
-363517
-363385
-363279
-363066
-362954
-362884
-362802
-362778
-362744
-362459
-362332
-362244
-361912
-361911
-361553
-360983
-360531
-360493
-360201
-360191
-360156
-360083
-359349
-359083
-358888
-358565
-358528
-358202
-358130
-358048
-358014
-357548
-357478
-357463
-357404
-357393
-357249
-357117
-357008
-356858
-356795
-356433
-356375
-355944
-355595
-355376
-355196
-355006
-354918
-354786
-354665
-354388
-354279
-354186
-354182
-354103
-353694
-353616
-353581
-353529
-353408
-353373
-353348
-353257
-353017
-352868
-352850
-352844
-352834
-352581
-352453
-352363
-351915
-351638
-351582
-351558
-351436
-351086
-350908
-350653
-350524
-350364
-350337
-349718
-349213
-349209
-349147
-349114
-348727
-348572
-348460
-348455
-348283
-348107
-348028
-347871
-347774
-347553
-347466
-347464
-346918
-346790
-346473
-346240
-345995
-345839
-345490
-345355
-345273
-344998
-344627
-343902
-343672
-343634
-343167
-342797
-342699
-342369
-341756
-341187
-340231
-340207
-340206
-340114
-339909
-339890
-339593
-338847
-338838
-338782
-338319
-338271
-338243
-338232
-338210
-338194
-337923
-337557
-337524
-337457
-337391
-336809
-336581
-336369
-336314
-336313
-336271
-336261
-335908
-335265
-334988
-334980
-334842
-334793
-334769
-334397
-334366
-334144
-334142
-333980
-333810
-333539
-333162
-333090
-332710
-332115
-332027
-331771
-331738
-331721
-331541
-331505
-331204
-330975
-330899
-330825
-330693
-330666
-330637
-330617
-330185
-329848
-329578
-329573
-329335
-329251
-329232
-329003
-328987
-328488
-328333
-328207
-328004
-327922
-327771
-327548
-327460
-327383
-327352
-327021
-326879
-326797
-326706
-326706
-326695
-326555
-326501
-326124
-326123
-325833
-325762
-325558
-325167
-325100
-324849
-324600
-324009
-323851
-323840
-323742
-323642
-323420
-323043
-322539
-321945
-321741
-321663
-321521
-321510
-321466
-321336
-321101
-320796
-320029
-319970
-319733
-319634
-319617
-319551
-319268
-319072
-318882
-318739
-318571
-318471
-318400
-318212
-318172
-318031
-317766
-317028
-316785
-316496
-316463
-316171
-316111
-316065
-316032
-315949
-315663
-315404
-315014
-314631
-314381
-314315
-314315
-314046
-313693
-313057
-312703
-312692
-312447
-312400
-312049
-311680
-311470
-311196
-311073
-310952
-310875
-310376
-310357
-310240
-310055
-310018
-309829
-309732
-308924
-308588
-308443
-308377
-308375
-308300
-308291
-308249
-307880
-307820
-307734
-307715
-307348
-307241
-306717
-306678
-306632
-306295
-305509
-305346
-305285
-304959
-304909
-304862
-304573
-304527
-304523
-303931
-303480
-303399
-303380
-302935
-302727
-302289
-302147
-302043
-302033
-301964
-301238
-301092
-301042
-301027
-300956
-300955
-300664
-300602
-300329
-300078
-299915
-299732
-299504
-299058
-298901
-298784
-298764
-298479
-298425
-298298
-298254
-297936
-297501
-297410
-297308
-296573
-296210
-295358
-295210
-294929
-294850
-294830
-294475
-293793
-293665
-293595
-293369
-293247
-293204
-293149
-292406
-292365
-292296
-292104
-291889
-291835
-291795
-291659
-291650
-291375
-291028
-290932
-290712
-290259
-290226
-290008
-289800
-288493
-288103
-287513
-287316
-286881
-286677
-285737
-285698
-285112
-284771
-284527
-284271
-284215
-284196
-283981
-283824
-283372
-283344
-283078
-283038
-282945
-282571
-282296
-282258
-282139
-282026
-281842
-281836
-281646
-281584
-281451
-281319
-281202
-281099
-280913
-280829
-280825
-279788
-279176
-279025
-278732
-278644
-278600
-278566
-278554
-278516
-278369
-278324
-278140
-277524
-277470
-277108
-276940
-276897
-276778
-276587
-276474
-276343
-276204
-275657
-275454
-275328
-275305
-275212
-275113
-275017
-274944
-274870
-274496
-274371
-273646
-273354
-273230
-273208
-273157
-273009
-272523
-272340
-272135
-272088
-272009
-271725
-271635
-271145
-271078
-270785
-270736
-270736
-270082
-269801
-269736
-269557
-269431
-268979
-268892
-268887
-268872
-268828
-268612
-268443
-268377
-268077
-267863
-267745
-267128
-266983
-266820
-266818
-266609
-266457
-266452
-266409
-265772
-265654
-265198
-265182
-264891
-264619
-264385
-263915
-263394
-263358
-263064
-263018
-262920
-262763
-262711
-262412
-262395
-262254
-262248
-262129
-262078
-261868
-261732
-261600
-261405
-261356
-261096
-260820
-260814
-260781
-260731
-260585
-260248
-259975
-259925
-259475
-258927
-258880
-258171
-258041
-257780
-257743
-257599
-257494
-257450
-257146
-257090
-256390
-256055
-255618
-255587
-255581
-255204
-255100
-255016
-254846
-254163
-253942
-253769
-253505
-253198
-252962
-252718
-252298
-251670
-251444
-251415
-251286
-250775
-250679
-250553
-250549
-250144
-250111
-249973
-249861
-249821
-249571
-249123
-248978
-248870
-248517
-248270
-247677
-247577
-247052
-246751
-246729
-246414
-245925
-245551
-245357
-245274
-245087
-244530
-244475
-244411
-244315
-243749
-243709
-242701
-242667
-242624
-242599
-242441
-242258
-242197
-241775
-241554
-241471
-240886
-240540
-240301
-240021
-239646
-239456
-239398
-239104
-239061
-238616
-238367
-237846
-237820
-236981
-236956
-236829
-236199
-236186
-235840
-235753
-235302
-235253
-234857
-234741
-234639
-234555
-234371
-234326
-234266
-234259
-234082
-233954
-233943
-233719
-233311
-233184
-232913
-232865
-232729
-232653
-232623
-232569
-232412
-232354
-232281
-232044
-231910
-231880
-231848
-231733
-231572
-231503
-231125
-231008
-230929
-230252
-229746
-229475
-229384
-229075
-228977
-228894
-228117
-227604
-227302
-227244
-227169
-226772
-226763
-226667
-226524
-226419
-226187
-226176
-225673
-225588
-225561
-225507
-225492
-224938
-224613
-224285
-223916
-223881
-223664
-223607
-223292
-223055
-222944
-222290
-220629
-220589
-220458
-220377
-220348
-220015
-219642
-219556
-219434
-219219
-218628
-218473
-218460
-217789
-217554
-217257
-217082
-216932
-216880
-216631
-216306
-215994
-215934
-215868
-215822
-215791
-215723
-215711
-215623
-214998
-214912
-214771
-214363
-214154
-213953
-213551
-213551
-213432
-213156
-212980
-212656
-212232
-212112
-211977
-211855
-211218
-211062
-210848
-210759
-210696
-210682
-210595
-210565
-210559
-210488
-210423
-210286
-210012
-209871
-209719
-209586
-209214
-209164
-208878
-208526
-208158
-207893
-207762
-207563
-207492
-207447
-207433
-207273
-207204
-207030
-206946
-206809
-206766
-206714
-206692
-206382
-206105
-206054
-205776
-205427
-205410
-205004
-204985
-204950
-204939
-204633
-203864
-203791
-202686
-202639
-202580
-202338
-202186
-202173
-202111
-202053
-201817
-201719
-201644
-201565
-200780
-200723
-200610
-200604
-200335
-200331
-200265
-199810
-199537
-199527
-199171
-199098
-198839
-198826
-198812
-198686
-198635
-198601
-198235
-198228
-198213
-197790
-197777
-197566
-196850
-196762
-196460
-196294
-196010
-195425
-195381
-195377
-195191
-194790
-194501
-194391
-194379
-194165
-194108
-193847
-193691
-193668
-193450
-193351
-193339
-193240
-193172
-192930
-192793
-192367
-192150
-191943
-191727
-191416
-191119
-190821
-190682
-190652
-190069
-189449
-189328
-189211
-189185
-189064
-188806
-188699
-188629
-188601
-188565
-188520
-188327
-188036
-187709
-187623
-187435
-187049
-186906
-186514
-186400
-186058
-186001
-185863
-185790
-185444
-185282
-185095
-184316
-184245
-184239
-183860
-183840
-183680
-183520
-183448
-183250
-182962
-182778
-182670
-182341
-182217
-182113
-181967
-181963
-181861
-181666
-181606
-181449
-181432
-181416
-181070
-180935
-180713
-180680
-180342
-179995
-179798
-179737
-179645
-179596
-179526
-179395
-178848
-178604
-178328
-178325
-178173
-178126
-178115
-178112
-178088
-177816
-177424
-177370
-176922
-176874
-176857
-176850
-176735
-176660
-176404
-176374
-176299
-176002
-175870
-175674
-175430
-175408
-175321
-175291
-175246
-174922
-174713
-174686
-174440
-174430
-173992
-173763
-173666
-173578
-173469
-173368
-173328
-172876
-172297
-171871
-171737
-171568
-171357
-171275
-170830
-170586
-170579
-170396
-170308
-170295
-170127
-170058
-169809
-169566
-169533
-169171
-168993
-168869
-168755
-168402
-168239
-168054
-167943
-167910
-167905
-167589
-167522
-167006
-166936
-166847
-166734
-166487
-165935
-165928
-165823
-165753
-165582
-165418
-164900
-164391
-164378
-164161
-164110
-164080
-164066
-163980
-163725
-163451
-163333
-163273
-163243
-163157
-162451
-162350
-162273
-162127
-162118
-161890
-161769
-161594
-161439
-161120
-160890
-160598
-160477
-160444
-159944
-159917
-159731
-159672
-159271
-159173
-158129
-157654
-157622
-157460
-157408
-157358
-157182
-157145
-157055
-157054
-157042
-157018
-156690
-156633
-156513
-156485
-156476
-156453
-156059
-155068
-154999
-154983
-154971
-154761
-154644
-154471
-154344
-154342
-154337
-154190
-154187
-153485
-153192
-153116
-152395
-152243
-152181
-151578
-151567
-151472
-151276
-151165
-151113
-151089
-150976
-150872
-150770
-150648
-150184
-150046
-149640
-149354
-149306
-149105
-149077
-148801
-148627
-148605
-148425
-148390
-148071
-147264
-147157
-146952
-146916
-146899
-146694
-146249
-146183
-145687
-145627
-145569
-145237
-145118
-144897
-144862
-144802
-144778
-144666
-144438
-144408
-144362
-143597
-143496
-143398
-143365
-143349
-143267
-142754
-142506
-142429
-142295
-142012
-141863
-141826
-141810
-141704
-141614
-141407
-140956
-140914
-140909
-140906
-140451
-140114
-139283
-139078
-139078
-138900
-138847
-138760
-138381
-138351
-137879
-137868
-137658
-137562
-137345
-137058
-136896
-136703
-136607
-136600
-135959
-135776
-135650
-135570
-135134
-135103
-134826
-134485
-134468
-134427
-134290
-133649
-133627
-133621
-133602
-133492
-133387
-133116
-133057
-132802
-132533
-132013
-132001
-131957
-131947
-131530
-131493
-131480
-131140
-130799
-130649
-130444
-130411
-130041
-129887
-129792
-129646
-129433
-129165
-128933
-128878
-128769
-128676
-128461
-127711
-127549
-127350
-127124
-126888
-126706
-126297
-125401
-125244
-125068
-124687
-124598
-124511
-124315
-124199
-124166
-123794
-123766
-123705
-123494
-122979
-122936
-122765
-122764
-122608
-122597
-122379
-122133
-121846
-121540
-121494
-121299
-121239
-121219
-121216
-121209
-120991
-120901
-120462
-120359
-120030
-119887
-119795
-119688
-119495
-119470
-119200
-118899
-118755
-118653
-118384
-117692
-117678
-117647
-117249
-117089
-116923
-116626
-116580
-116563
-115809
-115798
-115760
-115694
-115632
-115515
-115426
-115236
-114994
-114902
-114851
-114690
-114591
-114491
-114011
-113968
-113936
-113897
-113843
-113708
-113620
-113409
-113053
-112944
-112439
-112271
-112187
-112115
-112046
-111785
-110573
-110253
-110049
-109972
-108607
-108551
-108548
-108157
-108028
-107680
-107461
-107327
-106980
-106682
-106636
-106394
-106244
-105802
-105798
-105572
-105497
-105347
-105339
-105157
-105068
-105012
-104928
-104609
-104337
-104041
-103993
-103640
-103037
-103010
-102931
-102792
-102733
-102643
-102521
-102324
-102228
-102201
-100940
-100879
-100853
-100783
-100565
-100502
-100361
-100210
-100203
-100145
-99819
-99747
-99479
-99388
-99020
-99015
-98973
-98292
-98239
-97834
-97433
-96808
-96788
-96624
-96448
-96176
-96026
-95861
-95573
-95529
-95497
-95445
-95187
-94916
-94846
-94813
-94755
-94171
-93915
-93806
-93560
-93522
-93497
-93119
-92997
-92984
-92934
-92860
-92766
-92250
-92213
-91848
-91548
-91414
-91222
-90781
-90585
-90493
-90362
-89940
-89935
-89684
-89575
-89547
-89486
-89379
-89371
-88974
-88707
-88295
-88293
-88048
-88023
-87927
-87840
-87823
-87719
-87616
-87545
-87517
-87444
-87222
-87017
-86029
-85964
-85902
-85828
-85588
-84954
-84562
-84499
-83603
-83506
-83210
-83140
-83004
-82735
-82572
-82403
-82356
-82236
-82123
-81925
-81902
-81850
-81232
-80918
-80711
-80245
-80224
-79907
-79589
-79450
-79383
-79229
-79152
-78937
-78730
-78719
-78708
-78500
-78434
-78331
-77627
-77195
-77139
-76975
-76947
-76723
-76654
-76556
-76524
-76337
-76316
-76220
-76185
-75979
-75954
-75528
-75409
-75284
-75177
-75099
-75089
-74929
-74912
-74724
-74650
-74460
-74312
-74124
-73839
-73802
-73419
-72867
-72647
-72643
-72538
-72290
-72160
-71689
-71657
-71563
-71305
-71278
-71025
-70954
-70706
-70456
-70403
-70352
-70293
-70141
-70131
-69853
-69700
-69289
-69235
-69148
-69142
-68869
-68861
-68631
-68565
-68557
-68431
-67771
-67643
-67089
-66922
-66565
-66205
-66048
-65684
-65096
-65086
-64889
-64820
-64814
-64304
-64073
-63988
-63843
-63741
-63508
-63470
-62924
-62883
-61556
-61152
-61069
-60701
-60561
-60446
-60427
-60230
-60228
-60165
-59804
-59803
-59652
-59521
-59230
-59121
-59099
-59078
-58818
-58817
-58392
-58052
-57949
-57882
-57669
-57106
-57053
-56919
-56800
-56756
-56415
-56342
-56340
-55731
-55627
-55545
-55434
-55366
-55106
-54960
-54795
-54578
-54548
-54534
-53476
-53112
-53073
-52766
-52674
-52647
-52266
-52103
-51746
-51440
-51401
-51333
-51192
-51042
-51029
-50668
-50572
-50222
-50062
-50027
-49876
-49690
-49357
-49120
-49096
-48938
-48864
-48704
-48603
-48563
-48540
-48466
-48356
-47912
-47377
-47183
-47165
-47097
-46894
-46825
-46794
-46615
-46538
-46147
-45889
-45699
-45615
-44935
-44758
-44570
-44246
-44198
-44139
-43707
-43600
-43593
-43348
-43293
-43190
-43044
-43040
-42933
-42837
-42713
-42514
-42480
-42425
-42330
-41934
-41920
-41243
-40528
-40469
-40370
-39644
-39631
-39513
-39348
-39263
-38956
-38548
-38163
-38049
-37610
-37601
-37539
-37509
-37164
-35987
-35657
-35352
-35081
-34718
-34554
-34432
-34326
-34320
-34104
-34069
-33986
-33919
-33805
-33442
-33338
-33269
-33169
-32831
-32757
-32552
-32534
-32257
-32190
-32141
-31811
-31805
-31196
-31163
-31060
-30860
-30797
-30795
-30578
-30455
-30300
-29923
-29893
-29691
-29307
-29173
-29155
-28647
-28623
-28425
-28329
-28319
-28302
-28237
-27937
-27393
-27340
-26816
-26754
-26656
-26196
-26095
-26034
-25335
-25314
-24969
-24813
-24634
-23902
-23328
-23274
-23124
-22958
-22811
-22803
-22420
-22195
-21997
-21929
-21844
-21699
-21446
-21404
-21352
-20651
-20329
-20243
-19612
-19543
-19538
-19534
-18930
-18920
-18873
-18621
-18585
-18563
-18534
-18361
-18228
-18217
-18187
-17536
-17468
-17061
-17055
-16926
-16898
-16692
-16587
-15922
-15428
-15295
-14763
-14666
-14464
-14414
-14366
-14256
-14081
-13956
-13577
-13453
-13341
-12968
-12763
-12685
-12672
-12369
-12119
-12081
-11681
-11576
-11432
-10757
-10755
-10334
-9683
-9635
-9605
-9555
-9211
-8876
-7779
-7637
-7568
-7536
-7384
-7244
-7241
-7190
-7138
-6881
-6815
-6753
-6617
-6563
-6416
-6412
-6207
-5912
-5542
-5235
-5233
-4973
-4908
-4530
-4438
-4368
-4248
-3989
-3771
-2916
-2895
-2772
-2728
-2655
-2209
-2042
-1603
-1417
-1342
-1147
-1131
-845
-596
-163
-47
198
286
429
438
568
821
989
1092
1198
1292
1681
2082
2241
2252
2649
2676
2745
3204
3227
3383
3451
3894
3977
4023
4047
4306
4454
5111
5487
5923
6006
6029
6036
6324
6504
6720
6893
6988
7274
7422
7559
8055
8548
8866
8881
8901
10643
10926
11278
11577
11656
12241
13021
13121
13159
13195
13364
13385
13421
13869
14025
14084
14272
14422
14577
15036
15097
15271
16336
16617
16748
16781
17206
17297
17375
17493
17532
17683
17785
18024
18270
18335
18564
18650
19723
19885
20043
20340
20461
20648
20688
20733
20895
21045
21115
21182
21517
21795
21960
22033
22082
22115
22804
22940
23097
23355
23563
23735
23816
23978
23999
24446
24458
24941
24964
25023
25075
25078
25078
25115
25151
25254
25371
25557
25558
25816
26369
26751
26886
27338
27986
28019
28030
28036
28623
28780
29061
29188
29503
30326
30746
30791
30851
31022
31063
31159
31406
31629
31796
31888
31967
31989
32216
32387
32564
32895
33037
33134
33299
33437
33673
33965
34051
34062
34404
35092
35236
35283
35569
35649
35801
35821
36275
36299
36303
36531
36840
36917
37164
37440
37500
37584
37895
37982
38027
38212
38471
38598
38663
38795
38854
38885
39105
39253
39292
39319
39484
39516
39528
39676
39719
40106
40106
40395
40622
40727
41105
41254
41601
42102
42384
42402
42631
42634
42801
43012
43129
43290
43511
43700
43802
44101
44120
44194
44599
44620
44893
45339
45422
46082
46125
46507
46619
46790
46791
46908
47145
47670
48108
48613
48834
48857
49289
49315
49318
49394
49659
49883
49972
50460
50563
50700
50979
51046
51139
51251
51695
51700
51727
51799
51947
52035
52508
52511
52734
53136
53293
53363
53375
53524
53751
53989
54046
54170
54373
54451
54487
54740
54936
55128
55164
55277
55283
55384
55465
55670
55774
56308
56450
56684
56785
57467
57709
58085
58178
58379
58413
58541
58861
58877
58932
59091
59146
59210
59361
59563
60296
60305
61174
61405
62504
62624
62729
62901
63173
63497
63610
63859
64059
64493
64607
65408
65896
65934
66137
66554
66805
66964
67267
67342
67430
67453
67993
68041
68067
68091
68547
68678
68942
69352
70070
70506
71067
71156
71554
71785
71820
71908
72103
72315
72324
72613
73136
73183
73650
74220
74231
74263
74416
74577
74893
74899
74994
75688
75882
76150
76174
76405
76613
76667
76818
76976
77157
77240
77569
77611
77897
78019
78325
78433
78508
78562
78572
79463
79539
79568
79750
79850
79869
79920
80175
80199
80692
81138
81156
81170
81315
82235
82502
82678
82922
82973
82980
83195
83197
83218
83465
83636
83715
84178
84219
84270
84555
84729
84862
84899
85491
86581
86752
86998
87003
87022
87106
87187
87245
87327
87417
87670
87806
87879
88245
88404
88603
88626
88659
88712
88729
88806
88962
89254
89628
89634
89796
89817
89870
89898
90062
90169
90203
90478
90599
90663
90673
90730
90919
91131
91246
91515
91821
91914
91942
91963
92055
92118
92138
92170
92655
92762
92823
93281
93333
93502
93745
94540
94702
94795
94801
95040
95202
95418
95491
95554
95631
95697
95777
95790
95824
95847
95849
96068
96076
96082
96351
96434
96647
96873
96905
97653
97817
97922
97993
98292
98306
98724
98745
99185
99349
99454
99504
99527
99754
99939
100081
100241
100400
100580
100859
101264
101338
101532
101654
101762
101871
102342
102724
103018
103126
103175
103776
104130
104133
104138
104788
104871
105898
105987
106103
106232
106704
107134
107255
107426
108084
108303
108875
108932
109437
109549
109943
110715
110853
110871
111213
111219
111635
111807
112025
112123
112152
112526
112635
112725
112778
113018
113173
113322
113430
113460
113848
113998
114259
114370
114770
114846
114922
115360
115414
115546
116449
116751
117059
117150
117395
117440
117449
117456
117502
117825
118070
118123
118336
118497
118986
119131
119639
119646
119656
120232
120425
120540
121084
121232
121509
121616
121636
121640
121653
123071
123080
123177
123185
123462
123766
124313
124414
124507
125060
125153
125480
125873
126208
126217
126870
126924
127252
127278
127649
127712
127833
128401
128474
128925
129020
129159
129224
129959
130038
130229
130651
130945
130963
131187
131243
131401
131511
131529
131570
131730
131962
132850
133046
133492
133561
133743
134139
134259
134317
134334
134572
134675
134818
135029
135359
135521
135540
135565
135949
136481
136820
136839
137010
137029
137225
137565
137761
137887
137987
138019
138089
138297
138629
138791
139134
139407
139628
139670
139990
139996
140576
140827
140952
141084
141131
141404
141464
141517
141835
142026
142035
142061
142224
142232
142675
143523
143563
143673
143741
143971
144194
144369
144443
144819
144987
145303
145424
145739
146177
146468
146567
146859
146896
147014
147206
147558
147662
147806
147818
147831
147881
148135
148220
148263
148320
148346
148503
148535
148707
149014
149079
149317
149387
149958
150110
150208
150425
150907
151056
151087
151582
152055
152057
152498
153156
153719
153828
153930
153967
153982
153994
154127
154510
154562
155009
155254
155452
156034
156196
156379
156797
156881
157335
157542
158011
158125
158512
158632
158812
158979
159060
159139
159144
159283
159422
159463
159608
159805
159905
159956
159957
159964
160059
160076
160439
160441
160707
161359
161495
161504
162166
162168
162342
162512
162544
162627
162691
162697
162808
162891
163661
163716
163993
164430
164778
165127
165564
165652
166274
166580
166714
167813
167952
167958
167962
168103
168429
168576
168685
168717
168781
168883
168886
168917
168938
169179
169236
169301
170342
170385
170462
170718
170951
170965
171185
171218
171287
171296
171843
172193
172306
172496
172593
172759
172823
172871
172956
173504
174042
174466
174615
175052
175076
175343
175531
175721
175821
176188
176626
176982
177005
177430
177619
177655
177711
177786
177885
177953
177973
178358
178571
178703
178756
178891
179166
179209
179393
179922
180182
180785
180833
180917
181101
181362
181639
181708
182102
182123
182255
182355
182456
182466
182619
182808
182818
182936
183452
183563
183671
183854
184052
184088
184173
184363
184394
184826
184943
185103
185220
185301
185479
185485
185505
186299
186362
186573
187063
187131
187253
187446
188179
188414
188434
188937
188974
189227
189920
190050
190353
190555
190587
190627
190665
190681
191261
191343
191505
191631
191734
191929
191988
192189
192289
192554
193002
193225
193347
194379
194417
194537
195686
195701
195906
196098
196184
196366
196452
196575
196662
196690
196854
197093
197202
197648
197686
197754
197829
198515
198616
198649
199070
199307
199442
199578
199624
200005
200151
200270
200411
200481
201451
201504
201665
202554
202793
202845
202928
203016
203511
203813
204072
204258
204582
204657
204717
204889
204963
204982
205515
205567
205687
205725
206814
206991
207105
207113
207149
207179
208063
208964
209014
209031
209270
209325
209651
210187
210319
210392
210404
210693
211027
211161
211527
211547
212367
213056
213085
213173
213670
213726
213748
214047
214070
214360
214584
215861
216022
216213
216289
216411
216709
217255
218090
218183
218274
218328
218914
219360
219397
219724
219830
219877
219985
220052
220214
220214
220357
220465
220492
220572
220604
220657
221031
221151
221391
221577
221639
222222
222293
222534
222797
222953
223089
223214
223965
224124
224283
224313
224661
225037
225322
225523
225587
225954
226019
226042
226161
226229
226304
226381
226662
226883
227005
227011
227387
227642
228001
228402
228411
228648
229131
229381
229478
229595
229677
229715
229903
230860
231703
231705
232006
232335
232359
232452
232489
232702
232788
232953
233255
233326
233437
233478
233758
234167
234210
234436
234759
234864
234892
235062
235180
235382
235521
235613
235936
236046
236109
236258
236285
236336
236435
236827
236999
237093
237156
237297
237567
238050
238196
238262
239083
239115
239128
239148
239329
239422
239743
239849
239867
239956
240118
240169
240213
240641
240952
241041
241079
241690
241907
242541
242806
242826
243043
243192
243220
243363
243472
243495
243512
243653
243734
244375
244662
244837
244895
244971
245170
245181
245273
245525
245911
246066
246378
247083
247330
247575
247971
248015
248254
248266
248272
248376
248416
248506
248704
248792
248839
248893
248976
249251
249382
249435
249539
249598
249632
249931
250160
250272
250791
250879
251075
251111
251126
251231
251282
251501
251555
251592
251610
251664
251970
252139
252478
252524
252718
252879
252931
253026
253078
253091
253145
253167
253212
253627
253704
253919
253970
254401
254449
254486
254726
254841
255042
255391
255420
255613
255882
256497
256672
256704
256822
257095
257250
257319
257445
257502
257649
257810
258077
258593
258736
259184
259384
259730
259791
259802
260038
260488
261429
261502
261634
262185
262309
262607
262614
262976
263691
263831
263865
263943
264043
264500
265261
265298
265348
265509
265526
265823
266043
266515
266533
267296
267392
267419
268042
268604
268760
268836
268933
269098
269287
269536
269570
269672
270283
270305
270452
270554
271219
271558
271914
272089
272287
272592
272693
272712
272782
273013
273156
273504
274099
274247
274271
274408
274567
274580
274664
275012
275353
275393
275593
275683
276168
276221
276290
276336
276486
276506
276654
276947
277379
277609
277704
278502
279208
279260
279375
279434
280474
280561
280859
280885
281042
281206
281297
281586
281746
281928
282065
282200
282283
282305
282576
283054
283091
283434
283553
283662
284113
284164
284408
284664
284817
285194
285686
285715
285761
285770
286107
286174
286178
286194
286220
286473
286752
286870
286933
288355
289039
289154
289250
289328
289901
289976
290287
290467
290527
290537
291112
291607
291621
291950
292309
292330
292467
292617
292781
292844
292891
293452
293557
293565
293682
293813
294086
294277
294281
294379
294725
294784
295066
295175
295647
295791
295917
295960
296071
296563
296581
297156
298139
298411
298673
298833
299287
299316
299397
299470
299494
299787
299863
299963
300321
300440
300949
301030
301092
301097
301195
301221
301291
301616
301870
302004
302055
302117
302584
302635
302817
302905
303070
303144
303421
303485
303485
304094
304410
304606
304724
304987
305363
305554
305613
306286
306397
306594
306667
306779
306782
306999
307187
307223
307743
307784
308079
308341
308706
308813
309242
309565
309799
309809
310062
310099
310535
310961
311780
312141
312200
312513
312534
312730
312933
313118
313130
313742
313907
314308
314351
314401
314703
314832
315351
315502
315649
315677
315792
315910
316160
316169
316190
316263
316417
316437
316537
317852
318063
318086
318401
318519
319103
319382
319484
319655
319806
319855
320417
320452
321061
321183
321534
321567
321601
321624
321682
322174
322665
322699
322731
322881
323302
323377
323502
323941
324088
324105
324182
324678
324694
324786
324890
325317
326106
326439
326508
326661
326749
327334
327675
328317
328373
328598
328696
328711
328731
329326
329430
329494
329927
330693
330767
330895
331212
331419
331696
331882
332073
332084
332104
332135
332166
332360
332741
332802
332948
333124
333269
333316
333410
333652
333673
333863
333884
334000
334032
334439
334529
334598
334908
335000
335384
335815
336451
336525
336527
337170
337809
337837
337968
338102
338204
338403
338688
338974
339016
339049
339385
339902
339978
340227
340395
341625
341912
342121
342405
342494
342560
342904
342908
343271
344017
344044
344146
344957
345035
345189
345248
345323
346265
346616
347030
347047
347095
347370
347414
347506
347669
347726
348084
348088
348091
348139
348160
348202
348700
348797
349037
349185
349219
349509
349590
349845
349952
350233
350405
350470
350506
350618
351023
351041
351186
351467
351526
351545
351647
351765
351837
351871
352409
352577
352992
353003
353105
353393
353568
353799
353800
354022
354211
354246
354276
354314
354389
354427
354516
354597
354680
355150
355242
355985
356092
356249
356882
357079
357107
357181
357488
357521
357572
357832
358058
358245
358864
358882
358965
359064
359133
359288
359344
359499
359683
360084
360144
360455
360681
360720
361250
361439
361605
361644
362244
362273
362277
362295
362306
362321
362372
362411
362525
362531
362717
362897
363306
363758
364361
364566
364743
364747
364896
364957
364980
365045
365672
366162
366361
367842
368069
368337
368718
368766
368774
369291
369721
370015
370113
370338
370600
370869
370958
371242
371349
371430
371893
371918
372169
372560
372734
372803
372818
373298
373373
373811
373873
374059
374241
374283
374626
374713
374840
374934
375063
375090
375561
376184
376205
376497
376576
376945
377208
377465
377511
377642
377769
377863
377937
377978
378259
378916
379546
379727
379886
380106
380270
380360
380419
380448
380585
380824
380826
380921
380992
381000
381259
381484
381645
382285
382495
382513
382528
382550
382928
382967
382981
383270
383558
383880
383887
383967
384003
384136
384217
384243
384363
384381
384739
384874
384927
385071
385133
385380
385460
385576
385712
385752
385792
385801
386796
386841
387119
387312
387397
387764
387776
387970
388149
388319
388392
388458
388620
388701
388745
388929
389041
389180
389327
389408
389514
389535
389687
390125
390131
390138
390482
390605
390648
390708
390722
390891
391103
391131
391295
391302
391353
391704
391957
391958
392027
392059
392121
392207
392396
392611
393118
393615
393844
393997
394086
394108
394242
394272
394306
394501
394519
394833
395028
395029
395048
395376
395473
395918
396301
396696
396949
397017
397321
397397
397485
397594
397634
397784
397883
398335
398619
399014
399276
399323
399331
399343
399886
399961
399974
400076
400705
400776
400791
400802
400851
401236
401864
402141
402382
402618
402671
403288
403351
403448
403501
403525
403546
403996
404389
404535
404808
404814
404918
405014
405039
405106
405260
405376
405377
405726
405846
405860
405915
406053
406145
406410
406894
406955
407120
407196
407496
407839
407935
408119
408836
408844
408989
408994
409170
409812
409939
410216
410220
410371
410516
410536
410728
411170
411337
411611
411728
411876
411936
412005
412084
412280
412360
412667
412958
413196
413457
413637
414157
414394
414546
414789
414827
415044
415249
415354
415444
415531
415750
415761
415816
416129
417061
417132
417880
418389
418571
418804
418977
419345
419394
419438
419831
419857
420022
420234
420272
420434
420451
420505
420661
420688
420914
421187
421338
421670
422118
422129
422290
422425
422428
422948
423274
423558
423598
423813
423832
423883
423991
424497
425027
425122
425736
426038
426100
426258
426272
426309
426449
426511
426684
426874
427409
427652
427725
427748
427903
428417
428525
428983
429268
429580
429640
429659
429915
429976
430204
430232
430236
430246
430252
430550
430627
430630
430658
430685
430702
430831
430884
431286
431699
432103
432236
432424
432494
432540
432562
432753
432839
432886
433102
433323
433514
433596
433600
433931
434257
434705
435081
435192
435291
435324
435424
435654
435759
436274
436451
436765
436792
436892
437085
437135
437254
437277
437654
437963
438291
438480
438505
438611
438735
439109
439914
440178
440283
440317
440587
440598
440610
440782
441010
441072
441548
441851
441899
441925
441989
442077
442278
442380
442882
442939
443138
443565
443621
443632
443725
443782
444024
444152
444369
444393
444444
444514
445153
445663
445719
445800
445818
445922
446113
446122
446138
446228
446306
446371
446403
446420
446554
446594
446884
447007
447293
448232
448383
448490
448633
448747
448990
448992
449212
449229
449283
449444
449721
449783
449880
450299
450686
450808
450821
451105
451135
451242
451733
451779
451804
452075
452340
452352
452904
452913
453114
453209
453242
453344
453441
453708
453794
453995
454012
454207
454418
454585
454706
454831
454865
454979
455173
455209
455323
455418
455742
455993
456036
456040
456165
456677
456752
456997
457357
457504
457878
457885
458093
458188
458244
458988
459067
459116
459719
460014
460251
460324
460603
460671
460845
460879
461082
461120
461541
461601
461851
462022
462616
462630
462725
462773
463170
463243
463499
463658
463711
463893
464056
464760
464870
465091
465223
465554
465792
466315
466330
466629
466754
466803
467046
467162
467446
467832
467897
467935
468262
468405
468451
468551
468587
468996
469087
469276
469304
469521
469545
469586
469792
470392
470400
470617
471189
471430
471474
471641
471954
472102
472325
472387
472884
472982
473131
473234
473722
473965
474105
474657
474682
474753
474989
475186
475193
475656
476130
476535
476737
476855
476899
477111
477300
477360
477389
477492
477749
478077
478146
478487
478718
478778
479082
479392
480061
480333
480384
480948
480964
481110
481248
481383
481393
481414
481432
481650
481668
482133
482311
482572
482756
482803
482975
483121
483356
483360
483365
483510
483581
483698
483726
483964
484512
484738
484780
484812
484815
485192
485538
485542
485828
485893
485933
485969
486046
486221
486622
486719
486771
486869
486926
487034
487053
487236
487286
487396
487419
487432
487734
488158
488235
488636
488831
489195
489383
489387
489558
489732
490025
490242
490272
490678
490702
491139
491261
491370
492248
492306
492435
492597
493817
494039
494408
495118
495192
495433
495780
496245
496319
496821
497037
497076
497504
497597
497695
499043
499464
499556
499830
499851
500100
500466
500908
500917
501063
501524
501593
501604
501741
502036
502050
502094
502227
502257
502358
502543
502550
503126
503327
503540
503635
503845
504053
504299
504308
504730
504852
504905
504957
505069
505524
505573
505707
505778
505966
506134
506358
506620
506956
507146
507184
507301
507705
507709
507915
508066
508367
508897
509031
509173
509275
509392
509533
509835
510003
510299
510526
510637
510781
510871
510900
511285
511311
511591
511826
511845
511930
511963
512135
512425
512559
512631
512894
513081
513157
513820
514096
514361
514391
514560
515002
515024
515061
515187
515434
515706
515997
516018
516283
516337
516356
516466
516824
516901
517120
517720
517845
517977
518155
518229
518378
518396
518550
518629
518640
519031
519160
519346
519537
519976
520014
520489
521095
521117
521242
521287
521613
521656
521757
522166
522287
522361
522481
522496
522758
522788
523116
523226
523419
523581
523623
524105
524160
524412
524572
524920
524966
525049
525138
525152
525775
525865
526286
526650
526731
526815
527027
527118
527404
527536
527546
527651
527837
528043
528253
528585
528607
528712
529343
529665
529727
529847
530261
530533
530611
530635
530746
530779
530899
531941
532113
532655
532671
532722
533406
533480
533541
533572
534253
534542
534951
535387
535798
535800
535815
536182
536344
536401
536682
536833
536916
536923
537077
537120
537148
537155
537170
537243
537289
537543
537806
537845
538000
538057
538440
538529
538683
538907
539091
539102
539632
539827
539862
539873
540414
540670
540795
541188
541243
541826
542170
542173
542392
542572
542614
542963
543019
543209
543319
543408
543478
543534
543571
543602
543744
544032
544232
544630
544914
545081
545090
545345
545439
545467
546069
546126
546203
546339
546507
546536
546569
547151
547235
547249
547510
547641
548591
548884
549219
549326
549422
549572
549645
549813
550041
550102
550218
550760
550908
551160
551443
551751
551988
552076
552155
552163
552291
552413
552661
552801
552888
553138
553168
553219
553343
553832
554194
554240
554278
554571
554592
554607
554647
554900
554923
555079
555500
555536
555747
555766
555797
556195
556202
556837
557048
557050
557544
558117
558335
558361
558456
558663
558838
559074
559155
559223
559655
560055
560172
560354
560488
560725
561153
561155
561177
561392
561576
561943
561963
562176
562396
562471
562564
562814
563264
563315
563352
563799
564196
564311
564733
565057
565258
565398
565674
565839
565946
566389
566493
566582
566669
566848
567333
567383
567578
567728
567907
567908
567914
568070
568190
568528
568997
569218
569282
569523
570581
570639
570755
571182
571702
571705
571869
571933
572033
572060
572624
573130
573469
573526
573780
573808
573823
573987
574230
574396
574429
575081
575552
575930
576006
576322
576327
576489
576662
576876
577361
577494
577574
577700
577769
577823
577886
578655
578874
578985
579201
579212
579374
579437
579486
579746
579974
580069
580084
580116
580545
580932
581392
581575
581604
581862
582086
582728
583021
583239
583274
583277
583436
583638
583837
583857
583944
584515
584569
584679
585557
585710
586130
586820
586836
586995
587369
587375
587434
587810
587813
587827
587833
587957
588078
588558
588685
588686
589002
589226
589513
589688
589799
589910
589927
590069
590353
590679
591081
591269
591441
591513
591685
591733
591787
591922
591931
591976
592063
592354
592679
592779
592833
593014
593776
593794
593947
594172
594308
594582
594716
594752
594948
595493
595528
595652
595781
595879
596331
596338
596435
597029
597202
597283
597414
598297
598569
598780
599028
599347
599419
599446
599556
599682
600032
600235
600423
600730
600854
601058
601438
602617
602929
603502
603687
603816
603897
603970
604231
604406
604797
605190
605523
606684
606820
607011
607157
607167
607260
607340
607442
607447
607522
607784
607895
608266
608896
609457
609530
609779
609937
610004
610187
610215
610306
610308
610406
610585
611083
611171
611351
611385
611783
612086
612340
612369
612802
613144
613189
613256
613507
613657
613677
613729
613939
614478
614600
614741
614803
614988
615053
615067
615380
615389
615698
615896
615937
616521
616884
616904
617108
617136
617816
617868
618313
618324
618560
618604
618804
619514
619547
619611
620011
620332
620332
620381
620477
621133
621927
622479
622510
622628
622922
623237
623308
623311
623501
623691
623933
623980
623987
624154
624346
624683
624691
624852
624908
625112
625340
625464
625531
626159
626364
626575
626817
626852
627074
627117
627143
627359
627660
627788
627944
628405
628676
628684
629042
629150
629358
629707
629874
629951
630446
630739
630828
630952
630955
631188
631240
631317
631556
631592
631661
631707
631803
632298
632659
632735
633108
633212
633355
633416
633844
633897
634108
634446
634647
634914
634927
634942
635064
635095
635222
635679
637022
637027
637400
637828
638084
638139
638679
638806
639175
639353
639926
640047
642060
642409
642495
642774
643211
643449
643479
643500
643577
644399
644686
644740
644771
644882
645465
645698
646238
646451
646571
646994
647018
647046
647819
647821
648015
648593
649045
649048
649245
649351
649519
649727
649862
650169
650342
650448
650651
650885
650968
651100
651546
651736
652644
652757
652891
653017
653019
653041
653458
653538
653565
653733
653790
653831
654055
654060
654115
654804
655113
655292
655659
656331
656759
656772
656920
656920
657272
657338
657786
658332
658360
658612
659132
659239
659253
659299
659424
659484
659538
659611
659872
659909
660180
660397
660545
660601
660680
660917
661010
661114
661248
661367
661403
661685
661962
662142
662158
662230
662263
662321
662532
662674
662818
663433
663759
663842
663892
663930
663978
664291
664506
664507
664797
665139
665151
665444
665499
665683
665762
665875
665911
665995
666006
666230
666363
666497
666512
666632
666669
666708
666882
667102
667131
667314
667914
667962
668251
668424
668464
668642
668695
669999
670196
670465
670529
670598
671679
671913
672495
672548
672600
672823
672928
673057
673465
673869
673895
674065
674117
674207
674993
675400
675535
675612
675891
676078
676469
676654
676704
676737
676798
676999
677243
677287
677644
677901
677948
678082
678189
678381
678839
678844
678880
679284
679523
679692
679891
679980
680077
680833
680900
680914
680993
681135
681465
681570
681730
682019
682040
682336
682563
682601
683124
683880
684187
684455
684814
684843
685386
685455
685465
685513
685668
685807
686007
686279
686354
686424
686474
686965
687041
687168
687195
687198
687301
687490
687687
687709
687711
688097
688169
688252
689237
689576
689686
690013
690626
690771
691077
691566
691786
691972
692341
692366
692438
692716
692767
694098
694599
694707
694928
695388
695511
695753
696133
696169
696362
696501
696530
696875
697084
697142
697251
697410
697479
697754
697788
698869
698942
699042
699043
699152
699393
699873
700229
701308
701645
702064
702874
702936
703360
703709
703854
705048
705124
705164
705238
705247
705445
705602
705643
705907
705965
706039
706097
706172
706580
706655
706773
706956
706983
707025
707252
707661
707736
707756
707984
708118
708614
708722
708741
708921
708921
709588
709690
709867
710571
710929
711093
711113
711243
711305
711338
711687
711707
712044
712114
712325
712420
712423
712626
713035
713059
713728
713756
713860
713861
715054
715129
715222
715301
715491
715523
715816
715852
715892
716024
716329
716566
717051
717293
717444
717678
717843
717861
717897
717968
718118
718372
718638
718981
719138
719387
719474
719525
719596
719609
719855
720063
720557
720745
720758
721470
722191
722219
722238
722308
722310
722390
722471
722611
723089
723411
723961
724388
724398
724799
724993
725610
726097
726189
726293
726410
727084
727437
727562
727744
727911
728387
728684
728699
729027
729044
729056
729096
729182
729227
729480
729569
729609
730045
730340
730734
730762
730885
730888
730905
730907
731376
731396
731452
731559
731566
731769
731878
732191
732262
732271
732353
732468
732507
732878
732962
733077
733102
733166
733213
733687
734505
735499
736397
736400
736494
737180
737269
737277
737594
737658
737799
738021
738044
738158
738284
738321
738365
738856
739043
739046
739237
739400
739407
740163
740195
740458
740641
740726
740898
741073
741322
741420
741453
742075
742698
742930
743021
743355
743385
743455
743959
744208
744234
744237
744428
744472
745552
745618
746352
746499
746574
746636
746650
746668
746871
746956
747067
747098
747184
747287
747370
747671
747898
747947
749033
749354
749417
749604
750175
750198
750712
750759
750832
750898
751250
751392
751423
751589
751919
752079
752532
752649
752833
752925
752927
753107
753158
753172
753186
753452
753483
753586
753780
753821
753898
754047
754090
754357
754430
754462
754661
754681
754900
754955
755182
755346
755480
755629
755964
756018
756109
756268
756298
756391
756420
756819
756873
757480
757580
757836
758275
758362
758412
758424
758513
758525
758595
758744
758839
759032
759531
759583
759625
760203
760391
760423
760494
760589
760614
760871
760932
761187
761251
761472
761758
762117
762183
762218
762425
762557
762873
763030
763227
763322
763449
763634
763645
763748
764256
764357
764623
764834
764948
765309
765741
766140
766211
766562
766896
767082
767086
767158
767248
767553
767749
768135
768154
768369
768464
768493
768498
768636
768759
769008
769229
769257
769599
769687
770059
770594
770793
771062
771073
771421
771777
771867
772014
772159
772211
772308
772311
772773
773004
773055
773653
773690
773785
773860
774220
774764
775624
775710
775807
775949
776373
776793
776835
776908
776977
777016
777444
777466
777565
777600
777619
777688
777860
778338
778477
778893
778915
779034
779087
779222
779390
779580
779634
779751
779897
780095
780504
780803
781020
781326
781565
781592
781698
781840
782001
782214
782363
782754
782856
783824
783854
783869
783910
783946
784389
784664
784925
784988
785013
785530
785690
785830
786343
786471
786536
786845
786892
787041
787174
787220
787303
787520
787654
787766
787939
788220
788313
788382
788834
789159
789229
789476
789879
789893
790139
790604
790739
791025
791053
791256
791353
791592
791608
791647
791914
792072
792262
792723
792980
793071
793155
793295
793436
793660
793781
793987
793993
794085
794199
794228
794251
794409
794499
794611
794770
795355
795670
795979
796134
796186
796303
796671
796828
797261
797432
797687
797712
797757
797908
798188
798728
798857
798874
798928
799164
799459
799691
799849
799892
800010
800192
800206
800299
801008
801241
801443
801479
801994
802378
802630
803256
803362
804225
804523
804926
805124
805135
805417
805471
805568
805606
805705
805812
805920
805963
806392
806422
806439
807051
807060
807094
807176
807814
808229
808279
808624
808759
808912
808939
809231
809255
809647
809919
810369
810588
811076
811123
811491
811519
811925
811927
812018
812054
812080
812200
812250
812731
812748
812776
812792
813147
813737
813764
814019
814380
814537
815675
815675
815920
815932
816540
817050
817343
817419
817643
817829
817872
818051
818225
818449
818669
818718
818738
818901
819137
819138
819335
819355
819467
819803
819962
820024
820033
820225
820527
821013
821110
821264
821315
821406
821495
821631
821677
821992
822078
822107
822168
822184
822406
823257
823351
823533
823696
823877
824194
824242
824578
824906
824961
824994
825106
825181
825380
825509
825663
825674
826173
826506
826851
826970
827236
827673
827983
828155
828374
828469
828469
828710
828720
828842
829515
829825
829945
830069
830089
830550
830712
830722
830723
831069
831199
831574
831647
831693
831980
832115
832159
832387
832666
833022
833039
833198
833217
833246
833703
833706
833782
833961
834269
834293
834694
834780
835140
835213
835232
835441
835497
835625
835725
835770
835787
836670
836691
836822
837006
837236
837375
837483
837625
837652
837700
837714
837864
837967
837986
838577
838988
839026
839156
839163
839496
840293
840568
840690
840747
840820
840907
841890
842561
842832
842847
842937
843034
843174
843187
843238
843336
843486
844069
844130
844321
844386
844413
844545
844561
844738
844786
845060
845256
845378
845803
846002
846112
846583
846672
846732
846733
846896
847127
847190
847241
847376
848040
848318
848584
848587
849274
849299
849312
849770
849842
849865
850062
850112
850287
850377
850863
851157
851364
851519
851815
851904
851971
852012
852158
852480
852740
853239
853333
853944
854082
854276
854281
854470
854640
854687
854979
855765
855819
855901
855939
856026
856115
856137
856187
856259
857293
857348
859436
859472
859819
859898
859923
859925
860050
860155
860239
860405
860473
860617
861317
861333
861795
862021
862039
862123
863073
863218
863560
863646
863734
863751
864447
864450
864467
864660
864675
864768
865072
865309
865721
865865
866022
866529
867588
867625
867629
867642
868281
868726
868975
869079
869240
869636
869650
869996
870010
870159
870583
870692
870782
871007
871336
871452
871695
871848
871875
872007
872137
872515
873189
873593
873635
873727
873758
874434
874437
874506
874653
874819
874843
874858
875157
875507
875631
875754
875790
875861
875913
875918
875998
876151
876367
876433
876452
876671
876968
877053
877114
877171
877384
877458
877627
877658
877676
878120
878377
878473
878516
878953
879096
879151
879263
879334
879449
879591
880494
880535
880971
880992
881289
881468
881519
881523
881965
882043
882110
882502
882751
882806
883100
883149
883526
883857
883919
884025
884444
884648
884865
884946
885485
885541
885873
886081
886157
886179
886473
886766
886979
887160
887177
887515
887736
887744
888003
888024
888495
888829
888904
889064
889101
889155
889436
889522
889587
889825
890010
890016
890319
890354
890402
891004
891098
891104
891605
891699
892299
892341
892497
892500
892637
892872
892946
893225
893264
893618
893696
893798
893829
894208
894570
894571
894787
894882
894931
895281
895287
895621
896114
896656
896734
897201
897203
897207
897288
897384
897544
897717
898056
898134
898181
898242
898435
898474
898807
898864
899034
899443
899492
899522
899591
899701
900943
901525
901654
901860
901876
902034
902061
902643
903228
904401
904503
904596
904630
904664
905001
905048
905279
905350
905551
905561
905655
905746
905856
906149
906299
906380
906916
907215
907586
907692
907696
907773
907919
907984
908380
908492
908642
908696
908871
908989
909530
909582
909831
910064
910319
910321
910945
910951
910993
911029
911309
911765
911781
911881
912269
912314
912572
912582
912667
912701
912727
913082
913152
913192
913673
913731
913880
914211
914471
914632
915009
915062
915086
915112
915215
915903
916130
916349
916442
916515
916980
917402
917596
917640
917674
917799
918030
918810
918838
918887
918928
919240
919446
919596
919776
919851
919937
920078
920214
920288
920772
921163
921861
922258
922515
922579
923256
923531
923756
924167
924186
924332
924551
924571
924680
924722
925163
925321
925813
925921
926209
926691
926842
926923
927222
927316
927671
927778
927949
928322
928540
928540
928630
929185
929224
929283
929758
930318
930695
930775
930951
931096
931255
931377
931650
931857
931881
932073
932449
932490
933208
933665
934366
935091
936357
936453
936788
936882
937116
937176
937454
937466
937544
937603
938010
938233
938261
938399
938591
938615
938738
938866
939044
939219
939272
939409
939419
939897
940175
940194
940293
940419
940420
940431
940503
941016
941158
941165
941284
941303
941565
941590
941601
941911
941919
942117
942163
942220
942318
942671
942722
942837
943433
943477
944670
945143
945186
945414
945427
945537
945754
946425
946633
946638
946849
946933
947000
947465
947482
947804
947861
947927
948070
948188
948205
948361
948373
948495
948911
948982
949079
949231
949312
949647
949844
950170
950450
950524
950560
951456
951692
951964
952020
952034
952048
952245
952339
952469
952731
952787
952892
952938
952958
953251
953474
953951
954420
954816
954936
955105
955292
955598
955774
956104
956246
956298
956351
956437
956740
956777
956844
957102
957213
957502
957578
957897
958104
958233
958534
958574
958775
959035
959057
959242
959497
959553
959592
959780
959826
959992
960190
960244
960346
960358
960878
960935
961334
961607
961776
962237
962358
963013
963123
963170
963205
963530
963569
963687
964516
964723
964859
965305
965419
965460
966010
966138
966338
966471
966747
966950
966956
967274
967446
967654
967723
967819
968065
968120
968153
968211
968327
968568
968835
969047
969054
969062
969117
969244
969254
969905
970121
970162
970514
970562
970936
971244
971380
971517
971727
971836
972065
972085
972215
972336
972498
972567
972826
972981
973064
973401
973459
973570
973634
974030
975217
975284
975331
975533
975865
976033
976119
976398
976535
976543
976797
977302
977634
977664
977687
978187
978225
978568
978717
979144
979180
979490
979723
979890
979915
980476
981097
981292
981360
981451
981861
981906
982048
982390
982394
982793
982865
983021
983472
983516
983644
984157
984368
984666
985247
985489
985516
985532
985778
985936
985938
986058
986092
986295
986458
986817
987205
987209
987275
987493
987664
987678
987741
987995
988256
988518
988576
989035
989114
989446
989668
989746
989793
989911
990042
990119
990422
990433
990618
990769
991172
991329
991418
991488
991639
991781
991956
992133
992211
992449
992662
993064
993122
993144
993281
993415
993490
993665
993889
994154
994463
994780
995411
995808
995877
995889
996153
996242
996257
996498
996507
996543
997000
997369
997371
997420
998165
998272
998547
999449
999489
999569
999685
999776
999853
999996
