100
-993311
-965084
-955902
-940178
-932698
-927443
-900209
-776072
-722955
-670399
-667014
-661145
-645761
-639082
-612500
-600683
-595649
-588546
-557297
-478782
-475250
-421583
-369699
-352307
-351313
-339998
-328673
-275037
-232552
-217041
-165665
-156224
-143517
-125813
-99513
-97471
-86920
-75728
-52673
-17209
72
3057
7773
26552
65146
69329
80918
109954
115926
118505
140095
147906
157181
181300
193226
194981
221080
225338
312248
315160
344862
356542
382048
416231
458460
466627
482915
484378
539518
559115
591737
612160
616693
619848
652268
658965
659798
675872
687566
698430
698445
708033
715428
760773
764793
794982
825132
837637
838350
839158
860146
860535
905547
910742
932273
939384
947678
948118
983967
987862
