10000
42834
298153
656014
968725
976455
963317
710795
17653
572509
211521
524686
806495
186130
580388
618591
55939
396367
153281
819559
663477
566874
791999
669091
971667
877858
935700
836225
598978
310700
392032
629838
543302
845663
154257
231426
779134
139430
914304
664190
397065
475317
345941
416781
772345
495329
243982
139754
251971
409406
246316
44329
113317
800234
786497
505258
418079
237086
171853
842111
874536
283119
762258
441178
612030
594863
563206
967269
906253
824848
352148
967366
840884
178907
458594
287226
432570
996441
458259
689458
902657
449150
169489
710388
358965
716536
252545
854220
822151
681353
828595
521837
78590
211812
600578
438817
425598
752536
214338
213541
681357
614087
252186
833878
448436
10235
496775
759964
856568
117728
386534
645084
166730
928157
157103
354974
238169
307476
149805
419424
222422
280502
276724
497987
312571
948803
303679
874979
282653
644886
735156
297865
415240
48681
901809
336829
94952
458178
310708
241775
242378
422989
198362
150783
989881
274132
949060
870073
790322
119295
449670
397801
70690
501510
950307
849040
620560
567718
343304
186348
499391
202795
406566
423274
841879
104579
647021
397404
612203
97710
489735
115363
676996
191296
864399
602076
166059
383809
709512
418447
461277
992794
916322
13422
897164
50067
161481
470916
500610
19364
773859
743297
756430
776952
743731
446998
948371
968561
472064
880971
996264
334726
802504
110461
585874
24504
126826
949615
106737
777422
254762
627326
918101
766417
451980
829042
486332
256526
350482
100961
503058
602524
935831
375236
864268
549219
667593
903845
367826
604264
513072
530457
987854
433343
126311
441552
532527
77832
292921
503730
409801
66813
166106
131949
213778
485531
163376
946470
977860
83696
838591
737466
843657
704213
810890
481749
713068
521621
633615
921723
272312
96170
716943
751639
568280
891816
918595
927349
790894
656686
817196
288428
980719
613174
113106
918711
393570
5889
697127
737934
651289
629450
729651
847948
711376
449601
213852
71362
488920
366012
110916
942097
213059
588847
358115
509392
812139
665874
922674
949051
964375
478972
570620
274441
871455
186715
774223
575257
763752
311472
214128
462835
60270
707604
143732
613456
658040
311338
605349
392945
284592
472459
183852
246284
177311
333158
883368
891258
40774
542667
720939
607941
891508
932795
117710
662493
431135
970796
809210
266164
564640
506235
757295
130678
752904
760688
380010
153911
578530
659189
946236
958778
264731
774120
321407
506315
765641
457321
468350
698531
640349
3545
336879
892890
400661
303645
637400
465635
836765
758200
157320
968601
492824
418738
73880
131394
888015
452125
412951
857808
346800
421794
703603
743510
740210
122123
201665
688119
469648
429081
334361
484029
335173
287513
960944
875669
48796
149178
477000
58821
186507
882911
390574
614262
251905
431446
108737
15746
115956
469271
220185
902720
945532
478832
139751
80888
833735
270369
612465
521576
866834
311768
848108
28265
805076
528677
445508
636294
662264
628076
783946
171070
323240
102252
221551
443757
97699
267285
894488
305493
184493
171490
277353
85934
84320
994024
286474
758545
559558
574493
405132
679444
672107
373925
467691
401185
636297
576500
249529
412756
250824
205953
243404
475666
119175
696013
753396
573243
207606
146308
379403
467489
638332
824960
407295
523274
390019
230499
715949
380554
344424
191586
57416
679284
106489
197051
806529
926590
327080
683833
835026
164765
767480
36545
463239
374720
279125
641463
882066
755737
733422
825814
676023
610754
227600
478343
462163
374391
266435
979133
982835
213800
779930
516360
689511
302605
673357
951652
576206
243432
33634
998625
859677
428764
781300
773514
443199
129074
56725
191031
558504
19611
254697
496726
670199
470581
983678
849663
441950
835241
905440
40087
647111
126883
439673
117964
902003
949516
131411
889833
329297
836904
683292
114428
856037
981268
695647
618295
241636
944165
111380
91107
406774
918969
465254
727708
999441
913383
71491
89619
568180
949695
11358
304699
981080
42338
666698
314386
918779
898554
176777
160317
378421
807745
510696
259069
778378
752083
298718
542544
714746
32093
50980
447797
738861
904505
844578
828026
527054
309673
481147
45700
382667
976020
87745
947362
466970
156307
310068
1017
359317
434657
34126
484701
478970
327058
744218
324744
466347
662439
123058
670280
55903
410128
814763
204442
785194
34043
394268
88388
286098
439919
335795
853135
373741
238374
684925
268600
11293
187986
397029
288684
144031
841412
865766
515173
458195
940724
611516
699884
846402
943211
23633
361594
378424
999229
618470
593055
637335
9481
556762
76270
750255
358385
314611
320124
729366
931830
581268
575747
923264
930008
931036
637731
666594
782877
637719
992867
926010
7193
230146
210216
80231
291842
576195
170955
728269
194933
279369
802686
316363
613356
421236
742456
980917
16446
590828
11268
8252
65812
834892
55907
792720
740672
650309
44414
582450
854698
377933
4602
288729
258759
438453
442677
717636
793995
835958
527659
998738
234537
126216
346440
954344
327356
170197
14163
329449
175070
413375
959068
140777
513315
336666
324412
903718
613613
297803
430155
293610
262702
509412
259063
369893
788517
304557
902638
277168
764013
723579
483814
874422
324249
201205
413588
409520
945508
939641
891024
960882
79835
39887
661689
42971
46217
795518
878766
597044
664413
190588
216992
980244
333436
170352
801136
78757
711369
764109
694689
193450
477659
405395
953227
456531
791324
945494
704155
355131
46288
672106
622022
146411
352347
450620
180992
917415
307260
63181
781936
636009
242727
201002
877556
104862
51292
864365
721928
498760
603991
309550
530746
23707
23352
683115
538792
906955
662427
988471
110238
801669
506653
900897
268522
582698
704039
11676
969877
754036
504226
627255
406178
326052
81020
37563
23302
753366
888028
404873
935464
204968
539805
332968
640715
587792
852887
953861
867650
187800
260758
525910
526190
846984
587727
858069
717318
651344
832510
522239
95240
921585
905093
437421
739996
625735
553978
242739
781201
937689
161119
282183
836944
294641
463130
55136
141899
370885
746080
770457
57406
63635
256035
458585
345075
568959
25235
360757
988231
359020
327119
206380
207868
321393
145612
98429
934638
259007
420653
490869
676612
6133
913492
411537
476475
770146
554859
609707
773491
601319
378213
871928
456056
753527
484962
44554
62772
510932
815187
903975
908123
45083
403753
66599
410349
288079
724791
373255
886302
539706
78631
877677
181426
901624
612884
957030
412101
601908
291511
417865
718985
840831
429511
112084
688098
666090
983336
626009
125205
193597
386186
13572
22930
301865
721286
477887
682151
890317
662902
769494
121912
596506
423010
823102
450780
289287
766131
124117
96194
299484
236411
949301
407972
616790
918103
51255
268540
165647
449437
73566
636173
221527
246064
619301
406863
313748
709921
691240
268711
161404
300296
970826
786965
549335
875857
462491
874673
960372
979525
136727
711662
420904
317637
426692
908965
76472
674971
900834
272727
780565
283801
287779
205343
919949
555090
243255
713241
251388
290866
697186
649936
688338
159304
577371
303995
637287
86370
887760
327938
845522
191211
408788
725287
772969
904045
982032
249222
460672
102776
239706
329851
965242
692033
47156
620725
913839
616248
694755
989684
183040
41004
831723
724120
90952
769057
907471
667911
410761
427742
105428
437945
901500
431896
491740
588802
910822
961244
66128
894329
136673
64722
115928
854728
296156
392592
248773
104366
685241
353837
958888
417404
357786
215834
858055
390938
278591
805807
678088
622899
813133
279624
838123
771544
318372
221313
570521
547293
194686
495628
517206
538363
252077
165559
908489
610400
145400
117805
459926
103333
980021
316405
676783
932778
732512
925272
844036
762490
64331
244427
447026
480979
144803
854027
252752
813715
187062
156699
460853
643438
299274
365648
822864
302910
100576
199326
826114
324791
856202
486728
216715
987735
275560
813237
258561
227349
618214
50432
897556
155822
698579
766266
753995
49071
659550
719157
678768
886856
861268
957602
568069
268443
415412
617363
145746
550012
188734
999941
290271
899289
553943
299383
323963
417350
446695
861777
338949
247926
2259
692319
714992
339461
857288
717815
88829
973016
886764
171842
361805
983692
324588
931079
258256
550833
762677
347703
45848
676611
627222
144390
657804
229145
57416
995
422301
301342
719673
491015
776536
835342
591365
398432
130767
449464
170858
820167
756001
482087
112429
844084
404387
899684
988862
279433
283289
956380
267575
859125
232890
518040
508885
237238
799123
547164
636058
436594
919517
853607
427503
976392
51063
856639
879918
323250
790976
57327
925411
968303
613151
903589
94834
528891
300883
403553
842194
502171
529890
93210
162670
334946
591352
758222
686294
418791
703102
366147
355559
441014
294079
900524
194192
576087
222101
715134
362565
588671
327651
394456
408581
641304
824958
167071
97316
371897
979036
340795
907601
883894
842846
554548
109384
153242
475073
805810
215095
170033
852812
107304
459532
279262
731089
614206
282861
769718
704581
464146
180333
351069
705094
815268
626361
567454
556018
28610
873662
285346
981896
376205
987656
146006
551571
805514
399067
297780
683989
40138
146862
745265
85088
923834
71191
602471
244166
460067
792452
914329
163951
994902
916542
764764
944005
29632
528713
776946
726388
637377
604163
804153
695711
741217
322869
661693
163875
722426
95843
265490
900669
690458
773643
522416
163245
27492
581888
615457
332105
125185
128462
95317
300861
841858
714788
209442
892037
372652
154185
854826
491702
502687
368682
170229
489681
866486
917651
463698
807204
325283
961846
833061
922744
196319
434963
329972
466293
76253
528965
753145
414872
817436
875496
378188
222484
111660
431071
777341
799306
985406
69598
340659
245379
34101
991363
316138
966746
364105
42539
160335
364487
690831
791515
873615
474329
839177
381527
270499
673840
248796
396277
205866
622832
434406
318244
68109
688898
982573
845321
691984
135540
219012
173884
62879
880898
527265
261119
263048
203465
63063
139198
164209
688984
848932
860628
412343
171003
941870
345985
284693
590960
275774
283969
317024
959193
806143
81830
517093
891969
978432
169053
411153
345403
570027
169990
515237
394215
432111
869770
818786
496392
686217
982668
543835
444883
942409
865274
482782
633661
831504
499629
936738
447794
552400
121200
578668
176385
55520
706375
635298
201737
731616
896645
669924
994384
108443
78164
528838
632320
989439
653351
470294
594471
959098
738923
930177
412731
474782
539123
856427
533379
700826
827293
611974
379749
438701
19053
836866
209162
448467
169462
633828
814778
448174
484297
929279
229553
520791
258477
921085
965439
317765
129306
814704
489096
627488
127531
787846
976514
813848
273715
405724
671561
709038
218069
153378
503676
497769
736544
298776
318013
545000
61294
691973
659120
377252
440929
708477
83741
69559
791707
718194
921364
908556
984615
538337
838447
828509
188354
864641
966320
830815
242218
659874
469924
783321
816643
68800
902171
948012
872184
31151
496882
472585
327613
493632
437083
489535
201476
62745
967770
534858
913980
984876
945061
245764
671766
376053
471411
945411
749675
497334
388508
344307
688330
2967
602585
329902
445410
720592
664107
618671
12273
971022
776495
511515
133426
643439
875217
46867
86284
957346
324643
349108
734999
483641
940161
133945
284509
576085
421558
615380
453144
526530
943698
98010
194058
223671
588908
902583
129958
220196
715175
257982
873151
401629
812256
315307
375689
416211
893144
257845
206478
51751
531450
845410
289120
692541
73732
183675
542137
289688
370005
902123
859216
768984
48362
896141
379999
783192
635446
851697
675163
989463
838085
844474
613195
506442
368872
482872
858783
278751
674543
820463
194530
531473
51703
905491
883707
701488
105257
29900
219000
248361
674617
773222
217932
394043
590374
350766
734070
222191
188637
965535
732930
346967
13198
76165
504770
292702
536906
929722
528042
644872
650625
700440
119147
248738
694240
288522
460780
980786
741878
894008
12142
549421
799958
859636
624006
654601
251480
493934
450922
395807
114297
702349
54590
396303
505406
986395
94685
397962
914895
930800
558631
490523
606023
23855
240070
509608
248459
112549
529150
367630
273571
656245
889876
420610
820851
984236
625777
63078
846422
118942
304983
954029
553482
429855
714527
242100
665629
248128
896180
558847
349846
329857
644708
741064
534990
368654
208682
942037
456396
921814
839690
23931
857676
244228
491759
291513
598473
564277
933163
680791
632268
82757
361807
128211
344502
944985
815693
661566
631966
304532
45495
951309
124149
967872
407578
1284
36592
102522
499783
547356
966051
86547
626873
216490
760266
605493
899969
515043
919301
911369
895200
23572
107790
361141
420369
559332
616212
483014
845346
873947
738079
427708
522001
807346
375335
748441
931875
381572
711620
407609
861889
523171
960217
695333
132346
672393
595288
4896
241138
265600
808773
170353
596167
247307
849870
74403
826319
684409
752945
223409
672525
91479
288230
163426
801447
383998
919368
415546
899081
661580
440327
111153
368438
8022
91072
68292
241950
72177
530106
408235
232730
635359
922230
633573
524534
942170
399120
826668
353685
412752
752027
714868
178218
459219
496722
764190
713844
724343
694226
905569
127548
908342
186478
745930
351809
116466
274634
521392
439352
651445
791334
620373
891789
430712
539397
993011
532907
586265
312557
414585
21772
9973
576845
546862
40950
974206
744113
631114
754390
870198
442252
581951
738504
620482
147636
997532
716737
383326
294676
224568
948910
185161
41485
834108
556607
471303
68089
575350
620456
808829
815631
393440
401022
178766
665789
160278
546445
413600
57035
144863
619499
68961
363405
126435
117103
600015
707087
939454
18331
162787
415954
617629
133236
67153
531292
298473
103231
326810
738246
342657
878957
817307
440315
181179
498996
361961
503552
255862
315893
804562
937124
691773
593288
900179
309383
831032
580799
785075
126974
941138
836525
669784
975405
849554
615170
783197
160512
581787
697288
858085
529436
392848
257258
607794
263024
346360
499938
277890
355843
677424
418573
33077
372990
844466
902552
30907
652471
726223
280889
358544
816578
896969
56171
32716
355378
636283
736887
607211
107887
745093
876565
370949
116203
722680
928519
4583
814289
243137
804246
516821
722395
243127
758424
520882
243936
975226
559457
257707
294883
804637
860328
526712
399092
63450
622919
818925
582749
365805
794442
852682
930247
560217
195776
819921
218039
127451
666629
200665
104564
676318
801889
375496
849002
856745
792801
112788
749059
389126
894203
190074
290349
820381
716148
222239
568478
607450
706306
277210
691881
435533
163132
216619
878529
549077
970627
527767
960540
65280
755126
255313
346781
674778
766782
829208
375669
814604
462338
288422
103911
659622
836189
228554
481351
468025
789957
636746
577804
904476
351462
232624
559003
501530
911372
938916
898065
799315
320615
384763
559204
115161
513964
736953
211973
353792
964880
937202
709222
669664
582180
518236
935299
159932
396239
331598
980096
508521
118714
65569
671579
945809
428172
533563
86973
564146
11270
688505
930669
872101
628916
791085
320024
620447
337076
755936
368853
345332
548799
223777
669855
595069
123812
73181
64283
158472
845703
232449
917568
49774
878456
42679
119958
110493
43145
657631
937364
772914
244728
596194
110183
378136
515230
921893
30050
730858
770644
676844
615197
905490
936261
782734
319704
18956
918984
985287
485098
993111
113086
502072
568666
401727
956463
865577
500006
819650
580172
546389
64762
122368
77900
136182
745409
749124
819567
767294
875547
730605
41129
825353
157695
124534
419618
108668
61687
11892
944573
793358
45332
19331
621977
851679
531535
565057
895884
214823
4681
868007
928476
392357
387554
537354
548629
951297
168512
962084
585789
913920
397252
587770
5266
478415
418403
399088
595812
776051
257593
307070
632608
303187
81791
633162
993695
750866
908162
792330
777769
485851
249629
500350
677836
529655
487375
322969
773412
442662
842301
181235
14005
352709
758274
942887
756938
699785
174425
21074
410767
37601
93179
597717
950812
46756
949784
777791
420962
298826
16740
949902
217847
486877
709903
864959
72831
988754
367618
345119
367604
494000
622812
909437
862323
359466
931945
907673
448568
690689
157811
233005
733337
932841
261411
988206
612900
759316
848538
887530
39280
911924
934277
917374
835574
508061
642228
31983
130192
778751
609640
908034
409677
932682
70726
508306
121523
605000
975077
720453
189918
962297
657524
576028
909075
987654
129271
853816
240565
144508
813761
164287
795554
483984
788469
328016
784645
580271
285236
689904
364226
552694
240561
83060
288521
486631
46270
183197
789862
455847
272092
819452
862268
324236
77589
292138
81309
900438
570589
684387
726043
471612
159476
907355
571907
285579
541763
881776
406682
237106
384790
202561
521060
410243
873879
247162
348119
694180
48113
915001
14673
1332
316804
994433
550412
985986
474733
908954
325877
254507
916617
250730
201371
667746
556515
637158
265106
162903
515653
224685
737821
681388
706720
82052
514495
913347
843608
96496
223525
2710
961131
160430
7802
325643
997564
56470
142816
941334
206066
357147
555850
872198
375841
422990
993189
638463
505672
515385
85870
910715
891308
272230
762381
803792
369233
795858
495402
484523
872216
658451
446397
888349
159260
253841
998331
726581
707791
719017
878017
562375
259633
200787
587111
946179
564286
267846
470174
635835
739490
600652
508773
143347
298359
686663
184600
363663
247347
153165
38482
815201
986943
847582
359819
298173
177136
127099
715103
229228
500684
432989
353719
830439
914714
236993
592347
497915
148561
556590
789660
797886
142754
730295
300330
209218
899072
853960
32568
39429
400147
872963
664103
788863
677021
578476
288821
2365
626392
604637
412593
853216
212092
228961
870486
677563
158213
248151
656414
497115
1250
97069
52279
92697
986603
146658
344270
778212
965138
950603
502715
612894
35938
642472
915130
198686
948322
273465
445281
22767
36925
207933
270926
453868
949532
469639
838230
425483
379666
407949
515671
20920
648257
513057
647828
509419
701811
662141
750616
972650
398732
949850
508674
117659
379240
454847
296301
43291
673597
943573
895196
975902
292440
562948
740451
643213
966693
789251
783306
22269
776771
935067
272368
919111
986927
699809
355351
998708
549672
329004
582851
449720
248222
9519
910636
536506
699162
726125
28157
900384
443554
120636
471273
977549
893267
591841
835749
303834
943674
452823
352393
541190
599539
899258
913898
363633
994782
739955
850174
424916
59820
625580
280237
765795
570196
388339
474598
693135
912453
611824
922759
560825
756870
757920
292095
394365
897043
514647
734294
701681
448379
482382
408316
395902
299193
247725
776309
302090
81300
962630
899503
242205
816672
632533
420741
341470
438092
246982
540216
296815
721254
459656
14683
40824
879488
978076
446393
324099
510942
68308
291448
833968
843670
102988
924116
256710
32276
969958
586428
734918
605765
769964
846374
481860
507732
755453
934850
204225
17216
295911
284573
2141
159615
963461
985886
768704
681747
91118
758381
298636
159136
34939
451920
193342
360270
436920
721374
786950
376746
754283
457510
608919
803481
790833
300272
857038
303332
33776
898054
421375
532744
418946
158061
387372
589942
322223
215187
559383
801588
597505
755872
289273
739291
941429
471305
763990
32401
863250
152794
354853
261475
517756
370672
353167
722436
124296
632669
453793
990798
632648
662864
452755
637056
216747
633165
485748
712060
161828
28626
77853
69050
235256
371316
402333
23127
8134
902962
464364
594007
585833
953737
153540
261065
559530
431202
418107
526621
577097
442206
865078
628646
199272
618099
851313
716394
361808
498426
549695
508366
648897
421078
297583
307353
567687
195426
911569
743670
19477
39721
73698
31332
653642
712163
708483
652209
615465
85689
680994
452574
765454
989620
752388
966626
127270
977175
291953
390931
558786
879754
49878
835455
975681
144058
73004
158767
157878
692749
360219
70823
819646
533361
171897
609897
857111
959329
807444
12944
65954
41243
156372
79777
476453
985666
161092
373041
543205
259608
644628
918689
680197
337705
784753
769651
590047
532186
973663
233067
291310
237296
693657
535170
563670
69708
930844
135975
180183
393697
756779
152842
339712
342309
28983
223636
941089
856334
702898
894980
104194
193152
461483
962868
488406
581087
855982
896122
692202
117134
684018
873242
622042
859969
856785
439727
138786
264283
71427
355989
911748
636627
365757
144373
573853
557907
558780
830078
829598
652230
726369
489565
769014
2385
794330
741140
908877
111581
279990
849280
974859
293433
364827
181946
734064
411847
740598
873814
631322
47102
880600
433054
200155
834491
124551
10899
711639
527037
30060
475181
346568
960407
956615
796868
625380
465320
946134
682705
83064
83638
439204
696401
437361
459883
415312
562279
8813
281332
643898
492922
885223
841906
50699
330521
685120
982437
639602
556420
492053
54515
896393
700012
442859
328736
783485
20599
70276
676472
18785
613190
150632
668356
134490
430653
505419
918865
732194
493857
550428
123027
721073
857702
172087
843346
361195
525992
17671
238512
581054
950139
563610
129782
969436
319744
619562
675217
476745
307059
649583
59731
773192
125502
715875
175114
415074
740827
946014
954346
73342
147640
473638
185129
653611
404136
866026
58149
905082
338250
970515
489625
562808
929950
364035
681236
768668
147422
341194
354396
550608
831324
692186
441542
995752
945728
675139
299332
465399
721197
727838
903945
810069
408353
495337
727702
490906
25478
700044
488147
49755
325445
272073
793385
187556
232112
866065
898337
273689
805235
601283
256008
707698
30985
945704
99571
272954
962611
226437
357444
488172
850828
626142
90744
413949
318610
311618
545403
198483
866852
849233
798359
913101
770321
212567
713764
971748
359331
268878
82592
51414
82589
76878
672422
315232
694885
354540
464002
15454
988509
39976
926101
633589
571854
40957
955120
570878
56629
973301
875965
528870
628840
562220
480893
698262
616196
762147
703330
188693
838940
104121
990867
320929
405983
790460
605854
640772
351522
577549
456391
46455
20633
215008
394196
969903
442657
456424
532132
124436
772810
853170
546666
269195
490786
79916
816768
769793
963416
664433
975392
765913
210529
653326
800791
831384
637165
913768
903114
162440
391875
704579
387346
549989
506100
233494
440432
309437
557577
682852
350906
302486
275281
89374
766238
433251
169628
702862
870315
771105
538724
48485
199227
694677
552023
789648
983931
872970
47513
96162
887824
182808
76155
351824
780375
39514
451144
932084
977531
701789
99388
145421
564050
379700
663157
199887
297953
940870
298627
247019
340428
919083
834813
963855
553505
356091
351731
328162
87558
899504
179207
452866
629347
526447
871925
261522
940576
510327
656416
565563
67876
638066
350521
316350
410517
292029
696771
844545
872548
388300
451850
617233
203047
726834
634160
712155
368401
901942
35797
653755
973945
529902
70169
181212
285479
775071
610753
864737
981619
544635
788569
498233
896664
168977
103543
506550
621112
694236
843689
768489
294145
584899
150247
178439
154972
287000
939494
836327
774013
318373
99750
13310
56659
989487
122093
325824
978462
282948
246005
729001
94570
347993
134128
145774
572308
898240
340965
200693
958698
131060
299635
413574
312953
556497
662187
713846
832201
420679
259473
768023
315852
528136
876330
105672
989004
7201
156359
867860
542364
988172
412473
487809
209108
163137
151445
338925
571203
987727
981478
528572
578531
203040
215180
228403
389600
473719
513360
855964
396310
368035
509184
756605
44824
427196
361485
160737
693518
222972
988922
332964
386805
272811
949112
308769
241130
669871
278646
812539
418110
568479
453335
77731
863262
821555
993437
416234
667808
943851
307172
614346
11449
488838
79891
399059
600374
583273
490871
111506
939295
234495
429078
393043
188571
39794
778455
597002
396195
394198
874432
280907
274910
192854
313332
761401
770252
220044
897807
754404
418896
737061
332466
481632
279455
360989
403138
433381
641161
168931
282840
433932
795501
212886
616060
676228
138431
948510
662405
187964
192730
24983
948988
646605
909666
616436
212281
389391
59331
850381
963019
640968
124169
275825
242112
934565
246003
213872
295772
760260
562023
393050
112429
695324
241946
768173
701347
552439
174409
233369
59159
572564
243369
752007
391502
974941
158081
71854
693499
785745
565424
741570
627008
554571
228776
619232
484289
127718
793699
232551
725185
972105
733715
894401
57833
424374
655100
860655
451469
933767
202153
243692
528379
986776
444945
333775
931480
825468
565160
978129
55673
271880
461010
395623
933685
187849
254847
905104
583146
916579
972674
823449
585428
780487
847312
719800
17367
188599
745763
171289
945275
666910
871487
91538
232324
78580
605666
863763
280615
848165
465091
64355
794269
401649
912517
722039
810625
300921
846237
292618
911282
576356
11448
263237
924391
315779
49705
144759
491481
192493
82019
961200
114390
371324
571893
385757
305939
182417
475788
421051
406222
413151
718082
316192
488446
502269
861495
788722
612913
852981
415832
727503
5517
470104
459389
971658
275018
852598
927597
806320
948025
36354
141559
307251
829035
570282
431066
109632
59120
886701
55474
180425
581200
763798
360795
507038
125277
843147
462741
751117
184847
36107
784319
954751
472414
293985
440751
614010
542407
217517
312837
105618
738301
626540
532156
499699
458741
748922
250330
369281
485873
475106
891478
768301
902901
100652
615985
556425
315640
528438
977432
661545
777511
426341
585649
666442
321359
447574
460714
660268
473049
242578
302612
90807
56220
50214
372507
955842
62813
403990
803161
165338
519983
768465
4328
649199
79958
457093
116009
829725
124800
915649
625420
236612
510525
804975
432291
783639
430510
36249
617095
21007
394749
501526
132319
116494
487095
554910
983342
617076
575064
366524
644445
232874
558366
744300
424216
100577
663098
568443
104965
576955
888496
520954
985568
221300
373661
198391
657257
353075
76565
956166
743911
797379
7302
796191
456768
638330
800796
610088
824678
657016
193398
185225
562646
676495
714418
367910
73698
327879
987530
203840
460449
749111
980642
296504
905265
814274
479958
267404
172698
625918
485162
790293
593931
189497
908259
280753
245438
847124
22627
672869
703032
743736
834178
793776
834036
885617
741225
64152
544381
644250
164058
469849
173438
913346
819742
897077
518636
898209
484709
348166
309687
809491
672429
919705
227085
622212
998582
475598
912884
447309
24261
51893
244400
760603
251338
617808
844237
275602
731993
566700
3912
852814
937346
32548
907608
845093
546426
790428
256796
278407
938002
232755
934298
608833
274732
420366
723597
862043
790664
877195
201559
848621
395839
578692
668368
245752
193195
166391
30772
41990
971997
633063
450200
309966
888689
7795
853001
608771
372501
869395
658531
391904
163416
927803
526914
674757
42206
842896
877393
93126
423740
433003
526745
339872
42242
378542
521615
373237
337470
159576
128684
211251
457781
958033
288716
122208
967542
916723
452007
718118
740135
35828
9191
48760
288266
567893
177236
196425
461669
541271
118519
198023
559061
191312
972279
245968
577561
509638
830284
640889
469016
206369
229227
80564
212786
602066
91037
172042
475924
482779
343577
787213
626203
973403
707325
479886
965998
548817
774125
587509
928906
633177
564827
939018
494020
300237
853853
464311
452756
401972
10921
65333
640729
386249
198184
872082
562899
649541
931223
774020
930379
291832
19687
428099
860891
453252
373358
743321
449107
720099
980925
302915
455407
72461
89109
160485
588717
25169
472123
695374
987345
52660
677317
225008
825337
641707
149410
796943
409082
185122
30139
707408
599526
897411
847263
550363
497755
373100
569779
336306
828802
592761
798820
820244
409816
831933
309309
367096
845027
376801
16466
280085
650043
970990
304276
145539
860978
261125
309192
580587
704108
984576
917525
301802
77993
682160
423105
236466
494410
669792
439709
526330
206841
47042
635603
945833
115784
266737
596795
806236
624901
608103
828411
938586
120506
341987
594053
100632
615746
485059
287614
817629
896020
911089
136912
612752
311214
429918
820737
935653
821202
225829
641369
429583
799059
627526
786710
332352
959142
540834
94453
976458
884713
585728
928511
627146
571875
156078
270255
747676
455343
801832
399954
603497
168639
512608
143159
733402
264594
896605
541151
523980
284343
619052
537042
468290
28092
203497
386817
41203
620340
256923
676755
627844
701791
979185
380229
464151
338211
797632
114867
960655
115981
624664
204221
837339
749659
616222
839377
566451
403532
975693
371211
642730
717469
297772
485470
727355
42089
264305
687277
356266
761424
649872
700388
339338
325043
510372
492158
899733
684773
185511
500731
823066
184089
604413
338230
791289
70935
950372
196439
629675
690640
309340
646729
440271
50792
143205
600094
478363
830071
161254
416353
692648
364403
272233
512276
373554
721670
878919
488508
817844
307380
103839
493790
359095
366273
323052
787204
623719
363417
167121
232352
873108
403173
873515
137193
406522
699455
820181
488816
64968
842030
987047
784491
420837
21313
694787
932192
780741
111131
258068
286945
40464
913900
446285
704961
848133
562224
384098
920700
192189
306323
77767
995796
331679
196968
366882
803574
405507
48881
936482
267270
533798
91
23529
129340
98140
685724
816003
522832
618579
798201
328527
729343
353593
512165
176190
955306
410192
170651
785334
478482
295698
370042
277866
554242
537486
221125
965904
36077
7216
753237
969380
735227
834301
826520
374533
103942
475690
216387
765951
769132
300640
246922
377884
894778
846193
225327
544790
25109
20112
279409
650527
889036
4337
340098
445125
527664
647019
193820
316806
544840
387563
567829
815239
742730
64638
521692
434758
419013
734033
647877
384471
923587
821296
676726
434471
124813
480929
193709
650543
361537
126175
450418
464167
367793
396916
700299
951578
43371
979207
994726
792018
809669
907158
356124
670307
366849
82630
612016
264078
929330
99021
591939
631061
79743
953755
127430
755399
405858
984281
217482
427963
547448
818514
239920
203357
915404
987383
296586
417771
537134
381270
425475
39810
612552
397823
705248
885553
275547
725976
662579
570837
944857
822814
775074
841946
934215
214098
159063
663638
630809
513755
663112
536806
326205
852231
151241
373133
951590
764401
651883
963690
824206
76694
997199
277421
47093
106821
597947
569050
547728
515653
793529
400533
13397
487237
773229
733992
670217
174465
425456
482557
291675
521818
638977
932871
143167
800215
396901
237997
523309
178091
334298
613845
945560
757873
462403
702810
579996
884881
179036
249477
812219
626738
856132
408141
544701
847146
902752
932067
178270
615535
718922
673756
89782
57901
4692
692047
894550
619854
358812
984436
767365
280943
111677
886841
163021
451152
287416
919904
241897
412066
846683
42027
169301
461251
265065
171433
857223
396929
523840
607095
601174
249811
330918
64719
327205
937650
272232
840984
714195
252040
2569
195329
655201
234960
465371
202683
1920
502048
73770
987208
868652
402954
719937
686123
966244
903776
692100
143198
799969
173526
502264
928762
616846
773357
37960
560083
351476
311970
151233
271530
68247
937492
292533
23581
458995
293349
724173
45767
971629
168897
249838
154466
726663
422150
574216
258465
919191
83394
827252
671900
428139
306293
643518
764630
437961
422919
687821
117541
445907
864773
16520
783549
777582
127378
81103
527957
381275
413160
925481
626679
604606
713430
653096
747095
56789
418613
647742
601486
124353
306176
163686
811838
937482
533435
946184
973907
678214
338571
690434
924499
904647
835753
58704
746871
328134
31921
69104
413112
802027
669911
363691
817608
571533
404236
732835
647248
237904
410466
890925
137845
952634
215239
7559
156022
475816
674599
795384
693382
870976
83068
602368
142227
289212
122064
577690
333274
117514
942680
426940
811367
148260
99493
546104
541451
490959
16985
899736
96971
140446
171545
801599
15275
277760
555289
884748
400114
594757
875707
956945
956305
250879
536447
58193
374890
214264
985421
382194
532839
841329
775642
568428
215634
893965
215383
818582
743911
85337
599201
651897
192522
930322
440107
158075
407535
297553
160004
253821
489204
127922
107245
863271
962906
338818
586177
422097
165570
561922
553107
350981
413577
459322
525382
478902
896927
483077
936928
496188
587383
180851
559591
348216
99495
91465
522749
656583
875833
791844
924454
563940
797962
438011
280899
334514
7986
315343
853643
558542
311459
902958
634963
2210
441394
316435
423851
903089
697549
221928
987866
223011
189845
575180
485117
176933
152873
681546
269472
240431
413273
674295
779081
116597
10999
505958
774999
999581
287109
731741
822129
995982
861165
478468
341942
945667
600502
119465
330236
731791
545397
995220
988871
667457
274230
880757
757380
443636
519666
476417
64859
17288
42925
641294
780848
686729
3171
320986
417853
3214
82215
3183
466203
908061
231000
947219
393449
894750
189385
140195
924012
399681
746629
802171
463587
132461
942276
123944
68991
728232
164653
308335
244608
983772
405984
999073
994534
26536
362720
908435
398253
906191
916808
253959
828261
775362
351542
913239
48342
849410
339424
753182
291111
530228
805995
133538
387821
298809
301069
133916
583213
428701
553789
11748
236299
590976
396581
204585
873372
129998
86939
657660
419014
547126
949923
903526
829679
11134
151947
781774
526499
250389
669011
12412
317831
883873
337462
204843
300130
396878
246105
578542
223581
393120
567930
150507
709711
63393
12962
253011
103521
892333
136476
949713
339431
533140
345004
509992
806611
873289
29012
917775
476501
409982
10124
172074
86323
688109
479986
469807
147911
929411
716484
669707
865499
923210
675569
335887
85733
892594
623888
490571
966371
230180
456705
150358
337594
942033
88335
827861
241400
747940
196945
423732
436919
283665
349245
622555
659146
493603
827047
632103
618458
34451
671150
120713
112429
622517
24845
819084
382291
313833
740322
433571
205948
611029
490563
425967
981518
286819
50015
710670
597563
342645
885925
272497
430835
214765
821464
464487
16792
732320
14175
947649
129486
639722
13609
242497
592222
43464
445373
576723
988638
746660
321823
763058
660972
775834
506670
357744
994012
377635
646427
920540
755297
82912
636503
486508
109097
230400
806445
814068
360068
512013
465449
501264
330619
483777
119584
514364
370591
697974
508410
477516
477668
995848
641152
511324
801454
418103
603078
465210
101341
658675
335656
817087
272571
81553
787089
585846
975968
383119
741762
144322
218161
842655
373680
101939
423841
403926
189664
450351
268262
358890
194924
223327
517389
435514
966001
159116
562379
872735
318661
984711
813871
192621
332305
765098
66360
715758
970785
706858
101006
920482
570755
404203
867783
255584
304591
204908
258380
75885
822337
622521
525614
252336
859425
139228
752810
133911
376497
543422
871531
679485
737970
671609
66126
931072
771228
920248
689097
682227
384945
829389
652145
603885
887752
418425
695866
711373
43783
429440
992268
538553
788884
896322
376047
181516
485831
682539
1046
873890
990911
194449
462386
645999
288308
742789
734129
268213
989227
799475
777957
968503
657825
969615
565239
900977
161356
534611
820199
706099
737978
21903
465539
255461
45890
276462
26734
211569
337107
955658
33917
850877
383
417566
37135
882027
890544
385597
976112
515778
895678
8269
190389
870827
348914
123571
667479
174011
695943
776812
717888
756688
627272
895068
391491
562271
288897
482924
278804
494554
78945
339970
128950
751618
50071
585505
642823
37226
696900
867949
754621
264403
653038
205477
812414
350919
109431
936474
637176
188879
755346
901687
545914
656970
94701
69754
212943
914419
761730
644289
628119
3475
200488
770266
912857
512687
579580
275803
418793
956948
109585
781252
858615
86318
312641
92162
550167
740853
511430
929843
98593
296408
230057
633361
553730
695277
592411
924470
99186
20809
901974
119204
9518
643521
858208
439477
900773
838238
680917
244492
144079
307712
78652
844824
952560
419053
542759
500352
810566
197456
550561
227717
92856
839175
825256
170153
161728
826993
353438
667952
962075
767349
704526
819247
788534
202138
543020
65362
427823
41349
293291
543192
116748
942098
555917
452879
596633
320439
551790
923121
67905
40583
731062
766518
145550
700736
170441
218115
501209
880749
750199
790459
222739
974008
818023
726537
702023
953130
702828
116025
350987
317623
357066
720998
123287
948758
35986
171474
672241
746619
492065
412413
137441
134112
895165
16958
978811
615774
253562
275366
165722
648009
964015
554587
930238
464135
875285
650577
217272
381048
832212
361828
100615
19595
161225
719903
938168
737398
394517
501972
400228
687993
156966
994251
529001
607744
196786
39499
487111
46273
669682
923776
304829
769923
327343
113908
105203
658913
820116
184481
342159
255018
744707
119381
889272
463782
882389
928873
943555
403445
834550
660812
62234
153595
658412
329778
94216
90690
281897
724774
409002
170734
686642
517596
307657
540901
552680
983484
953260
547105
923461
990959
879409
18715
225970
332260
418628
156829
585167
131871
537686
716239
781652
287745
137274
919877
697622
951881
753187
285356
250342
83936
215908
826040
791078
813070
694442
164661
888820
58927
761027
518481
635922
255979
130274
158036
939689
257651
832346
974281
891504
751703
430448
180657
913138
772714
783112
335805
279816
143854
707914
474766
859386
143868
149486
922889
342711
293490
684690
932169
116789
624683
570964
695677
270495
767669
735672
687193
574731
239013
392728
562848
66797
873276
498640
934270
379060
108812
718435
703718
501659
517428
438515
624492
286286
775534
220190
812363
141349
406743
300752
444497
276862
93180
982350
905053
355291
148435
967346
713089
390621
938052
329338
782595
79190
794207
726241
597730
46405
271185
588052
801353
344300
791429
11721
831336
528536
708849
718209
852902
242039
714362
604378
800390
262267
810177
761860
315174
804631
824328
48167
315307
443901
307125
923172
898736
157126
252671
238640
377188
341827
905967
172793
767803
113730
757608
827333
688416
622800
743207
625966
944121
186603
115762
151335
570784
65165
259777
181669
37177
645909
294778
596900
1218
606647
705689
120663
390629
917932
15587
620649
30881
850397
88631
874548
573293
602703
62234
900143
593676
444511
418329
870696
367346
857990
387967
687585
861326
356300
848535
971700
198688
307010
42414
574177
634501
797572
151957
51129
287888
780714
13916
808196
8829
320193
698625
406525
916001
995890
663848
624806
759500
68105
634165
293854
749307
482425
570236
823945
893326
331833
496688
962599
953154
653768
761940
39041
345967
166858
265327
66287
930229
804753
327993
278493
881674
146574
188349
851639
846401
709554
158887
82809
419169
185498
615093
952794
90220
454058
787358
646995
70428
103143
673149
708094
580964
476789
612421
544690
351255
740598
982029
859982
233039
472210
589418
737879
175867
417158
805015
953733
154424
72622
771855
204688
689403
311627
789660
956331
680824
907357
894469
782757
496545
20186
354190
14321
529455
710415
240442
876689
454066
644486
889112
151914
492176
52545
610828
370440
774174
711930
736290
676317
169188
676164
630732
767998
907177
527390
959780
322209
379134
91258
214348
685034
848342
410171
26214
705855
308566
786797
531528
605184
918009
700862
329164
716767
629033
295897
712213
458714
398562
294919
313971
488004
190111
650303
811323
276956
907345
946131
64628
759707
484892
965465
171449
262123
933448
608594
743883
558746
823895
736527
743590
738037
873512
870874
293507
231832
629345
275837
670450
211161
184981
900069
158904
228064
89492
998268
529189
19717
443668
274365
479533
305128
336845
415612
101047
981635
758812
379547
767404
231404
771194
118356
347668
501230
517968
983235
429111
607307
737840
730110
286164
310355
828227
116876
340524
734501
46113
192899
955907
116403
563850
8671
291893
507332
379807
884921
49409
460154
623559
494512
987008
972276
31478
881076
880597
284747
532258
94867
579811
587762
292831
664828
540142
666592
807455
65476
484779
316651
220098
602841
163644
946923
395915
832333
65322
655011
661442
454251
182381
959663
785401
714692
202669
231279
406327
629990
138842
579887
207671
231428
527141
159902
722483
923199
763101
993898
469753
16220
724465
499354
414739
483858
119506
255093
881788
249150
82047
650707
416339
442959
671628
67954
332790
741958
188809
671870
579499
713820
276858
545097
157442
503097
704217
442785
121910
235636
136132
95827
627813
697931
225784
171586
85599
757777
956254
247075
421135
188485
161274
580036
932586
530043
972103
406770
811602
962096
253148
669019
583097
233946
347979
715084
286791
619620
968070
268523
258697
172416
243260
398203
520237
488373
514941
393481
433780
145941
949721
675912
901725
658070
972024
555534
117822
856949
864266
678985
42788
214321
952218
824780
993642
508697
872140
125738
635397
659849
732052
320127
283379
571563
696571
315357
36602
221347
47810
312368
424510
192538
568802
827509
52624
889642
965930
528083
904710
643880
151550
108408
721991
420433
276211
835162
838929
315439
362421
982696
796738
952440
231229
648313
621079
686777
919429
208
432917
566413
559251
845003
701730
626998
316241
514547
664831
938290
352432
999664
463590
543021
538830
981429
131491
229401
733410
153977
859781
394119
967835
182402
935635
386237
814628
483899
832690
529600
347141
803367
824619
356646
656123
483879
133520
804906
342760
904010
926208
460867
823965
223354
752958
394613
802556
56859
843952
652287
352935
525152
935317
32196
91292
255609
376983
318694
239662
949459
376913
174061
404030
304581
425714
234272
875242
920229
779805
109720
598243
195891
841486
911336
966781
696258
158272
960885
574303
843591
770103
888119
325317
469768
345027
623203
353043
768212
991022
344734
48448
937534
437329
281728
877422
422022
798834
532565
193822
872295
750823
588987
82202
136942
459462
254679
498745
690980
197062
864261
673160
519871
17691
587580
405887
62224
114782
669257
373843
421717
325414
548932
346159
227279
747042
20058
761330
504268
11987
235251
221995
506289
577311
745055
622169
826156
621034
135122
268639
246192
432003
970081
2058
750761
130885
133878
457517
852813
559537
100772
203512
185293
118302
127477
266682
605547
885272
237340
197917
110429
348687
243497
633339
272530
310526
267684
754434
236917
280189
941679
105322
550675
749837
928968
658373
119711
574900
360242
307228
682370
849552
920010
204428
71199
463515
338741
856172
750008
590716
86087
31533
31508
779566
547975
245571
307266
120854
391894
724352
441329
168369
887080
293767
52982
42593
570545
365649
335747
563220
308409
760145
219556
210301
505756
493422
717909
679399
352320
300446
2579
617535
959434
125481
663673
689230
491459
762715
632738
135205
665560
829675
902798
437321
300909
326103
963793
128034
721566
497527
210512
158467
164941
147104
875314
777534
541909
65480
492375
22474
640823
478351
437568
192231
179439
289122
36668
517062
548880
844129
16931
178405
26772
267378
334311
609867
406879
945077
935329
282409
449728
888459
496816
643410
444578
811672
523043
190160
937399
85640
880707
392761
269227
757161
964450
657729
998579
91849
909266
647844
255246
82259
512389
824665
156381
493093
498147
8108
926674
98765
265039
604602
564652
451546
269700
570434
498146
125783
111655
928638
76591
294
134591
612430
628337
652505
818471
196514
973867
10013
465034
676258
421033
668730
531613
299192
176310
678512
280303
427873
658185
550768
677660
636455
273628
863078
215252
607821
516920
725500
922262
360850
341449
688173
751151
54940
954425
145481
458942
674827
679197
474938
262405
112802
460371
733409
71614
943854
317625
127773
283730
396052
467694
726136
865083
111919
970597
775680
28632
817534
405196
221124
337086
241225
246505
388803
765974
708547
956891
260040
979802
892434
237475
599139
504732
176562
452905
647212
626882
221818
959637
564271
352355
237458
853352
208528
824984
321813
895110
116178
34994
116869
769189
49392
300481
389640
917148
635856
285551
263188
675633
880025
355812
462197
402503
846249
7022
644696
256334
274166
890493
470078
821712
899069
332981
116221
730039
175086
315627
35414
239462
787671
471034
503773
444792
828417
374444
261314
758996
860144
632117
655913
145711
636788
256036
336570
316577
765102
333309
838094
790115
385622
177317
823931
129457
137715
335283
758972
800828
893068
574567
139528
594105
80133
192348
929422
689479
675786
811693
87886
121133
635436
198525
375347
38669
608883
789962
559556
386488
322316
275125
278332
13967
876668
309248
129947
466754
28360
491420
357213
684468
851476
831201
498796
485231
890957
603216
157873
33288
786105
837801
469088
450122
400443
829501
843731
439513
230243
273340
557435
785343
704324
967598
179017
341143
469054
632777
695372
976479
373213
408003
987930
967432
133979
72007
921756
70234
434499
144490
551663
494425
811060
82573
524480
179835
706951
568664
425559
863097
604401
35768
683340
176645
572191
252891
441488
994886
307026
844153
994059
568702
780544
577119
420077
552029
839454
287139
803301
319849
715433
124662
253413
66828
412041
809744
101101
98117
198978
908235
205639
296042
555716
463603
72729
588472
359942
954390
680871
566510
689258
107618
467090
270520
908626
636169
238616
162478
285020
277982
172462
825826
968060
605407
649517
376170
868219
367385
502266
235596
312018
430553
544511
962521
740700
562620
109734
488653
990673
427930
707119
717979
339214
606843
433178
644975
130649
659731
561387
359883
316155
405596
476155
522437
764152
116849
119960
305493
751757
828725
535597
166599
744447
229183
268973
506989
393356
404863
448789
870870
231189
987384
944358
982345
251027
325182
698405
780452
904781
254370
295111
400043
940680
526054
234490
824202
102327
148366
398761
345871
94401
816267
421451
113165
878564
694112
871696
871737
142703
515598
191728
132986
415908
292957
887533
404729
826575
725017
117062
334400
62162
432571
622810
716525
61059
858470
884946
35459
315904
88383
304426
313356
352418
256708
986610
396832
325994
441870
254149
330834
395505
991215
408073
615129
965129
515105
890220
120004
822039
43960
999011
869957
34009
432314
872077
813700
370562
26359
872076
307599
822018
948539
596364
148077
881038
694936
10541
941495
204696
101334
621076
216689
627530
111576
21192
461635
369271
231136
692322
795940
486155
720828
626035
728999
18810
439881
86432
731104
336375
261811
179303
158814
561850
463949
459946
623975
78250
777009
346950
961279
380322
844549
320478
62306
222146
106972
333466
778421
676298
995609
277079
501475
39463
899691
973252
719056
963473
514525
342603
930827
551172
75731
313878
490630
113400
211079
325757
822921
247414
19084
349488
292670
866105
793337
325213
62763
845145
940809
328315
140962
961864
750338
981795
603990
266403
436796
92001
728929
328183
686524
17737
760937
692220
867855
589822
87608
495091
2265
858413
114327
489352
400837
778741
626318
976449
206312
217715
193433
946778
562884
283045
265491
15782
541690
568705
216945
636546
17979
900700
352804
954263
304562
48553
803413
707934
961582
834484
546881
960
776406
966421
408469
122617
679981
579106
284046
893166
36972
620513
395435
597799
913114
626956
22038
920832
207076
266497
406981
572486
356023
815673
135477
865615
347878
397411
910170
804360
51052
696349
261065
751181
697657
995815
94285
765121
828363
936089
275521
899328
688714
79852
740971
708831
965838
60354
979683
992692
89313
91302
485791
4968
259180
948458
269778
602133
760430
406068
211479
458583
844805
146615
12400
837565
383701
622778
817137
629720
711220
930972
994792
773280
679791
800275
613886
756021
467440
484227
672184
596108
962902
643232
179865
755291
847288
869419
443646
199980
534291
390707
548265
362880
85557
950610
803897
100200
514686
421634
45659
117489
367721
309872
300561
365076
739065
29785
420387
974325
318246
868544
831439
151722
217533
386527
223411
360967
443932
862442
578100
166723
764028
270473
533279
395004
8986
387242
110102
153289
647716
581550
102114
306443
769497
522543
693638
801943
482145
488975
145756
193800
521816
376625
610809
268473
429998
12245
348464
239684
220332
353071
598753
106567
233457
946377
835991
406393
253437
797317
632225
990071
64068
48973
817752
406376
985523
904705
252936
942647
967094
665854
764328
182460
554158
540962
826395
542161
412415
460558
822137
565383
824651
543998
547086
467895
346977
250693
630370
924520
617803
143609
109277
766709
789250
471168
467214
529084
632835
150717
101954
489669
282415
951227
28761
63022
172001
710737
613103
876830
479268
729911
775781
673820
884751
890109
737492
37511
81593
143366
86457
859815
447432
119164
811339
691936
205217
861342
925711
553380
3933
441505
575545
885876
46872
640543
610598
996433
103901
779372
752083
965685
377963
842005
87018
708362
726361
898089
838076
484572
326178
219561
412953
963227
545568
593279
211566
434726
752816
844623
296540
482797
380578
728646
675849
333519
67538
91721
945909
176117
77496
433973
170210
853308
440689
600264
151899
130867
170024
379944
268772
223894
900531
357431
569157
110031
684872
259441
985800
856367
44973
922250
58847
740487
640874
572123
225536
435798
419979
84365
870418
884336
932027
909974
56752
510160
510472
415952
830088
637344
112236
223469
271226
112002
297004
560893
922045
365417
586031
941828
660573
415070
680839
140204
144646
848651
691399
936787
451754
75148
226524
711323
797172
177977
440886
665530
958788
942544
909624
440181
245634
444654
69251
536408
608289
72986
711142
855541
162602
36412
62686
58622
62468
588879
785902
885272
892736
652045
593256
142584
989967
878628
593837
832999
840843
825236
615928
18140
336581
955255
425911
14774
460262
297183
662630
625771
321569
299687
370811
867339
694158
126572
695135
221821
223709
285630
342426
443395
295383
280216
79224
119716
610032
962480
100240
478248
838740
10472
397089
928917
710547
674536
19318
683455
708810
335695
429504
539630
507811
860355
947197
909732
683780
672855
115980
378061
260887
343821
746634
723456
152406
988845
104201
306275
678213
220019
791304
736009
242143
543981
86275
506894
709767
151359
222109
360939
617652
817215
652772
828785
808063
829828
481955
138176
724512
7253
240320
230467
389329
767567
555624
11187
374832
621683
999030
736538
746054
225220
239590
527059
71539
414256
970850
758711
741560
253242
164919
728001
204627
193460
839545
902055
775173
742408
784117
438957
794373
531060
291179
423765
16879
839800
732730
932828
167609
128069
465236
899951
295617
636869
273319
46403
383151
793781
818038
65007
999064
695218
202198
952232
266736
627497
689749
885740
173783
120525
405463
320079
301081
763168
6293
362089
701688
988289
133499
383093
656411
850837
831423
508541
957586
317740
539834
269361
955147
944136
258700
863018
48379
585525
501545
1390
12289
526391
550364
797711
328142
382877
181594
486378
508871
61626
704151
337162
885741
933642
848700
691142
682465
478251
607959
948838
392914
282221
568679
273114
834368
381237
722793
442232
435975
954926
708825
18699
507233
335518
498253
249110
134820
550530
619858
57255
356838
773578
929446
940641
853621
761619
734598
859504
324056
139695
494568
916494
529575
541626
795131
884513
882318
806949
54836
44157
648880
814300
146729
313001
972227
381057
283733
500726
664749
382145
949092
557100
472793
310093
346890
788221
44661
379590
291387
971880
861060
423977
284886
637087
680300
282144
419611
82851
609436
70185
743772
545680
355867
389482
953493
671243
720911
394355
976737
776736
82888
417701
529233
422499
82217
960035
348034
27164
703929
394408
392241
235798
113137
991489
193861
535973
617075
370435
378608
500657
162773
740522
180790
633490
301401
791448
830984
177197
805796
865683
253518
426821
972492
255975
637876
105220
586575
458910
3126
886680
520922
840439
152147
810439
249983
689487
473680
975930
998640
607699
19586
833933
487443
542206
465048
901463
331359
810419
309859
374331
346152
390337
416669
582269
99712
440168
181847
495189
739201
328325
589600
990645
655992
75272
181713
283041
445137
857915
554570
295078
667319
338506
441108
908353
271043
774585
467400
347908
91680
66463
204503
219340
624128
972594
541636
350141
576505
449880
13074
639873
985814
646276
526607
265349
732958
436623
647353
678618
412804
35482
963132
211375
662286
430451
297560
672929
556142
995899
14612
700069
351674
340802
283716
321602
754044
304806
254305
992955
106428
31314
625303
339204
687476
413439
445650
866213
708432
698743
153508
101472
878071
986709
725802
729826
64784
218104
196566
142980
897532
186070
822705
255809
830091
71889
792146
838114
816923
963081
215020
675646
299770
712876
494279
219008
143375
714394
551314
606429
448788
929366
780599
922166
728872
602891
796605
37166
132469
217805
641085
164185
228045
272255
869026
20998
433183
616949
909652
531533
995579
886150
226022
679307
752742
888296
674177
406314
963150
320279
746926
717992
903950
348199
273069
848518
140431
360571
371256
57461
536135
385698
247108
145656
630444
700456
430228
76748
972406
922598
8058
596907
441227
483609
134648
136861
928886
125605
264975
749465
208183
358808
260598
917973
710977
565087
616597
980347
791307
328153
695451
553054
334662
118391
356263
412310
177331
482930
890470
94146
925195
779132
282118
396594
674386
951525
402507
731620
780067
329895
617812
504846
193242
363
142453
755
103549
204603
165506
814316
602602
344248
214611
223108
34139
536356
874136
662031
418518
814323
403921
45740
757140
773239
8769
148510
786582
497034
979534
104530
642989
800790
844292
818740
666334
643988
286640
201337
666994
695598
160268
859404
335927
488594
897976
662395
935961
241995
736064
247444
897789
633064
772645
638829
606000
553694
246938
304443
439458
444788
460363
263596
871963
395376
644601
174756
328054
169437
217036
179712
895058
420625
192383
482772
938942
924268
180135
467457
25707
112548
327941
583601
683994
913546
747365
266559
510180
238075
202712
823322
440872
417329
823014
832799
100809
459476
278163
598534
598664
167982
425738
74078
899561
193483
860049
94376
852941
469841
890674
96357
86020
304146
313423
339464
929872
152444
10766
115860
370543
905714
723138
675398
157467
738151
797393
970135
510983
593373
820137
857244
160625
731218
342961
130350
523739
49498
620598
724468
231819
882923
791767
998408
828224
468778
921520
385530
412172
185117
99339
488269
366173
31431
419294
417886
60186
26547
508102
498005
597380
469109
463946
149863
824955
860897
103038
936211
437403
570675
688405
760228
29279
907525
515008
336798
830990
112433
565860
635830
215302
292966
910008
79917
240965
696975
747387
491439
910136
446299
753543
820790
636436
602850
836083
732475
323127
770208
257172
13179
449499
420941
535531
332618
48621
116044
269667
186110
713251
670708
553659
397292
33701
596727
759832
32294
370877
82943
148837
597905
735913
386598
275218
999462
614099
359833
80407
81262
59482
644456
390699
865671
955465
952099
644861
721031
931750
494678
495379
661239
927927
637841
705897
875765
550807
429933
706603
209580
88685
379989
450480
12706
534849
761024
961025
224072
895436
505075
934578
235674
635155
556208
687258
496484
555991
993544
313675
803214
621966
313560
124083
587221
137989
746481
675831
448464
860184
906289
491690
907717
851728
983959
377559
40379
872115
978583
655977
265484
242708
195588
909591
590893
889000
555728
242601
908567
789024
956709
552710
562563
152483
103998
254692
314354
294964
751526
808789
857725
227173
121242
881936
824537
887975
786498
156710
898667
268182
852073
337063
474720
578336
389042
425167
861262
147892
576305
367642
546754
235052
420543
391161
313461
514219
60672
986223
394902
591581
886043
756736
984462
457780
452192
983472
37699
46477
750297
983485
108843
713307
989523
670767
968633
84770
287428
784974
358636
41588
585524
666854
493681
240402
142874
955297
124489
856250
851424
232252
587452
525307
748336
43616
299736
243505
900392
572958
395401
266260
954402
470078
650638
807865
536384
30024
227018
874005
257706
185740
166067
603806
857887
237546
314189
246193
860138
724307
575643
14771
393498
897565
779933
16439
760338
471188
245107
485616
941950
114695
741196
371725
492963
334829
124189
596706
873226
591766
440317
82333
463510
342522
800122
118188
630212
379673
914036
559949
582072
899019
356945
89595
481300
388531
505572
931175
329760
23545
83235
426771
513450
764017
446652
294612
376614
384879
57269
243882
868955
406789
265795
610697
223673
895455
853590
164401
881386
165128
356459
720931
18625
836212
456409
239341
476760
958007
103809
358071
825579
653559
149458
994279
408162
850096
184347
265860
702135
288378
84337
317241
931606
715648
727537
347178
945352
67004
716301
30127
284970
464714
634891
917317
249657
4088
798882
296037
445496
131987
348164
587132
121979
857238
534774
651856
607178
863223
344056
90051
822885
386117
222593
862533
483223
340295
131591
102691
627755
992580
157084
610480
674955
676398
696518
204624
709034
690239
960589
817784
323838
71472
567061
49508
86772
710755
640574
607392
985287
345866
575766
521989
346307
892178
131924
860625
272792
819123
794936
438584
388710
973002
314725
515429
294286
161793
596982
9245
792021
657532
102292
128222
141628
267188
345944
767540
703702
594092
325546
393457
575754
447756
356157
936012
658821
980998
933322
189376
223038
557156
946600
535069
497892
433802
560544
543797
134379
72857
662140
75731
33974
555364
574452
316104
188215
303842
644153
119454
5339
788974
448220
890286
992143
407051
737719
522013
90209
682835
279852
145113
42997
356202
988740
237110
859436
431468
285311
805297
5965
722515
549479
370042
697133
340322
795382
775433
841916
644030
72545
773291
905725
379961
159731
343896
962605
56142
890913
974105
567937
562407
781256
206960
284122
271410
843646
195787
927487
879142
547339
650785
458349
466131
487271
789056
388862
517856
987449
324899
735880
239048
208142
241276
510932
165463
832876
989828
352941
713277
897483
482344
585589
48898
107724
305135
584122
340513
874589
555897
903422
786084
193267
306182
114885
151209
292535
266767
483594
415152
714212
346902
302409
209074
133268
76812
256176
888666
883967
7217
740614
849912
196255
687313
595656
762910
924912
814658
533038
790074
39366
812573
891604
708567
289109
871852
53561
919628
542243
424944
65215
142590
993076
401587
398405
50411
317228
985715
370004
795864
842452
850759
863330
489439
477051
243988
415017
888547
230563
224353
25597
305815
562850
971543
135276
100369
34945
171974
88067
732669
317326
469082
911799
435060
704043
528926
768748
723574
410300
490568
356652
175686
950746
237569
748794
808482
221230
759593
197221
586519
993257
892955
740274
173878
180532
503769
144317
750759
205709
526872
497063
820926
985852
460842
27698
223977
118824
354824
965863
510454
190993
908142
382856
612312
151344
133039
439430
230437
367123
730335
455012
32346
503074
838579
605126
983007
458342
58964
253889
33498
87003
920158
254502
860344
96179
841980
518543
512058
605318
444776
85687
786958
278857
446637
372994
973452
559087
978650
216348
336525
965336
644677
256308
980079
158910
936435
564042
258960
921737
140349
293256
185914
857672
23029
933187
454169
154283
633969
985697
270915
447045
375629
998071
322178
710855
437863
329088
331048
195236
360615
70005
831131
204364
80510
570093
559052
775373
929814
888442
100458
707571
129479
388919
892366
623620
562135
676792
938485
222784
907338
230551
89918
855504
180378
252177
862501
173325
709229
57760
617678
652702
432667
616692
940225
843325
870499
777487
32462
195739
523902
435222
424510
787147
687881
210017
482664
189026
400627
464415
198093
860143
210882
384311
578898
123068
766975
526406
432473
80185
347208
705016
321204
710067
610753
951951
181023
624015
663748
318984
815857
446842
197743
457285
679378
970936
831066
956334
848381
862586
611163
700115
913323
416857
398900
449494
305384
731655
459098
854022
350389
713694
150422
345512
208644
555042
901050
108554
269323
571027
69687
434123
967593
298152
773145
394671
557252
257304
494085
8051
457126
668731
794923
509879
285808
951778
19719
690416
960719
670752
317177
553733
850163
410508
602334
912979
626952
383387
812039
427165
252354
392779
432464
912569
678268
910831
419268
232415
310973
417348
774952
494362
442615
796261
688877
202405
368289
867205
441238
727375
637572
386224
71040
999282
530688
914237
576559
303907
102494
15879
517994
123383
818827
383982
853512
776522
952081
9024
607372
40938
597357
489814
96946
260103
224240
178242
939433
699285
588926
589947
582164
287384
674502
725153
488392
232383
334717
586548
138616
7329
213820
644175
391321
918662
205093
560783
771669
933613
815953
827928
650732
439506
78196
364182
392709
821596
99669
343020
946863
382722
592230
415741
869746
929406
1508
535004
993938
654574
757282
942761
199895
164776
146568
201903
237696
251281
371772
464619
7640
356443
548539
381106
731236
174947
211528
159193
853980
467285
887843
966650
661689
866735
189031
880090
949021
880821
100510
613513
580751
201461
310678
283935
257617
459169
805130
429075
289505
770345
941824
441562
870069
20317
850145
418874
881284
718215
862219
678592
548643
169244
357553
707792
791538
515996
557475
908384
838297
525778
371982
395573
152431
953687
652974
929556
438541
709123
924249
635435
628047
792073
814041
338216
691247
38489
8723
201967
973304
647147
606308
291081
346293
614075
195790
148857
923458
35626
85348
267925
183521
708626
261689
382887
651775
968461
815612
683579
642348
646408
779203
946703
281953
565735
320639
939469
707982
549229
145201
737783
352311
505466
325373
983116
429128
619576
36057
812333
290426
920868
418955
153908
780506
737184
96576
487736
181636
918669
248308
117951
65098
326250
924535
721320
150713
262013
574518
939593
270706
889194
639445
207949
726272
766796
741100
477959
947988
496014
944517
234609
38810
59159
680504
210432
527182
99657
52984
171816
789767
803345
330392
233983
414968
474042
352086
406871
354990
352018
353712
898603
851121
589964
519863
338877
862895
713695
699809
888498
338295
650503
37196
163323
619537
278757
966361
24107
631153
575214
233495
460196
632234
121795
189529
743336
16105
32856
883973
82550
573563
248367
685578
477479
670763
654395
459914
244856
520455
887354
102605
462788
768970
557805
619694
882596
296226
921526
662125
654260
963702
355255
691436
41877
931698
449268
17934
31261
541359
982335
289608
913992
350803
290842
865915
306318
201409
647919
354626
486532
776755
90293
95294
215866
526194
812271
668187
342352
406849
27263
170914
450206
230414
898502
322014
67980
896298
305639
688419
962187
81769
470826
500704
381706
857388
650539
123452
856905
359226
465698
838396
95736
224945
195928
916211
771380
806365
616370
317887
971021
743330
432086
964247
904743
834537
528492
90327
16635
186283
143953
3555
219259
308706
532031
709460
861772
67472
411217
840405
363728
671583
855034
926098
570965
83437
766047
612680
456410
597463
976545
377066
961798
728306
18667
397403
196612
962282
813839
173302
242814
667137
416189
841992
951293
178148
96694
934514
282198
595211
978999
891213
760642
126836
974388
901679
671588
995755
537297
739082
576862
363826
200736
985645
283345
927041
227223
948254
620737
479268
742725
843515
262072
920262
534928
407778
990310
290052
735256
907780
576370
313015
752902
189848
130481
230709
918704
392072
872119
645574
886572
146507
674359
741064
147468
542880
638353
433974
469904
872341
681476
15370
290582
896331
729630
807498
52610
288252
551808
239
892092
268578
238466
280052
554740
784300
526213
446567
287956
754173
933604
545028
420771
587024
664299
865546
706127
147765
17324
779734
839345
100552
474933
994476
781006
771811
832436
275784
661199
447532
262724
990107
368232
676488
107244
495140
267851
811741
892719
251193
363048
435212
367189
358317
35860
732491
364767
384371
927078
190460
471694
95916
356869
214508
844477
635164
292270
861832
685163
453412
130924
442985
653198
249169
373877
442928
722076
790014
883867
279491
120773
952760
452760
624886
721634
65253
979467
194206
480404
795432
821214
16870
131262
117031
212602
710698
692577
396828
126202
822543
473107
467782
906345
188261
77792
384750
539555
351742
180953
116855
563077
499846
619228
424017
385278
17988
208967
332511
164345
402838
386884
674126
249312
893853
427517
532519
233020
92059
682883
794994
769991
9222
444229
858774
84245
508963
12710
970351
161266
658268
386621
287423
548178
157615
426506
344085
447617
640238
376317
276925
29750
47242
153120
559811
82804
772660
950679
955765
880054
952963
277882
689254
345910
825196
880384
813725
754451
237884
253872
932504
965938
836725
592464
478154
855108
462458
330255
422668
813389
31304
833354
598351
524840
334189
19981
406786
135826
308031
126278
315380
742249
327702
310647
461563
974971
493219
528388
34666
390803
377127
582966
761138
683626
606823
72952
218648
844155
257692
595932
164611
62017
231566
450073
447607
571439
887983
721794
764915
147815
657315
92199
582806
582142
314455
318732
337359
614294
37968
832437
447587
928188
853120
365095
938591
203826
109891
784368
613073
61026
759724
313492
686589
553671
851897
518231
145143
734950
900782
659505
670334
151963
528472
359541
72212
787543
415799
432621
499276
557680
939485
891904
820367
641890
426652
352839
151806
746941
184341
974013
139888
656142
83573
859155
416294
10129
779248
202737
295001
498467
831914
5767
875661
696649
831100
940093
165376
463551
790439
350327
646972
602938
597604
721603
655526
310567
940632
328283
41451
132424
414521
685181
908385
615141
189579
930994
527202
233399
413738
24761
975037
647493
222068
388675
412908
830898
156709
255434
269298
290959
842620
603306
65804
166103
634581
535678
619037
750533
729454
30060
799071
852761
538744
616918
775213
677615
87673
697115
896652
26970
343406
327657
16118
195185
449260
735037
75604
451990
258428
437071
211206
531270
718629
637725
817033
861986
730792
21525
911850
560214
828599
2956
432203
984489
259280
625196
624969
75386
930448
243873
703761
731143
109918
841275
940813
148994
486219
40960
74776
823373
736755
21922
326916
338178
817118
991599
534020
718550
536694
676758
491000
743762
715800
404201
891866
535103
253086
601952
551457
794889
834016
719542
375536
522276
95167
329332
258560
819415
662783
172576
491406
906275
980637
209489
674126
343331
940652
874883
492093
339256
801632
943079
781636
637163
40064
353834
396994
842742
846900
619970
233829
277435
171114
308412
66206
95371
545321
776644
395477
645933
171771
198010
196149
197895
765404
83097
928227
256230
495676
974480
156843
408989
333878
943108
899812
524723
511389
981698
216690
327355
585009
61630
431106
523997
894643
487747
497389
9221
808132
438296
364913
422575
88077
551652
392702
231505
333371
142064
773534
57737
210784
385606
306905
472962
644509
958995
351129
570411
709394
693595
493392
98449
786147
151887
443712
187000
678235
602448
921789
398229
866710
769966
684892
581345
76587
217530
612939
260490
944033
354601
116541
221643
877813
893047
364574
438165
514397
259478
361192
489884
399926
407405
760072
986415
843725
985410
719029
230887
913761
644883
472330
533041
775096
882908
757417
438326
336017
3638
343668
763988
302336
124154
25779
948740
54679
989693
750761
412016
972297
30512
172053
116223
335367
88886
345323
798017
301849
153073
474908
530027
20922
812438
210260
893616
110377
324562
465790
527502
88127
380469
7608
56500
971610
895006
499182
226520
948977
39751
139729
17024
244818
639663
867856
523140
643460
388198
266318
371653
659924
443465
959821
957119
879684
344812
396756
833631
669555
447182
350208
997424
697063
80636
978855
111138
322067
237199
884744
58245
884276
264224
704824
180131
596621
635500
73610
684175
771010
813551
199478
419373
972021
127196
904329
655931
390382
916010
559672
690311
904225
672957
886142
702156
570351
405609
361982
529336
497029
240405
914053
691612
388755
332956
319375
961459
601132
159847
69338
738129
934076
152500
407136
824820
577159
521874
828547
884595
424910
253585
51447
46144
108344
276371
612213
340525
945317
560287
787602
9951
450139
502195
594000
235326
217664
959229
947013
701546
938062
713174
138405
579839
636680
84397
940606
187212
93112
701528
656501
770072
241652
571980
170608
934101
178845
287269
626228
263887
771433
308836
724155
573538
538553
541700
486995
258724
758935
250604
473872
155696
293211
764286
966641
81358
173554
77431
175894
315866
803091
902366
313772
948239
304462
845835
693347
854991
337062
469392
298727
328387
858619
726793
670279
157522
937015
738222
273154
7715
890506
266871
120347
117086
629989
968225
141132
117402
386514
962038
133774
857503
594955
845490
801733
301306
268898
8348
327446
522158
879098
206064
236872
15502
39906
734338
473741
680661
905925
523861
589570
851768
216430
760136
327692
733121
554469
144742
626525
635376
197757
915815
737836
98247
279022
949578
215910
608179
807968
56639
292239
878996
118533
653818
659683
531879
366833
257482
630251
40561
999689
293921
789037
556437
112607
854063
393849
228313
435275
201327
775948
151430
566266
274570
687729
992785
233572
894054
265845
170132
879598
408515
371992
21525
52059
155150
442810
250999
483730
244134
421270
443549
442009
361811
559471
370995
802873
486995
985825
760875
446564
54542
548498
736577
71039
837054
894354
608404
677670
721240
69637
996827
223933
962550
680881
860822
483868
950238
334421
215033
553855
550744
297902
162976
699374
201280
818358
90484
999752
662620
798920
624143
687438
580466
837781
937829
292335
870118
641951
339971
598637
227018
671265
677020
868679
378102
301352
188923
769781
195512
464975
717317
163030
779154
2549
645459
717358
856066
472081
835002
574457
20785
195479
13418
33236
490302
662584
65160
630391
354862
556906
227744
535510
239491
