100
290735
852928
229948
895
721790
620710
556135
622982
272383
329772
110519
794231
497286
188581
910573
136946
991514
415402
596420
49824
162716
520298
737534
619264
951983
977963
559401
56011
174164
395469
914426
866274
192723
633635
30610
772033
690265
142768
728196
514286
147114
269894
214169
465552
314629
865259
140476
341843
663109
32572
89063
162014
250343
692970
299264
898640
97977
490924
469235
566406
62046
401422
984699
57925
240213
155908
396080
260893
79463
939153
891220
586341
871006
640177
536858
77963
494987
565951
907920
811997
625682
182335
156771
963352
510124
373179
932593
940028
554510
988246
899597
483166
833767
543750
782911
590371
24273
336457
792755
38523
