1000
482700
613512
689780
133753
598435
117339
242132
832270
210611
470183
605969
617303
652294
890117
554232
485181
922055
914866
504024
531792
812776
588280
390886
119144
531367
202532
671906
633466
288751
28078
991843
28511
324504
51383
844360
239934
159528
97803
759241
237412
784319
168791
496200
713050
41029
801392
410104
434242
625575
560722
344472
497539
163090
738670
276906
354125
403918
987935
341999
933883
445869
931071
796931
668281
894753
212654
499171
219920
196897
119162
939034
712763
780881
425005
767671
523840
154330
868220
180385
999601
204283
328395
827774
131694
968507
399772
904513
592828
275646
638976
905866
237113
416790
750712
48443
936628
798839
374644
189613
51914
89661
47846
411253
717215
211127
300822
828247
89078
155506
248669
218976
453468
785601
244467
494536
349296
203030
635938
527340
394845
501908
102894
155857
571290
243996
868462
279191
184319
695306
548921
231392
644545
581083
880727
120481
357369
905670
994433
727276
986093
565790
167737
260724
966948
449010
376039
638582
781251
718639
892890
290625
29738
426811
507091
216135
499548
457542
874673
250180
433004
229965
326323
201415
678077
433512
626983
776291
157285
795488
569545
740196
865847
225663
237750
6087
751938
383547
226326
826228
166680
160241
495463
77376
85859
102560
120823
910810
760813
479392
405369
560375
349098
946712
848678
887689
920537
328046
907065
490458
625516
571379
479797
908642
832200
232346
744977
683338
547249
796920
153412
289082
496427
365921
683912
994471
753371
783591
21910
987531
595591
458155
709706
873155
92628
447398
59929
878408
208018
809369
978220
809004
356742
656915
471155
628161
957316
551887
684011
124888
996799
608540
877505
190563
643915
554989
884981
188715
846309
695967
720844
554852
536182
332427
251177
612738
641255
117747
355877
102761
302084
191999
596552
867828
325283
592940
57195
531538
893753
779451
686839
789556
702139
982504
635226
804712
575701
268200
883176
292523
184662
123489
205055
787064
661378
627027
272942
65638
842554
863150
983814
414323
872085
865607
238835
815057
156637
485471
889744
386407
805885
982949
78051
764298
706644
736265
801499
312040
297399
797467
970916
495624
510821
34837
416516
413182
586888
437780
106406
880841
157893
777870
586911
689813
905819
323307
208044
725936
917556
241716
416316
542561
123641
325710
512512
733281
619339
570650
669093
882817
66716
524084
150332
657434
962345
444734
123120
261746
271996
26074
626908
364451
989025
909948
104199
399105
707402
39407
214134
256914
541246
183298
697200
444919
882389
627881
561687
426700
102349
613059
711383
943614
940713
588245
600153
871560
405610
214645
672071
520940
222890
133743
425769
453450
903500
492955
798705
260345
866516
104398
545120
882476
431113
553491
13155
662197
461481
304206
366716
991369
224714
721566
169128
12857
960381
791424
608311
426442
505972
974852
12012
629210
686259
941946
696523
569272
314342
322957
830893
131711
826059
262297
721866
55112
488518
158247
818661
744395
330681
405194
846655
657029
866912
441525
762452
538622
918465
904842
461565
146276
860125
998906
158092
681118
838857
698738
327018
418178
734861
313790
139965
25375
968887
640698
914114
793141
151095
888757
626646
92691
862207
350540
876828
699454
10750
872128
765046
593274
333523
688954
794654
135555
559007
440104
20062
52942
187382
890335
407253
434430
941890
185117
282671
252983
291035
494150
130822
953427
403931
57177
195717
964543
770895
837063
965095
584735
831570
675572
409121
844141
591256
658445
312368
187755
365742
951489
747000
660354
977366
668407
846356
916411
458046
469031
835186
28268
254093
415209
586198
514699
492364
46136
82145
351376
634155
381828
702912
528013
134435
686147
660483
946980
710269
793280
465183
230561
499958
34715
466715
276787
957799
748101
977894
137562
169778
20189
754974
853130
87795
708819
479160
229255
18683
579896
557626
441321
327937
414756
483713
519757
320897
685706
541221
721125
705266
560803
412892
7321
484210
854720
389538
12978
264891
535293
559603
978857
963464
172061
462817
632838
254669
29504
261428
98455
622388
182837
909462
360570
440690
64904
855853
671594
573529
995380
585600
942115
744706
294813
124733
910184
241669
484322
596960
786762
368602
229612
452818
274221
809355
31837
817130
921457
735892
624156
200686
919358
790135
326915
494265
718612
399381
58619
333588
13606
775392
446691
636289
644678
123725
547001
710571
36712
276380
284128
193232
778941
939858
258287
853371
988000
159956
758607
959099
341968
370174
977407
8636
265139
377262
890337
349896
802659
519678
842287
36698
671297
312531
615475
414401
870489
722650
730530
345140
209597
482563
414016
906270
212353
480789
703787
464189
173701
840093
598333
15305
753144
285120
9126
20381
361
621404
582091
714324
190231
98834
77447
182782
477508
52752
28178
353985
324217
238366
618776
896247
190039
181676
520732
202637
187385
648775
638406
908602
172040
196977
968873
500002
619675
722720
310956
18145
186293
751167
613785
693291
15875
482831
127083
930025
622473
659004
131078
140240
330365
946914
602428
398009
437688
503367
179062
279882
542231
870183
607312
224230
196647
323794
126474
608874
528382
488168
744974
50343
384986
852459
837083
924899
393771
460208
5636
882368
192872
420800
639567
346078
616889
606148
588371
487259
998102
902126
262319
757114
838762
872741
590297
720784
714261
434493
482681
157646
69292
520659
450072
259070
938818
409136
781923
41805
830737
247208
652143
599625
820355
138356
172550
650587
183624
78708
119363
79149
930733
91357
811483
873167
152488
504021
532909
792981
378600
531975
104164
934349
215781
549282
301315
874424
76814
236470
454797
67496
821118
979258
469158
234755
781794
355372
981664
916917
830601
57548
596285
659026
99381
605433
238730
528832
891058
537756
383122
987152
443140
113099
434591
71024
380908
64934
138043
71804
721953
976107
112489
675509
340080
292733
228167
275489
657451
397223
759322
196986
72339
204106
286180
341564
280908
343653
942487
563719
690014
589158
995263
464777
921203
684379
817472
286395
435243
296018
304829
649197
677190
10398
302130
363082
635239
453166
333733
478261
397994
481226
216773
860474
664720
214842
814937
923249
805778
786975
78782
518533
311907
924707
655350
48232
376548
948129
342023
660296
335143
83853
300705
910125
748809
989648
192982
244950
691661
615513
819977
722090
52956
137695
91564
299238
368793
578076
242057
458299
936016
630346
568908
731125
51551
132975
850449
879526
606456
676528
219944
306916
153561
46605
510958
576443
521751
814727
355707
811521
1187
229099
872695
871864
540029
303628
827954
427221
907127
330360
898520
692662
389761
386480
60969
153272
434298
610092
762775
164038
423078
828514
761164
616469
657902
810898
262217
219264
417586
34904
106753
125469
42716
980744
345990
464548
786124
705543
778769
382286
70257
850588
750456
99543
310819
395659
278419
317599
141951
327541
416748
613156
215497
769596
173421
608964
821139
267832
999865
653763
230216
504951
