100
123659
452825
-303250
831091
-987745
188916
744507
30948
918522
950737
-660773
323419
-366012
57543
402987
577341
-489280
-851766
149072
-340152
-323753
167750
-523424
-938042
-655919
857605
932551
-960487
307620
559095
-44216
-327759
-867844
-314794
-972230
-170175
683429
815035
-434034
303254
840891
141517
696573
-984341
120881
-425966
779284
459461
-997853
405117
-475579
-93885
-324087
-552483
868783
744526
-43613
435222
957660
771312
535848
-327133
406218
343158
-666105
211320
-4050
-866658
293988
536829
329784
654106
703251
-710227
66289
-995231
-387642
-12030
-343349
-805946
-172242
385023
124418
250403
393005
510292
152484
-76198
-360680
555281
989225
503513
165387
952976
-204937
-644000
-181296
-100694
-714162
671219
