1000
561830
726413
348376
915546
6128
594459
872254
515475
959262
975369
169614
661710
316995
528772
701494
788671
255361
74118
574537
329925
338124
583876
238289
30980
172041
928803
966276
19757
653811
779548
477893
336121
66079
342604
13886
414913
841715
907518
282984
651628
920446
570759
848287
7830
560441
287018
889643
729731
1074
702559
262211
453058
337957
223759
934392
872264
478194
717612
978831
885657
767925
336434
703110
671580
166948
605661
497976
66672
646995
768415
664893
827054
851626
144887
533145
2385
306180
493986
328326
97028
413880
692512
562210
625202
696503
755147
576243
461902
319661
777641
994613
751757
582694
976489
397532
178001
409353
449654
142920
835610
633487
576305
355688
399880
153664
791973
97931
492121
152899
542578
838083
739462
619388
125166
839607
128982
115863
765898
802937
442497
257550
208313
66187
887974
347611
339496
494463
838315
843796
924480
380985
798209
451058
316914
277990
499716
197719
135187
329199
454377
708486
546797
203022
881856
463739
726157
338156
346512
985147
954654
770938
597866
130509
180164
55029
349946
503839
761135
553293
514042
430575
852841
423708
359785
74714
764564
134059
203903
956573
460216
170810
219968
418903
395528
453394
140422
23952
734974
558904
585474
706067
841265
480998
767467
443318
989852
670829
914191
19548
923356
419164
875551
204713
790653
955052
889981
898386
354015
988555
367294
197113
73419
218931
818961
25852
678207
455345
674912
226214
679004
807059
306242
635892
537559
913716
300142
811549
794632
96499
831581
55237
545628
372607
85668
619293
208516
194511
156672
417414
300122
458649
295153
885840
252332
444622
340896
279824
363253
166993
572591
612463
841742
624513
772216
496961
224540
982962
340519
62496
982027
407418
310789
546487
353600
375978
224430
307586
702544
411387
867125
421891
452284
639137
466668
187260
572091
735054
368557
88817
3910
562766
101886
707117
221258
739033
863629
833115
979416
161849
549795
883760
345360
960401
972461
744967
678809
509876
190358
554880
245218
861596
396035
53521
724263
397762
735204
509562
657090
48076
762791
75944
339729
412627
997511
119584
881394
613834
543024
882335
43454
776339
651726
29131
317736
741570
766593
308747
148488
185938
143196
122076
989605
334480
361116
168923
485741
253309
959575
383096
35646
438131
124237
325653
495545
825773
331940
765020
828121
478264
706706
643199
474227
650048
350661
736903
692611
822125
536011
5496
166860
300749
457271
195643
774854
943345
333665
237384
657665
695691
915733
647971
201088
993010
461006
593316
414033
778763
136780
432062
982243
355022
52655
11219
611328
720523
635178
554345
262755
937370
567739
452006
323752
346259
531165
982069
277789
306881
380590
599565
883863
188402
163090
809621
317316
151084
100777
842263
779014
400197
357516
940154
284346
858927
464427
326205
303725
768704
69034
462117
305048
746585
312031
16612
469141
211057
423593
335071
530917
991851
711236
124292
884526
72703
538052
342800
280742
531594
810908
7561
803467
294285
991734
364148
300336
179773
687702
106834
908461
640364
592080
973163
636315
702252
56869
847375
960994
23358
25505
838676
16688
509192
541850
208894
754036
815713
41579
519888
944164
749749
901889
554053
263421
898654
426233
96388
941430
192785
339847
815495
933766
657580
948060
581401
365620
711352
681316
872976
455768
574389
333135
168365
82842
430920
137583
344154
906861
573590
503992
921222
667715
594378
317581
901501
494405
786789
673485
622131
244362
115447
765282
184268
142765
298619
18670
818796
606232
14474
853288
484767
115550
140157
207481
878780
153635
437032
702160
70152
641220
388969
587820
39026
265137
324784
291189
616882
11478
280052
592581
560500
761424
985074
658533
504090
240224
267454
616784
665240
542049
461710
582741
551084
274947
214130
465158
413884
477693
792005
878961
529261
729967
893655
373415
185740
511688
595052
373789
935635
49833
97108
870613
654111
164743
93467
568086
619033
118925
116412
48770
443979
733903
976067
827743
527477
420780
998872
991947
662137
910377
827915
513673
155303
125553
609267
746771
143497
745075
453881
379727
872010
962016
354085
54391
937711
84129
752837
683518
362734
160022
741942
515230
569858
700238
715924
10511
330458
555567
253502
85376
228381
106962
157634
946819
662989
8577
2370
996807
910227
838628
64509
218649
161974
51655
149588
305021
154693
417924
592785
303888
138026
683882
650883
274201
814737
607037
495167
209291
179202
659693
31190
234356
277512
160943
999235
173181
57934
492285
130086
872791
538911
212847
878563
205809
18395
198809
96165
666501
57593
587238
533988
434126
735612
245870
886622
656736
941514
238241
203820
819563
582123
414669
349429
168745
319731
54527
286902
35772
295906
914711
991518
687340
134336
193434
265517
930119
78464
734031
56448
304709
73623
80593
26146
311434
836204
221479
170288
576060
909911
404044
128754
512436
198962
352475
429640
549499
5305
454513
387727
387374
762251
5702
250569
799990
562518
882527
914308
243242
678939
927672
296768
182287
6691
967407
152667
136730
282896
730194
937999
886422
959436
131068
822199
149138
982817
527930
175723
614369
400218
617269
416649
829409
648484
657332
8716
493391
711946
395983
188300
29443
606809
946636
400833
872213
3067
176962
860900
479453
947488
147670
920142
649686
231353
750310
617719
897636
628951
301409
815045
175720
211535
556746
97090
495768
184539
16438
865950
865490
567080
396393
258538
475644
679838
751866
870252
245089
321345
817929
43478
84361
320424
987560
99791
981598
341861
481422
117629
871981
555821
572514
610854
456108
421662
846073
505204
285149
270634
502211
266061
619196
39376
955318
953772
134740
798393
373496
602128
839989
289876
523194
848909
997824
627602
743222
552443
776323
22041
759683
410606
563599
906214
306945
261246
693895
382205
235254
378371
592941
22084
528509
170611
386963
127707
475235
419363
900374
842656
386406
265201
806800
773861
755674
827555
417398
512483
357702
505663
704772
979082
887606
381032
695082
199746
730736
629232
248364
896515
197298
560902
600555
441714
287028
541996
277944
649393
748766
584067
109203
153274
826281
85489
429033
271636
140636
405503
837134
661397
729965
639144
243084
271943
156185
628557
221641
92979
749554
31368
259777
476100
342246
788462
200696
713174
213353
127627
571865
386304
502830
17797
151726
498917
248362
740479
990142
366616
9683
6140
256078
584620
919364
934604
858875
843639
997680
865097
732436
33376
129855
928567
987330
986739
508095
333802
483658
900841
420375
95627
152562
477594
937568
589507
268336
609446
603128
125437
64892
459995
284550
678767
330129
302819
424726
413370
724605
224672
677635
991662
673564
229296
80109
974316
709636
610540
854191
708921
42070
48
546682
826043
495622
686579
698116
836775
193902
221481
633631
657137
966609
519266
93500
564155
703299
741422
331366
362098
372441
881184
644016
775084
181578
416421
484569
821041
613207
759090
700425
209906
630878
370566
774071
267553
378133
