1000
474
1502
3905
4619
4627
8421
10302
10304
10774
12794
15484
16530
17185
17224
19972
21489
22239
22263
22963
22990
23709
28792
28845
29137
30418
30665
30861
31130
32196
33202
33258
33492
35265
35968
38881
40212
40708
41403
43770
44263
44678
45370
46117
47333
48683
51802
52659
53169
53866
53953
54201
54374
55736
56057
56923
57284
59398
61156
63245
65807
65964
66932
67923
68077
70230
70742
71055
71596
72489
73815
75311
75943
76307
77059
77772
77931
79601
80344
81527
82681
83192
83431
84907
85889
86567
86914
87011
88901
89913
90308
95429
95686
95879
96048
96645
97272
97292
97982
98278
98904
103519
103815
103883
104447
104867
105060
106575
107317
110792
111753
113014
114175
117103
117215
117718
120142
121471
121570
122018
122660
122755
123053
124410
124653
124905
126010
126035
126953
129591
132132
132294
133550
134589
135242
135758
137013
137129
137385
137793
138315
139692
140601
141036
142003
142245
142858
145992
146918
147391
147712
147793
149565
150241
150630
151218
152963
153652
154065
155083
157107
158689
159060
159129
159223
159760
161936
162656
162773
163150
165431
165487
166097
166143
166690
168722
168985
170124
170226
171015
172337
172545
173593
173954
176288
176440
177194
177202
180821
184939
185366
186091
186162
188744
190646
191969
193257
193518
193677
195605
195840
196925
197416
200792
202139
202296
203023
203770
204794
205518
205799
208270
208459
209097
209663
210326
210773
211440
211608
211879
215418
216076
217575
217596
217730
218449
221296
221723
222395
223072
223092
223359
223783
225167
226004
226390
227014
227029
227753
227951
228603
230054
230109
230113
230156
231987
233469
233477
233749
233983
234121
234485
234560
235122
235735
236178
236271
237061
237964
238531
239985
241318
241899
242158
242455
242812
243361
244325
244443
247588
247699
247912
248085
248121
249245
249777
250005
250986
252500
252625
256335
258501
259209
260610
262533
263224
263869
263905
264480
266009
266132
268971
269001
269821
269960
269967
270178
270455
271359
271951
272303
275422
275842
276532
277385
281251
282710
284890
285919
288115
288951
291032
292384
292850
295370
295383
296435
296664
297981
298213
298753
298856
300284
301024
302253
302644
303126
305622
307172
310809
311061
311116
311546
311568
311983
312099
313616
314501
315120
315189
315873
318373
318615
319065
319478
319928
320583
320931
321924
322541
322773
323606
323969
325058
325483
325551
325848
326445
327406
329108
330489
332354
333173
335817
336815
337451
338603
339537
339666
340385
342690
343516
344739
344907
344965
346775
346880
349559
353479
354606
356571
357365
357679
362934
363866
364264
364432
365962
367038
367192
367396
367434
368361
369703
369726
369753
369754
370957
372012
373666
374135
375580
376517
376592
378021
380201
382642
383265
383875
384247
386098
386587
387879
390551
390706
390838
390882
391281
391519
392887
393397
394178
395563
396617
397556
399911
401036
401501
401573
402938
403827
403941
404001
405590
405932
407943
408036
410129
410766
411067
412382
414257
415021
415327
421334
424033
425537
426123
427320
428201
429487
429545
430778
431349
431544
432981
433580
434740
434964
435820
437520
438320
438425
438522
439732
441082
441132
441290
441550
442070
442289
443470
444586
445731
446657
447223
450476
451115
452320
452633
453071
453572
454126
454204
456391
457880
458488
461158
462267
463575
464493
465422
467070
472057
472066
473076
476299
476594
477274
477602
477890
479233
479731
480355
480632
481524
482593
485577
485738
486606
487983
488520
489664
490177
490413
490685
492843
493852
494101
494562
494671
496522
497168
497339
501246
501962
504090
504675
505318
506231
507967
508050
508746
509004
514760
517404
518193
518940
520322
521486
521778
523199
523787
523900
524195
524284
526085
527324
527414
527621
528468
529565
531736
533029
533222
533442
533569
533971
536266
537078
537352
538627
539443
543997
549536
549811
550083
551271
553045
553527
553650
554110
555289
557021
559623
559712
561674
561999
565534
565699
565982
567474
569060
570220
570463
571308
572335
575578
575609
579947
580545
581097
584735
586112
586602
586973
587606
589817
592470
592611
593097
599708
604147
606094
606641
606926
608282
609295
611151
613181
613424
613603
614227
614328
615530
616169
617272
618148
618910
622398
622613
623326
624130
624857
625704
625905
627736
628603
629792
631085
634633
635067
635357
636459
643553
643613
643793
644479
645329
646173
648242
649148
651425
651921
652185
652202
653669
653787
654444
655162
656197
656769
657139
657525
657610
658934
659138
659179
659770
660360
660496
663077
664522
664604
666610
668577
668851
668901
669453
670754
671570
673138
676154
678109
679496
681703
681722
682868
683522
688041
688592
688923
689818
689868
692076
692859
694602
694673
694978
695120
698174
698577
700268
701186
702389
703055
704325
705530
706062
706528
706541
707684
707805
709555
709569
711881
713305
714682
715233
720684
721469
721830
723287
723756
725918
726346
726507
727450
730442
730468
730523
730843
731175
733665
734660
739029
741495
741553
742665
745477
746109
747066
747805
748658
751100
751619
751648
752376
752508
752955
753098
753190
755330
757413
759528
761543
762441
763997
764191
764280
764522
765018
765536
767384
767904
768222
768564
770062
770186
770551
770604
772000
772214
772557
774722
777238
778104
781295
783162
783326
783335
784046
785367
789710
790884
792658
793701
794493
795144
795515
796491
796626
797026
797575
800167
800325
803314
803486
806356
808998
809588
809727
810020
810174
812177
813755
814033
814296
814766
815458
816453
816497
818415
818632
818687
818949
819408
822541
823548
825033
825389
825988
826927
829289
830928
831052
832137
833160
833373
835981
836296
836495
836651
837223
837842
837986
838511
839023
840714
842009
842728
843010
843314
843416
844143
844280
847206
849125
849155
849340
852047
852427
852581
853486
854091
854490
854961
855510
856963
857411
857931
858610
858973
860652
860971
862899
864542
864836
868203
869778
870477
871631
873079
873809
875998
876090
881411
881443
883051
883491
885721
888947
890256
891027
891740
893495
893542
894793
895551
895894
896479
896537
896832
897928
898468
899298
899759
900255
900792
901233
902348
902665
903501
903668
903822
904041
905403
905595
905805
907092
907195
907624
908378
908761
910360
912053
913532
917230
918082
918414
919650
919711
920492
921227
922405
922620
922874
924758
925477
926079
928096
929124
929186
930604
931574
931909
932570
932798
933343
934159
937001
937003
938102
939078
940918
943105
946178
946540
946876
949721
949934
950414
950444
951829
954154
955437
955640
956782
957299
957366
957806
958082
959052
959119
959592
959955
960808
961050
961274
963420
964531
965010
966835
967051
968262
968296
968478
970031
970847
971361
971708
973893
975415
976646
977047
979460
980617
980988
981172
981484
981503
982845
983893
985808
985939
985967
986407
986481
990774
991475
994234
994682
995401
995739
995911
996558
996601
996862
997388
998323
999775
