100
1064
14504
16543
21883
25512
27115
38160
41690
48453
53212
67312
76288
87806
94335
115218
130764
136684
149059
166984
178936
204580
235176
237305
237549
243290
250481
262844
269071
284722
286504
290503
337522
348048
351265
351342
359709
361602
380626
396577
427121
429992
431775
435009
442307
448488
460319
464253
469710
486212
522414
533724
534333
549123
550312
552866
554067
587491
591341
600073
614933
616726
616803
618781
626396
633638
641847
647562
652555
653930
687489
703858
711191
711861
716689
717250
735510
776899
796749
797721
818827
842990
851771
856095
857996
870234
875999
886537
891068
894644
907114
911548
922046
924142
930413
946908
950311
955605
961546
970443
974402
