10000
75
379
463
476
501
582
700
882
949
1433
1464
1659
1717
1839
1866
2120
2130
2764
2911
3044
3151
3151
3178
3359
3377
3405
3573
3616
3675
3741
3772
3778
3887
4035
4119
4351
4963
5027
5042
5056
5064
5382
5451
5553
5703
5752
5822
5943
5971
6068
6122
6455
6469
6581
6673
6915
6918
7039
7044
7053
7084
7250
7261
7263
7509
7529
7598
7690
7753
7764
7900
7926
8026
8079
8254
8289
8346
8374
8410
8497
8667
8827
8955
8990
9189
9218
9347
9364
9442
9548
9565
9602
9701
9819
10006
10031
10100
10137
10202
10237
10273
10385
10427
10554
10871
10894
10933
10976
11436
11456
11514
11652
11818
11897
11925
12032
12204
12227
12497
12658
12820
12890
12925
13001
13292
13312
13407
13415
13581
13623
13693
13869
13974
14466
14492
14499
14754
14928
15015
15054
15254
15553
15740
15758
15875
15975
15980
16200
16213
16221
16459
16840
16852
16866
16994
17086
17147
17154
17216
17235
17279
17497
17518
17551
17563
17756
17889
17930
18059
18171
18289
18310
18673
18682
18708
18796
19113
19286
19366
19399
19440
19485
19645
19654
19983
20034
20082
20733
20739
20971
21075
21122
21348
21626
21638
21709
21842
21991
22221
22253
22325
22353
22438
22534
22724
22782
22806
23001
23255
23395
23546
23801
23921
23989
24030
24166
24176
24186
24231
24305
24495
24498
24534
24540
24642
24658
24711
24825
24914
24944
25030
25037
25109
25142
25157
25209
25288
25322
25369
25495
25679
25696
25815
26072
26119
26146
26192
26280
26372
26415
26464
26468
26652
26755
26808
26849
26896
27125
27703
27712
27857
27920
27953
27960
28210
28256
28559
28562
28703
28917
29169
29212
29544
29597
29764
29898
29903
29978
30015
30104
30307
30392
30408
30721
30888
31019
31083
31325
31610
31611
31804
31820
31910
32159
32165
32415
32440
32604
32616
32636
32655
32695
33026
33073
33078
33087
33317
33795
33891
33950
34195
34328
34552
34719
34808
34841
34850
34889
35259
35342
35421
35515
35592
35623
35745
35777
35809
36079
36283
36348
36459
36473
36485
36617
36685
36807
36939
36979
37216
37489
37714
37774
37844
37855
37938
38174
38214
38271
38274
38378
38610
38644
38670
39059
39061
39296
39345
39458
39460
39539
39598
39654
39766
39945
39956
40059
40067
40162
40173
40473
40619
40738
40798
40899
40921
41314
41322
41440
41484
41518
41720
41746
41813
41866
42025
42106
42339
42381
42381
42387
42435
42526
42687
42800
43039
43084
43158
43271
43321
43346
43401
43426
43590
43613
43718
43803
44008
44089
44105
44130
44222
44253
44269
44477
44700
44766
44842
44871
45125
45169
45205
45276
45550
45573
45727
45827
45973
45987
46123
46134
46148
46164
46193
46331
46729
46903
47043
47368
48013
48086
48318
48418
48427
48471
48480
48707
48860
48919
48982
48997
49249
49266
49298
49382
49419
49438
49461
49514
49540
49563
49791
49940
49959
50145
50228
50316
50323
50371
50537
50620
50647
50697
50746
50755
50910
50990
51003
51071
51147
51336
51644
51763
52023
52097
52158
52328
52525
52691
52701
52991
53128
53234
53240
53246
53280
53313
53496
53586
53785
53885
53897
53946
53982
54044
54108
54221
54376
54396
54418
54465
54671
54756
55016
55121
55382
55391
55673
55821
55823
55833
55847
55963
56139
56281
56293
56334
56402
56508
56543
56598
56599
56731
57257
57350
57379
57432
57440
57609
57631
57718
57753
57794
58174
58239
58321
58327
58344
58425
58619
58643
58663
58666
58680
58732
58810
58839
58849
58880
58905
59165
59210
59561
59777
59841
59847
59917
60102
60116
60152
60201
60223
60306
60466
60574
60707
60942
61117
61245
61727
61773
61890
61973
62057
62257
62279
62442
62543
62721
62740
62749
62765
62877
62886
62910
62977
63120
63126
63130
63443
63458
63517
63535
63680
63810
63824
63896
63908
63984
64016
64087
64126
64142
64146
64231
64350
64522
64667
64789
64835
64849
65054
65055
65087
65089
65203
65440
65452
65690
65772
65911
65955
65956
66009
66259
66279
66475
66612
66730
66811
66973
66988
67019
67063
67070
67176
67213
67459
67522
67526
67598
67821
68017
68078
68155
68343
68441
68508
68626
68642
68809
68935
69065
69354
69404
69409
69472
69738
69909
69911
70082
70164
70199
70207
70220
70286
70298
70434
70499
70533
70552
70657
70740
70898
71142
71156
71216
71229
71392
71419
71432
71602
71681
71887
72010
72054
72139
72435
72508
72543
72553
72761
72857
72858
72871
72886
72902
73055
73129
73234
73329
73606
73610
74155
74374
74382
74493
74550
74825
74917
74942
75032
75044
75100
75139
75162
75293
75398
75398
75541
75615
75721
75732
75832
75842
75852
75904
75925
75958
76037
76128
76274
76622
76700
76938
76961
77075
77103
77106
77224
77422
77459
77476
77791
77804
77968
78048
78064
78359
78361
78405
78431
78484
78655
78790
78834
78882
78907
79091
79180
79228
79388
79662
79873
80005
80065
80194
80540
80546
80737
80899
81051
81056
81064
81080
81133
81277
81295
81325
81326
81670
81791
81821
81848
81971
82175
82332
82537
82606
82645
82778
82810
82823
82904
83041
83272
83520
83637
83638
83763
83786
83807
84056
84120
84226
84335
84414
84476
84510
84550
84710
85014
85142
85149
85266
85366
85369
85377
85407
85464
85533
85588
85624
85642
85696
85714
85769
85878
86144
86173
86242
86247
86469
86505
86839
87383
87390
87445
87461
87500
87756
87794
88000
88062
88200
88206
88250
88312
88314
88394
88411
88592
88690
88761
89138
89162
89194
89286
89724
89781
89782
89837
89894
90076
90223
90300
90386
90433
90590
90641
90676
90695
90810
90865
91265
91399
91454
91487
91535
91579
91610
91644
91656
91768
91771
91853
91980
91982
92076
92228
92265
92292
92328
92339
92430
92457
92527
92624
92627
92687
92856
93138
93141
93257
93402
93787
93811
93820
93864
94052
94222
94222
94308
94434
94487
94617
94752
94918
94970
95082
95090
95201
95270
95359
95454
95534
95609
95665
95820
96105
96119
96143
96385
96592
96643
96682
96845
96868
96914
96919
97052
97151
97166
97242
97308
97453
97498
97510
97703
97891
98006
98007
98092
98216
98461
98486
98487
98511
98602
98807
98913
99138
99175
99213
99240
99506
99590
99997
100122
100227
100236
100333
100413
100534
100579
100597
100696
100842
100907
100985
101008
101356
101474
101531
101798
101830
101978
102047
102065
102265
102331
102348
102394
102503
102643
102767
102783
102850
102923
102958
103032
103228
103286
103561
103562
103585
103597
103624
103740
103816
104097
104198
104296
104387
104668
104985
105110
105182
105315
105442
105453
105486
105525
105707
105811
105920
105924
106112
106168
106171
106193
106205
106245
106297
106330
106604
106690
106833
107080
107086
107112
107159
107241
107374
107407
107493
107719
107810
107854
107879
107957
108052
108219
108267
108314
108625
108808
108922
109017
109060
109100
109150
109184
109396
109522
109544
109844
109873
109958
110043
110137
110177
110178
110218
110683
110873
110964
111024
111312
111318
111456
111457
111465
111579
111632
112069
112157
112211
112323
112331
112695
112771
112829
113034
113049
113077
113378
113386
113485
113528
113637
113795
113799
114016
114142
114222
114343
114547
115023
115059
115160
115192
115287
115294
115465
115475
115641
115648
115655
115807
115813
115922
116040
116066
116087
116224
116424
116448
116516
116530
116555
116623
116640
116682
116691
116901
116915
116966
117008
117074
117249
117493
117660
117743
117775
117848
117886
117941
117943
118322
118339
118425
118463
118505
118581
118735
118759
118801
118935
119018
119073
119075
119082
119115
119165
119175
119257
119339
119389
119441
119508
119757
119948
120253
120342
120356
120417
120482
120571
120586
120616
120765
120788
120943
121074
121173
121179
121415
121421
121482
121491
121534
121723
121748
121805
121832
122017
122369
122411
122433
122454
122540
122774
122845
122915
123292
123490
123611
123813
123826
123887
123906
123962
124003
124035
124075
124419
124450
124473
124550
124572
124798
124867
125252
125290
125417
125512
125728
126000
126001
126067
126096
126112
126185
126228
126231
126256
126318
126419
126486
126581
126857
126872
126924
126947
126969
127051
127199
127322
127467
127467
127590
127742
127767
127799
127842
127901
128037
128130
128161
128198
128279
128333
128532
128617
128716
128803
128911
128921
128995
129174
129361
129368
129461
129469
129494
129501
129535
129595
129948
129948
129963
130098
130107
130307
130319
130762
130858
130876
130921
130926
130948
130952
131163
131184
131196
131255
131426
131544
131621
131649
131673
131922
131982
132012
132080
132144
132526
132565
132590
132617
132661
132695
132779
132818
132885
132891
132998
133025
133171
133361
133427
133429
133441
133478
133479
133608
133690
133730
133824
133828
134009
134364
134547
134568
134589
134605
134646
134667
134957
135054
135061
135156
135411
135568
135632
135854
135890
135909
136235
136251
136279
136479
136490
136509
136708
136852
137000
137014
137065
137101
137189
137283
137394
137408
137510
137671
137697
137946
138488
138595
138650
138698
138764
138834
138925
138952
138993
139040
139131
139400
139513
139575
140014
140080
140162
140261
140279
140418
140485
140630
140713
140730
140798
140817
140876
140898
140904
140942
140945
140978
141238
141319
141326
141629
141702
141746
141774
141923
142243
142244
142268
142353
142371
142463
142523
142573
142638
142710
142728
142816
142875
142975
143189
143267
143496
143537
143574
143626
143706
143912
144029
144036
144194
144285
144426
144671
144771
145056
145079
145105
145485
145832
145939
145956
146111
146214
146302
146490
146543
146682
146887
146926
146965
147054
147073
147079
147185
147360
147372
147427
147504
147866
147890
147943
148037
148091
148172
148222
148407
148432
148561
148573
148610
148776
148877
148892
149132
149141
149148
149170
149447
149576
149600
149603
149741
149817
149844
150058
150091
150299
150322
150642
150680
150713
150734
150883
150915
150931
150963
151245
151338
151372
151446
151600
151620
151628
151736
151931
151940
151975
151992
152095
152135
152163
152205
152211
152345
152352
152546
152745
152806
152870
152981
153004
153884
154206
154262
154272
154274
154505
154701
154765
154827
154917
155147
155156
155210
155468
155622
155644
155751
155922
156076
156148
156403
156487
156666
156733
156780
156987
157001
157104
157114
157120
157256
157285
157330
157397
157546
157564
157700
157773
158067
158161
158194
158239
158331
158390
158483
158675
158757
158785
158990
158991
159012
159285
159312
159350
159396
159405
159482
159505
159576
159688
159793
159828
159843
160026
160084
160355
160360
160382
160525
160621
160687
160741
160743
160774
160957
161132
161145
161167
161432
161481
161627
161757
162027
162074
162077
162186
162221
162394
162545
162827
162877
163017
163049
163055
163161
163196
163203
163206
163648
163822
163985
164067
164074
164179
164310
164324
164383
164468
164495
164541
164558
164559
164615
164953
165023
165180
165296
165300
165634
165651
165881
165979
166159
166308
166587
166596
166680
166692
166810
166895
166951
167004
167120
167169
167481
167498
167567
167616
167626
167751
167769
167785
167841
168063
168351
168408
168504
168511
168606
168686
168985
169213
169215
169312
169453
169496
169545
169835
169843
169910
169960
170011
170076
170103
170148
170176
170200
170204
170597
170611
170614
170813
170833
170839
170857
170916
171006
171024
171131
171297
171310
171543
171656
171765
171778
171782
171911
171912
171992
172206
172308
172388
172578
172682
172822
172950
172965
173126
173396
173399
173411
173513
173706
173716
173857
174210
174504
174541
174789
174796
174961
174964
174980
174986
175109
175234
175289
175448
175452
175492
175555
175648
175655
175735
175801
175848
176009
176096
176340
176677
176691
176716
176726
176731
176986
177001
177047
177085
177102
177184
177262
177343
177650
177706
177724
177898
178219
178252
178540
178591
178693
178696
178816
178875
178889
179283
179342
179396
179429
179460
179679
179685
179827
179898
179955
180072
180204
180266
180293
180348
180470
180543
180734
180852
180884
181014
181022
181056
181112
181225
181247
181274
181497
181515
181598
181648
181700
181708
181723
181893
182088
182294
182694
182926
183310
183346
183436
183876
183959
184086
184090
184111
184186
184296
184580
184613
184768
184789
185000
185086
185904
186043
186104
186206
186321
186350
186381
186559
186853
186893
187008
187091
187119
187146
187220
187220
187274
187302
187345
187450
187490
187507
187800
188200
188228
188232
188265
188303
188466
188629
188732
188752
188830
188840
188999
189004
189016
189217
189275
189442
189578
189746
190102
190218
190233
190531
190713
190825
190882
191146
191252
191574
191726
191820
191879
191881
191912
191921
192089
192112
192194
192227
192280
192299
192305
192317
192380
192453
192467
192516
192694
192769
192965
193021
193273
193290
193376
193404
193451
193493
193513
193554
193564
193639
193664
193817
193961
194023
194080
194080
194097
194191
194342
194750
194759
194771
194899
194957
195170
195253
195377
195592
195616
195672
196000
196024
196037
196068
196104
196112
196233
196515
196731
196865
196946
196987
197075
197109
197490
197525
197566
197685
197728
197813
197836
198017
198017
198073
198081
198171
198309
198490
198544
198607
198764
198825
198943
199046
199066
199124
199152
199199
199453
199640
199645
199681
199800
199855
199870
199906
200036
200145
200302
200379
200538
200664
200749
200823
200900
200994
201037
201275
201276
201293
201332
201499
201506
201510
201516
201526
201557
201594
201837
201914
201986
202002
202050
202080
202136
202338
202484
202590
202716
202821
202922
202925
202958
202988
203158
203419
203452
203461
203561
203571
203592
203597
203667
203773
203878
203952
203976
203997
204139
204218
204244
204457
204491
204520
204616
204948
204949
204961
205054
205095
205173
205403
205427
205487
205634
205867
206048
206108
206195
206210
206283
206328
206358
206476
206611
206629
206652
206657
206674
206753
206907
207038
207095
207235
207518
207656
207755
207761
207808
207876
207977
207995
208018
208289
208411
208480
208677
208719
208859
208873
208942
209057
209098
209138
209365
209379
209439
209791
209979
210026
210370
210421
210594
210620
210712
210871
210918
210948
210988
211246
211271
211507
211560
211610
211719
211878
211973
212053
212139
212481
212619
212641
212671
212722
213100
213109
213547
213665
213725
213768
213946
214045
214104
214113
214125
214198
214207
214421
214444
214466
214534
214575
214626
215122
215384
215392
215532
215598
215612
215703
216091
216140
216248
216410
216445
216539
216704
216744
216801
217026
217059
217083
217117
217240
217366
217428
217432
217542
217555
217558
217596
217685
218117
218516
218519
218523
218681
218752
218753
218902
218927
218962
219154
219283
219354
219361
219415
219484
219531
219680
219810
220116
220128
220420
220516
220617
220712
221058
221060
221215
221331
221390
221435
221567
222006
222058
222118
222204
222426
222456
222583
222932
223026
223216
223274
223352
223376
223561
223797
223879
224103
224380
224382
224432
224676
224790
224819
224831
224941
225059
225159
225217
225228
225404
225533
225570
225667
225944
225969
226206
226210
226265
226356
226363
226381
226445
226460
226479
226492
226802
226886
227005
227088
227191
227226
227239
227375
227516
227527
227537
227560
227862
228218
228221
228243
228306
228406
228467
228502
228583
228954
228970
229084
229098
229428
229548
229697
229729
229840
229870
229950
230016
230221
230632
230739
230824
230886
230952
231034
231063
231161
231172
231183
231253
231314
231459
231465
231475
231535
231654
231883
231986
232073
232191
232402
232581
232590
232646
232697
232740
232770
232843
233066
233087
233094
233138
233332
233540
233975
234215
234242
234515
234630
234725
234841
234940
234942
235007
235030
235034
235056
235161
235201
235231
235274
235296
235538
235549
235725
235901
235920
235934
235968
236400
236453
236513
236519
236611
236840
236924
236985
236992
237041
237115
237191
237423
237471
237510
237579
237644
237790
237808
237899
237906
238119
238274
238356
238480
238519
238647
238688
238689
238761
238805
238843
238954
238997
239196
239217
239232
239380
239550
239634
239681
239836
239892
239925
240089
240271
240421
240585
240596
240632
240646
240664
240850
241011
241165
241327
241635
241785
241840
242054
242066
242083
242100
242190
242303
242546
242735
242738
242860
243049
243212
243228
243350
243421
243690
243696
243812
243882
244097
244212
244259
244303
244309
244378
244425
244538
244712
244777
244823
244836
245375
245504
245562
245590
245595
245726
245754
245814
245819
245887
246092
246103
246142
246194
246197
246204
246218
246291
246464
246483
246547
246568
246597
246677
246848
246985
247079
247112
247271
247405
247992
248114
248364
248556
248591
248693
248760
248781
248793
248795
248799
248824
248831
248838
248870
248877
248879
249005
249053
249245
249358
249411
249724
249863
249955
250116
250141
250277
250305
250384
250480
250509
250533
250658
250777
250982
251043
251133
251257
251364
251445
251615
251653
251659
251717
251745
251752
251898
251948
252341
252372
252464
252575
252865
252914
252956
253016
253167
253261
253334
253575
253810
253907
254040
254143
254200
254239
254403
254507
254801
254896
254929
255125
255134
255198
255322
255359
255429
255513
255677
255791
255876
255936
255954
255986
255987
256029
256205
256206
256381
256416
256442
256451
256528
256625
256641
256672
256770
256936
257128
257162
257331
257503
257880
258073
258130
258136
258254
258308
258503
259071
259166
259227
259234
259294
259304
259333
259345
259595
259752
260107
260150
260353
260358
260359
260398
260563
260700
260789
260865
260958
261023
261044
261105
261186
261282
261340
261458
261506
261629
261775
261963
262025
262047
262077
262331
262570
262685
262723
262846
262888
262899
263087
263259
263366
263545
263782
263824
263989
263998
264108
264181
264275
264383
264564
264693
264799
264850
265096
265214
265341
265417
265459
265744
265782
265797
265956
266093
266164
266223
266274
266339
266552
266696
266716
266959
267218
267227
267285
267461
267514
267616
267789
267863
268023
268151
268226
268448
268560
268617
268715
268883
269064
269124
269149
269878
270095
270142
270280
270324
270579
270640
270656
270883
270890
271053
271099
271104
271256
271438
271452
271476
271477
271745
271929
272005
272019
272203
272325
272654
272717
272900
272913
272940
272977
273012
273025
273032
273126
273297
273352
273392
273406
273423
273532
273683
273706
273865
273904
274249
274381
274490
274565
274648
274660
274917
275196
275252
275326
275708
275744
275863
275954
276004
276013
276090
276146
276147
276162
276230
276267
276300
276397
276542
276773
276894
276951
277068
277221
277272
277315
277397
277748
277969
278055
278222
278231
278269
278380
278654
278656
278745
278909
279183
279281
279371
279421
279482
279514
279587
279630
279658
279659
279795
279911
280023
280134
280213
280289
280390
280465
280465
280554
280725
280794
281031
281085
281277
281542
281546
281571
281706
281733
281736
281757
281878
281884
281931
282098
282114
282140
282148
282349
282354
282605
282649
282653
282658
282798
282876
282922
282997
283078
283143
283177
283345
283490
283539
283693
283833
283869
283883
283968
284069
284079
284151
284309
284636
284784
284809
284984
284995
285013
285056
285092
285134
285198
285202
285270
285278
285293
285331
285585
285620
285699
285748
285818
285844
286097
286165
286389
286391
286515
286563
286585
286597
286768
286797
286909
286953
287030
287076
287222
287226
287263
287388
287480
287554
287669
287726
287773
287854
287979
288054
288079
288230
288251
288409
288548
288567
288579
288770
288789
288826
288834
288906
288977
289037
289320
289326
289338
289402
289699
289701
289793
289806
289937
289939
289970
290040
290128
290173
290178
290229
290314
290397
290411
290439
290459
290897
291001
291015
291101
291112
291130
291243
291283
291420
291468
291753
291938
292022
292046
292319
292391
292750
292766
293260
293284
293745
293752
293793
293812
293854
293882
293978
294249
294343
294582
294645
294783
294791
295018
295096
295188
295202
295276
295390
295471
295666
295669
295771
295858
295862
296318
296336
296343
296411
296564
296593
297006
297009
297102
297145
297197
297229
297231
297250
297393
297898
297936
298219
298249
298272
298274
298336
298456
298619
298672
298716
298833
298928
299116
299154
299169
299174
299297
299400
299692
299876
300255
300575
300628
300928
301042
301280
301589
301604
301621
301669
302068
302097
302239
302390
302483
302546
302766
302801
302908
303116
303197
303243
303260
303445
303534
303607
303670
303696
303868
304358
304524
304557
304703
304768
304856
305078
305117
305141
305250
305291
305424
305611
305695
305713
305810
305843
306018
306110
306160
306181
306413
306612
306745
306802
306900
306972
306980
307198
307251
307303
307376
307534
307546
307611
307645
307860
307943
308006
308016
308101
308101
308301
308306
308390
308394
308404
308451
308659
308968
309085
309085
309595
309748
310025
310049
310257
310403
310441
310640
310795
310866
310910
311046
311051
311172
311275
311318
311447
311472
311647
311825
312027
312152
312206
312450
312559
312569
312637
312721
312733
312780
312963
313021
313073
313106
313179
313406
313413
313519
313596
313615
313715
313908
314007
314268
314427
314548
314754
314841
314874
314958
315013
315143
315608
315619
315668
315803
315874
315891
315914
315951
316226
316275
316340
316355
316452
316479
316498
316672
316702
316853
316859
317035
317134
317243
317257
317351
317421
317602
317679
317749
317861
317907
317937
317986
318054
318087
318133
318290
318314
318426
318450
318618
318830
318860
318878
318917
318927
319072
319250
319253
319406
319457
319672
320098
320304
320305
320312
320379
320476
320630
320667
320859
321017
321156
321186
321186
321200
321478
321486
321547
321648
321686
321871
322140
322246
322315
322375
322394
322451
322539
322715
322752
322872
323281
323433
323481
323510
323525
323972
323979
324028
324044
324151
324401
324426
324431
324443
324481
324844
325019
325140
325162
325220
325247
325295
325332
325385
325397
325416
325461
325491
325700
325727
325910
325947
326018
326045
326153
326172
326174
326267
326416
326503
326545
326730
326861
327127
327239
327428
327475
327480
327494
327524
327570
327744
328014
328071
328078
328128
328151
328195
328429
328541
328700
328790
328907
328909
328918
328944
329026
329435
329573
329648
329756
329839
329846
329868
329996
330076
330353
330426
330457
330540
330611
330685
330696
330763
331066
331363
331401
331423
331502
331530
331751
331753
331792
331986
332070
332132
332221
332380
332434
332440
332623
332685
332694
332920
333058
333113
333219
333387
333526
333677
333959
333998
334297
334391
334525
334606
334815
334911
335175
335616
336097
336100
336153
336319
336587
336605
336727
336777
336833
336853
337009
337033
337075
337269
337351
337499
337620
337722
337742
337817
338008
338056
338182
338341
338544
338595
338701
338781
338789
338808
339009
339131
339171
339237
339279
339342
339367
340011
340105
340149
340281
340318
340332
340540
340753
340842
340904
340984
340985
341062
341091
341154
341212
341295
341369
341416
341736
341763
341832
341872
342030
342096
342309
342630
342707
343169
343284
343290
343328
343432
343553
343609
343733
343874
344359
344498
344588
344588
344650
344769
344864
345121
345357
345447
345704
345705
345779
345857
346005
346189
346416
346708
346799
346847
346863
346867
347086
347145
347231
347327
347434
347459
347502
347681
347724
347976
348049
348247
348516
348528
348538
348687
348701
348706
348943
348965
348983
349062
349144
349182
349231
349257
349415
349436
350021
350038
350056
350100
350165
350478
350671
350829
350952
351285
351351
351449
351482
351596
351750
352139
352189
352276
352318
352558
352604
352812
352872
352954
352975
353079
353080
353247
353274
353326
353402
353405
353564
353718
353753
353762
353866
353889
354073
354074
354120
354167
354559
354601
354633
354808
354898
354976
355159
355387
355442
355674
356080
356098
356213
356232
356262
356376
356485
356682
356753
356765
356861
356943
357018
357036
357080
357144
357190
357201
357280
357360
357465
357572
357691
358127
358174
358454
358697
358804
358886
358989
359113
359126
359474
359503
359505
359533
359573
359763
359885
359920
359987
360021
360227
360243
360420
360541
360602
360811
361035
361286
361422
361497
361510
361510
361877
361892
361953
361990
362035
362143
362182
362223
362280
362295
362354
362445
362498
362541
362594
362671
362713
362742
362848
362915
362919
362922
362953
363112
363344
363587
363686
363770
363861
364095
364153
364189
364592
364661
364775
365271
365340
365356
365370
365407
365557
365663
365821
366024
366045
366181
366352
366442
366877
366938
366971
367118
367587
367601
367705
367742
367770
367841
367981
368077
368082
368171
368259
368273
368304
368316
368493
368513
368514
368574
368775
368800
368945
369106
369148
369311
369360
369402
369467
369728
369731
369745
369963
369983
370086
370318
370340
370759
370820
371085
371201
371297
371369
371441
371500
371558
371584
371623
371640
371713
371930
372070
372081
372203
372249
372262
372338
372358
372358
372371
372468
372497
372562
372594
372664
372664
372725
372833
372856
373008
373027
373032
373336
373442
373605
373701
373776
373779
373787
373805
374102
374194
374402
374453
374592
374662
374860
374928
375034
375152
375158
375262
375393
375527
375857
376044
376247
376296
376819
376890
376990
377235
377303
377390
377418
377483
377491
377675
378160
378191
378220
378478
378512
378513
378590
378610
378692
378882
378929
378934
379076
379178
379416
379437
379442
379634
379650
379821
379875
379889
379918
379999
380032
380166
380228
380311
380316
380366
380392
380581
380619
380627
380724
380901
380934
381070
381193
381524
381671
381764
382475
382545
382864
382899
383055
383309
383352
383361
383389
383507
383762
383778
383796
383849
383883
383911
383958
384313
384382
384600
384994
385079
385096
385398
385458
385551
385653
385813
386036
386086
386108
386140
386260
386434
386453
386489
386500
386532
386552
386684
386706
386784
386963
386967
386972
387137
387192
387302
387330
387565
387761
387922
388103
388258
388410
388513
388563
388655
388708
388762
388911
388953
389248
389273
389351
389368
389513
389517
389606
389910
390052
390107
390155
390272
390307
390390
390573
390768
390770
390816
390860
391053
391103
391177
391398
391420
391523
391668
391705
391773
391847
392085
392168
392208
392369
392379
392720
392747
392859
393180
393348
393544
393629
393656
393927
394182
394203
394205
394268
394272
394319
394487
394499
394665
394751
394790
394818
394893
395045
395145
395213
395236
395388
395514
395572
395642
395676
395680
395714
395795
395975
396154
396337
396606
396653
396876
396892
397016
397026
397081
397331
397391
397650
397773
397896
397939
398063
398098
398150
398190
398415
398459
398482
398522
398646
399095
399124
399135
399213
399278
399457
399505
399541
399694
399911
399923
399962
400059
400074
400077
400118
400309
400342
400513
400688
400715
400728
400814
401167
401186
401246
401250
401270
401323
401340
401465
401604
401700
401704
401739
401846
401903
401917
401920
401924
402064
402125
402146
402170
402184
402198
402382
402395
402470
402588
402601
402639
402642
402694
402814
402849
402850
402855
403026
403111
403137
403202
403216
403277
403376
403420
403519
403602
403857
403924
404042
404104
404211
404235
404621
404685
404773
404785
404859
404899
404923
404951
405009
405133
405158
405224
405285
405385
405531
405560
405599
405640
405697
405889
405919
405956
406139
406326
406366
406488
406492
406558
406610
406614
406674
406701
407047
407567
407568
407775
407800
407815
407825
408194
408240
408267
408278
408438
408506
408513
408601
408709
408727
408744
408758
408882
409102
409162
409281
409291
409332
409498
409561
409614
409684
409719
409774
409919
410004
410106
410139
410182
410744
410773
410795
410798
410867
411286
411367
411559
411567
411611
411684
411694
411710
412001
412145
412225
412293
412537
412845
412887
412921
412927
412949
412994
413162
413287
413490
413583
413664
413741
413771
413918
414028
414041
414257
414379
414522
414608
414656
414709
414771
415096
415174
415225
415385
415840
415864
415935
415981
416087
416132
416190
416223
416298
416391
416421
416601
416637
416682
417291
417395
417653
417784
417993
418003
418154
418354
418405
418602
418742
418756
418784
418852
418899
419075
419116
419150
419170
419229
419282
419454
419457
419507
419543
419628
419640
420058
420077
420143
420310
420362
420415
420693
420747
420799
421066
421129
421284
421373
421383
421451
421546
421547
421609
421645
421778
421941
422029
422033
422072
422097
422393
422408
422480
422576
422935
423038
423369
423492
423598
423695
423725
423742
423801
423921
423982
424006
424039
424099
424126
424348
424548
424583
424794
424795
424901
424935
425164
425178
425571
425797
425878
426149
426266
426523
426667
426673
426698
426813
426874
426915
427332
427336
427338
427469
427619
427723
427904
427906
427937
428029
428159
428465
428552
428735
428916
429024
429085
429397
429403
429651
429921
429984
430043
430336
430394
430435
430636
430653
430686
430981
431053
431128
431237
431285
431292
431402
431436
431472
431839
431854
431899
431933
432086
432323
432376
432576
432863
433035
433132
433324
433382
433604
433689
433725
433728
433758
433877
433992
434015
434029
434147
434197
434234
434261
434430
434445
434449
434465
434527
434966
435022
435106
435384
435440
435458
435514
435569
435596
435609
435634
435680
435687
435922
436307
436680
436820
436918
436983
437133
437306
437368
437537
437562
437707
437738
437942
438372
438613
438838
439065
439240
439316
439463
439537
439694
439990
440054
440079
440446
440570
440580
440954
441067
441176
441234
441238
441341
441354
441404
441489
441710
441717
441796
441888
441956
441959
442242
442335
442397
442483
442492
442495
442617
442755
443013
443129
443395
443410
443430
443460
443602
443625
443826
443863
443948
444009
444174
444186
444278
444316
444502
444641
444868
444946
445092
445379
445542
445843
445872
445921
446067
446115
446190
446196
446197
446448
446498
446536
446869
446877
446918
446948
446963
446975
447038
447093
447289
447306
447325
447431
447434
447524
447536
447637
447714
447800
447880
447951
448000
448007
448199
448353
448405
449007
449122
449153
449161
449165
449276
449362
449379
449394
449465
449489
449693
449720
449730
449818
449844
449913
449976
450020
450235
450239
450364
450540
450614
450714
450849
450884
451000
451091
451102
451146
451286
451498
451762
451791
451912
451976
451980
452256
452273
452320
452336
452386
452492
452573
452610
452616
452779
452796
452810
452831
452972
452981
453062
453130
453351
453507
453767
453783
453799
454056
454235
454321
454339
454575
454614
454675
455066
455139
455150
455228
455252
455270
455328
455453
455474
455520
455548
455581
455614
455740
455791
455866
456075
456094
456221
456269
456352
456368
456466
456522
456544
456549
456581
457031
457139
457207
457765
457821
457905
458252
458293
458433
458441
458457
458495
458552
458573
458575
458691
458840
458909
458922
458924
458940
459034
459200
459209
459352
459522
459615
459653
459711
459811
459849
459942
460174
460284
460478
460531
460603
460686
460848
460887
460980
461132
461211
461287
461376
461453
461623
461976
461978
462241
462349
462366
462389
462485
462525
462618
462803
462817
462820
462925
462988
463183
463506
463520
463790
464222
464244
464263
464295
464505
464565
464664
464701
464942
465065
465196
465358
465409
465661
465749
465898
466066
466200
466230
466321
466338
466400
466416
466621
466681
466694
466756
466803
466817
466866
466889
467079
467105
467189
467290
467395
467522
467537
467551
467591
467664
467664
467820
467850
467947
468028
468029
468031
468091
468170
468252
468314
468428
468574
468718
469225
469517
469685
469693
470198
470201
470206
470279
470366
470492
470742
470759
471038
471149
471150
471170
471178
471195
471254
471312
471458
471667
471738
471758
471792
471937
471975
472007
472145
472259
472329
472380
472520
472937
472946
473011
473015
473158
473201
473212
473219
474314
474552
474595
474680
474908
475172
475247
475325
475466
475557
475568
475612
475642
475663
475778
475813
475983
476066
476156
476205
476322
476375
476385
476390
476459
476622
476626
476650
476826
476855
476898
476946
477120
477190
477203
477245
477381
477391
477392
477583
477608
477819
477841
477882
477988
478009
478014
478089
478144
478289
478526
478684
478747
478752
478816
478910
478961
478988
479163
479266
479300
479564
479651
479683
479737
479903
479905
479941
479967
480117
480375
480610
480624
480651
480749
480811
480834
480892
480899
481511
481571
481614
481677
481787
481817
481932
482017
482424
482443
482680
482830
482920
482955
483026
483048
483183
483200
483743
483910
484111
484251
484351
484454
484465
484506
484510
484557
484560
484580
484745
484768
484935
484983
485029
485032
485036
485058
485258
485295
485309
485340
485523
485553
485589
485619
485635
485640
485676
486009
486160
486268
486331
486383
486394
486417
486417
486430
486439
486505
486654
486711
486777
486793
486876
487546
487690
487808
487912
487961
488127
488233
488309
488360
488554
488567
488780
488798
488842
488863
488897
489017
489018
489087
489149
489173
489310
489688
489727
489842
489854
489855
489973
490046
490173
490901
491009
491060
491250
491403
491404
491407
491580
491690
491725
491725
491849
491951
492030
492060
492095
492131
492164
492360
492675
492699
492717
492734
492802
492878
493037
493163
493198
493252
493292
493582
493631
493740
493784
493915
493923
493946
494497
494668
494716
494717
494759
495097
495181
495349
495367
495887
496109
496157
496164
496169
496190
496191
496244
496300
496386
496420
496502
496548
496727
496740
496969
497058
497194
497299
497308
497353
497421
497428
497547
497568
497609
497812
498087
498112
498172
498189
498404
498543
498642
498810
498885
498910
498979
498987
499018
499270
499418
499419
499489
499492
499544
499613
499770
499780
499787
499930
500365
500389
500402
500676
500715
500773
501030
501678
501878
502151
502263
502466
502489
502591
502908
502919
502928
502962
503058
503093
503104
503205
503245
503328
503438
503499
503544
503593
503603
503636
503682
503814
503848
503973
504097
504126
504171
504181
504270
504281
504356
504383
504444
504648
504653
504850
504857
504873
505014
505069
505093
505304
505383
505446
505706
505711
505875
505973
506232
506478
506556
506632
506763
506801
506969
506975
507184
507297
507380
507535
507568
507649
507957
508076
508203
508638
508682
508754
508754
508812
508818
508879
509180
509223
509225
509508
509530
509596
509621
509670
509708
509724
509754
509757
509905
509990
510207
510222
510289
510385
510556
510683
510931
510933
510975
511192
511204
511291
511444
511627
511676
511678
511853
511910
511947
512334
512560
512689
512694
512827
512972
513035
513073
513136
513336
513396
513412
513572
513602
513634
513667
513674
513752
513793
513933
514005
514013
514046
514103
514822
514862
514870
515088
515090
515179
515285
515425
515804
515862
515898
515986
516150
516169
516174
516236
516337
516351
516452
516454
516483
516510
516573
516609
516739
516913
517315
517391
517406
517631
517764
517919
518122
518199
518260
518308
518603
518668
518738
518793
518807
518831
518879
518890
518891
519038
519153
519196
519292
519383
519471
519537
519564
519609
519767
519931
520056
520075
520397
520440
520499
520955
520965
521011
521087
521234
521364
521607
521720
521730
521790
521934
522010
522237
522249
522389
522496
522510
522870
522904
523042
523088
523109
523109
523145
523148
523217
523344
523395
523441
523655
523774
523808
523830
523956
524181
524337
524467
524873
524907
524936
524963
524999
525244
525268
525320
525650
525732
525733
525870
526224
526300
526435
526482
526835
526868
526926
526963
527356
527450
527751
527761
527881
527978
528366
528393
528730
528747
528820
528886
528991
529111
529130
529210
529542
529643
529723
529804
529824
530046
530128
530277
530285
530311
530380
530396
530487
530492
530610
530781
530817
530982
531019
531083
531107
531366
531604
531839
531901
532235
532280
532484
532589
532845
533040
533050
533181
533206
533255
533357
533428
533431
533478
533561
533699
533923
533939
533982
534061
534293
534321
534371
534423
534508
534519
534562
534582
534627
534737
534824
534840
535047
535051
535053
535249
535280
535329
535356
535548
535574
535693
535733
535765
535808
535824
535889
536048
536138
536190
536254
536363
536643
536687
536764
536768
536805
536841
536963
537047
537059
537074
537122
537141
537235
537239
537352
537378
537507
537541
537656
537700
537716
537733
537748
537771
537998
538050
538164
538178
538244
538259
538387
538414
538471
538519
538529
538615
538690
538697
538737
538738
538880
538956
538964
539063
539101
539134
539263
539442
539569
539825
540060
540110
540151
540297
540332
540520
540659
540845
541133
541203
541308
541340
541381
541400
541421
541529
541658
541751
541837
541841
542002
542045
542174
542188
542243
542364
542427
542442
542554
542625
542646
542839
542955
543001
543018
543065
543148
543321
543514
543516
543553
543992
544170
544219
544329
544446
544576
544711
544711
544865
544878
544909
545002
545019
545108
545119
545143
545144
545178
545185
545212
545223
545311
545351
545359
545366
545376
545528
545638
545674
545804
545806
545903
545948
546059
546081
546240
546257
546310
546372
546383
546479
546548
546700
546713
546775
547098
547251
547412
547448
547505
547506
547521
547579
547646
547764
547804
547835
547893
547898
547952
548012
548075
548182
548339
548351
548427
548578
548690
548762
548762
548840
549006
549038
549044
549086
549090
549112
549455
549641
549730
549734
549766
549801
549998
550022
550214
550294
550430
550465
550610
550987
551277
551294
551424
551903
551989
552000
552505
552597
552604
552717
552848
552881
552944
553040
553046
553152
553225
553363
553453
553458
553514
553609
553742
553864
553965
554072
554112
554198
554218
554506
554549
554787
554860
554911
555043
555215
555422
555468
555518
555564
555700
555855
555927
555951
555977
555987
556052
556177
556237
556278
556512
556633
556796
556841
556984
557044
557068
557087
557091
557158
557281
557394
557421
557514
557550
557611
557665
557784
557861
557915
557994
558069
558139
558771
558803
558812
558985
559372
559578
559586
559640
559690
559701
559753
559967
560142
560166
560409
560493
560544
560559
560678
560815
560875
560999
561048
561101
561146
561224
561344
561395
561691
561725
561849
562041
562144
562181
562222
562227
562346
562381
562444
562804
562960
562997
563013
563143
563655
563685
563762
563854
563965
563996
564089
564232
564309
564472
564521
564762
564962
565124
565128
565238
565557
565600
565625
565634
565791
566007
566033
566075
566269
566316
566685
566741
566832
566861
566863
566880
566953
567046
567057
567266
567480
567573
567741
567769
567928
568060
568321
568581
568689
569008
569308
569328
569338
569372
569593
569744
570198
570211
570241
570266
570592
570727
570791
571100
571158
571165
571473
571755
571910
572075
572147
572161
572258
572282
572328
572465
573051
573085
573253
573265
573282
573420
573460
573488
573574
573729
573858
573948
573950
574009
574031
574058
574136
574328
574428
574551
574756
574906
574919
574954
574981
575088
575098
575134
575168
575222
575264
575308
575357
575408
575422
575643
575865
575870
575937
575977
576082
576462
576520
576652
576738
576744
576826
576868
576961
577189
577271
577321
577376
577408
577528
577641
578084
578217
578289
578401
578428
578454
578598
578603
578700
578789
578797
578799
578908
578988
579061
579400
579570
579613
579634
579667
579778
579819
579973
579992
580222
580282
580770
580808
581003
581025
581087
581445
581542
581576
581751
581778
581850
581861
581873
581989
582214
582618
582629
582705
582764
582790
582960
583007
583263
583290
583341
583371
583673
583746
583747
583929
583942
583953
583964
584046
584063
584332
584554
584720
584764
585015
585194
585206
585296
585368
585413
585454
585618
585685
585700
585728
585738
585821
585965
586000
586091
586188
586202
586297
586407
586445
586615
586698
586843
586845
586850
586858
586997
587016
587353
587390
587464
587482
587544
587559
587627
587672
587680
587740
587797
587875
587906
587930
587953
588041
588105
588181
588310
588395
588599
588659
588786
588840
588982
589009
589095
589103
589143
589166
589240
589470
589690
589829
589975
590021
590091
590094
590230
590262
590354
590424
590512
590765
590776
590818
590823
591086
591090
591138
591142
591291
591303
591391
591420
591451
591492
591498
591536
591605
591721
591744
591788
591969
591980
591991
592335
592389
592546
592662
592729
592767
593075
593214
593349
593497
593623
593659
593747
593754
593772
593826
594005
594150
594179
594250
594312
594457
594458
594552
594658
594704
594740
594943
594953
595008
595030
595439
595512
595557
595689
595922
596194
596282
596355
596433
596555
596689
596708
596875
596915
597224
597513
597540
597651
597915
597920
598001
598005
598159
598516
598560
598631
598663
598714
598718
599110
599252
599310
599347
599457
599509
599576
599607
599673
599673
599738
599738
599772
600073
600217
600244
600375
600495
600505
600737
600831
600943
601007
601466
601472
601630
601892
601943
601951
602066
602092
602212
602335
602394
602623
603104
603307
603470
603531
603579
603689
603728
603751
604051
604099
604136
604139
604207
604263
604280
604313
604356
604528
604582
604837
604840
604907
605011
605303
605613
605736
605856
606095
606172
606407
606569
606620
606626
607163
607173
607383
607566
607623
607629
607830
607831
608118
608245
608320
608330
608335
608673
609124
609313
609314
609386
609479
609853
609885
610166
610172
610284
610358
610371
610576
610703
610920
611104
611240
611525
611574
611635
611775
611788
611833
611855
611859
611859
611922
612022
612031
612065
612167
612192
612249
612441
612537
612827
612889
612919
613114
613162
613213
613243
613290
613352
613361
613441
613521
613685
613802
614171
614232
614284
614485
614579
614810
614925
615204
615271
615392
615444
615719
615889
615990
616115
616123
616224
616571
616637
616663
616668
616840
616995
617201
617261
617265
617338
617367
617689
617715
617797
617858
617889
618078
618125
618185
618276
618283
618451
618454
618502
618741
618750
618776
618808
619027
619028
619057
619132
619381
619492
619530
619567
619622
619680
619799
619865
619991
620125
620197
620241
620328
620350
620455
620566
620631
620728
620959
620992
620994
620998
621011
621019
621471
621505
621743
621798
621845
621913
621926
622033
622132
622281
622314
622352
622408
622498
622548
622562
622757
622781
622959
623017
623157
623170
623207
623262
623368
623478
623687
623805
624009
624139
624274
624353
624371
624408
624476
624791
624813
624888
624894
625000
625009
625016
625233
625245
625303
625335
625484
625672
625706
625724
625877
626041
626109
626234
626244
626428
626510
626529
626539
626546
626561
626578
626742
626843
626891
626893
626986
627156
627179
627191
627211
627220
627285
627287
627287
627317
627509
627674
627680
627689
627846
627853
627972
628116
628177
628238
628238
628243
628287
628288
628603
628615
628770
628821
628976
629051
629095
629207
629226
629249
629359
629373
629443
629467
629548
629606
629665
629790
629801
629856
629899
629934
630156
630186
630196
630592
630614
630731
630952
630991
631232
631350
631443
631444
631547
631630
631710
631817
631860
631958
632123
632145
632160
632184
632330
632412
632438
632479
632529
632637
632637
632641
632655
632747
632848
632931
633178
633338
633361
633596
633647
633911
634100
634171
634249
634308
634403
634578
634698
634761
634877
635082
635243
635248
635258
635278
635352
635375
635438
635794
635847
635851
635858
636011
636016
636063
636087
636124
636349
636363
636373
636458
636488
636495
636618
636765
636859
636896
636912
636942
637091
637319
637362
637362
637423
637472
637561
637595
637605
637606
637625
637741
637808
637860
637953
637973
638132
638243
638263
638330
638407
638414
638476
638565
638616
638648
638876
638901
639040
639260
639290
639378
639619
639804
639811
640029
640069
640190
640576
640646
640647
640710
640721
640728
640759
640805
640822
640997
641062
641170
641253
641341
641344
641346
641522
641600
641844
641892
641937
642121
642166
642351
642375
642541
642617
642622
642729
642746
642796
642852
642866
642926
643145
643227
643301
643382
643485
643591
643691
643727
643792
643864
643891
644061
644089
644144
644159
644299
644543
644549
644956
645033
645121
645214
645222
645370
645431
645553
645554
645569
645693
645708
645838
645882
646037
646092
646144
646163
646194
646274
646475
646500
646666
646702
646771
646905
647004
647143
647243
647273
647503
647503
647637
647676
647727
647730
647793
648058
648066
648097
648200
648250
648331
648442
648443
648620
648624
648734
648926
649019
649021
649101
649473
649615
649763
649771
649847
650017
650039
650082
650275
650371
650442
650485
650508
650700
650749
650778
650790
650949
651007
651017
651246
651279
651328
651373
651399
651551
651608
651793
651806
651895
651925
651962
651981
652111
652168
652265
652287
652391
652410
652556
652747
652923
653046
653516
654010
654038
654093
654094
654380
654432
654436
654456
654684
654747
654995
654998
655056
655174
655206
655346
655597
655645
655659
655788
656208
656213
656273
656334
656366
656620
656692
656842
657034
657062
657163
657330
657717
657743
657782
657816
658190
658232
658363
658561
658584
658637
658663
658779
658985
659019
659178
659192
659276
659291
659364
659521
659692
659725
659757
659989
660033
660258
660383
660455
660465
660476
660493
660539
660702
660707
660755
660799
660802
660838
661123
661292
661346
661385
661534
661536
661555
661730
661810
661811
661845
661982
662390
662475
662600
662908
663040
663230
663335
663354
663358
663403
663573
663640
663708
663762
663804
663940
663968
663988
664045
664334
664365
664402
664437
664490
664571
664604
664683
664714
664723
664932
664990
665027
665139
665199
665234
665290
665302
665417
665579
665591
665621
665639
665941
665985
665988
666061
666204
666221
666266
666433
666461
666543
666658
666774
666808
666814
666872
666875
666876
667287
667383
667541
667553
667611
667627
668039
668147
668300
668434
668452
668504
668550
668558
668579
668605
668614
668654
668661
668708
668753
668958
668980
668981
669108
669192
669397
669478
669666
669669
669690
669723
669791
669827
670043
670052
670081
670118
670447
670534
670654
670782
671006
671087
671341
671524
671591
671707
671796
672082
672219
672449
672489
672534
672535
672615
672621
672705
672713
672799
673011
673114
673164
673183
673268
673309
673732
673844
673975
674119
674142
674195
674239
674500
674620
674671
674777
674908
675048
675343
675387
675415
675505
675536
675586
676092
676111
676266
676292
676334
676433
676468
676486
676605
676719
676737
676886
677064
677164
677396
677498
677620
677682
677771
677799
678033
678294
678412
678413
678575
678667
678735
678921
678955
679015
679135
679254
679298
679386
679451
679476
679623
679753
679826
679965
679994
680061
680078
680218
680295
680597
680681
680724
680737
680820
680966
681118
681173
681205
681281
681334
681345
681446
681482
681539
681609
681657
681740
681837
681861
681865
682028
682044
682081
682130
682169
682264
682343
682395
682410
682559
682592
682839
682949
683017
683334
683510
683713
683983
683983
684032
684198
684223
684233
684272
684401
684427
684447
684489
684547
684773
684874
684935
685019
685274
685536
685564
685616
686050
686088
686390
686462
686488
686514
686546
686702
686739
687051
687065
687127
687178
687389
687464
687570
687591
687779
687889
687985
688027
688136
688147
688285
688355
688357
688416
688475
688602
688713
688728
688822
689079
689103
689111
689133
689418
689471
689490
689590
689696
690154
690260
690308
690327
690419
690605
690641
690665
690691
690805
690818
690827
690868
690930
691106
691122
691245
691276
691509
691720
691738
691859
691964
692051
692085
692169
692243
692261
692300
692443
692460
692546
692641
692712
692728
692861
693009
693078
693184
693362
693469
693643
693826
694002
694017
694151
694173
694230
694291
694417
694592
694633
694652
694778
694847
694982
694988
695036
695260
695438
695491
695521
695530
695687
695714
695865
695866
696077
696099
696100
696161
696260
696472
696575
696745
696800
696823
696967
697075
697093
697239
697325
697374
697538
697561
697597
697899
697916
697939
697965
698003
698093
698190
698246
698256
698414
698709
698762
698783
698837
698893
699043
699158
699158
699168
699197
699220
699567
700090
700253
700337
700444
700467
700538
700586
700602
700950
700982
700985
701037
701083
701161
701244
701256
701361
701510
701621
701631
701644
701696
701795
701903
702096
702155
702257
702266
702273
702530
702554
702754
702882
703237
703249
703382
703459
703543
703551
703672
703787
703867
704081
704097
704328
704382
704568
704597
704602
704679
704898
704973
705150
705227
705584
705784
705828
705911
706122
706142
706158
706183
706269
706335
706409
706519
706715
706753
706928
707068
707094
707185
707276
707309
707321
707349
707571
707640
707694
707831
708162
708597
708602
708634
708696
708731
708780
708782
708783
708990
709029
709049
709099
709219
709288
709453
709575
709649
709702
709916
710047
710137
710158
710238
710280
710326
710396
710463
710470
710503
710766
710816
710912
711109
711158
711192
711258
711275
711377
711463
711534
711612
711645
711704
712065
712201
712269
712451
712456
712579
712589
712621
712799
712876
712900
713019
713106
713121
713227
713242
713288
713295
713363
713513
713754
713754
713873
713949
713962
714209
714239
714263
714316
714432
714472
714474
714506
714826
714864
715090
715095
715176
715238
715239
715346
715364
715491
715594
715859
715947
716403
716677
717015
717083
717123
717217
717225
717241
717467
717589
717624
717647
717894
717921
718060
718099
718338
718431
718525
718657
718660
718742
718895
718940
719068
719205
719487
719592
719658
719859
719925
720088
720146
720149
720329
720366
720438
720474
720693
720950
721154
721184
721430
721437
721451
721489
721645
721772
721798
722066
722181
722230
722279
722309
722318
722361
722374
722506
722547
722594
722600
722681
722700
723051
723203
723270
723366
723455
723480
723565
723702
723733
723787
723862
723927
724146
724352
724677
724858
724944
725077
725174
725272
725301
725466
725623
725713
725726
725746
725748
725783
725861
726018
726191
726288
726447
726689
726975
727056
727102
727157
727164
727177
727236
727363
727421
727504
727582
727658
727680
727758
727769
727876
727924
727969
727986
728132
728179
728187
728359
728399
728502
728555
728589
728598
728710
728866
728866
728868
728947
729146
729149
729384
729521
729600
729743
729860
729928
730027
730153
730191
730402
730423
730518
730702
730714
730726
730897
731036
731045
731122
731234
731269
731428
731490
731648
731714
731749
731848
731926
732067
732089
732095
732202
732311
732514
732550
732925
733163
733273
733291
733346
733573
733682
733685
733777
733803
733851
733906
734143
734176
734352
734487
734559
734597
734681
734706
734769
734806
735001
735108
735141
735209
735280
735342
735482
735647
735701
735819
735931
735969
735970
736161
736216
736275
736277
736476
736482
736520
736656
736777
736798
736876
736900
736929
737225
737423
738066
738102
738181
738483
738539
738604
738694
738862
738921
738926
738996
739203
739305
739571
739714
739794
739824
739932
740181
740186
740244
740391
740414
740750
740758
741073
741097
741261
741350
741475
741544
741595
741630
741660
741713
741781
741940
741997
742042
742082
742187
742354
742370
742468
742662
742763
742879
742950
743096
743162
743253
743411
743572
743699
743732
743877
743945
744239
744407
744416
744675
744729
744747
744821
744862
744904
744951
745132
745144
745188
745675
745737
745871
745944
746070
746157
746241
746260
746279
746319
746717
746766
747047
747102
747214
747336
747559
747650
747714
747846
747859
748160
748240
748602
748776
748860
748980
749164
749508
749534
749704
749924
750005
750028
750111
750262
750296
750483
750518
750533
750677
750743
750764
750872
751007
751015
751029
751065
751362
751401
751607
751649
751714
751756
751959
752061
752397
752522
752533
752549
752557
752563
752658
753074
753277
753417
753468
753498
753758
753796
753805
754114
754258
754591
754703
754718
754797
754819
754964
755340
755349
755399
755404
755486
755511
755594
755600
755633
755787
755808
755900
755923
756217
756236
756239
756288
756291
756296
756362
756372
756450
756451
756966
757152
757201
757230
757528
757688
757804
757998
758030
758448
758663
758704
758712
758819
758832
758832
758868
758902
758930
758946
758992
759061
759119
759431
759436
759483
759491
759494
759515
759591
759732
759948
760185
760208
760336
760345
760460
760651
760729
760790
760914
760938
761111
761196
761552
761778
761809
762017
762130
762149
762164
762204
762339
762341
762393
762450
762577
762617
762626
762674
762961
763292
763293
763505
763564
763641
763808
763951
764111
764583
764616
764677
764841
764886
765068
765137
765207
765637
765639
765650
765694
766068
766082
766082
766094
766177
766302
766309
766964
766969
767067
767106
767322
767347
767379
767390
767392
767400
767410
767472
767516
767695
767700
768365
768381
768389
768433
768694
768765
768774
768903
768978
769108
769252
769402
769417
769482
769872
769919
769944
770069
770188
770420
770425
770526
770545
770597
770786
770869
770907
771008
771075
771096
771130
771149
771256
771296
771301
771309
771353
771358
771754
771757
771805
771859
771860
772081
772190
772450
772593
772631
772714
773084
773254
773364
773458
773468
773491
773534
773626
773714
773719
773757
773908
773936
774029
774049
774101
774124
774129
774471
774536
774566
774746
774810
774868
774897
774928
774942
775104
775129
775179
775225
775279
775458
775572
775643
775940
775943
776210
776356
776763
776777
776803
776964
777004
777071
777122
777320
777622
777667
777673
777697
777824
777828
777867
777937
778547
778615
778702
778758
778864
779000
779031
779119
779196
779223
779256
779432
780059
780091
780208
780471
780607
780665
780955
780986
781080
781203
781232
781302
781502
781566
781673
781809
781930
781940
782003
782016
782057
782107
782128
782331
782463
782560
782733
782824
782850
782852
782906
782984
783111
783209
783222
783371
783400
783512
783561
783624
783652
783734
783829
783866
783938
783994
784161
784222
784359
784394
784475
784496
784513
784596
784658
784811
784842
785010
785020
785046
785279
785323
785440
785444
785481
785550
785734
785829
785880
785887
785896
786205
786300
786434
786703
786753
786865
786901
786915
787043
787076
787138
787231
787284
787327
787355
787797
788006
788162
788166
788384
788417
788504
788571
788623
788624
788711
788807
788843
788977
789025
789426
789465
789471
789474
789522
789554
789825
789897
789985
790116
790168
790279
790329
790387
790427
790613
790636
790726
790929
790936
790939
791029
791056
791058
791191
791230
791352
791442
791455
791496
791750
791908
791925
791955
791965
792034
792034
792153
792158
792174
792235
792390
792392
792501
792565
792567
792747
792779
792971
793012
793272
793356
793395
793536
793558
793578
793597
793860
793887
793905
793938
794028
794108
794354
794365
794428
794488
794623
794632
794679
794687
794738
794748
795118
795182
795219
795249
795369
795499
795585
795608
795638
795683
796156
796470
796548
796697
796712
797000
797339
797378
797544
797577
797601
797631
797735
797925
797964
798133
798140
798170
798203
798296
798743
799217
799260
799325
799467
799542
799569
799578
799647
799717
799741
799856
800022
800043
800488
800619
800620
800680
800698
800756
800797
800917
800923
801104
801623
801887
801932
802001
802088
802338
802376
802387
802515
802628
802739
802769
802782
802843
802879
802881
803086
803095
803117
803127
803168
803254
803575
803618
803673
803703
803724
803886
803926
803956
803957
804012
804080
804156
804356
804681
804846
804864
804865
804954
805098
805111
805115
805479
805801
805869
805918
806007
806074
806095
806109
806174
806414
806528
806728
807008
807168
807241
807264
807302
807395
807432
807656
807977
808001
808090
808129
808234
808364
808507
808519
808593
808659
808871
808938
808955
808957
809049
809068
809113
809237
809564
809765
809821
809875
809894
810039
810124
810225
810315
810628
810797
810902
810926
810940
811037
811039
811107
811229
811648
811839
811979
811982
812038
812064
812079
812114
812316
812553
812573
812643
812675
812835
812889
812971
813053
813120
813136
813252
813258
813271
813350
813602
813741
813844
813850
813986
813991
814041
814176
814571
814639
814754
814972
814982
815012
815125
815292
815319
815433
815493
815655
815950
816014
816019
816127
816131
816174
816400
816668
816770
816789
816872
817011
817014
817091
817213
817355
817393
817449
817833
817862
817865
817880
817880
817906
818021
818037
818056
818076
818078
818802
818933
818938
819043
819093
819112
819130
819210
819280
819560
819607
819834
820050
820149
820158
820213
820218
820224
820262
820314
820340
820542
820594
820692
820855
820884
821009
821140
821230
821618
821623
821955
822088
822104
822285
822355
822362
822375
822450
822474
822489
822562
822612
822746
822777
822868
823015
823021
823066
823215
823327
823452
823499
823547
823781
823885
823927
824533
824534
824650
824681
824721
824751
824939
824966
825006
825027
825036
825061
825122
825342
825459
825464
825652
825723
825800
825821
825901
825927
825933
825972
826083
826116
826801
826902
827147
827291
827360
827497
827589
827616
827817
827834
827883
828144
828273
828301
828455
828458
828542
828599
828793
828810
828858
828859
829025
829025
829045
829181
829189
829315
829539
829581
829795
829930
829979
830082
830168
830237
830271
830285
830289
830316
830326
830472
830509
830655
830808
830919
831011
831158
831211
831385
831442
831685
831742
831761
831872
831895
831906
831979
832025
832051
832169
832184
832241
832299
832467
832561
832566
832611
832688
832713
832768
832777
832950
833036
833052
833055
833204
833235
833439
833581
833812
833957
833973
834103
834172
834211
834374
834570
834617
834647
834954
835036
835080
835246
835291
835353
835377
835490
835490
835523
835835
835842
835906
835973
836034
836088
836149
836320
836415
836523
836901
836963
837202
837282
837447
837602
837703
837781
837935
838055
838067
838073
838105
838452
838595
838624
838855
838901
838906
838950
838972
839079
839430
839651
839703
839838
839860
839979
840010
840016
840078
840160
840186
840363
840443
840692
840723
840952
841450
841451
841582
841665
841702
841722
841901
841978
842064
842108
842162
842219
842381
842508
842681
842725
842800
842947
842950
842984
843075
843111
843320
843385
843472
843625
843671
843700
843876
844013
844316
844344
844404
844486
844542
844620
844709
844739
844912
844915
844917
845038
845094
845125
845333
845539
845553
845595
845668
845680
845698
845999
846193
846261
846281
846371
846415
846700
846754
846770
846831
846897
846927
847019
847086
847621
847638
847662
847756
847846
847871
847899
847977
848207
848216
848230
848258
848273
848279
848369
848467
848711
848752
848757
848978
849032
849260
849349
849361
849403
849431
849472
849493
849545
849618
849821
849825
849932
850077
850153
850160
850201
850471
850647
850649
850908
850975
851011
851039
851084
851300
851370
851397
851438
851511
851673
851727
851734
851820
851915
852104
852128
852220
852265
852519
852547
852582
852600
852624
852638
852711
853063
853141
853144
853214
853532
853561
853637
853655
853694
853764
853888
853901
853969
853979
853991
854003
854008
854078
854268
854296
854537
854652
854822
854848
854864
855061
855465
855586
855590
855592
855612
855888
855889
856000
856369
856424
856467
856527
856553
856804
857141
857177
857249
857307
857503
857524
857683
857701
857888
857993
858072
858074
858257
858273
858319
858435
858480
858624
858681
858780
858906
859165
859180
859216
859463
859649
859660
859700
860014
860144
860244
860306
860317
860346
860401
860460
860510
860520
860570
860597
860698
860723
860759
860894
860980
861110
861123
861127
861496
861676
861929
862462
862477
862626
862682
862761
862787
863336
863342
863684
863686
863699
863899
863987
864020
864107
864388
864500
864549
864597
864622
864638
864724
864777
865191
865248
865388
865452
865514
865555
865733
865771
865816
865825
865952
865963
866223
866304
866334
866432
866466
866583
866600
866829
866974
866980
867081
867318
867441
867449
867540
867811
867905
868081
868152
868307
868348
868420
868502
868544
868563
868627
868688
868855
869122
869163
869245
869302
869793
869804
870246
870355
870365
870373
870488
870707
870890
871298
871341
871430
871437
871584
871615
871664
871685
871685
872224
872248
872349
872470
872620
872640
872712
872731
872927
873133
873321
873420
873440
873623
873631
873750
873877
874043
874083
874306
874306
874334
874362
874495
874509
874740
874883
874926
874961
875063
875145
875487
875514
875706
875806
875915
876044
876075
876134
876375
876525
876553
876618
876745
876749
876861
876935
876967
877032
877222
877253
877328
877338
877423
877486
877565
877597
877609
877626
877665
877745
877824
877939
878154
878176
878294
878300
878302
878376
878494
878556
878635
878677
878835
879004
879111
879270
879299
879317
879365
879439
879465
879806
879829
879839
879979
879990
880005
880097
880253
880302
880427
880474
880508
880793
880853
881180
881291
881350
881450
881480
881661
881662
881862
881976
882028
882152
882400
882420
882670
882691
882702
882713
883170
883385
883518
883691
883734
884088
884179
884208
884212
884215
884610
884644
884673
884679
884693
885024
885203
885386
885452
885563
885644
885942
886065
886120
886402
886438
886497
886500
886723
886895
886936
886971
887109
887174
887192
887400
887531
887546
887561
887771
887814
888030
888314
888504
888611
888688
888854
888880
889068
889246
889393
889409
889507
889577
889670
889843
889861
890068
890289
890611
890666
890726
890977
891007
891176
891271
891301
891517
891518
891782
891928
891953
892016
892099
892239
892428
892458
892585
892734
892758
892960
892974
893073
893079
893305
893537
893635
893662
893716
893842
893874
894055
894099
894238
894284
894386
894476
895021
895085
895136
895384
895707
895844
895946
896046
896105
896229
896266
896280
896602
896677
896710
896876
896956
897345
897478
897537
897690
897870
897896
898123
898206
898220
898233
898436
898501
898782
898804
898930
898952
898965
899147
899251
899275
899376
899750
900049
900647
900684
900715
900747
900806
900943
901077
901105
901143
901207
901213
901411
901415
901432
901465
901486
901733
902153
902304
902374
902375
902753
902756
902792
902801
902824
902856
903059
903158
903171
903251
903355
903373
903502
903553
903675
903883
903944
903987
904048
904412
904689
904817
904880
905060
905197
905234
905356
905417
905804
906077
906268
906491
906512
906593
906617
906647
906659
906756
906837
906970
906972
906999
907007
907007
907041
907173
907250
907251
907389
907500
907658
907905
907916
907952
908190
908207
908223
908464
908622
908648
908759
908802
908822
908859
908946
909147
909194
909195
909347
909441
909502
909627
909642
909679
909736
909806
909859
909956
910043
910123
910319
910349
910370
910466
910483
910714
910900
910958
911016
911164
911184
911348
911764
912136
912207
912241
912281
912331
912371
912527
912679
912797
912861
912887
912961
913025
913112
913143
913160
913298
913392
913446
913608
913712
913912
914262
914410
914509
914643
914765
914880
915232
915266
915318
915407
915407
915482
915582
915585
915614
915751
915840
915918
916033
916107
916333
916449
916516
916535
916797
916967
916992
917089
917128
917133
917195
917212
917232
917348
917474
917480
917487
917528
917704
917705
917905
918106
918157
918174
918192
918207
918336
918495
918496
918515
918604
918853
919116
919221
919340
919560
919818
919890
920123
920161
920283
920361
920415
920437
920495
920502
920522
920566
920870
920957
921010
921145
921436
921520
921559
921700
921734
921778
921880
921930
921989
922196
922333
922337
922360
922402
922475
922487
922654
922697
922912
922915
923015
923036
923097
923465
923565
924035
924104
924203
924288
924335
924343
924482
924486
924487
924600
924696
924810
924931
924946
925066
925215
925263
925368
925453
925536
925570
925622
925644
925676
925757
925865
925904
926050
926263
926427
926481
926532
926572
926583
926618
926670
926702
926756
926780
926824
927485
927492
927523
927526
927549
927671
927858
927865
928098
928266
928368
928552
928674
928729
928762
928899
928905
928932
929040
929231
929291
929408
929455
929533
929563
929677
929697
929698
929873
929911
929957
930171
930302
930396
930588
930605
930794
930834
930887
930997
931030
931047
931144
931210
931295
931418
931442
931448
931496
931673
931716
931820
931829
931968
931981
931985
932072
932150
932202
932279
932353
932383
932411
932418
932571
932571
932625
932875
933129
933140
933296
933340
933426
933460
933462
933489
933499
933806
933816
933844
933914
934031
934076
934083
934208
934223
934563
934764
935119
935228
935322
935334
935479
935534
935695
935755
935975
936180
936210
936466
936540
936601
936735
936826
936863
936882
936942
937045
937482
937561
937578
937588
937681
937827
938007
938084
938096
938101
938121
938138
938325
938380
938401
938488
938495
938531
938689
938691
938987
939015
939105
939109
939127
939226
939295
939392
939509
939569
939589
939631
939716
939751
939808
939820
939840
940406
940487
940543
940638
940818
941022
941117
941258
941298
941358
941508
941624
941636
941639
941765
941771
941831
941854
942228
942475
942610
942937
943016
943091
943326
943398
943424
943470
943495
943570
943646
943674
943720
943737
943821
943823
943932
944083
944176
944199
944391
944504
944558
944570
944691
944700
944758
944917
945177
945223
945308
945314
945510
945682
945735
945833
945986
946068
946099
946132
946144
946175
946376
946797
946980
947006
947181
947250
947256
947605
947857
947874
947916
948129
948204
948223
948260
948348
948350
948412
948687
948829
948869
949200
949208
949671
949752
949954
950061
950113
950120
950235
950289
950384
950469
950549
950744
950865
951001
951070
951203
951263
951279
951316
951456
951473
951612
951665
951773
951835
951944
951976
951998
952120
952175
952258
952370
952459
952530
952568
952621
952637
952741
952793
952847
953110
953205
953299
953359
953447
953598
953607
953613
953663
954126
954169
954213
954373
954560
954617
954725
954728
954784
954828
954987
955131
955154
955182
955192
955222
955231
955335
955408
955536
955571
955581
955591
955903
955950
956047
956098
956164
956203
956241
956334
956382
956388
956494
956733
956801
956961
957010
957327
957332
957363
957415
957497
957546
957655
957770
957773
957930
958060
958061
958085
958098
958265
958373
958432
958544
958619
958742
958854
958989
959085
959106
959293
959526
959603
959677
959771
959827
959891
959897
959922
959959
959959
959974
960103
960154
960195
960233
960267
960312
960332
960469
960536
960570
960624
960639
960680
960925
961137
961170
961199
961283
961332
961432
961501
961539
961540
961862
961946
962096
962149
962227
962282
962315
962411
962599
962631
962658
962685
962737
962812
962876
962893
963009
963073
963110
963180
963204
963238
963258
963297
963353
963455
963495
963710
963724
963742
963846
963867
963995
964021
964126
964136
964174
964179
964192
964224
964237
964241
964260
964403
964453
964497
964587
964612
964617
964719
964744
964807
964827
964968
965025
965059
965232
965256
965289
965425
965563
965582
965769
965776
965828
966134
966226
966256
966381
966389
966389
966465
966527
966557
966584
966672
966847
966851
966918
966936
967094
967141
967243
967249
967272
967332
967424
967510
967736
967832
968015
968058
968086
968179
968233
968245
968268
968316
968465
968648
968693
968717
968844
968861
969176
969283
969391
969427
969517
969594
969654
969812
969884
969914
970185
970541
970662
970700
970807
971322
971387
971409
971572
971649
971873
972013
972547
972567
972699
972882
972898
973074
973089
973162
973173
973177
973247
973288
973289
973346
973351
973440
973723
973782
973786
973866
974010
974103
974116
974132
974155
974282
974320
974372
974511
974521
974749
975022
975063
975089
975091
975159
975252
975273
975326
975691
975709
975772
975844
975929
975957
976040
976192
976238
976250
976409
976634
976888
977126
977411
977666
977712
977938
977966
977978
978045
978046
978160
978198
978200
978207
978405
978410
978467
978485
978547
978643
978684
978760
978849
979029
979300
979370
979536
979562
979691
979721
979735
979789
979810
979905
980021
980097
980109
980180
980248
980378
980476
980558
980702
980829
980952
981139
981193
981232
981322
981545
981633
981641
981694
981731
981805
981896
981982
982218
982329
982497
982684
982795
982934
983198
983204
983283
983518
983556
983647
983702
983894
983913
983929
984004
984012
984452
984496
984511
984590
984590
984626
984659
984698
984881
984884
985064
985099
985114
985163
985177
985238
985408
985413
985666
985669
985899
985939
986037
986158
986418
986511
986926
987250
987363
987466
987610
987745
987814
987881
987897
988021
988111
988172
988263
988300
988656
988851
989033
989228
989326
989510
989520
989603
989703
989870
989938
989945
989995
990180
990327
990601
990604
990629
990790
990804
990953
990995
991057
991138
991213
991280
991309
991390
991481
991626
991643
991852
992063
992101
992200
992365
992418
992658
992705
992812
992886
992895
993000
993009
993037
993197
993239
993381
993479
993629
993645
993815
993859
993894
994021
994340
994405
994423
994493
994612
994621
994623
994629
994739
994800
994923
994996
995094
995118
995134
995154
995240
995260
995275
995575
995596
995670
995843
996004
996159
996505
996743
996839
997050
997231
997273
997375
997485
997560
997782
997814
997966
998001
998050
998053
998173
998184
998193
998222
998294
998552
998635
998759
998773
998914
999011
999090
999184
999275
999317
999322
999434
999456
999554
999649
999720
999998
