1000
999654
998697
997211
996191
994754
993461
992751
991894
990994
982068
980481
977396
976331
974976
974257
972002
970933
969791
969750
969322
969086
967649
966585
966437
966423
965883
962010
961541
958144
958043
957344
955397
953719
951763
949778
948570
947566
944499
943140
943097
942718
941971
941511
940442
940385
940279
939577
937394
935540
935427
935364
934993
934929
933899
932722
930573
930014
927459
927373
926039
925594
924112
923750
922700
921167
919881
918893
918657
917491
917398
917237
915052
914292
913948
913242
911819
911177
910430
910397
909323
908731
907181
904673
904363
903277
903098
902169
901541
899821
899613
899554
898885
897387
896019
895271
894214
894111
893583
892906
891709
891505
890792
889689
889374
889243
888614
888131
887823
887313
885312
883683
882555
882062
880673
879972
878513
876523
876104
875245
875157
874514
874100
873640
873618
873096
872765
871033
870552
869313
868780
868353
867380
865364
864792
864455
864388
863663
862079
861576
861392
860150
859528
859474
859263
858708
858615
857897
857503
854863
854385
854011
853501
851114
850671
849763
847908
847829
847693
846142
843592
842571
841525
841305
841020
840262
837443
837026
836152
832381
830054
829079
827506
826035
824784
824642
824554
822582
822467
821851
821813
820366
816883
816277
815051
814909
813546
813453
812778
812073
811039
811008
810425
810064
808957
804667
804315
804273
801415
801023
799341
799191
799029
799020
798943
798784
798501
798427
797814
797792
797752
797730
797666
797248
795869
791644
790256
789237
788625
785490
785177
783761
783549
782811
782277
781762
781001
780833
779072
778800
778385
777461
777409
777389
776917
770520
767232
766645
765348
763249
759644
759419
758538
758535
757673
754264
754100
753197
751943
751533
749036
748542
746624
744414
743642
742936
742608
742418
742146
741518
741505
741033
740680
740076
740053
738523
735547
734771
734385
732568
731547
731482
731450
731173
729760
729591
729008
728731
726811
725466
724301
724283
723940
723620
722581
722039
721958
719655
719497
718768
718244
716517
715828
715362
715225
714867
714362
714021
713948
713732
711132
710077
705944
705851
705052
703565
703188
702500
700851
699711
699082
698886
695591
694971
692386
692314
691170
689658
689525
689432
689153
688234
687678
687671
686969
686105
685614
684789
682787
682063
678512
677877
675370
674263
672787
670928
670342
670040
668965
668423
668007
667898
667532
667090
663674
663300
657357
657281
656914
656625
656123
655540
649900
643561
641881
641852
641053
640911
640010
639838
638955
633790
632646
632305
631995
630660
630417
628918
628888
628645
627727
626489
624845
623703
623529
619915
618864
618309
614262
612900
612858
610209
608624
606348
603306
598517
598078
598053
596874
596505
595369
595221
595198
594948
594736
594494
594080
593275
592840
592677
591799
591229
590975
588852
587741
584633
583331
582901
582150
581719
581166
580833
580622
580503
580057
579976
579932
579403
577863
577238
576958
576570
576359
576262
573862
573236
570851
569508
568011
567996
566632
566312
565012
563317
563113
562123
561074
560593
560345
559604
559323
559228
559065
558775
556803
555747
555741
553662
549767
549530
548907
548353
547686
544690
543868
543680
542260
540792
540051
538235
537505
537198
537011
536949
536555
534256
531277
529745
529553
528364
528265
527158
526713
526693
525314
525101
522383
522096
520988
520006
516068
515355
515296
513509
512100
511296
509783
507869
507730
506523
505900
505144
505099
503453
503332
502538
502483
500971
499845
496171
492599
491731
491615
491206
491163
490895
490683
490461
490414
489920
488057
487334
486690
485691
484847
484543
483964
483204
477352
477028
476622
475300
474478
473475
472993
472708
472426
468008
467525
466949
466322
464443
461720
460682
458280
457163
453639
453126
451945
451902
451663
448021
446155
443546
441970
440187
438897
438782
437357
435053
434683
433208
431900
430422
430314
427853
424175
423964
423700
423020
422670
421961
420901
419671
418021
416428
415949
415504
412819
412371
412159
411183
411171
410933
410657
409728
407676
407237
406224
405843
405493
402946
402010
401201
399829
399124
398138
396852
396584
395823
394167
393988
392668
392427
390685
390568
390475
390066
390040
389137
386417
385310
383664
383237
383001
382670
382657
381762
381592
381529
380736
375991
373719
373709
372968
372922
372011
371866
371460
370469
369480
369327
367827
364643
364103
363800
363111
362253
362095
361535
361059
360271
359370
356673
354630
353371
352147
351714
350812
350703
346059
345751
344051
343764
342589
342567
341336
339587
339228
338286
338098
337848
337235
335637
335578
334147
332543
331603
329548
328905
327768
327171
327042
326187
325908
325363
324733
324092
323754
321971
321056
321011
317655
316854
315628
313214
312217
312121
310981
310199
309565
308994
306627
306471
305943
304998
303885
303281
302307
300790
300317
298782
297821
295366
293224
290971
289607
288338
287868
286687
286181
284067
283896
282417
281877
279628
279200
279104
278616
278305
277979
277688
277514
276889
275477
274558
274489
274065
273050
272969
271048
269511
268704
267965
267155
266411
265845
265287
265061
264850
264560
264410
263969
263617
260368
259465
256107
255304
251710
251620
251605
249259
248717
248599
248440
246317
245973
245806
244621
243011
239861
239095
238108
237983
237594
237476
237352
236456
235592
234559
234358
231781
230705
230623
229379
229053
228275
228189
227823
225845
225315
222013
219666
217267
217123
215081
213631
211302
210906
208276
207829
206287
206172
206124
204629
204556
204266
201466
201279
200367
198661
197740
196067
195488
195351
194610
194097
193574
192022
189872
187882
186709
184175
183049
182756
182730
181653
180688
178436
176519
176366
176322
176147
176037
174739
172450
172359
171914
170656
170593
170479
169046
168896
168258
167460
166542
166414
165505
165119
164928
163741
163419
161976
160847
160269
160244
158837
158060
157723
156563
156296
156296
155632
154972
154360
153813
151638
150515
150404
149791
149476
149445
148798
145678
145357
145076
142512
141801
141366
141075
139666
139584
139326
138265
135478
134003
132967
132609
132174
130432
127286
126432
125548
125454
124217
124013
122283
121420
120848
120070
118577
118295
116806
116494
116364
115736
115411
112944
112133
110244
109827
109309
108567
108304
107903
107181
104707
103620
102275
101537
100451
99632
98756
97700
96555
94354
93410
93202
90862
90638
90600
88731
87704
87224
82826
81745
78563
76976
76227
75866
73714
73658
73464
72844
70175
70106
70058
65611
64570
63621
62852
62687
61883
61319
60128
59724
59454
58964
58331
57336
56054
55672
53454
51299
50772
49752
47846
46943
46409
45705
44394
43420
42459
41599
40641
40062
38343
38322
37358
35357
35020
34626
34558
34385
32832
32611
32072
31752
31630
29996
28714
26886
26067
25571
24218
24183
24106
23977
23613
23304
22552
22134
20822
19958
19168
18952
18309
18101
17684
16407
16034
15586
14770
14605
11022
10156
8039
4437
2609
1917
992
