100
958719
957308
955981
953124
935461
931898
923805
914694
899262
860867
860038
850777
850337
849437
847238
840102
836194
834758
834375
791721
781105
758843
755888
750716
744146
738872
730739
729513
724599
715215
712182
706015
695775
684474
682167
679729
668535
665881
650661
630412
622242
622119
616996
604267
601110
599781
587398
560530
547109
539035
532972
513552
509838
470132
469197
455876
449068
424295
421088
417796
414689
395267
390397
386188
374764
360018
342392
335315
333609
327565
324604
321578
318296
316094
298777
296024
284313
278125
274489
255799
230450
223753
215087
199848
184652
168665
165594
156600
132959
87559
85704
83865
77762
77178
59643
45923
45085
42108
35408
5616
