10000
999896
999864
999730
999708
999556
999529
999376
999316
999214
999096
999020
998973
998945
998870
998796
998791
998635
998613
998611
998321
998259
998156
998099
998061
998033
997889
997879
997734
997668
997494
997238
997224
997089
996948
996909
996706
996680
996490
996224
996119
996041
995877
995829
995826
995673
995192
995127
995109
995085
994966
994860
994849
994754
994473
994306
994288
993885
993884
993729
993685
993652
993523
993491
993323
992707
992682
992660
992583
992538
992471
992466
992390
992389
992066
992005
991985
991960
991930
991863
991803
991754
991715
991591
991494
991420
991379
991375
991307
991123
990839
990829
990804
990793
990785
990608
990552
990291
990134
990128
990023
989778
989684
989553
989495
989487
989463
989440
989133
989066
989034
988959
988943
988793
988501
988350
988284
988134
988121
988117
988113
987991
987816
987514
987350
987349
987268
987232
987164
987138
987109
987084
986973
986961
986942
986929
986782
986698
986614
986576
986530
986505
986372
986303
986247
986053
986007
985979
985896
985853
985796
985716
985334
985268
985216
985157
984845
984765
984691
984559
984476
984387
984287
984252
984173
984139
983983
983924
983842
983796
983749
983510
983479
983465
983265
983248
983121
982999
982976
982755
982679
982484
982343
982294
982202
982201
982183
982146
982113
982107
981976
981932
981904
981694
981685
981658
981620
981473
981434
981407
981335
981323
981171
981166
980988
980808
980691
980503
980481
980400
980107
980085
980078
979943
979892
979890
979725
979683
979674
979654
979610
979543
979515
979499
979215
979158
979043
979021
978999
978990
978815
978790
978769
978757
978714
978563
978269
978131
978130
978068
977983
977761
977686
977490
977425
977307
977235
977231
977074
976996
976935
976896
976693
976430
976429
976342
976309
976238
976202
976167
976109
976089
976056
975878
975846
975839
975817
975435
975342
975335
975329
975319
975104
974970
974840
974787
974772
974472
974259
974109
974019
973950
973889
973677
973607
973536
973222
973095
973048
973041
973037
973009
972951
972873
972687
972413
972388
972385
972152
971927
971638
971417
971310
971261
971155
971077
971049
971048
970956
970928
970856
970831
970770
970768
970692
970631
970380
970280
970079
969923
969921
969889
969762
969468
969410
969358
969248
969080
969036
969020
969014
968990
968972
968931
968802
968761
968681
968637
968534
968383
968378
968378
968317
967937
967810
967598
967595
967508
967404
967390
967265
967029
966768
966534
966517
966516
966312
966161
966058
965947
965853
965693
965620
965607
965376
965330
965129
965076
964955
964800
964399
964339
964143
964098
964044
963926
963854
963507
963453
963407
963257
963256
963039
963020
962798
962773
962714
962038
961856
961758
961661
961574
961540
961511
961409
961342
961242
961194
961172
960723
960667
960640
960615
960601
960597
960552
960479
960430
960272
960247
960223
960161
960126
959992
959919
959869
959694
959622
959608
959310
959187
959044
958781
958755
958690
958496
958456
958442
958429
958216
958215
958210
957640
957603
957468
957361
957282
957278
957187
957100
956939
956753
956696
956516
956397
956285
956241
956233
956228
956071
955970
955906
955760
955647
955581
955351
955222
955194
955169
954956
954887
954828
954794
954617
954295
954069
954034
954011
953871
953835
953773
953689
953651
953510
953088
953065
952890
952830
952817
952750
952652
952418
952379
952342
952341
952282
952207
951855
951834
951470
951418
951403
951387
951355
951350
951347
951282
951236
951200
951197
950968
950728
950549
950325
950307
950061
949979
949645
949601
949565
949508
949456
949444
949357
948957
948821
948667
948463
948436
948432
948423
948372
948302
947859
947815
947808
947797
947774
947698
947646
947632
947620
947487
947481
947205
947167
946748
946470
946469
946450
946313
946273
946270
946145
945807
945618
945527
945493
945195
945140
945135
945008
944942
944911
944811
944769
944625
944459
944086
944041
944011
943960
943940
943779
943209
943069
942834
942762
942660
942647
942642
942566
942456
942186
942028
942003
941934
941814
941763
941449
941422
941275
941060
940966
940823
940806
940579
940449
940443
940412
940190
939948
939938
939916
939904
939402
939235
939154
938983
938895
938887
938799
938565
938531
938424
938137
937848
937842
937796
937592
937500
937443
937415
937343
937265
937242
937184
937127
937106
936836
936834
936706
936547
936422
936418
936380
936374
936356
936356
936309
936283
936151
935798
935761
935757
935725
935633
935539
935527
935493
935347
935330
935191
935175
935072
935071
934903
934882
934744
934529
934496
934382
933903
933869
933746
933651
933640
933604
933442
933431
933415
933389
933032
932996
932985
932943
932901
932888
932785
932438
932372
932344
932291
932244
932158
932089
931972
931710
931396
931094
931035
931027
931002
930984
930922
930913
930807
930746
930743
930691
930660
930612
930561
930438
930408
930313
930190
930046
930000
929965
929938
929926
929814
929794
929769
929711
929710
929702
929565
929459
929432
929371
929223
929029
929019
928862
928855
928741
928714
928683
928618
928481
928457
928413
928365
928338
928251
928228
928220
928210
927786
927709
927642
927591
927576
927437
926962
926638
926420
926278
926185
926183
926153
926074
925977
925971
925886
925857
925447
925375
925137
925016
925002
924707
924566
924549
924323
924306
924259
924236
924227
924211
924042
923610
923531
923378
923359
923322
923274
923242
923237
922731
922456
922444
922315
922138
922135
922119
922085
921982
921979
921944
921703
921618
921547
921411
921284
921270
921211
921201
921082
921079
921041
921004
920694
920365
920231
920189
920145
920066
919916
919905
919892
919890
919686
919545
919399
919192
919129
919104
918981
918893
918819
918767
918621
918535
918336
918054
917972
917356
917148
917127
917044
917035
916884
916822
916688
916664
916569
916495
916228
916114
916108
916035
916021
916014
915790
915656
915621
915613
915504
915139
915101
915080
915001
914937
914931
914814
914769
914746
914707
914630
914488
914486
914468
914441
914410
914249
914034
913797
913717
913610
913515
913394
913394
913316
913267
913244
913239
913158
913149
912760
912757
912530
912406
912398
912236
912065
911924
911843
911769
911479
911129
911066
910952
910913
910622
910610
910485
910426
910321
910303
910209
909993
909897
909875
909708
909696
909497
909476
909329
909081
909061
908893
908892
908673
908662
908496
908305
908271
908091
907976
907788
907751
907639
907483
907481
907423
907395
907313
907139
907107
907063
906837
906727
906669
906648
906552
906537
906510
906412
906374
906053
905975
905951
905719
905659
905607
905362
905331
905327
905258
905071
905050
904980
904815
904789
904775
904521
904513
904214
904087
904058
903989
903825
903755
903628
903410
903396
903197
903138
903071
903016
902974
902791
902783
902710
902693
902641
902635
902610
902478
902448
902150
902007
901942
901768
901757
901701
901675
901635
901520
901442
901310
901105
900883
900835
900820
900656
900588
900533
900509
900443
900379
900321
900146
899908
899882
899744
899648
899237
899163
899077
899049
899037
899016
898501
898446
898316
898301
898234
898164
898085
898083
898074
898027
897923
897901
897744
897564
897490
897383
897381
897336
897263
897082
896986
896967
896895
896830
896757
896688
896352
896318
896266
896251
896244
896183
896162
896117
896110
895956
895843
895822
895647
895632
895479
895442
895348
895255
895187
895174
894963
894935
894924
894868
894721
894614
894517
894501
894224
894127
894098
893966
893914
893754
893727
893616
893497
893495
893356
893099
892883
892740
892565
892081
891974
891920
891772
891721
891659
891591
891309
891150
891005
890990
890850
890713
890640
890520
890478
890460
890368
890134
890116
890002
889858
889730
889553
889435
889341
889306
889269
889209
889206
889091
889053
888972
888900
888834
888465
888390
888229
888207
888004
887888
887878
887877
887652
887504
887075
887063
887004
886967
886922
886732
886501
886248
886203
886054
885873
885565
885473
885166
885028
884930
884756
884583
884300
884114
883899
883659
883619
883539
883432
883281
883231
883210
883204
883167
883143
883124
882882
882698
882661
882510
882403
882254
882181
882121
881904
881674
881623
881584
881582
881547
881454
880646
880487
880261
880037
879998
879803
879796
879766
879687
879482
879460
879393
879353
879283
879139
879100
879013
878955
878948
878925
878833
878770
878731
878451
878273
877999
877994
877968
877868
877617
877557
877341
877267
876876
876795
876725
876627
876611
876560
876525
876525
876407
876370
876350
876318
876207
875953
875811
875753
875684
875643
875549
875540
875505
875495
875403
875315
875237
875195
875192
875119
875113
875072
875019
874924
874914
874913
874848
874720
874703
874649
874548
874429
874329
874284
874171
874085
873797
873787
873743
873591
873569
873468
873459
873385
873350
873246
873102
872860
872780
872635
872548
872518
872425
872272
872221
872137
871952
871648
871542
871448
871430
871326
871288
871259
871255
871219
871175
871168
871093
870966
870455
870259
870187
869749
869588
869587
869408
869405
869119
869100
869019
869015
868956
868912
868719
868549
868536
868231
867859
867796
867748
867618
867597
867388
867344
867229
867223
867189
867120
867098
867049
866996
866966
866875
866784
866488
866393
866352
866322
865865
865828
865809
865673
865256
865122
865057
864845
864781
864748
864659
864488
864475
864270
864234
864073
863983
863953
863945
863889
863824
863821
863723
863551
863393
863386
863278
863168
863128
863085
862915
862868
862747
862745
862704
862669
862607
862552
862528
862522
862443
862364
862334
862056
861857
861847
861719
861639
861316
861292
861250
861202
861191
861028
861010
860962
860815
860690
860390
860333
860169
860028
859838
859681
859614
859571
859489
859461
859279
859232
859182
859140
859129
859121
858710
858577
858556
858511
858182
858148
858071
858046
858017
857924
857774
857753
857634
857518
857411
857301
857275
857226
857201
857187
857122
857112
856772
856545
856481
856392
856179
856157
856150
856077
855936
855752
855437
855399
855375
855265
855238
854927
854902
854761
854723
854649
854622
854553
854548
854536
854271
854143
854068
854014
853925
853903
853822
853477
853338
853157
853133
852895
852850
852652
852558
852449
852364
852330
852326
852272
852243
852139
852023
851704
851680
851620
851514
851481
851272
851172
851105
850937
850895
850850
850819
850815
850745
850682
850525
850462
850327
850314
850299
850277
850187
850089
850046
849940
849925
849788
849762
849616
849561
849383
849261
849171
849094
849054
848984
848967
848908
848877
848855
848778
848683
848659
848536
848525
848442
848227
847986
847210
847118
846984
846929
846908
846900
846883
846815
846756
846583
846385
846354
846352
846313
845897
845846
845755
845749
845678
845531
845514
845250
845047
844943
844884
844840
844798
844725
844708
844693
844204
844029
843967
843830
843813
843775
843690
843358
843301
843280
842965
842870
842821
842630
842320
842284
842272
842200
842178
842056
841924
841801
841705
841495
841397
841335
841321
841230
841067
840602
840568
840536
840528
840422
840373
840299
840274
840203
840192
839801
839792
839709
839659
839375
839237
839155
839008
838702
838435
838423
838350
838303
838297
838270
837659
837635
837629
837499
837401
837367
837366
837228
837108
837067
837065
837039
836777
836714
836474
836361
836250
836190
836163
836092
835952
835489
835459
835295
835169
835169
835163
835142
835108
835092
835017
834878
834689
834665
834593
834574
834561
834553
834508
834243
834197
833967
833963
833903
833612
833610
833559
833515
833474
833472
833408
833379
833033
832945
832929
832766
832609
832514
832506
832434
832400
832362
832290
832254
832241
832138
832136
831794
831722
831716
831699
831541
831492
831333
831313
831304
831088
831051
831019
830919
830863
830810
830729
830700
830464
830278
830151
829961
829919
829700
829528
829419
829271
829255
829111
829097
828856
828700
828625
828545
828521
828361
828262
828203
827967
827783
827648
827629
827486
827372
827239
827211
827105
826958
826915
826889
826829
826773
826736
826639
826608
826585
826528
826289
826208
826125
826063
825882
825817
825714
825429
825417
825374
825113
824654
824623
824571
824188
824145
824026
824016
823640
823499
823327
823222
823176
823023
823012
822987
822870
822822
822805
822785
822758
822644
822633
822516
822480
822462
822418
822378
822019
821716
821715
821710
821641
821566
821292
821223
821121
821047
820848
820789
820115
820100
820090
820070
819996
819926
819689
819489
819453
819286
819195
819030
818939
818920
818894
818843
818784
818756
818723
818550
818510
818456
818433
818338
818228
818181
818102
817744
817740
817736
817720
817706
817602
817326
817170
817118
817037
816854
816822
816753
816679
816521
816176
816011
815969
815782
815641
815549
815509
815495
815310
815256
815162
815095
814995
814927
814857
814804
814737
814610
814489
814428
814407
814227
814157
814107
814045
813868
813865
813565
813345
813301
813264
813195
813153
813062
812887
812869
812806
812635
812594
812520
812502
812348
812214
812144
811962
811900
811794
811621
811578
811421
811102
810742
810280
810266
810135
810089
810080
809757
809619
809503
809483
809472
809468
809297
809234
809196
809196
809044
808900
808842
808709
808621
808505
808463
808453
808338
808120
808099
808092
807929
807825
807802
807612
807542
807484
807386
807289
807182
807001
806864
806837
806780
806544
806500
806340
806309
806252
806217
806110
806100
805816
805792
805786
805773
805756
805750
805728
805680
805507
805374
805302
805183
805174
805160
804964
804772
804725
804624
804564
804501
804494
804487
804042
803838
803664
803455
803405
803376
803229
803188
803082
803002
802343
802333
802329
802209
802163
802056
802042
801970
801915
801882
801811
801605
801548
801413
801383
801217
801196
801190
801176
801150
801137
801032
800849
800760
800533
800469
800370
800281
800155
800112
799965
799721
799679
799670
799655
799560
799334
799196
799121
799046
799000
798949
798867
798835
798729
798652
798605
798519
798462
798113
797847
797613
797513
797474
797324
797048
796899
796861
796724
796633
796500
796433
796338
796325
796165
796142
795923
795884
795771
795695
795605
795555
795530
795508
795454
795347
795335
795200
795185
795177
795005
794827
794752
794722
794395
794286
794189
794092
794069
794057
793993
793967
793836
793768
793750
793735
793708
793682
793624
793524
793499
793467
793389
793317
793267
792988
792985
792916
792820
792736
792447
792378
792224
792199
792154
792148
792145
792079
792026
791789
791782
791430
791399
791202
791192
791184
791161
791159
791034
790970
790829
790828
790750
790739
790582
790529
790508
790444
790412
790323
790309
790230
790222
790173
790119
790108
789954
789820
789751
789720
789594
789261
789224
789141
788880
788853
788841
788824
788673
788670
788531
788498
788491
788459
788436
788252
787917
787851
787840
787668
787653
787646
787610
787286
787227
787187
787147
786942
786894
786792
786762
786613
786415
786331
786250
786247
785953
785942
785915
785814
785774
785733
785723
785259
785134
784880
784826
784808
784521
784492
784452
784236
784197
783885
783861
783764
783690
783462
783410
783300
783295
783271
783267
783227
783161
782994
782875
782751
781988
781987
781904
781877
781515
781408
781376
781254
781120
780965
780916
780894
780885
780784
780741
780391
780391
780244
780111
780075
780029
779977
779836
779777
779708
779493
779475
779356
779283
779260
779205
779128
779100
779054
778919
778833
778827
778657
778518
778449
778314
778080
777921
777797
777740
777238
777145
776904
776479
776400
776393
776268
776238
776212
776158
775960
775696
775647
775569
775499
775399
775382
775375
775252
775223
775094
775062
774988
774977
774869
774749
774465
774404
774098
774088
774074
774038
774013
773922
773904
773806
773707
773639
773522
773478
773477
773412
773258
773098
773096
773088
773057
772963
772920
772880
772740
772368
772297
772194
772129
772078
772074
772029
771944
771910
771860
771854
771814
771751
771648
771637
771564
771561
771540
771528
771509
771471
771334
771285
771204
771160
770971
770793
770726
770640
770511
770472
770461
770158
770148
770052
769991
769763
769673
769489
769410
769377
769313
769213
768908
768900
768894
768887
768855
768755
768685
768671
768635
768600
768576
768328
768300
768289
768231
768211
768163
768015
767953
767892
767832
767806
767582
767579
767565
767512
767486
767356
767220
767097
767044
766969
766879
766878
766743
766706
766689
766613
766523
766414
766275
766231
766205
766056
765865
765700
765462
765457
765389
765380
765330
765186
764981
764932
764879
764758
764685
764638
764637
764563
764403
764243
764111
764097
763998
763980
763878
763866
763782
763744
763738
763633
763605
763507
763413
763385
763385
763239
763228
763090
763067
763044
762896
762885
762851
762728
762698
762175
762150
761959
761606
761369
761340
761278
761238
761215
761214
761089
760914
760895
760806
760803
760772
760715
760464
760348
760278
760131
759995
759932
759857
759549
759446
759343
759170
759150
759135
759054
759003
758866
758678
758664
758470
758322
758182
758117
757923
757743
757705
757537
757127
756954
756938
756766
756554
756343
756309
756186
756079
756010
756009
755919
755912
755629
755628
755529
755473
755426
755368
755362
755273
755162
754954
754892
754878
754794
754715
754401
754260
754250
754178
754154
754094
753944
753826
753809
753561
753488
753397
753169
753084
753059
752890
752856
752809
752759
752740
752703
752702
752519
752471
752378
752343
752292
752288
752264
752185
752059
751848
751750
751643
751585
751462
751300
751124
751121
750849
750810
750737
750588
750519
750468
750249
750005
749940
749844
749780
749774
749638
749569
749568
749361
749340
749288
749275
749254
749210
749049
749038
749027
748876
748681
748269
748264
748216
748188
748116
748065
748063
748055
748049
747993
747949
747855
747815
747623
747603
747591
747588
747312
747268
747195
747158
747082
746793
746749
746433
746319
746255
745990
745957
745843
745830
745821
745629
745592
745577
745272
745250
745235
745184
744839
744748
744696
744690
744413
744389
744365
744341
743921
743915
743862
743716
743607
743479
743308
743252
743171
743053
743045
743044
742676
742668
742666
742655
742577
742471
742384
742093
742020
741787
741655
741647
741562
741538
741515
741430
741329
741159
741156
740791
740576
740554
740471
740379
740263
740259
740052
740044
739968
739899
739888
739762
739578
739333
739220
739053
738917
738801
738578
738556
738527
738488
738434
738255
738212
738091
738029
737957
737631
737487
737343
737140
737128
737104
737087
736904
736821
736811
736627
736528
736466
736425
736400
736394
736347
735942
735929
735858
735831
735815
735684
735682
735577
735530
735344
735039
734664
734305
734275
733700
733487
733479
733344
733051
733042
732799
732726
732707
732706
732675
732664
732605
732600
732303
732261
732170
732163
731991
731837
731770
731738
731602
731589
731414
731409
730990
730718
730556
730464
730250
730152
730039
729987
729849
729834
729783
729595
729523
729390
729067
729037
728944
728749
728729
728728
728709
728660
728557
728418
728208
728206
728136
728068
727923
727906
727778
727775
727763
727585
727530
727464
727340
727218
727150
726985
726877
726747
726559
726521
726449
726378
726338
726302
726168
726105
726097
726089
726009
725927
725904
725832
725801
725796
725715
725613
725598
725476
725360
725122
725116
725000
724988
724974
724834
724799
724779
724677
724656
724634
724478
724459
724049
723970
723917
723831
723683
723513
723420
723354
723305
723183
723123
722947
722895
722877
722873
722844
722842
722751
722557
722427
722383
722329
722024
721988
721796
721789
721717
721639
721619
721609
721544
721474
721395
721383
721348
721225
721006
720777
720751
720730
720581
720390
720055
720043
720033
719922
719875
719865
719787
719616
719535
719409
719401
719336
719311
719219
719212
719204
718900
718710
718671
718662
718549
718451
718451
718402
718329
717939
717930
717866
717801
717764
717594
717588
717575
717517
717365
717267
717232
717215
717055
717017
716833
716691
716674
716566
716322
716206
715822
715591
715526
715463
715160
715108
714958
714852
714561
714448
714425
714419
714386
714355
714352
714329
714328
714226
713863
713848
713807
713675
713624
713586
713267
713258
713207
713148
712985
712941
712866
712842
712729
712687
712602
712372
712185
712058
711977
711924
711863
711777
711714
711624
711541
711232
711149
711144
711140
710894
710667
710644
710452
710357
710230
710129
709992
709925
709918
709831
709686
709682
709566
709472
709154
709089
709023
708721
708683
708662
708652
708630
708449
708218
708160
708130
708102
708093
708037
707969
707957
707804
707575
707386
707144
707111
707099
706941
706906
706868
706675
706448
706363
706286
706087
706072
705864
705777
705415
705333
705271
705249
705183
705125
705112
705013
704858
704799
704657
704639
704544
704522
704365
704351
704250
703897
703861
703806
703772
703622
703582
703564
703524
703345
703322
703288
703171
703077
702955
702929
702872
702728
702566
702424
702323
702114
702098
702055
702018
701919
701911
701890
701351
701207
701098
700993
700803
700763
700713
700712
700447
700405
700186
700179
700159
700158
700115
700074
699954
699878
699742
699723
699606
699437
699192
699173
699056
699003
698951
698943
698371
698174
697766
697761
697335
697189
697116
697024
696996
696982
696904
696834
696762
696711
696624
696593
696328
696300
696217
696182
696111
695987
695953
695740
695700
695628
695506
695428
695383
695305
695298
695120
695105
695096
694997
694917
694891
694872
694732
694722
694719
694671
694567
694383
694101
693685
693518
693430
693413
693369
693336
693134
693113
692967
692743
692625
692490
692390
692382
692328
692297
692107
692099
691827
691787
691737
691728
691724
691711
691600
691531
691517
691514
691445
691435
691191
691151
691019
691008
690964
690822
690714
690627
690569
690543
690359
690225
690105
690089
690049
689925
689715
689263
689173
689115
688975
688865
688744
688686
688440
688269
688156
688096
687985
687804
687708
687653
687560
687460
687309
687248
687187
687144
687109
687017
686984
686934
686431
686279
686267
686039
686005
685920
685896
685781
685699
685494
685442
685407
685341
685320
685273
685269
684880
684772
684756
684654
684619
684365
684299
684215
683984
683920
683850
683660
683603
683485
683467
683235
683210
683143
683016
683007
682977
682973
682879
682606
682329
682261
681941
681903
681841
681837
681804
681772
681760
681656
681634
681239
681128
680857
680713
680588
680458
680367
680317
680108
679877
679733
679641
679610
679504
679465
679384
679347
679318
679216
679021
679001
678727
678471
678451
678388
678106
678010
677843
677783
677771
677657
677513
677501
677334
677284
677227
677183
677093
677050
676938
676924
676820
676718
676644
676373
676267
676070
675976
675893
675859
675806
675746
675681
675647
675529
675306
675252
675202
674864
674789
674694
674650
674586
674546
674468
674349
674338
674263
674250
673998
673906
673781
673760
673638
673554
673531
673499
673488
673407
673359
673293
673150
673032
672964
672885
672816
672691
672501
672402
672303
672156
672118
672042
671917
671898
671895
671892
671524
671237
671183
670990
670690
670672
670559
670115
669756
669732
669658
669593
669556
669443
669362
669091
669057
669056
669045
668834
668771
668432
668371
668335
668300
668157
668050
668035
667607
667565
667505
667473
667423
667389
667278
667110
667040
666987
666904
666880
666835
666811
666789
666692
666578
666432
666427
666408
666320
665609
665586
665468
665266
665251
665152
665075
664846
664521
664416
664416
664413
664371
664270
664215
664185
664181
664048
663910
663767
663753
663665
663467
663327
663283
663190
662887
662736
662667
662654
662592
662423
662402
662382
662241
662074
661797
661523
661487
661371
661108
661016
660913
660904
660788
660692
660670
660538
660532
660479
660424
660267
660221
660049
659896
659859
659812
659587
659397
659347
659282
659168
659132
659054
658717
658684
658465
658348
658341
658318
658248
658175
657737
657717
657715
657683
657610
657410
657377
657343
657335
657203
657184
657055
656977
656781
656764
656755
656582
656418
656417
656390
656298
656283
656280
656121
655940
655923
655916
655877
655807
655794
655775
655712
655704
655550
655415
655283
655237
655012
654790
654681
654659
654628
654384
654357
654232
654142
654114
654077
653961
653843
653819
653628
653494
653315
653204
652718
652519
652488
652365
652349
652204
652189
652174
652163
652073
651880
651870
651867
651588
651543
651462
651400
651321
651270
651262
651150
651129
650949
650947
650782
650712
650627
650536
650492
650351
650327
650309
650246
650194
650087
649964
649917
649860
649795
649769
649700
649641
649509
649462
649421
648999
648956
648929
648744
648571
648545
648234
648069
647995
647964
647921
647887
647714
647604
647597
647426
647418
647375
647373
647297
647105
647084
646895
646849
646816
646741
646649
646492
646434
646270
646229
645900
645794
645721
645642
645614
645415
645399
645368
645366
645140
645115
645008
644973
644854
644687
644576
644467
644438
644410
644334
644284
644168
644151
644001
643969
643937
643835
643510
643485
643374
643366
643301
643289
643183
643044
643023
643022
642824
642800
642678
642613
642300
642178
642056
642047
641605
641567
641512
641433
641371
641185
641149
641065
640966
640941
640672
640654
640618
640572
640418
640286
640124
640100
640086
640001
639991
639950
639912
639798
639734
639733
639694
639623
639619
639535
639521
639518
639415
639132
638634
638495
638420
638210
638034
638008
637828
637817
637793
637774
637696
637619
637210
636999
636908
636800
636717
636715
636655
636272
636145
636141
636116
636032
635964
635730
635717
635649
635481
635391
635364
635297
635288
635281
635129
635103
635068
635065
634966
634759
634662
634585
634436
634428
634388
634364
634303
634253
634188
634182
634168
633952
633897
633857
633822
633564
633560
633384
633383
633151
633097
632720
632659
632639
632564
632555
632535
632253
632230
632012
631811
631810
631782
631665
631492
631451
631390
631345
631290
631077
631019
631000
630913
630848
630832
630744
630643
630616
630543
630416
630383
630118
629765
629661
629451
629327
629301
629132
629094
629079
629005
628802
628771
628691
628365
628303
628207
628152
627802
627751
627624
627213
627118
626891
626828
626815
626780
626633
626609
626553
626295
626183
625801
625771
625760
625652
625618
625310
625134
624984
624955
624882
624808
624635
624428
624401
624260
624198
624137
624124
624095
624084
624074
624055
623803
623638
623585
623554
623524
623482
623240
623228
622705
622596
622564
622525
622508
622476
622471
622436
622231
622214
622202
622196
622137
622115
622113
621724
621723
621703
621518
621481
621428
621268
621212
621143
621093
621036
620927
620914
620677
620549
620413
620250
620004
619729
619692
619637
619572
619564
619560
619329
619210
619018
618930
618873
618848
618639
618547
618545
618524
618435
618270
618232
617983
617826
617811
617703
617613
617545
617456
617333
617305
617300
617275
617225
616924
616797
616794
616709
616617
616591
616589
616565
616482
616461
616416
615988
615969
615776
615750
615688
615681
615530
615434
615429
615333
615243
615039
615039
614755
614715
614668
614593
614577
614393
614218
614073
614006
613998
613994
613862
613814
613783
613770
613711
613533
613524
613514
613500
613328
613222
613011
612934
612865
612864
612863
612863
612854
612832
612734
612456
612452
612445
612406
612245
612235
612146
612102
612016
611797
611773
611750
611687
611528
611357
611196
611023
610867
610755
610662
610555
610525
610224
610127
610078
610063
610034
610024
609894
609885
609645
609600
609568
609515
609271
609253
608697
608673
608668
608652
608592
608512
608506
608352
608316
608210
608149
608053
607903
607737
607686
607628
607607
607585
607202
607032
606997
606878
606676
606624
606580
606417
606358
606040
605804
605634
605470
605325
605314
605083
605068
604890
604774
604773
604732
604437
604409
604161
604120
604068
603875
603860
603786
603733
603670
603226
603197
603175
603162
603139
603050
603013
602976
602963
602632
602446
602434
601917
601828
601769
601542
601454
601365
601298
601073
600955
600913
600895
600862
600646
600615
600519
600505
600388
600321
600108
599698
599433
599424
599415
599379
599294
599279
598904
598887
598843
598804
598724
598634
598527
598469
598254
598198
598198
598154
598057
597985
597889
597769
597564
597560
597532
597439
597287
597285
597256
597207
597186
597132
596990
596942
596940
596919
596768
596599
596563
596432
596059
595961
595958
595943
595830
595817
595817
595772
595627
595259
595145
595091
595011
594931
594864
594811
594713
594703
594575
594532
594518
594399
594372
594333
594196
594147
594126
593988
593981
593727
593501
593438
593411
593360
593312
593297
593215
593151
593122
593108
592970
592969
592904
592796
592733
592685
592598
592571
592233
592233
592203
592174
592163
592110
592062
591930
591921
591823
591777
591729
591568
591561
591545
591409
591383
591290
591266
591145
591062
590804
590695
590633
590548
590411
590198
590036
589959
589945
589932
589862
589840
589806
589719
589591
589317
589311
589150
589139
589062
589041
589027
588883
588746
588697
588677
588637
588591
588539
588502
588498
588394
588281
588267
588258
588032
587903
587739
587636
587439
587355
587352
587330
587327
587202
587194
587089
586946
586932
586921
586915
586749
586647
586393
586284
586249
586142
586112
586050
585848
585796
585766
585764
585754
585743
585623
585604
585548
585313
585312
585055
585015
584994
584953
584778
584632
584625
584604
584541
584409
584253
584164
584153
584111
584079
584070
584060
584035
583910
583681
583332
583328
583200
583164
583135
582858
582814
582810
582790
582771
582761
582752
582746
582675
582560
582559
582439
582398
582384
582315
582049
582034
581890
581807
581748
581386
581356
581156
581119
580839
580819
580816
580788
580767
580737
580725
580557
580478
580431
580237
580200
580191
580039
579943
579916
579910
579720
579310
579295
579276
579269
578906
578648
578627
578602
578537
578407
578353
578325
578294
578230
578181
578134
578063
577917
577736
577513
577492
577475
577462
577364
577341
577284
577023
576941
576928
576787
576784
576688
576624
576477
576465
576389
576381
576325
576305
576210
576155
575929
575878
575823
575497
575352
575274
575149
575136
574980
574798
574586
574434
574262
574051
574023
573956
573584
573569
573454
573306
573253
573173
573133
572877
572810
572719
572708
572662
572638
572537
572433
572403
572098
572078
572049
571961
571702
571641
571464
570971
570796
570229
570167
570101
570044
569813
569741
569713
569573
569345
569258
569257
569126
568663
568636
568613
568329
567831
567624
567581
567553
567519
567478
567343
566984
566910
566881
566515
566425
566353
566346
566176
566054
566033
565982
565685
565677
565461
565431
565259
565255
565116
564994
564943
564717
564407
564381
564373
564216
564105
563957
563226
563150
563103
563099
563084
563043
562682
562643
562627
562506
562334
562093
561907
561840
561808
561757
561538
561439
561353
561083
560980
560931
560686
560620
560126
560035
559823
559733
559676
559668
559556
559549
559538
559497
559469
559381
559060
559034
559000
558500
558454
558270
558183
558161
558105
557967
557927
557885
557672
557552
557525
557518
557388
557365
557257
557244
557138
557130
556989
556926
556917
556712
556685
556585
556454
556452
556079
555855
555782
555371
555325
555277
555259
555133
555103
555037
554867
554846
554775
554725
554677
554374
554312
554054
553707
553670
553645
553623
553577
553568
553280
553223
553130
552895
552847
552804
552540
552516
552318
552298
552291
552256
551841
551791
551673
551466
551466
551393
551316
551128
551070
550753
550750
550306
550209
550194
550141
550040
550038
549958
549878
549841
549716
549670
549603
549478
549280
549191
549151
549105
549089
548799
548537
548353
548335
548284
548242
548115
548013
547885
547878
547806
547583
547280
547225
546827
546780
546568
546402
546349
546167
545999
545876
545843
545838
545814
545791
545595
545506
545336
545231
545209
545129
545059
544912
544842
544771
544769
544769
544762
544721
544668
544392
544355
544197
544154
544009
544000
543984
543903
543884
543501
543413
543279
542946
542931
542898
542838
542561
542426
542331
542326
542315
542292
542273
542129
542019
541962
541829
541799
541785
541776
541754
541710
541303
541286
541270
541249
541248
541242
541146
541139
540946
540730
540565
540535
540507
540332
540331
540280
540240
540210
540187
540115
540085
540034
540032
540030
539996
539958
539953
539628
539439
539397
539315
539276
539122
539105
539074
539045
538680
538653
538637
538511
538508
538501
538399
538043
537973
537964
537893
537751
537732
537629
537611
537591
537180
537173
537092
537071
537037
536954
536795
536784
536747
536703
536696
536639
536452
536271
536147
535754
535614
535212
535176
535107
535069
534961
534869
534672
534592
534590
534540
534228
534067
533899
533760
533758
533697
533665
533656
533656
533653
533643
533547
533505
533279
533190
532997
532924
532857
532803
532784
532703
532688
532574
532516
531878
531862
531828
531797
531796
531784
531649
531400
531235
530890
530740
530614
530583
530501
530425
530363
530202
530162
530086
530082
529950
529708
529642
529505
529405
529192
529118
529077
529050
528967
528750
528667
528631
528450
528345
528052
528029
528022
527880
527833
527767
527477
527436
527419
527336
526891
526557
526508
526383
526252
526246
526150
526120
526106
525726
525552
525518
525351
525328
525160
525084
524964
524638
524613
524492
524477
524275
524264
524190
524077
523991
523915
523648
523468
523263
523253
523017
522953
522861
522574
522560
522380
522319
522177
522170
522159
522044
521917
521900
521864
521782
521739
521432
521397
521368
521201
521130
521091
521043
520911
520701
520668
520581
520577
520488
520448
520424
520344
520181
520098
520076
519931
519875
519503
519400
519167
519074
518980
518927
518884
518832
518744
518683
518607
518593
518408
518327
518266
518059
517945
517930
517910
517688
517632
517589
517347
517224
517085
517044
516848
516745
516639
516453
516402
516390
516372
516316
516210
516167
516034
516004
515903
515804
515749
515715
515556
515345
515232
515080
514962
514902
514800
514775
514714
514698
514569
514538
514511
514478
514425
514380
514365
514139
514052
514002
513979
513848
513748
513708
513333
513225
513090
513072
513006
512654
512495
512388
512361
512159
512148
512091
511943
511886
511829
511550
511542
511533
511501
511494
511345
511208
511203
511174
511157
511021
510914
510859
510775
510653
510419
510302
510188
510059
509918
509549
509403
509340
509332
509145
508971
508959
508859
508808
508634
508494
508390
508309
508284
508219
508170
508136
508080
508072
508028
507605
507396
507248
507184
507078
507043
507012
506988
506910
506897
506793
506761
506668
506630
506617
506609
506573
506543
506384
506347
506297
506155
506116
506100
506080
506021
505750
505744
505664
505536
505524
505422
505406
505361
505273
505140
505037
504993
504966
504951
504924
504812
504796
504541
504226
504209
504150
503957
503710
503448
503417
503350
503309
503146
502991
502487
502475
502026
502007
501661
501624
501605
501514
501507
501340
501242
501196
501180
501125
500860
500804
500693
500541
500326
500202
500188
500187
500173
500116
499862
499837
499809
499402
499183
499137
499029
498982
498924
498924
498805
498594
498577
498436
498331
498282
498266
498013
497864
497652
497394
497318
497280
497254
496878
496819
496796
496771
496736
496700
496644
496612
496596
496517
496516
496476
496404
496331
496190
495918
495890
495445
495427
495372
495284
495269
495235
495085
495077
495075
495068
494840
494817
494768
494701
494207
493662
493236
493071
493057
492913
492786
492730
492595
492573
492466
492407
492322
492275
492201
492126
491892
491683
491602
491383
491338
491274
491200
490798
490708
490645
490627
490384
490340
490218
490079
489854
489836
489503
489373
489370
489366
489339
489245
489243
489106
488883
488867
488726
488717
488696
488661
488577
488411
488326
488319
488236
488121
488113
487761
487713
487701
487697
487564
487347
487285
487256
487051
486849
486710
486673
486586
486577
486570
486515
486455
486429
486245
486182
486159
486084
486041
485936
485756
485612
485517
484996
484920
484859
484823
484786
484702
484308
484216
484214
483914
483743
483423
483279
483158
483098
482940
482777
482710
482554
482543
482487
482472
482295
482227
482218
482182
482152
482059
481679
481640
481584
481393
481296
481163
480693
480649
480647
480647
480530
480467
480360
480208
480143
479740
479652
479487
479235
479096
479043
478945
478931
478871
478871
478823
478766
478746
478404
478284
478168
477979
477816
477800
477444
477356
477122
477087
477071
477002
476977
476973
476957
476728
476681
476520
476238
476235
476116
475871
475796
475566
475506
475188
475065
474609
474530
474516
474257
474229
474042
474001
473929
473727
473710
473609
473423
473412
473349
473329
473324
473130
473035
472982
472954
472946
472938
472869
472817
472509
472437
472406
472329
472224
472178
472003
472003
471819
471751
471589
471584
471541
471494
471337
471195
471173
470951
470945
470873
470816
470652
470638
470507
470418
470319
470280
469933
469879
469848
469827
469739
469477
469420
469336
469295
469115
468951
468826
468822
468806
468693
468672
468630
468521
468371
468285
468270
468251
468148
467955
467946
467899
467889
467838
467783
467759
467719
467689
467674
467673
467663
467586
467458
467400
467340
467060
467007
466893
466795
466537
466535
466510
466505
466266
466218
466192
466089
466035
465967
465873
465778
465759
465633
465545
465430
465428
465363
465283
465261
465161
465115
464853
464797
464448
464335
464026
463816
463763
463535
463263
463256
463114
462942
462865
462858
462823
462807
462762
462740
462652
462514
462228
462000
461807
461541
461442
461387
461336
461251
461126
460892
460768
460651
460629
460608
460506
460400
460346
460275
460199
460089
460075
460047
460030
459875
459850
459832
459736
459726
459724
459523
459426
459258
459157
459050
458767
458734
458682
458590
458532
458498
458462
458303
458182
458177
458136
457866
457741
457279
457215
456909
456906
456844
456758
456587
456429
456114
455977
455958
455910
455494
455435
455426
455416
455337
455236
454904
454882
454730
454556
454537
454510
454467
454315
453894
453821
453783
453735
453592
453589
453513
453496
453452
453448
453265
453241
453229
452978
452790
452762
452594
452523
452442
452114
452080
452063
452033
452002
451995
451937
451814
451812
451630
451533
451235
451152
451088
450737
450561
450461
450399
450398
450384
450231
450136
450088
450015
449916
449756
449648
449601
449462
449410
449174
449037
448882
448793
448698
448489
448333
448279
448249
448222
448195
448163
448145
448003
447932
447930
447895
447867
447466
447385
447371
447317
447223
447116
447093
447037
446835
446574
446523
446503
446427
446266
446153
446102
445826
445801
445707
445485
445483
445373
445283
445057
444785
444703
444493
444413
444360
444289
444233
444228
444031
443995
443783
443773
443772
443700
443589
443560
443549
443521
443408
443381
443372
443365
443049
442894
442777
442582
442575
442521
442416
442318
442309
442176
442153
442073
441880
441788
441685
441657
441421
441199
441187
441097
440958
440914
440770
440727
440701
440681
440680
440612
440608
440606
440217
440207
440100
439930
439865
439859
439813
439662
439627
439404
439314
439307
439216
439163
439159
439021
438929
438757
438740
438699
438655
438534
438130
438036
437751
437739
437622
437611
437588
437412
437256
437251
437234
437201
437077
436798
436716
436690
436568
436280
436215
436120
435892
435880
435824
435739
435671
435595
435370
435362
435327
435196
435126
434870
434498
434482
434473
434432
434376
434221
434121
434093
434067
434041
433996
433985
433816
433337
433252
433169
433065
432165
432102
431760
431759
431727
431680
431557
431435
431357
431221
431111
431038
430940
430919
430869
430794
430420
430343
430302
430300
430226
429993
429912
429805
429744
429650
429601
429207
429114
429013
428714
428702
428561
428555
428441
428438
427987
427951
427940
427826
427794
427778
427672
427541
427528
427517
427516
427288
427271
427248
426975
426911
426890
426784
426682
426678
426615
426545
426424
426195
426146
426135
425973
425941
425917
425784
425776
425602
425551
425463
425428
425306
425184
425098
425082
425050
424833
424698
424613
424585
424552
424551
424397
424188
424148
424070
423942
423883
423845
423708
423456
423447
423412
423393
423124
423070
423000
422844
422758
422441
422051
422019
421576
421413
421372
421275
421104
421005
420897
420714
420632
420453
420429
420375
420336
420156
420142
420135
420046
420042
419852
419745
419737
419710
419687
419667
419559
419431
419283
419245
419188
419161
419141
419029
418859
418612
418593
418482
418252
418186
418161
418046
418026
417900
417880
417840
417783
417754
417298
417265
417222
417161
417038
416813
416791
416327
416317
416192
416172
416151
416133
416059
415900
415849
415804
415741
415599
415538
415503
415376
415093
415082
414982
414972
414928
414897
414730
414287
414214
414179
413836
413734
413704
413409
413321
413180
413069
412995
412880
412844
412774
412480
412332
412199
412031
411967
411792
411743
411723
411542
411469
411413
411359
411284
411183
411165
411008
410996
410903
410757
410753
410696
410587
410378
410290
410191
409994
409744
409690
409678
409409
408953
408822
408743
408710
408618
408577
408518
408445
408427
408128
407903
407804
407790
407775
407765
407684
407544
407278
407220
406949
406912
406833
406809
406792
406789
406782
406734
406569
406397
406383
406354
406257
406136
405702
405649
405528
405432
405380
405325
405295
405267
405260
405223
404929
404845
404797
404780
404568
404539
404515
404415
404339
404229
404226
403948
403935
403830
403775
403725
403672
403503
403490
403485
403482
403321
403254
403237
403150
403082
403071
402982
402981
402874
402761
402761
402712
402454
402454
402435
402383
402359
402245
402216
402080
401860
401735
401659
401550
401240
401150
401104
401093
401058
401024
400806
400698
400696
400664
400625
400608
400593
400551
400369
400186
399979
399900
399846
399811
399744
399698
399557
399381
399334
399193
399120
399093
398913
398902
398828
398739
398710
398611
398477
398351
398298
397935
397680
397636
397587
397275
397257
397178
397134
397067
397046
396901
396891
396851
396816
396760
396557
396398
396361
396359
396075
396029
395903
395876
395681
395581
395559
395543
395524
395431
395424
395063
395048
395027
394976
394825
394767
394560
394539
394102
394071
394048
393860
393774
393712
393597
393514
393447
393403
393289
393234
393232
393084
393058
393047
392757
392602
392424
392091
392078
391885
391717
391666
391384
391348
391221
391175
391057
390959
390720
390682
390610
390563
390560
390522
390411
390404
390300
390267
390251
390230
390109
390091
390086
390005
389899
389865
389716
389700
389640
389640
389524
389472
389420
389320
389048
388923
388916
388812
388635
388424
388194
387978
387879
387848
387666
387643
387532
387442
387398
387333
387317
387272
387073
386966
386867
386728
386632
386497
386480
386427
386401
386090
386075
386025
385925
385897
385833
385616
385538
385471
385444
385335
385315
385162
385050
385025
385009
384730
384702
384505
384454
384420
384210
384174
383985
383774
383740
383717
383248
383173
383149
383066
382939
382859
382817
382653
382279
382278
382040
381852
381743
381707
381647
381622
381570
381565
381536
381514
381513
381468
381409
381393
381373
381357
381350
381259
381245
381214
380843
380818
380709
380685
380627
380414
380355
380203
379948
379689
379609
379592
379517
379430
379401
379306
379301
379254
379020
378885
378857
378614
378476
378464
378414
378312
378215
378192
378165
378150
378145
378049
377696
377654
377490
377376
377313
377175
377023
376986
376619
376586
376563
376559
376475
376452
376388
376322
376237
376126
375834
375601
375487
375477
375430
375357
375238
375081
375027
374957
374850
374784
374499
374455
374253
374164
374122
373931
373904
373886
373721
373631
373337
373297
373252
373164
373125
373069
373052
372694
372401
372390
372378
372222
372138
372071
372014
371904
371890
371831
371790
371742
371701
371682
371383
371285
371200
371142
371057
371044
371013
370998
370877
370807
370736
370335
370293
370265
370126
370046
370042
370032
369814
369690
369504
369402
369059
368978
368835
368643
368457
368202
368120
368108
368098
368049
367919
367733
367601
367507
367486
367401
367313
367310
367250
367059
366987
366952
366845
366830
366825
366732
366711
366561
366286
366283
366277
366255
366237
366065
365937
365811
365782
365752
365616
365616
365599
365590
365536
365422
365148
365132
365120
365047
365037
364933
364931
364598
364530
364384
364353
364172
364075
363996
363950
363766
363536
363519
363473
363457
363412
363360
363350
363158
363135
363130
362955
362944
362854
362667
362603
362500
362421
362321
362249
362013
362003
361906
361848
361706
361685
361654
361484
361422
361264
361050
360913
360861
360819
360736
360484
360413
360351
360215
360138
360119
360091
360083
360010
359906
359881
359490
359416
359385
359205
359163
358980
358946
358824
358760
358753
358693
358682
358501
358487
358266
358166
358132
358132
358090
358009
357640
357506
357425
357075
356910
356668
356448
356396
356340
356069
355951
355576
355477
355415
355307
355109
355056
354733
354604
354598
354552
354356
354049
353989
353892
353831
353815
353766
353415
353406
353311
352906
352898
352856
352766
352738
352499
352360
352257
352202
352186
352176
352101
352010
352008
351758
351739
351477
351365
350706
350609
350540
350432
350346
350226
350217
350205
350147
349986
349957
349905
349820
349622
349557
349539
349181
349171
349160
349088
349007
349000
348963
348957
348919
348717
348699
348598
348533
348469
348422
348412
348260
347780
347682
347528
347494
347312
347268
347262
347164
347106
346797
346784
346698
346212
346044
345893
345847
345648
345582
345535
345504
345371
345336
345231
345148
344990
344914
344865
344608
344577
344212
344024
343941
343735
343635
343583
343582
343579
343486
343428
343134
343117
343082
342988
342934
342916
342558
342521
342518
342488
342410
342348
342107
342083
342039
341992
341912
341896
341845
341822
341778
341673
341665
341638
341605
341458
341422
341346
341122
341030
340752
340703
340657
340489
340430
340239
340170
340159
339629
339515
339430
338939
338931
338716
338631
338483
338392
338060
337984
337902
337732
337523
337381
337329
337193
337071
336995
336967
336955
336743
336645
336572
336144
335966
335942
335926
335859
335805
335803
335773
335771
335755
335729
335723
335574
335393
335377
335205
334955
334888
334873
334807
334707
334515
334468
334399
334379
334252
334162
334134
333847
333821
333787
333295
333254
333239
333210
333006
332843
332771
332713
332698
332564
332563
332561
332279
332180
332147
332125
332099
332005
331989
331923
331878
331817
331743
331726
331721
331436
331411
331359
331272
331215
331019
330905
330704
330504
330456
330436
330390
330312
330311
330304
330283
330283
330257
330202
330175
330066
330022
329930
329753
329671
329650
329614
329587
329479
329316
329199
328946
328858
328837
328649
328483
328411
328129
328091
327862
327856
327845
327641
327612
327543
327208
326911
326805
326744
326735
326720
326708
326455
326431
326429
326300
326080
325771
325549
325547
325478
325363
325360
325253
324715
324592
324577
324266
323953
323841
323815
323740
323486
323296
323191
323181
323105
323041
322924
322922
322784
322668
322641
322469
322249
322028
321950
321480
321479
321407
321336
321238
321171
321072
321021
320921
320827
320706
320651
320395
320217
320188
320110
319982
319940
319864
319662
319498
319255
319255
319242
319232
319175
319124
319109
319065
318790
318739
318582
318498
318243
318222
318182
317946
317851
317839
317794
317739
317577
317577
317528
317166
317114
316990
316662
316654
316354
316195
316089
316073
316067
315905
315849
315751
315614
315520
315400
315215
315135
315113
314749
314747
314665
314519
314373
314215
314142
314075
314015
313976
313836
313596
313580
313496
313428
313320
313289
313180
313061
313042
313013
312954
312893
312711
312616
312591
312421
312157
311768
311717
311679
311651
311613
311611
311592
311509
311399
311355
311306
311279
311124
311073
310780
310740
310723
310282
310270
310205
309979
309904
309900
309879
309743
309687
309642
309415
309342
309341
309236
309165
309152
309115
309087
308997
308961
308914
308863
308840
308768
308689
308666
308532
308511
308345
308245
308220
308069
307968
307905
307866
307747
307652
307418
307374
307289
307242
307152
307143
306676
306482
306461
306335
306159
306158
306082
305771
305507
305483
305423
305387
305277
304983
304872
304824
304708
304636
304493
304302
304274
304257
304178
304173
303907
303881
303792
303760
303602
303536
303360
303354
303348
303319
303293
303016
302691
302664
302611
302504
302119
302068
302024
301944
301686
301589
301525
301276
301248
301217
301209
301205
301204
301144
300998
300767
300608
300529
300479
300129
300062
299509
299463
299282
299177
299134
298923
298843
298839
298829
298653
298606
298538
298434
298281
298218
298193
298173
298137
297969
297829
297703
297590
297576
297571
297534
297415
297251
297188
297094
297038
297030
296999
296983
296980
296770
296700
296673
296656
296542
296542
296379
296247
296197
296168
296022
295972
295964
295956
295932
295781
295726
295518
295444
295384
295277
295239
295122
295117
295104
295052
295029
294912
294838
294668
294667
294599
294590
294543
294515
294484
294407
294400
294246
294232
294146
294072
293994
293987
293872
293811
293802
293749
293724
293639
293587
293572
293480
293477
293225
293203
293081
292957
292912
292820
292725
292654
292604
292549
292384
292225
292103
292081
292004
291986
291966
291843
291694
291626
291575
291416
291239
291182
291101
291078
290835
290577
290544
290484
290347
290203
290068
290067
290016
289983
289884
289682
289656
289553
289480
289454
289340
289254
289150
289122
288986
288537
288342
288192
288159
287986
287741
287716
287584
287342
286986
286929
286869
286788
286634
286608
286441
286359
286265
286121
286018
285977
285892
285875
285617
285578
285484
285435
285282
285238
285210
285180
285032
284762
284729
284541
284413
284034
283389
283113
283051
282829
282824
282717
282593
282535
282408
282099
282074
282054
282050
281926
281533
281115
281074
281049
280858
280725
280716
280662
280594
280587
280485
280437
280412
280166
280130
280030
280016
280005
279957
279857
279847
279798
279769
279761
279657
279353
279331
279221
279125
279124
279080
278968
278961
278959
278880
278865
278765
278743
278485
278298
278238
278094
278041
278011
277984
277950
277879
277873
277104
276976
276757
276623
276590
276501
276400
276272
276188
275931
275309
275132
274946
274910
274865
274856
274788
274709
274259
274223
274194
274057
273974
273849
273831
273806
273700
273591
273385
273320
273007
272704
272635
272604
272506
272412
272353
272152
272069
271860
271834
271781
271744
271740
271683
271667
271636
271631
271526
271374
271284
270940
270912
270910
270872
270808
270775
270706
270616
270573
270524
270405
270402
270015
269936
269889
269708
269688
269659
269520
269423
269120
269064
268996
268959
268792
268461
268459
268330
268277
268192
267727
267643
267519
267476
267463
267351
267337
267229
267187
267102
266986
266882
266736
266645
266612
266581
266446
266381
266157
266120
266052
265962
265955
265751
265493
265301
265235
265186
264973
264955
264695
264669
264430
264366
264305
264173
264028
263909
263785
263728
263634
263486
263242
263237
263188
263144
263137
263046
263041
262968
262797
262607
262564
262332
262272
262255
262197
262148
262093
262080
262016
261626
261603
261568
261372
261261
261240
261222
261149
260946
260818
260703
260657
260568
260552
260542
260520
260420
260207
260176
260156
260085
259950
259909
259768
259711
259596
259579
259521
259498
259375
259355
259298
259232
259108
258994
258979
258975
258969
258794
258540
258520
258499
258302
258016
257953
257539
257529
257526
257519
257344
257344
257226
257090
257013
256894
256800
256722
256654
256233
256232
255833
255580
255452
255142
254513
254434
254403
254279
254202
254171
254156
253984
253951
253945
253936
253777
253524
253447
253424
253398
253200
253166
253079
253015
252929
252819
252728
252711
252596
252370
252293
252040
251937
251904
251895
251769
251725
251708
251531
251434
251382
251244
251154
250843
250784
250774
250607
250528
250470
250454
250336
250257
250193
250128
249902
249880
249820
249798
249734
249705
249694
249589
249512
249494
249468
249448
249411
249332
249316
249163
249064
249005
248999
248981
248931
248830
248729
248641
248631
248615
248506
248477
248419
248230
248128
248111
248095
248066
247961
247927
247889
247841
247717
247646
247488
247448
247189
247180
247045
246762
246720
246645
246594
246541
246482
246473
246452
246344
246320
246116
246039
246037
245932
245918
245887
245866
245769
245727
245691
245640
245606
245496
245441
245385
245372
245033
245004
244999
244742
244679
244633
244595
244580
244493
244383
244298
244246
244244
244242
244158
244152
244147
243692
243655
243519
243518
243445
243343
243268
243172
242847
242798
242759
242641
242594
242572
242504
242416
242402
242225
242200
242185
242076
242009
241997
241898
241893
241632
241534
241156
241154
241137
241080
241064
241033
240892
240643
240581
240455
240364
240324
240281
240266
240146
240132
240058
239971
239914
239860
239814
239784
239751
239616
239539
239534
239480
239352
239195
239126
239069
239002
238998
238805
238756
238680
238639
238584
238553
238522
238458
238388
238313
238224
238220
238137
238118
238061
238023
237947
237933
237787
237573
237433
237341
237331
237272
236996
236756
236740
236722
236622
236443
236406
236279
236225
236027
236018
235834
235704
235673
235664
235451
234989
234962
234960
234765
234732
234705
234584
234500
234471
234428
234421
234400
234064
234011
233946
233748
233631
233585
233468
233431
233081
232954
232931
232914
232834
232830
232801
232713
232580
232560
232553
232380
232029
232013
231992
231913
231878
231683
231445
231403
231343
231078
231068
231048
230796
230789
230737
230481
230401
230394
230358
230268
230227
229932
229803
229765
229668
229667
229352
229330
229174
229170
228877
228852
228678
228657
228651
228554
228413
228284
228214
228136
228074
228058
228001
227844
227762
227753
227682
227561
227538
227525
227510
227251
227151
227009
226941
226842
226822
226819
226806
226753
226697
226478
226396
226343
226160
226129
226064
226037
225890
225855
225774
225753
225741
225723
225694
225480
225440
225402
225362
225252
225208
225075
224968
224873
224774
224646
224645
224540
224382
224133
224132
223803
223780
223767
223724
223591
223511
223498
223350
223333
223235
223160
223070
223010
222953
222943
222936
222718
222621
222599
222546
222389
222325
222244
222170
222158
222151
222033
221898
221586
221566
221560
221527
221494
221244
221230
221219
221062
221029
220785
220784
220726
220656
220562
220504
220497
220360
220002
219940
219723
219589
219552
219430
219209
218880
218861
218771
218690
218612
218298
218009
217966
217917
217558
217440
217221
217175
217069
217006
216957
216928
216852
216827
216723
216410
216282
216215
216069
216049
215880
215791
215768
215650
215403
215330
215254
215189
215105
215093
215031
214863
214794
214677
214655
214591
214533
214442
214356
214282
214154
214118
214117
214053
214047
214037
213985
213916
213745
213622
213484
213297
213296
213291
213259
213237
213133
213093
213053
212845
212727
212680
212648
212609
212458
212367
212304
212297
212156
211924
211770
211543
211499
211281
211149
211129
211107
211095
210971
210870
210614
210611
210558
210514
210331
210326
210289
210180
210053
209851
209750
209573
209544
209511
209289
209074
209020
208728
208707
208624
208590
208528
208336
208334
208054
207796
207729
207238
207077
207071
207053
207036
206833
206707
206691
206655
206576
206308
206112
205900
205900
205811
205673
205492
204948
204937
204893
204772
204692
204677
204639
204434
204182
204096
203933
203868
203829
203796
203782
203669
203649
203347
203183
203181
203144
203056
203053
202912
202730
202534
202471
202285
202247
202019
201969
201843
201684
201655
201631
201510
201433
201253
201096
200990
200977
200887
200824
200800
200740
200678
200562
200392
200283
200266
200066
200046
200022
200019
199912
199871
199716
199666
199592
199533
199466
199409
199406
199331
199213
199135
198923
198879
198830
198792
198640
198619
198519
198438
198406
198319
198248
198155
198070
197947
197939
197733
197730
197719
197374
197281
197226
197066
197026
197011
196757
196673
196607
196521
196130
196054
195931
195915
195886
195858
195817
195576
195524
195450
195193
195143
195101
195032
195015
195008
194935
194835
194826
194812
194764
194744
194697
194676
194340
194283
194067
194067
194060
194013
193985
193961
193859
193751
193740
193594
193464
193403
193331
193317
193286
193148
193145
193002
192582
192516
192508
192254
192206
192198
191904
191595
191588
191579
191420
191412
191380
191321
191292
191230
191169
191153
190957
190907
190820
190813
190795
190621
190418
190409
190354
190164
190150
190093
190057
190015
189977
189939
189858
189829
189632
189558
189475
189307
189180
189143
189051
188994
188646
188532
188493
188466
188359
188292
188158
188099
188070
188010
187855
187835
187832
187798
187654
187509
187471
187400
187023
187011
186952
186883
186821
186819
186608
186496
186457
186091
186076
186070
186004
185947
185917
185873
185682
185429
185123
185100
185000
184431
183957
183831
183798
183368
183326
183129
183044
183016
182990
182967
182963
182932
182854
182780
182562
182436
182173
182124
182012
181737
181533
181479
181455
181441
181387
181374
181115
181046
180970
180920
180896
180820
180712
180677
180659
180585
180578
180249
180152
180151
180101
180057
180035
179914
179837
179695
179426
179311
179301
179135
179110
179015
178950
178778
178772
178601
178387
177999
177854
177711
177603
177588
177562
177304
177300
177185
177183
177155
177103
176908
176856
176800
176655
176638
176442
176297
176253
176208
176137
176053
175981
175969
175703
175635
175440
175122
174930
174925
174748
174619
174583
174424
174370
174368
174264
174172
174075
173728
173695
173579
173541
173489
173390
173264
173256
173230
172918
172814
172727
172692
172624
172551
172526
172334
172082
171730
171618
171560
170878
170689
170600
170417
170288
170254
170144
170062
170059
169996
169822
169786
169472
169428
169412
169316
169097
169035
168975
168930
168734
168680
168513
167949
167888
167881
167596
167527
167269
167105
167096
167011
167007
166772
166614
166480
166276
166212
166203
166189
166067
166058
165697
165661
165580
165513
165402
165369
165212
165185
165027
164949
164767
164399
163974
163842
163621
163553
163492
163437
163437
163420
163310
162915
162802
162794
162717
162705
162621
162617
162428
162419
162247
162195
162050
162008
161828
161622
161525
161468
161397
161365
161217
161189
161163
161026
160992
160978
160855
160634
160453
160374
160296
160278
160246
160245
160229
160223
160173
160080
160056
159947
159910
159812
159632
159531
159531
159530
159349
159153
159104
159034
158981
158949
158814
158792
158592
158468
158192
158133
158130
158050
157513
157367
157154
157100
156897
156814
156764
156703
156391
156132
156095
156085
156079
156057
156052
155491
155348
155320
155202
155155
155136
155087
155080
155044
155032
154943
154908
154880
154679
154568
154440
154395
154328
154234
154196
154140
153999
153990
153944
153748
153672
153614
153612
153530
153503
153436
153337
153089
153040
152999
152823
152779
152741
152708
152642
152590
152526
152505
152388
152353
152337
152176
152092
151753
151647
151531
151508
151257
151248
151017
150977
150912
150890
150837
150803
150436
150356
150285
149948
149790
149669
149627
149626
149528
149393
149341
149178
149163
149134
149034
148976
148923
148894
148831
148828
148768
148758
148729
148564
148477
148422
148120
148109
148017
147919
147795
147738
147673
147631
147523
147299
147260
147257
147076
146925
146608
146565
146104
146097
145955
145865
145857
145791
145755
145725
145696
145681
145668
145659
145645
145583
145539
145480
145409
145328
145276
145143
144975
144964
144748
144736
144723
144663
144017
143859
143793
143776
143662
143638
143571
143563
143475
143296
143165
143057
143015
142923
142847
142799
142739
142646
142434
142305
142298
142123
142122
142102
142019
141958
141941
141750
141590
141498
141478
141451
140872
140860
140815
140737
140728
140660
140568
140511
140270
140180
140075
140044
139782
139592
139513
139384
139256
139147
139058
138921
138727
138725
138713
138632
138341
138222
137927
137636
137588
137530
137517
137470
137448
137424
137257
137157
136988
136695
136680
136577
136444
136397
136317
136311
136185
136163
136119
135930
135814
135594
135405
135373
135262
135259
135221
135026
134811
134806
134805
134789
134625
134624
134112
133903
133835
133833
133703
133589
133400
133358
133101
132387
132321
132131
131869
131510
131458
131362
130969
130967
130966
130846
130835
130766
130709
130338
130301
130002
129966
129932
129724
129551
129352
129235
129147
128879
128607
128602
128575
128558
128387
128242
128060
128024
127825
127642
127589
127567
127526
127349
127223
127204
127082
127067
126782
126687
126502
126459
126420
126370
126346
126214
126210
125947
125918
125915
125890
125861
125778
125776
125736
125600
125593
125570
125569
125564
125533
125365
125278
125236
125129
125128
124862
124725
124508
124452
124408
124302
124291
124275
124072
124033
123729
123570
123444
123415
123387
123292
123109
122900
122776
122624
122613
122328
122202
121908
121837
121728
121598
121550
121510
121493
121427
121131
121093
121091
121053
120927
120864
120535
120489
120419
120357
120348
120016
119990
119955
119763
119732
119700
119652
119646
119640
119457
119432
119358
119331
119299
119056
118903
118840
118778
118688
118685
118336
118292
118256
118253
118184
118181
118114
118087
117897
117818
117739
117677
117649
117558
117438
117394
117379
116987
116973
116793
116789
116772
116756
116477
116370
116364
116330
116206
116107
116090
115749
115663
115419
115377
115307
115140
115097
115077
115061
115057
114931
114828
114813
114472
114257
114183
113845
113808
113769
113677
113600
113549
113450
113382
113335
113248
113087
113014
112990
112956
112875
112857
112846
112669
112597
112452
112356
112286
112285
112129
112120
112097
112086
112057
111702
111696
111600
111556
111551
111516
111176
111152
111148
111050
111049
110983
110926
110883
110882
110810
110671
110665
110523
110396
110366
110205
110143
110082
109879
109725
109612
109608
109583
109572
109545
109370
109341
109257
109215
109098
108892
108880
108740
108698
108476
108303
108289
108186
107866
107830
107808
107787
107757
107735
107725
107497
107491
107409
107150
107113
107095
106975
106835
106733
106689
106568
106416
106199
106149
105982
105979
105858
105749
105740
105582
105464
105418
105348
105256
105192
104865
104783
104735
104673
104566
104421
104395
104159
104143
103928
103913
103598
103505
103081
102969
102907
102740
102438
102376
102243
102241
102098
102056
101689
101645
101624
101373
101367
101039
100768
100682
100679
100614
100548
100418
100378
100124
99967
99963
99609
99571
99503
99398
99243
99196
99158
99036
99006
98971
98965
98687
98632
98516
98444
98442
98290
98160
98079
97838
97631
97612
97597
97513
97434
97229
97133
97007
96858
96677
96658
96595
96565
96437
96359
96325
96261
96175
96115
96080
95848
95836
95816
95715
95591
95446
95440
95327
95055
94912
94836
94794
94674
94577
94301
94256
94193
94129
94109
93937
93911
93813
93668
93552
93457
93358
93339
93309
93274
93202
93169
93151
92613
92601
92530
92218
92200
92197
92197
92137
91997
91979
91892
91665
91647
91644
91634
91631
91629
91456
91423
91270
91261
91144
91067
90996
90809
90753
90588
90559
90515
90468
90171
90106
90064
89787
89670
89615
89506
89459
89447
89442
89333
89325
89288
89121
88793
88533
88466
88438
88363
88352
88259
88230
88123
88003
87976
87971
87724
87652
87582
87555
87547
87517
87497
87377
87351
87224
87050
86930
86919
86912
86739
86679
86642
86317
86080
85989
85772
85759
85724
85712
85688
85625
85565
85437
85432
85357
85349
85306
85296
85264
85257
85209
85158
85110
85045
84991
84914
84765
84561
84438
84126
84042
83956
83857
83806
83777
83714
83688
83571
83452
83348
83345
83314
83300
83286
83200
82982
82796
82672
82646
82446
82435
82284
82056
81988
81983
81948
81874
81646
81573
81565
81519
81261
81245
80933
80637
80594
80572
80459
80451
80344
80300
80266
80218
80059
80032
79962
79926
79824
79765
79744
79547
79546
79545
79463
79451
79412
79329
79275
79184
79158
79000
78484
78202
78161
78111
78084
77678
77603
77489
77393
77049
77044
76877
76783
76747
76704
76647
76524
76477
76338
76214
75909
75896
75809
75572
75353
75301
75015
74974
74952
74869
74818
74379
74243
74115
73909
73901
73884
73739
73683
73509
73453
73281
73242
73229
73208
73195
73002
72911
72472
72370
72246
72094
72082
72080
72041
72022
71941
71863
71827
71739
71391
71316
71174
70881
70328
70327
70324
70239
70227
70190
70163
70027
69968
69881
69874
69848
69649
69595
69513
69505
69218
69132
68960
68896
68757
68684
68602
68414
68371
68235
68059
68000
67977
67756
67733
67665
67514
67492
67364
67341
67297
67194
66944
66888
66772
66763
66697
66618
66564
66539
66500
66492
65976
65951
65935
65920
65865
65697
65685
65532
65425
65412
65397
65396
65369
65233
65177
65136
65126
65065
64718
64596
64536
64465
64394
64117
63936
63878
63878
63749
63742
63640
63574
63359
63249
63236
63078
63001
62999
62934
62909
62882
62763
62736
62673
62515
62490
62461
62403
62272
62050
62037
62008
61966
61920
61843
61730
61727
61420
61394
61361
61242
61220
61050
61049
61007
60947
60497
60372
60228
60202
60197
60113
60085
60042
60006
59997
59907
59858
59845
59837
59739
59696
59655
59654
59296
59267
59232
59129
58982
58896
58809
58680
58469
58452
58135
58133
58047
57972
57919
57919
57674
57605
57591
57591
57581
57378
57246
57074
57042
57002
56957
56624
56509
56412
56280
56241
56184
55962
55867
55757
55755
55707
55594
55492
55279
54759
54732
54492
54248
54195
54191
54150
54141
53989
53957
53884
53863
53844
53837
53791
53774
53748
53650
53638
53471
53370
53351
53177
53142
53136
52948
52812
52755
52617
52443
52434
52341
52257
52122
52108
51723
51581
51552
51533
51283
51112
51021
50973
50889
50873
50818
50785
50639
50616
50560
50490
50439
50389
50366
50180
50158
50023
49902
49878
49851
49841
49526
49524
49484
49471
49432
49237
49195
49182
49161
49091
49041
49007
48974
48845
48750
48736
48525
48525
48516
48485
48455
48421
48384
48361
48197
48190
48059
48016
47908
47884
47680
47614
47482
47458
47345
46779
46714
46709
46639
46620
46603
46319
46250
46188
46066
45998
45979
45956
45901
45771
45689
45667
45371
45299
45119
45078
45060
44982
44939
44648
44623
44573
44523
44464
44251
44244
44174
44064
43960
43947
43911
43900
43791
43628
43613
43568
43158
43137
43057
43005
42973
42953
42804
42718
42587
42529
42483
42435
42435
42377
42365
42301
42282
42200
42115
42100
42071
41803
41716
41706
41562
41367
41300
41257
41244
40904
40746
40696
40644
40507
40473
40327
40223
39965
39928
39879
39868
39782
39693
39609
39486
39474
39463
39439
39193
39187
39162
39054
39010
38703
38680
38468
38390
38384
38325
38222
38094
37995
37802
37550
37489
37341
36990
36957
36533
36481
36456
36163
36124
35842
35636
35597
35463
35362
35347
35299
35221
34991
34863
34603
34371
34224
34213
34212
34191
34052
34017
33864
33825
33762
33716
33668
33651
33509
33345
33337
33305
33034
32943
32911
32803
32776
32550
32408
32341
32246
31920
31816
31746
31670
31669
31058
30899
30748
30663
30640
30577
30379
30311
30164
30095
30035
29980
29904
29866
29731
29721
29476
29319
29288
29186
29174
29149
29086
28925
28891
28885
28874
28848
28787
28766
28762
28751
28673
28632
28518
28474
28430
28108
27562
27550
27487
27438
27369
27193
27078
26872
26809
26697
26566
26369
26234
26061
25978
25794
25612
25563
25539
25532
25505
25383
25319
25104
25013
24948
24871
24723
24700
24611
24487
24433
24432
24296
24261
24209
23990
23981
23740
23691
23319
23280
23117
23110
22809
22644
22612
22602
22332
22277
22245
22244
22121
22105
22030
21841
21758
21701
21672
21590
21494
21234
20995
20906
20898
20833
20743
20660
20632
20576
20429
20048
20046
20014
19803
19797
19668
19516
19471
19400
19250
19129
19079
19073
18826
18792
18699
18540
18533
18514
18453
18427
18400
18371
18325
18152
17879
17759
17554
17472
17435
17420
17416
17363
17358
17352
17277
17276
17117
17018
16724
16690
16517
16484
16432
16203
16189
16173
16058
15910
15867
15761
15727
15632
15599
15477
15469
15078
15040
15023
14944
14920
14807
14623
14618
14438
14391
14321
14049
13995
13985
13859
13759
13612
13464
13401
13250
13234
13049
13035
12790
12723
12619
12486
12232
12134
12122
11986
11952
11911
11679
11600
11566
11406
11253
11154
11110
11108
11062
10815
10775
10775
10540
10411
10367
10276
10209
10183
10096
10035
9847
9844
9763
9678
9584
9536
9364
9320
9317
9233
9212
9097
8971
8966
8961
8894
8839
8658
8633
8597
8585
8535
8512
8439
8262
8240
8112
8031
8025
7867
7821
7807
7635
7548
7493
7471
7421
7221
7180
7165
7140
7034
7032
7003
6942
6857
6756
6621
6367
6358
6333
6307
6242
6216
5891
5879
5833
5821
5798
5675
5668
5653
5588
5582
5528
5350
5348
5162
5144
5132
5038
4951
4872
4867
4755
4482
4445
4337
4168
4167
4153
3955
3682
3513
3433
3411
3231
3176
2457
2381
2155
2128
1770
1749
1732
1427
1393
1379
1213
1008
929
834
623
239
217
