1000
1236
2473
2933
5317
6847
7072
9585
13081
13527
13584
14412
15534
17661
18132
18901
19248
20343
20642
23477
24017
25301
25356
27289
27691
28706
32555
37079
39297
39636
40051
41616
46839
48505
48527
49243
51549
51773
52375
52521
52899
53612
54404
54623
55823
58161
58796
58817
60139
61295
64532
66429
66847
67155
67406
68320
69946
70799
71879
73551
73714
74490
75884
78905
78965
82309
84418
85243
85874
87568
87723
89196
89683
90233
90946
91711
91971
92653
94370
94718
94797
95686
96805
98030
103213
105961
105999
111218
112416
112723
112949
113691
113895
115773
115825
116799
117297
117421
117748
122174
122502
122913
123893
124707
126341
127811
128820
129099
129711
130035
130451
132451
134768
135914
136099
136284
136793
137288
138381
138893
139226
141024
142338
142901
143648
145513
145756
145878
145954
146110
146857
147134
148273
148344
150276
150663
151578
151855
153430
154916
155718
155989
156799
157675
157968
157974
159689
159858
161053
161260
161872
162249
163541
163748
163922
164290
164791
165106
165253
166467
166946
167808
168203
168567
168613
169596
171172
174581
174950
175485
180708
182511
184774
186306
186764
187685
187940
188163
188690
189086
190386
190392
191478
191487
193404
193421
194321
196677
199143
199353
201533
203156
203432
204052
204599
205023
205042
206114
206404
206465
207233
207647
209722
209816
210984
213583
214651
216607
218205
218800
218939
220382
220440
220674
221835
222239
222262
222321
222684
223017
223226
223754
223907
224829
225407
225417
226044
226261
227160
228890
230191
230706
234289
235533
235951
238535
239992
242588
243992
245439
245704
245911
247605
247720
248042
248503
251357
252310
253343
253477
254326
254936
255545
255588
256204
256772
257488
257579
258178
262756
263334
263654
264381
265182
265593
266694
267543
267988
268002
268565
268591
269040
269316
269344
271187
271355
272679
273106
274758
275174
275219
275438
277509
278825
278828
279504
280516
281610
282322
282880
283657
283698
283699
285130
286176
286558
286741
286857
288141
288170
290010
291689
294980
295269
295382
295482
296877
298663
299882
301184
302087
302129
305904
307725
308278
308701
308725
309140
309242
309399
310419
310523
311542
312069
313251
313622
313658
314606
317301
317707
317967
318950
319366
320110
320335
322010
322158
324426
327101
330189
331272
331309
331955
332629
332698
333054
334518
338620
339248
339827
340420
340440
343342
343466
343791
344403
344575
344628
346725
347110
347339
347395
347595
348166
348809
349001
349053
349087
351572
352104
352116
352784
353842
356630
356882
358605
360947
361699
362305
364512
364784
365309
365360
365780
366108
366201
367409
367732
368118
369955
370417
371807
372722
373840
374356
374404
375115
375186
375622
376427
376763
377794
379983
380434
380663
381462
382170
382421
385099
386007
386996
388632
388932
395290
395486
396498
396769
402328
404819
405783
405999
406943
407821
408406
409344
410283
411260
412300
414185
415541
418709
419395
420055
421056
421105
422068
422250
425893
426628
430820
432989
433285
434326
434443
434546
435313
435842
435948
436196
443480
444816
445489
447395
448761
449117
450068
450397
451218
451257
451444
451721
452925
453080
453115
453863
454816
454933
456516
458325
459366
460218
460484
462236
464153
464379
464708
470401
471038
471394
471491
474779
475710
476125
476267
478067
481006
481608
484430
484732
486958
487384
487505
488497
489739
489740
490020
491407
492742
493264
495652
497061
499931
500376
502751
503011
505667
507264
507356
508485
508530
508601
508718
509030
511190
511206
512563
512647
513089
513395
513763
514914
515156
517335
518482
520352
520559
521229
521568
521916
523040
523502
529606
531000
531249
531813
531941
532425
535315
535348
538215
538575
539760
540344
540523
540699
540735
540835
541372
541697
542110
543766
544306
544678
545729
548653
550726
551807
553969
556018
557232
557839
558933
561155
563546
565445
565894
567537
567671
567760
568405
568849
570888
572824
573937
574688
575050
575187
575778
576534
576663
577473
579534
579954
580106
581934
581938
582269
582554
583240
586269
586394
586519
590124
590257
590788
591510
592270
592666
592721
592974
593234
593335
593923
595182
595313
595522
597011
598621
598840
602455
603097
603471
605121
605187
605638
606627
607846
613741
615388
617400
617617
620612
624832
625742
627212
627364
627403
629778
629819
630044
630408
631755
632566
633638
635305
636039
636045
636822
640121
640975
641040
641800
642249
642403
642866
645901
648125
648532
649810
651550
651765
651875
652653
653744
654053
655547
658049
660026
661493
661923
663741
666010
666801
666837
666891
669016
669254
670017
670079
670369
671821
673789
675217
675256
675724
676768
676868
678175
679192
679937
681488
684388
688214
688660
689551
689822
690150
692363
692405
692433
693448
694287
694381
694790
694904
695254
696068
696139
696827
698704
701194
701347
702554
703636
704108
704541
705503
706412
707591
708840
709594
711276
712130
713179
713573
713828
713944
714502
717487
717878
718272
719009
719864
721580
723255
724770
725308
727298
728113
728966
730204
731121
731985
732141
732398
733405
733795
738766
739806
740353
741711
741721
744066
746737
750435
751118
751773
752091
753281
753809
754393
755444
755539
756021
756925
757476
758078
760520
760709
763744
764490
766200
766347
768443
768635
770292
773388
774072
774195
774824
775663
775822
775982
776351
779258
780745
782311
784080
785634
786589
788786
789744
789860
790788
791102
791169
794168
795449
795510
796431
796997
797163
797446
798492
798816
799023
799325
800027
800059
801342
801374
801512
801992
805388
806036
806628
807441
807455
807545
807875
811545
812474
813124
814632
815008
816313
816901
817106
817182
825129
828239
828789
829369
829929
830011
830050
831273
832642
832955
834280
834519
835651
835793
836911
837308
839061
840841
842221
843054
844420
845756
847856
847918
849689
851009
851212
853400
854108
855390
855938
856630
858261
860760
862593
862659
862847
863992
864073
864089
864429
865144
866895
868206
869764
870545
871592
872021
872565
872818
873815
874179
874315
876152
877530
878471
881695
882910
883016
886226
887132
887326
887567
887865
888193
888952
889391
889434
890811
891879
893701
894259
896895
897412
898410
898655
900103
900430
900594
900762
900765
901074
901995
902030
902032
903626
903966
907525
908125
909401
911033
911109
911501
911850
913560
913968
918120
918159
918533
919149
919863
919964
922010
922279
922447
924439
924843
924977
928369
930045
930589
930886
930973
931009
931767
932500
932754
933812
937597
938727
940987
941809
942268
943100
944140
944263
944562
944579
946542
948206
949929
951578
951608
951637
951842
953962
956387
956404
957155
957672
959146
959692
961662
962732
964011
965164
967977
968134
968276
969921
971939
972852
973543
973830
974242
974993
975536
975840
976771
977287
978447
979536
983084
983475
984641
985499
989258
989648
990180
990642
991352
994504
995289
995433
995506
995731
995776
996259
997185
997336
997374
999070
