10000
0
105
269
291
523
553
602
1035
1063
1100
1326
1566
1700
1788
1862
2094
2177
2327
2386
2394
2497
2521
2596
2670
2707
2797
2900
2989
3031
3047
3157
3238
3253
3690
3764
3815
3889
3957
4075
4202
4729
4759
4805
5409
5482
5839
5921
5936
6057
6067
6141
6254
6423
6431
6683
6766
6932
7120
7255
7618
7659
7697
7712
7758
7778
7890
7892
8108
8223
8237
8265
8772
8776
8782
9074
9232
9346
9377
9852
9854
9872
10088
10092
10201
10220
10281
10541
10551
10573
10580
10686
10711
10873
10933
10939
10962
11030
11095
11159
11231
11402
11626
11742
11876
11878
11926
11960
12138
12155
12319
12371
12425
12478
12601
12769
12910
12914
12993
13112
13117
13291
13340
13357
13420
13444
13732
13934
13947
14004
14166
14190
14286
14345
14351
14394
14428
14453
14491
14505
14793
14809
15036
15181
15194
15265
15398
15678
15734
15973
15987
16175
16178
16212
16234
16267
16423
16458
16513
16589
16771
16952
17236
17250
17265
17557
17586
17642
17818
17857
17927
18125
18218
18251
18263
18557
18598
18606
18760
18866
18867
18870
18976
19057
19060
19103
19344
19444
19568
19635
19719
19878
20160
20293
20366
20529
20539
20542
20551
20741
20742
20792
20871
20999
21152
21270
21439
21498
21576
21639
21640
21672
21844
21937
22002
22315
22388
22439
22607
22655
22674
22677
22774
22844
22959
23149
23204
23272
23282
23841
23898
24037
24192
24212
24219
24234
24371
24455
24491
24613
24791
24822
24879
24900
25049
25107
25254
25341
25735
25939
25943
25973
26057
26241
26525
26653
26770
26774
26789
26848
26929
26960
27189
27212
27235
27467
27594
27655
27662
27727
27788
27976
27995
28213
28537
28608
28708
28728
28836
29156
29642
29661
29666
29841
29928
30256
30437
30487
30550
30687
30812
30883
30909
30936
31139
31259
31458
31801
31837
31852
32049
32121
32311
32341
32372
32398
32451
32486
32587
32610
32626
32949
32959
33323
33457
33479
33508
33518
33526
33572
33623
33912
34044
34197
34210
34268
34568
34648
34719
34847
34895
35202
35405
35497
35839
35885
35948
36125
36130
36214
36304
36307
36317
36341
36405
36435
36575
36822
36956
37478
37779
37867
37985
38284
38324
38352
38519
38737
38876
38972
38974
39048
39207
39486
39510
39665
39975
39981
40012
40019
40044
40065
40093
40288
40383
40524
40540
40685
41076
41165
41199
41335
41405
41564
41726
41798
41978
41997
42055
42068
42117
42128
42148
42293
42412
42527
42564
42581
42850
42960
43097
43169
43224
43284
43318
43439
43467
43783
43943
44094
44223
44362
44414
44555
44756
44802
44863
44880
44979
44991
44992
45162
45389
45430
45442
45684
45693
45781
45873
45979
46073
46083
46090
46121
46146
46310
46425
46772
46852
46973
47040
47059
47078
47406
47410
47541
47578
47591
47790
47944
47992
48270
48300
48323
48471
48598
48608
48611
48645
48649
48717
49201
49322
49344
49510
49557
49583
49691
49763
49940
49959
49975
50022
50238
50281
50656
50660
50799
50974
51078
51079
51095
51167
51174
51238
51609
51778
51873
52030
52074
52237
52459
52476
52485
52537
52615
52683
52697
52882
52932
52948
53003
53078
53083
53089
53184
53365
53655
53656
53881
54056
54237
54509
54530
54554
54627
54700
54922
55058
55159
55365
55370
55555
55623
55639
55796
55823
55849
55900
55952
56029
56093
56214
56293
56303
56346
56634
56673
56790
57071
57161
57262
57400
57403
57432
57531
57545
57805
58071
58144
58498
58825
58858
58916
59037
59050
59104
59154
59239
59261
59416
59608
59732
59748
59996
60098
60099
60221
60237
60263
60284
60775
60827
60944
61049
61187
61385
61385
61430
61996
62151
62630
62972
63235
63280
63318
63716
63792
63931
64014
64344
64397
64680
64702
64755
64757
64815
64897
64948
65024
65058
65208
65218
65231
65289
65631
65645
65664
65761
65763
65907
66008
66041
66061
66250
66329
66424
66582
66724
66783
66814
66848
66886
67191
67194
67209
67243
67254
67332
67387
67459
67504
67508
67559
67684
67708
67718
67799
67858
67862
68066
68100
68452
68541
68620
68762
68845
68884
69223
69375
69396
69507
69545
69679
69894
69895
69957
70145
70166
70204
70206
70232
70263
70422
70422
70491
70750
70889
70910
71061
71244
71303
71358
71444
71630
71676
71699
71701
71718
71792
71812
71832
71874
71988
72008
72036
72062
72285
72293
72485
72669
73000
73148
73501
73539
73758
73896
73910
74032
74069
74104
74116
74234
74235
74302
74352
74510
74514
74558
74661
74694
74913
75071
75180
75192
75229
75301
75424
75597
75699
75703
75707
75721
75797
75875
75977
75989
76239
76251
76255
76411
76725
76740
76835
76923
76927
77018
77028
77193
77230
77531
77662
77822
77882
78042
78066
78109
78134
78225
78734
78796
78847
78900
78900
78971
78975
79036
79075
79128
79145
79168
79171
79196
79213
79247
79327
79374
79381
79461
79802
79871
79911
79912
79937
79984
80111
80119
80150
80240
80412
80517
80545
80668
80771
80903
81179
81329
81508
81518
81616
81626
81656
81741
81938
82133
82235
82321
82401
82434
82466
82615
82636
82637
82785
82810
83037
83204
83373
83392
83799
83896
83929
83945
83961
83995
84158
84287
84299
84370
84513
84539
84565
84585
84662
84743
84827
84876
84936
84993
84996
85017
85086
85105
85257
85505
85584
85588
85590
85717
85783
86040
86060
86103
86173
86204
86318
86468
86476
86834
86982
87044
87085
87223
87481
87531
87720
87756
87839
87890
88013
88152
88170
88247
88534
88595
88711
89098
89178
89482
89587
89787
89896
89899
89911
90157
90270
90709
90920
90934
90986
91108
91173
91214
91224
91248
91295
91303
91309
91356
91459
91678
91758
91781
91812
92095
92095
92142
92637
92676
92730
92804
92873
93055
93163
93188
93235
93336
93371
93436
93446
93843
93888
93921
93953
93956
94265
94272
94284
94309
94407
94478
94506
94525
94604
94711
94877
94942
95019
95044
95646
95829
95882
96168
96192
96248
96404
96541
96825
97257
97273
97313
97463
97534
97540
97558
97584
97591
97849
97867
98019
98259
98536
98557
98728
98795
99336
99591
99755
99853
99857
100181
100455
100611
100679
100684
100875
100991
101265
101491
101604
101745
101786
101929
101948
102049
102151
102274
102322
102343
102374
102375
102378
102390
102603
102625
102743
102795
102992
103058
103103
103151
103158
103164
103359
103466
103752
103961
103992
104029
104133
104136
104156
104158
104318
104422
104652
104708
104767
104810
104855
104907
104922
105062
105071
105170
105312
105415
105495
105620
105692
106049
106121
106253
106287
106493
106543
106580
106617
106762
106804
106857
106862
106908
107161
107219
107244
107257
107304
107779
107987
107995
108049
108106
108194
108361
108365
108519
108523
108728
108793
109257
109297
109300
109465
109503
109542
109543
109550
109633
109894
109954
110047
110373
110379
110429
110582
110666
110677
110738
110849
110932
110934
111091
111217
111237
111271
111303
111346
111528
111689
111805
112094
112178
112426
112583
112646
112668
112745
112749
112792
112841
112973
113154
113165
113166
113262
113264
113279
113405
113718
113739
113851
114035
114154
114161
114201
114670
114673
114733
114787
114811
114835
115074
115371
115414
115497
115630
115722
115854
115860
115887
116138
116165
116234
116485
116546
116589
116781
116830
116865
116940
117137
117150
117165
117206
117512
117612
117695
117833
117843
118025
118084
118140
118199
118305
118310
118339
118402
118441
118527
118549
118607
118875
118960
118984
119008
119013
119115
119140
119172
119411
119428
119502
119568
119620
119672
119773
119899
119913
119984
120049
120072
120083
120085
120101
120151
120226
120489
120691
120712
120798
120863
121232
121254
121363
121476
121687
122058
122129
122356
122380
122380
122400
122440
122848
122912
122992
123010
123245
123371
123473
123578
123775
123951
124122
124265
124529
124531
124577
124587
124666
124684
124735
124781
125055
125127
125398
125842
125914
125943
126272
126291
126368
126388
126572
126628
126782
126849
126883
126899
126928
127036
127126
127334
127353
127688
127707
127784
128107
128255
128316
128324
128398
128435
128497
128535
128547
128558
128734
128924
128956
128998
129174
129271
129323
129355
129369
129525
129690
129727
129979
130147
130198
130209
130219
130253
130411
130495
130525
130575
130642
130669
131008
131053
131064
131651
131903
131932
131968
131981
131985
131987
131988
132152
132274
132276
132423
132534
132666
132768
132805
132881
132929
132981
132996
133012
133017
133052
133076
133180
133251
133251
133633
133687
133740
133787
133818
133926
133992
134096
134198
134274
134356
134486
134503
134540
134597
134606
134851
134872
134961
134996
135052
135062
135114
135203
135264
135345
135602
135605
135875
135899
136115
136287
136329
136368
136433
136470
136562
136776
136979
137093
137124
137181
137238
137307
137502
137586
137699
137704
137713
137724
137806
138092
138127
138180
138187
138494
138525
138563
138670
138684
138712
138729
139320
139322
139326
139422
139502
139533
139675
139689
139831
139942
140352
140397
140426
140483
140613
140701
140742
140869
140991
141059
141193
141223
141488
141552
141728
141841
141955
142020
142079
142166
142226
142639
142810
142938
142960
143016
143087
143217
143218
143279
143888
144286
144331
144518
144539
144649
144699
144862
145042
145092
145112
145143
145197
145201
145271
145312
145404
145466
145787
145860
145901
145916
146028
146088
146138
146144
146168
146238
146260
146418
146797
146943
147153
147453
147583
147912
147964
148002
148102
148484
148662
148691
148749
148775
149062
149068
149265
149412
149440
149465
149644
149670
149866
149927
150052
150094
150096
150099
150129
150402
150524
150572
150876
150904
151098
151208
151404
151424
151497
151517
151533
151647
151936
152013
152016
152016
152063
152316
152346
152464
152466
152511
152550
152592
152635
152983
153149
153202
153553
153576
153694
153749
153877
153935
154013
154139
154163
154209
154487
154594
154737
154742
154751
154863
155117
155176
155278
155410
155447
155593
155981
155995
156053
156330
156713
156836
156893
156911
157096
157144
157325
157370
157698
157703
157790
157872
157892
157922
158155
158377
158400
158421
158436
158587
158975
159055
159115
159173
159213
159263
159301
159325
159585
159598
160267
160302
160348
160602
160603
160737
160739
160825
160829
161090
161124
161126
161210
161333
161487
161608
161670
161714
161810
161915
162130
162173
162197
162245
162420
162427
162469
162558
162911
163721
163763
163767
163791
163810
163853
163970
164016
164050
164203
164382
164468
164712
164712
164858
164978
165517
165645
165845
165937
166211
166377
166475
166540
166578
166644
166646
166683
166826
166881
167131
167132
167287
167643
167686
167725
167769
167868
167888
168061
168120
168213
168375
168449
168461
168749
168871
168884
169376
169508
169543
169595
169708
169771
169855
169858
169894
170096
170169
170318
170322
170461
170462
170516
170519
170656
170715
170761
170778
170880
170956
171119
171355
171356
171480
171525
171578
171586
171637
171670
171673
171704
171705
171785
171796
171997
172031
172150
172195
172228
172331
172372
172379
172613
172664
172672
172751
172911
172927
172944
172953
173051
173058
173154
173187
173243
173298
173428
173467
173493
173589
173645
173661
173710
173725
173749
173853
173865
173944
174226
174338
174367
174503
174514
174665
174714
174970
175120
175124
175294
175554
175697
175855
175955
176203
176337
176409
176543
176695
176698
176710
176851
176886
176983
177273
177358
177481
177516
178070
178116
178226
178310
178330
178389
178440
178496
178645
178709
178711
178797
178909
179060
179112
179133
179467
179468
179563
179634
179643
180010
180042
180128
180198
180205
180334
180338
180413
180502
180506
180544
180556
180929
181086
181327
181457
181680
181730
181760
181769
182094
182156
182320
182470
182471
182539
182575
182623
182679
182770
182849
182869
182910
182957
183187
183207
183392
183430
183732
184080
184173
184245
184367
184441
184451
184603
184703
184901
184921
184961
184976
185050
185233
185360
185493
185526
185580
185786
185827
185995
186078
186100
186115
186161
186190
186228
186234
186302
186328
186613
186777
186897
186969
187449
187547
187594
187695
187750
187804
187947
188144
188193
188279
188338
188458
188572
188776
188791
188839
188866
188921
188983
189004
189172
189489
189505
189516
189688
189698
189765
189792
189847
189952
189999
190345
190377
190498
190532
190585
190642
190717
190902
190965
190970
190991
191066
191107
191199
191200
191282
191457
191578
191707
191720
191913
191919
191932
191950
192015
192126
192143
192200
192420
192439
192779
192781
192987
193068
193092
193216
193284
193341
193353
193367
193479
193715
193747
193763
193842
193913
193931
194064
194163
194227
194349
194487
194497
194514
194549
194577
194611
194640
194663
194701
194766
194899
194902
195011
195065
195172
195183
195188
195288
195309
195442
195489
195523
195608
195609
195676
195752
196072
196074
196224
196230
196382
196581
196684
196732
196838
196874
196965
196992
197103
197198
197355
197392
197408
197454
197465
197591
197696
197707
197829
197845
197889
198039
198184
198204
198221
198331
198388
198407
198542
198544
198585
198682
198847
198935
199119
199243
199359
199425
199491
199521
199568
199803
199857
199870
199881
199909
199989
200024
200074
200309
200328
200415
200476
200491
200613
200674
200812
200860
201024
201034
201097
201135
201211
201250
201370
201408
201471
201582
201730
201737
201741
202080
202156
202460
202629
202674
202677
202985
203022
203410
203526
203621
203636
203641
203645
203659
203768
203787
204097
204113
204205
204288
204317
204502
204628
204760
204802
204849
204861
204936
205008
205040
205374
205555
205645
205702
206066
206214
206218
206263
206519
206548
206663
206663
206668
206744
206869
206886
206892
207001
207142
207195
207256
207294
207522
207698
207855
207857
207984
208037
208242
208253
208271
208782
208885
209400
209540
209571
209754
209769
209807
209837
209841
209920
210008
210052
210176
210199
210278
210332
210333
210365
210493
210907
210934
211185
211256
211352
211357
211640
211658
211731
211938
212125
212204
212259
212326
212368
212540
212831
213083
213086
213252
213526
213556
213666
213679
213716
213845
214023
214029
214229
214255
214305
214355
214377
214383
214385
214692
214827
214847
215158
215169
215192
215294
215313
215484
215505
215671
215871
215948
216151
216167
216233
216290
216371
216388
216498
216504
216795
216802
216857
217080
217100
217114
217336
217348
217377
217473
217861
217934
217986
218127
218174
218440
218463
218507
218585
218765
218836
218886
218933
218946
219087
219218
219371
219379
219420
219571
219673
219847
219937
220067
220090
220311
220364
220397
220469
220520
220756
220771
220799
220850
220869
220959
221054
221153
221303
221449
221463
221598
221937
221970
222126
222286
222290
222319
222324
222347
222473
222605
222713
222763
222777
222834
222979
223130
223182
223261
223535
223548
223570
223594
223656
223744
224030
224046
224070
224334
224532
224568
224703
224813
224893
224917
225027
225053
225059
225077
225236
225287
225359
225458
225512
225513
225554
225704
225765
225827
225839
225850
226079
226154
226237
226263
226306
226385
226416
226419
226513
226571
226619
226654
226812
226891
226916
227020
227311
227455
227573
227948
228026
228107
228174
228236
228259
228278
228538
228544
228673
228701
228703
228758
228769
228823
228896
228995
229033
229489
229578
229607
229619
229656
229840
229927
230108
230273
230275
230301
230302
230589
230710
230857
230888
230988
231185
231313
231636
231692
231719
231783
231851
231852
231865
232217
232931
232946
233207
233603
233627
233687
233815
233993
234043
234305
234328
234466
234627
234630
234905
234913
235130
235356
235488
235491
235716
235732
235904
236127
236188
236297
236391
236504
236614
236646
236747
236785
236831
236831
236908
237261
237570
237747
237897
238146
238598
238682
238754
238864
239020
239046
239077
239171
239220
239276
239352
239414
239442
239445
239481
239492
239697
239964
239980
240046
240069
240529
240568
240862
240967
241109
241129
241159
241312
241360
241419
241554
241556
241601
241923
242199
242562
242630
242741
242846
242934
243007
243127
243214
243292
243423
243550
243625
243802
243877
243911
243925
243933
243983
244129
244132
244141
244304
244436
244462
244673
244769
244801
244833
244974
244977
245021
245066
245115
245288
245327
245410
245546
245564
245585
245738
245793
245869
245935
246185
246251
246335
246352
246491
246645
246749
246805
246882
246933
247158
247443
247556
247590
247680
247903
247934
247962
247969
248016
248035
248182
248236
248340
248401
248472
248506
248525
248534
248550
248562
248576
248691
248721
248870
248897
248975
248981
249033
249041
249141
249225
249227
249287
249290
249296
249543
249595
249672
249803
249850
249879
249897
249975
250286
250298
250409
250460
250653
250663
250761
250823
250957
250997
251019
251146
251213
251514
251658
251786
251807
251881
252019
252198
252217
252254
252322
252410
252548
252620
252665
252685
252813
252930
253085
253115
253160
253197
253226
253286
253419
253425
253444
253482
253483
253859
253969
254036
254194
254201
254227
254252
254304
255180
255283
255366
255455
255463
255511
255663
255936
256051
256097
256218
256269
256437
256671
256717
256780
256929
256966
256967
256997
257136
257240
257359
257487
257519
257608
257702
257712
257819
257857
257867
257991
258159
258221
258257
258310
258313
258456
258775
258820
258896
258979
259008
259106
259205
259263
259283
259543
259584
259946
259996
260094
260142
260171
260440
260552
260569
260709
260796
260870
260917
260980
261092
261254
261315
261360
261472
261661
261753
261768
261783
261989
262107
262125
262200
262235
262262
262389
262503
262586
262764
262977
263207
263346
263398
263427
263577
263644
263708
263726
263871
264066
264104
264928
265193
265301
265309
265321
265882
265894
266214
266267
266343
266688
266691
266725
266803
266933
266954
266968
267007
267039
267061
267158
267247
267300
267315
267536
267539
267692
267865
267907
267922
267970
267981
268004
268008
268030
268044
268065
268094
268130
268264
268320
268430
268443
268564
268826
268885
268962
268962
268979
269220
269224
269312
269328
269706
269832
269907
269958
270151
270246
270372
270392
270613
270722
270791
270868
270886
271015
271095
271294
271342
271358
271414
271558
271574
271591
271594
271633
271706
271893
271950
272029
272114
272237
272377
272414
272480
272601
272691
272759
272809
272912
272942
272979
273000
273138
273170
273429
273632
273837
274069
274153
274190
274255
274275
274383
274538
274564
274669
274726
274833
274877
274908
274959
274989
275070
275230
275386
275579
275619
275633
275636
275674
275841
275842
276119
276151
276502
276610
276787
276856
276882
277047
277076
277118
277146
277290
277388
277461
277484
277625
277664
277735
277753
278018
278036
278138
278373
278413
278904
278959
279206
279435
279474
279885
280224
280263
280314
280334
280376
280424
280510
280526
280557
280755
280787
280915
280922
280930
280960
281007
281078
281127
281182
281196
281244
281369
281371
281647
281722
281738
281855
281919
282020
282296
282342
282493
282804
282851
282961
282964
283123
283172
283175
283307
283539
283601
283706
283801
283970
284196
284212
284237
284406
284473
284637
284654
284658
284753
284963
285075
285093
285213
285250
285560
285630
285935
285942
285989
286156
286359
286504
286516
286783
286849
286895
287031
287056
287083
287094
287165
287315
287382
287765
287986
287990
287992
288241
288395
288417
288969
289136
289194
289273
289346
289396
289455
289526
289566
289652
289655
289679
289771
289788
289898
290126
290135
290151
290238
290381
290456
290491
290651
290786
290801
291042
291099
291136
291311
291312
291327
291581
291595
291676
291713
291746
291747
291825
291931
291984
292256
292286
292368
292374
292747
292828
293113
293484
293637
293670
293724
293775
293922
294130
294206
294321
294527
294531
294974
295001
295041
295120
295276
295278
295322
295465
295557
295573
295689
295689
295742
295892
295982
296006
296196
296554
296647
296814
296979
296979
297137
297197
297282
297398
297545
297571
297698
297776
298122
298223
298230
298268
298322
298541
298731
298734
299317
299477
299495
299510
299568
299591
299780
299854
299887
300027
300030
300069
300083
300310
300339
300481
300537
300629
300695
300737
300785
300936
301001
301400
301444
301448
301754
301759
301812
301854
301879
302020
302036
302209
302711
302791
302955
303006
303114
303129
303512
303630
303720
303740
303813
304293
304298
304354
304354
304405
304512
304599
304878
304888
304894
304973
305058
305068
305084
305226
305331
305339
305384
305413
305433
305456
305543
305583
305597
305767
305841
305870
305943
305969
306106
306115
306168
306217
306341
306354
306448
306468
306510
306517
306751
306772
306904
306992
307007
307190
307587
307773
308045
308164
308381
308425
308571
308578
308634
308663
308704
308740
308844
308898
308994
309062
309121
309216
309275
309288
309454
309482
309597
309639
309753
309788
309871
309882
310238
310294
310411
310507
310526
310705
310843
311053
311094
311447
311496
311548
311568
311797
311880
312019
312134
312304
312345
312650
312712
312734
312829
312832
312835
312909
312931
312975
313005
313057
313146
313149
313277
313369
313451
313453
313541
313545
313723
313954
314113
314128
314243
314337
314395
314421
314781
315097
315135
315192
315568
315711
315776
315968
316022
316197
316303
316368
316399
316466
316483
316484
316674
316699
316723
317072
317084
317181
317267
317346
317467
317539
317573
317579
317604
317634
317764
317865
317896
318000
318302
318389
318428
318446
318521
318531
318535
318584
318698
318831
318831
318970
318990
319000
319405
319431
319579
319738
319762
319974
320062
320217
320292
320618
320926
321050
321058
321241
321362
321647
321773
321789
321901
321989
322135
322187
322190
322259
322304
322545
322677
322735
322960
323102
323109
323310
323390
323553
323981
324086
324149
324362
324366
324650
324835
325131
325273
325401
325474
325541
325848
325916
326042
326062
326078
326095
326096
326129
326244
326438
326451
326576
326864
326915
327011
327187
327325
327386
327403
327455
327557
327606
327726
327786
327858
327906
327913
328002
328098
328126
328140
328232
328573
328583
328720
328935
328977
329182
329407
329672
329815
329995
330078
330288
330380
330504
330521
330578
330697
330754
330770
331093
331174
331197
331286
331454
331528
331533
331593
331595
331622
331682
331814
331893
331970
332003
332042
332077
332093
332227
332257
332286
332290
332336
332808
332904
333002
333075
333725
333842
334169
334198
334199
334357
334458
334466
334569
334604
334663
334942
334975
335098
335237
335257
335302
335457
335475
336243
336278
336366
336458
336664
337203
337235
337321
337386
337527
337606
337729
337877
337925
338002
338227
338612
338691
338721
338818
338871
339158
339242
339243
339481
339658
339667
339670
339753
339817
339960
340010
340322
340328
340332
340361
340380
340471
340525
340576
340684
340838
340928
340937
341143
341204
341414
341458
341476
341502
341521
341538
341579
341607
341614
341644
341689
341744
341949
342153
342318
342680
342784
342802
342910
343229
343393
343399
343402
343425
343467
343640
343764
343832
343836
344177
344206
344289
344291
344406
344465
344671
344675
344714
344884
344954
344954
344990
345107
345302
345450
345461
345659
345690
345729
345882
345899
345961
345973
346078
346485
346502
346545
346569
346622
346633
346686
346689
346691
346709
346741
346767
346894
347094
347133
347546
347577
347715
347840
347853
347967
348038
348048
348127
348135
348137
348174
348204
348261
348366
348394
348404
348427
348516
348531
348633
348790
348850
348978
349090
349209
349319
349484
349658
349822
349835
350002
350026
350383
350611
350695
350723
350733
350839
350902
350931
350946
351138
351246
351549
351564
351596
351625
351753
352058
352081
352104
352106
352194
352261
352284
352363
352437
352662
352857
352907
352935
353044
353174
353186
353333
353358
353365
353509
353848
353915
353970
354097
354169
354226
354275
354381
354485
354587
354643
354842
354847
354903
354904
355065
355077
355196
355236
355242
355290
355318
355419
355553
355563
355686
355702
355861
356072
356414
356466
356499
356632
356721
356773
356856
357014
357019
357036
357117
357214
357300
357303
357442
357559
357721
358100
358101
358169
358231
358256
358316
358364
358375
358430
358715
358871
358888
358896
359075
359158
359169
359276
359280
359535
359538
359541
359545
359579
359735
359768
359785
359967
360135
360568
360817
360960
360968
361200
361233
361419
361493
361560
361707
361916
361933
362236
362554
362635
362678
362750
362821
362958
363248
363358
363417
363426
363664
363714
363753
363781
363812
363813
363907
364089
364150
364237
364305
364348
364508
364576
364751
364867
365004
365058
365082
365436
365525
365536
365568
365599
365692
365747
365845
365850
365868
365877
365890
365954
366094
366351
366532
366546
366547
366560
366670
366742
366929
366954
366954
366994
367141
367366
367426
367618
367628
367647
367770
367780
367874
367911
368165
368184
368274
368323
368391
368557
368663
368672
368753
368854
368864
368879
369052
369150
369196
369450
369467
369632
369681
369760
369760
370095
370159
370174
370185
370202
370285
370345
370526
370575
370833
370955
370994
371095
371097
371169
371442
371551
371703
371763
371881
371962
372014
372200
372202
372242
372262
372264
372390
372722
372821
372993
373054
373069
373153
373218
373391
373493
373531
373757
373964
373989
374029
374084
374130
374433
374569
374691
374895
374901
374966
375065
375093
375298
375526
375535
375559
375577
375855
375891
376238
376253
376328
376470
376501
376502
376604
376620
376627
376747
376760
376862
376881
376932
376937
377064
377074
377377
377563
377568
377652
377811
377832
377966
378275
378288
378499
378727
378933
378979
379003
379048
379225
379251
379471
379580
379618
379647
379670
379875
380119
380245
380259
380310
380451
380564
380637
380643
380653
380676
380798
380934
381107
381162
381303
381665
381709
381711
381762
382115
382171
382355
382419
382460
382483
382626
382724
382774
382784
382844
383050
383445
383507
383507
383746
383858
384186
384317
384319
384401
384436
384448
384477
384484
384505
384535
384607
384892
384934
385015
385153
385213
385270
385319
385387
385470
385749
385769
385842
385851
386155
386155
386176
386236
386389
386449
386457
386674
386822
386956
387040
387094
387154
387276
387471
387506
387700
387706
387744
387757
387955
388040
388051
388059
388168
388198
388453
388695
388703
388782
388801
389165
389231
389267
389294
389311
389328
389334
389375
389384
389571
389591
390023
390050
390050
390099
390114
390201
390205
390348
390349
390525
390612
390965
390999
391145
391179
391194
391244
391307
391372
391382
391414
391461
391529
391668
391694
391793
391945
391994
392097
392429
392502
392601
392703
392712
392737
392934
393280
393336
393351
393430
393454
393543
393587
393679
393814
393889
394016
394085
394149
394167
394434
394526
394614
394809
394863
394870
394899
394925
395054
395100
395511
395527
395540
395596
395688
395776
396034
396210
396225
396363
396464
396489
396526
396674
396811
396831
396835
397177
397196
397482
397695
398098
398268
398321
398342
398616
398634
398721
398814
398874
398962
399074
399077
399126
399151
399355
399383
399446
399454
399544
399610
399642
399666
399671
399678
399697
399773
399970
400171
400277
400302
400314
400479
400515
400620
400635
400646
400677
400684
400734
400752
400772
401191
401205
401239
401300
401373
401431
401673
401759
401827
401948
401953
401984
402008
402101
402145
402152
402213
402661
402846
402934
403004
403207
403311
403315
403337
403398
403491
403566
403786
403909
403970
404110
404337
404369
404379
404428
404583
404646
404652
404860
404864
404949
405042
405109
405128
405235
405376
405460
405498
405530
405861
405973
406008
406014
406072
406183
406264
406301
406343
406346
406485
406683
406709
406748
406914
407051
407520
407947
408114
408239
408245
408250
408421
408638
408651
408662
408681
408797
408872
408897
408905
408945
409108
409195
409275
409433
409572
409732
409779
409839
409839
409857
410225
410330
410565
410595
410612
410656
410808
410868
410935
411463
411776
411978
412234
412329
412335
412345
412599
412701
412865
412899
412901
412942
413111
413258
413503
413506
413554
413756
413798
414050
414087
414412
414456
414515
414648
415202
415202
415212
415229
415248
415256
415316
415441
415664
415775
415798
415838
415891
415892
415963
416276
416351
416679
416691
416826
416886
417216
417648
417755
417804
418012
418267
418356
418473
418723
418936
418987
419146
419221
419253
419276
419552
419642
419655
419723
419757
419841
419868
419939
420104
420534
420576
420618
420797
420818
420962
421045
421076
421367
421376
421408
421423
421652
421662
421671
421695
421708
421922
421999
422072
422202
422430
422445
422467
422551
422604
422797
422906
422988
423138
423273
423279
423283
423311
423500
423586
423701
423884
424088
424203
424386
424448
424558
424713
424873
425039
425197
425206
425249
425501
425565
425597
425645
425714
426054
426084
426118
426151
426171
426221
426282
426389
426390
426547
426579
426596
426617
426749
426758
426790
426803
426840
427179
427202
427212
427214
427228
427265
427689
427698
427756
427836
427969
428096
428228
428395
428576
428608
428658
428818
428845
428878
428878
428891
429191
429274
429285
429317
429326
429344
429355
429461
429472
429669
429736
429751
429823
429955
430118
430208
430313
430454
430466
430540
430569
430694
430742
430878
430985
430986
431030
431090
431184
431247
431294
431441
431512
431532
431627
431631
431850
431922
432076
432092
432115
432117
432162
432239
432299
432960
432978
433078
433101
433116
433122
433139
433225
433292
433364
433523
433547
433585
433666
433814
434049
434050
434060
434770
434974
435023
435088
435168
435498
435591
435649
435704
435722
435742
435748
435991
436002
436048
436065
436230
436343
436361
436567
436612
436670
436720
436751
436779
436800
436847
436971
436990
437075
437141
437252
437444
437684
437725
437895
437960
437994
438114
438284
438390
438482
438882
438945
438977
439072
439340
439488
439535
439736
439820
439894
439927
440042
440085
440245
440293
440451
440541
440574
440728
440737
440823
440831
440886
441199
441204
441226
441541
441585
441630
441632
441646
441868
441878
441898
441929
441991
442022
442055
442217
442290
442329
442341
442419
442437
442445
442458
443080
443106
443193
443262
443503
443538
443649
443726
443741
443794
444013
444028
444082
444197
444214
444225
444314
444383
444658
444952
444978
445199
445354
445364
445550
445744
445786
446051
446113
446275
446442
446529
446572
446642
446846
446864
446917
446965
446969
446993
447092
447224
447238
447242
447397
447475
447623
447680
447822
447829
447963
448011
448398
448460
448505
448543
448553
448649
448743
448751
448843
448892
449195
449203
449240
449258
449481
449630
449637
449690
449696
449797
449806
449812
450190
450651
450671
451027
451041
451082
451210
451228
451311
451334
451343
451447
451574
451648
451720
451821
451848
451957
452137
452195
452382
452413
452428
452432
452784
452791
452833
452889
452891
452893
453010
453013
453073
453079
453091
453204
453269
453289
453507
453643
453704
453772
453839
454345
454453
454544
454753
454784
454930
454938
454940
455061
455388
455457
455601
455610
455662
455662
455719
456194
456248
456257
456288
456434
456474
456589
456756
456794
456853
456955
457019
457045
457098
457128
457157
457246
457260
457274
457303
457361
457372
457394
457555
457567
457570
457599
457618
457863
457887
457896
457992
458048
458053
458137
458139
458262
458320
458335
458413
458494
458729
458836
458988
459092
459109
459272
459344
459384
459401
459579
459582
459782
459843
459894
459922
459962
460238
460636
460666
460744
460800
460952
461076
461142
461149
461168
461446
461499
461548
461569
461612
461764
461913
462002
462249
462328
462361
462364
462371
462403
462576
462727
462801
462901
462999
463135
463319
463358
463472
463546
463597
463598
463728
464124
464201
464215
464476
464491
464596
464940
464963
465191
465387
465557
465649
465732
466034
466138
466165
466288
466295
466437
466510
466832
467176
467355
467551
467615
467680
467712
467725
467764
467778
467782
467795
467861
467899
467932
468062
468211
468218
468218
468363
468448
468480
468571
468695
468881
468893
469120
469191
469212
469251
469268
469359
469373
469455
469515
469548
469580
469669
469675
469822
469873
469932
469994
470049
470131
470219
470231
470364
470487
470503
470540
470768
470822
470864
471021
471148
471196
471334
471360
471448
471542
471557
471672
471750
471922
472095
472193
472248
472295
472358
472429
472628
472841
472884
472906
473037
473084
473133
473179
473204
473274
473326
473460
473490
473598
473753
473874
473950
474040
474216
474278
474330
474340
474369
474466
474491
474648
474661
474879
474882
474997
475065
475077
475107
475177
475177
475301
475317
475355
475717
475852
475954
476222
476314
476440
476608
476654
476696
476710
476747
476800
477128
477274
477327
477496
477714
477799
477830
477881
477884
477968
477990
478047
478241
478305
478381
478462
478520
478544
478628
478731
478794
478801
478809
478828
479110
479170
479212
479221
479327
479401
479440
479673
479752
479771
480142
480291
480649
480894
480986
481237
481238
481269
481328
481412
481660
481713
481718
481738
481795
481997
482005
482178
482205
482645
482663
482674
482752
482851
482856
482994
483002
483117
483186
483240
483286
483442
483501
483696
483871
484077
484242
484401
484427
484441
484493
484555
484845
484892
485022
485078
485335
485531
485562
485616
485725
485797
485870
485923
485988
486181
486304
486341
486397
486519
486575
486604
486620
486679
486686
486757
486820
486834
486891
487155
487313
487396
487397
487583
487625
487771
487823
487847
487886
487896
487959
488119
488131
488141
488385
488535
488555
488559
488579
488984
489350
489451
489640
489759
489851
489872
490026
490037
490038
490088
490088
490163
490189
490255
490400
490524
490641
490686
490967
491097
491182
491211
491314
491333
491451
491482
491502
491570
491659
491803
491930
492004
492009
492111
492165
492227
492313
492593
492728
492748
492871
493115
493223
493424
493808
493970
494062
494134
494168
494419
494928
495040
495105
495309
495394
495576
495629
495691
495865
495881
496063
496193
496217
496500
496628
496746
496883
497015
497015
497071
497077
497584
497590
497661
497871
497890
497890
497949
497953
497987
498073
498218
498304
498418
498676
498959
499006
499230
499295
499418
499552
499565
499594
499616
499690
499756
499819
500068
500132
500271
500292
500428
500439
500458
500475
500500
500561
500593
500746
500824
500885
500983
501041
501077
501193
501202
501416
501506
501593
501696
501760
501913
501955
502240
502301
502366
502607
502613
502623
502692
502742
503016
503112
503138
503322
503700
503781
503850
503876
503938
503978
504049
504073
504137
504146
504285
504350
504458
504484
504624
504697
504889
505146
505165
505298
505303
505464
505538
505610
505644
505816
505867
505920
506300
506320
506372
506404
506521
506614
506682
506855
506908
506958
506991
507146
507174
507318
507471
507525
507586
507704
507840
507893
507962
507996
508096
508150
508197
508218
508357
508622
508898
508936
508981
509074
509237
509287
509305
509354
509412
509463
509577
509643
509703
510116
510219
510361
510373
510531
510750
511350
511369
511442
511451
511458
511479
511605
511626
511832
511864
511937
511988
511993
512017
512067
512128
512161
512252
512298
512343
512431
512558
512660
512750
512870
512992
513066
513391
513417
513479
513537
513691
513755
514379
514641
514746
514789
514844
514846
515021
515259
515322
515348
515456
515534
515635
515739
515896
516130
516146
516324
516368
516369
516459
516584
516663
516674
516958
517308
517373
517399
517489
517615
517667
517704
517747
517820
517902
517973
518001
518081
518106
518123
518141
518292
518362
518417
518472
518715
518792
518831
518954
519109
519288
519721
519756
519824
519830
519843
519999
520019
520269
520270
520294
520409
520445
520474
520611
520748
520804
520824
520888
521159
521229
521343
521357
521360
521439
521453
521550
521591
521709
521718
522072
522123
522128
522413
522501
522750
523027
523308
523376
523388
523444
523646
523717
523751
523843
523959
523989
524146
524245
524288
524334
524399
524428
524541
524834
524850
524861
524864
524898
524971
525265
525389
525621
525895
525908
525955
525970
526100
526171
526338
526355
526654
526945
527076
527078
527159
527260
527362
527490
527602
527775
527836
528337
528393
528434
528561
528603
528620
528857
528892
528911
529053
529080
529123
529240
529296
529404
529526
529557
529603
529604
529809
529842
529869
529897
530033
530505
530654
530763
530843
531018
531025
531274
531393
531910
531925
532023
532044
532118
532382
532389
532517
532618
532653
532770
532836
532862
533026
533049
533082
533088
533109
533143
533244
533649
533668
533961
534136
534172
534197
534207
534323
534443
534602
534637
534681
534699
534784
534796
534825
534845
534874
534994
535058
535274
535298
535372
535413
535555
535706
535713
535848
535971
536140
536258
536287
536341
536374
536587
536588
536698
536708
536735
536760
537047
537321
537483
537500
537799
537845
537917
538114
538378
538404
538529
538564
538654
538691
538776
538871
538895
539320
539493
539512
539539
539541
539599
539876
540039
540103
540199
540267
540380
540499
540509
540620
540664
540708
540710
540824
540901
541168
541170
541505
541526
541539
541719
541747
541773
541866
541968
542258
542462
542769
542868
542931
542933
543034
543123
543319
543370
543424
543653
543755
543782
543812
543925
544021
544172
544224
544276
544468
544478
544521
544586
544601
544601
544791
544824
544926
545118
545324
545489
545499
545549
545581
545601
545737
545803
545917
546111
546150
546368
546407
546496
546715
546785
546804
546869
547038
547066
547162
547270
547295
547297
547514
547520
547794
547813
547919
547991
548160
548238
548347
548395
548402
548676
548803
548858
548979
549341
549453
549670
549805
549896
550074
550183
550184
550282
550354
550553
550773
551000
551015
551026
551115
551166
551179
551215
551287
551312
551484
551598
551799
551949
552061
552390
552543
552568
552741
552774
552778
552873
553103
553236
553342
553376
553463
553584
553753
554062
554106
554161
554268
554288
554354
554428
554492
554519
554521
554725
554791
554819
554865
555350
555949
556020
556083
556105
556189
556218
556280
556299
556314
556348
556361
556447
556449
556579
556622
556825
556860
557075
557103
557108
557195
557318
557427
557478
557677
557826
557925
558004
559030
559142
559249
559327
559332
559344
559348
559354
559571
559576
559617
559628
559718
560349
560372
560633
560718
560794
560813
560911
561331
561341
561376
561569
561602
561670
561824
561974
562135
562155
562192
562233
562270
562302
562304
562308
562318
563162
563406
563518
563523
563559
563611
563697
563858
563961
563971
564180
564230
564442
564556
564676
564768
564960
565106
565282
565354
565386
565388
565389
565478
565544
565544
565717
565721
565732
565805
565820
565837
565875
565943
565950
566157
566224
566259
566272
566319
566493
566641
566718
566734
566864
566869
566892
567055
567137
567138
567278
567413
567534
567650
567705
567723
567778
567794
568035
568100
568105
568165
568173
568254
568256
568287
568722
568806
568825
568849
568885
569146
569315
569359
569498
569715
570095
570305
570317
570363
570437
570526
570538
570620
570780
571120
571199
571343
571446
571480
571500
571540
571685
571813
571933
572198
572659
572668
572679
572962
573083
573243
573343
573470
573774
573780
573841
573841
574201
574216
574280
574356
574415
574451
574487
574551
574611
574621
574713
574767
575124
575126
575228
575251
575325
575797
575815
575884
575938
576077
576089
576108
576168
576195
576228
576295
576317
576364
576450
576897
576909
576912
577020
577073
577377
577456
577489
577758
577807
577942
577942
578061
578138
578143
578176
578206
578468
578497
578589
578717
578797
578842
578896
579027
579213
579229
579361
579452
579507
579585
579601
579729
579947
580129
580204
580213
580394
580402
580467
580474
580474
580491
580564
580653
580685
580708
580716
580728
580894
581100
581319
581365
581377
581431
581549
581626
581879
581937
582398
582428
582478
582478
582554
582712
582748
582797
582839
582871
582909
582988
583078
583105
583122
583127
583157
583213
583292
583550
583563
583567
583809
583897
584103
584110
584207
584258
584521
584547
584570
584654
584835
584863
584899
584902
585015
585030
585050
585059
585094
585146
585157
585224
585381
585467
585496
585503
585901
585965
586040
586059
586321
586415
586434
586488
586713
586767
586990
587198
587245
587279
587300
587380
587544
587600
587601
587670
587825
588091
588110
588192
588196
588196
588389
588416
588469
588930
589423
589440
589597
589645
589691
589699
589717
589801
589954
589959
589982
590095
590146
590148
590281
590459
590484
590571
590691
590869
590914
590921
591190
591507
591663
591749
591970
592002
592044
592241
592406
592463
592707
592769
592863
592919
592957
592961
592965
593018
593293
593389
593526
593801
593825
593832
593861
594071
594219
594254
594666
594774
594796
594831
594892
594896
594915
595027
595035
595168
595202
595211
595235
595284
595363
595442
595470
595494
595494
595514
595634
595682
595697
595753
596286
596349
596398
596411
596575
596676
596785
596870
596909
596930
596943
597000
597010
597137
597206
597463
597697
597768
597855
597984
597991
598050
598138
598159
598186
598413
598433
598500
598625
598644
598879
598958
598976
599043
599144
599230
599344
599749
599847
599861
600218
600370
600463
600466
600561
600576
600585
600628
600646
600816
600919
600940
600963
601130
601131
601244
601372
601740
601838
601968
602018
602034
602208
602387
602560
602712
602743
602900
602930
603029
603108
603142
603219
603535
603582
603637
603649
603842
603927
603972
604041
604065
604223
604237
604312
604343
604351
604590
604655
604887
605011
605017
605095
605151
605215
605387
605529
605691
605884
605918
606062
606066
606082
606158
606208
606221
606237
606386
606577
606634
606690
606879
606995
607040
607066
607352
607353
607361
607563
607686
607696
607787
607790
607807
607812
607893
607909
608146
608307
608409
608427
608648
608909
608981
609055
609337
609509
609516
609534
609618
609833
610172
610362
610394
610493
610520
610721
610809
610850
610878
610884
610924
610928
611194
611219
611341
611354
611401
611626
611729
611835
611914
612007
612014
612028
612034
612082
612161
612178
612229
612332
612362
612399
612559
612704
612842
612899
613261
613431
613475
613593
613668
613676
613769
613803
614002
614082
614155
614253
614506
614815
614946
614956
615563
615572
615691
615776
615878
615902
616131
616359
616376
616393
616559
616664
616781
616861
616979
617028
617159
617180
617226
617286
617293
617334
617474
617520
617657
617673
617792
617871
617908
618146
618196
618238
618464
618475
618489
618707
618707
618717
618718
618975
619181
619325
619634
619825
619909
620072
620073
620110
620474
620546
620639
620740
620821
620833
620854
620986
621006
621182
621404
621506
621659
621708
621723
621740
621836
622037
622245
622382
622684
622685
622724
622861
622893
622987
623061
623101
623126
623249
623323
623373
623496
623756
623876
623900
623994
624158
624366
624584
624925
624955
625014
625261
625621
625683
625966
626187
626226
626247
626339
626429
626543
626733
626833
626838
626880
626883
627017
627089
627202
627270
627480
627495
627573
627586
627673
627791
627979
628035
628443
628462
628613
628780
628966
628969
628995
629003
629021
629098
629154
629179
629220
629300
629303
629565
629659
629710
629731
629886
629924
630233
630496
630720
630739
630761
631014
631042
631110
631121
631148
631177
631281
631382
631421
631476
631523
631551
631600
631602
631632
631671
631754
631807
631962
632156
632274
632380
632825
632897
633026
633027
633076
633089
633322
633411
633452
633467
633487
633487
633552
633574
633745
633785
633864
633925
634030
634088
634160
634194
634395
634542
634640
634676
634709
634856
634933
634972
634992
635096
635133
635228
635228
635282
635442
635522
635652
635720
635925
635960
636077
636099
636118
636372
636652
636712
636952
637340
637635
637691
638011
638032
638215
638227
638425
638637
638641
638813
638815
638890
638959
639069
639092
639218
639242
639381
639417
639455
639456
639506
639811
640021
640061
640089
640187
640199
640501
640586
640603
640794
640825
640834
640854
640859
640976
641172
641198
641268
641314
641553
641750
641774
641931
641945
642111
642337
642690
642773
642880
642964
643005
643188
643229
643236
643345
643447
643451
643540
643678
643788
643797
644110
644134
644482
644616
644689
644720
644741
644854
644955
645224
645232
645302
645623
645904
646223
646312
646352
646429
646751
647145
647276
647407
647447
647470
647476
647526
647531
647539
647581
647692
647829
647951
648099
648185
648190
648262
648288
648490
648690
648692
648782
648869
649012
649057
649090
649125
649175
649412
649428
649433
649534
649590
649607
649627
649675
649737
649821
649887
650041
650064
650121
650263
650281
650410
650656
650891
651057
651171
651206
651283
651409
651415
651604
651812
651932
651957
652152
652425
652517
652535
652747
652901
652959
652969
653082
653328
653580
653719
653843
653855
653870
653947
654055
654193
654229
654245
654361
654403
654477
654624
654639
654839
654848
654921
654968
655196
655203
655377
655417
655591
655711
655832
655895
655955
656069
656139
656212
656282
656421
656457
656539
656543
656605
656732
656736
656843
656964
657147
657326
657367
657385
657436
657709
658165
658413
658445
658690
659015
659230
659413
659475
659747
659858
659872
660174
660177
660409
660418
660430
660632
660649
660707
660842
660842
660850
660861
660942
661043
661169
661222
661289
661430
661613
661621
661684
661834
661859
662069
662100
662198
662222
662368
662463
662827
662916
663126
663196
663308
663364
663438
663512
663528
663551
663568
663619
663864
663913
663923
664001
664099
664154
664166
664265
664462
664569
664663
664680
664845
664900
665355
665468
665473
665485
665596
665706
665718
665827
665876
666150
666365
666573
666586
666617
666632
666677
666735
666823
666894
666986
667124
667162
667281
667435
667564
668012
668082
668094
668098
668198
668269
668438
668464
668728
669195
669364
669427
669447
669537
669637
669684
669693
669749
669851
670017
670032
670112
670334
670366
670458
670492
670510
670631
670743
671025
671129
671230
671348
671418
671455
671522
671646
671702
671813
671823
671848
672012
672311
672358
672363
672366
672381
672383
672538
672625
672651
672884
672932
673007
673300
673352
673362
673394
673404
673467
673559
673593
673629
673888
673910
673983
674007
674129
674144
674151
674225
674276
674436
674506
674508
674530
674623
674794
674934
674943
675301
675654
675836
675846
675945
676101
676194
676333
676426
676637
676716
676724
676745
676853
676872
677105
677323
677326
677575
677767
677866
677906
677977
678077
678268
678323
678328
678328
678337
678454
678600
678649
678692
678718
678818
678886
678960
679078
679123
679217
679272
679279
679739
679915
679974
680063
680269
680329
680422
680470
680531
680542
680646
680786
680849
680951
680952
681006
681138
681364
681536
681891
681949
682117
682195
682264
682276
682325
682450
682552
682645
682741
682925
682966
682994
683017
683052
683106
683173
683199
683247
683474
683525
683577
683628
683717
683931
683961
684142
684221
684304
684330
684339
684542
684639
684676
684710
684760
684926
685069
685096
685143
685273
685302
685361
685415
685450
685542
685630
685665
686076
686360
686430
686461
686510
686550
686567
686809
686940
687080
687246
687322
687397
687559
687568
687692
687799
688129
688175
688259
688265
688351
688357
688374
688483
688610
688852
688876
688896
688992
689296
689311
689462
689484
689506
689609
689646
689650
689673
689788
689962
689999
690106
690110
690211
690318
690327
690474
690536
690585
690649
690741
690827
690847
691110
691143
691264
691356
691357
691454
691491
691629
691712
691774
692134
692243
692314
692337
692509
692550
692790
692821
692865
692925
693026
693030
693088
693100
693249
693360
693387
693469
693526
693629
693791
693846
694007
694096
694115
694204
694478
694530
694567
694735
695060
695205
695398
695401
695734
695885
695912
696008
696110
696177
696302
696374
696379
696554
696758
696854
696919
697143
697255
697351
697382
697448
697477
697597
697619
697742
697799
697803
697811
698075
698088
698371
698413
698555
698625
698679
698693
698738
698769
698804
699204
699458
699551
699860
699935
700083
700121
700207
700234
700343
700530
700590
701145
701168
701227
701367
701527
701735
701851
701879
701938
701968
702020
702096
702115
702289
702471
702486
702592
702631
702696
702703
702718
702727
702779
702800
702841
703050
703153
703381
703518
703691
704059
704168
704336
704705
704713
704843
705293
705323
705406
705465
705496
705558
705817
705906
705969
706029
706164
706168
706252
706271
706279
706306
706313
706474
706507
706514
706517
706521
706683
706865
706874
707045
707119
707158
707274
707287
707330
707351
707500
707546
707615
707808
707822
708020
708083
708131
708131
708187
708331
708458
708480
708482
708571
708766
708903
708967
708979
709067
709214
709252
709335
709371
709434
709500
709671
709738
709834
709860
710188
710216
710243
710376
710415
710652
710676
710679
710753
710862
711039
711073
711317
711380
711472
711537
711539
711826
711929
712033
712221
712303
712311
712473
712503
712526
712590
712859
712901
712902
712940
713050
713062
713529
713587
713608
713653
713660
713671
713777
714134
714140
714189
714438
714500
714513
714639
714654
714764
714804
715238
715513
715625
715631
715704
715909
716122
716138
716254
716326
716390
716583
716678
717147
717213
717223
717385
717413
717589
717613
717640
717857
718010
718395
718675
718781
718788
718839
718934
718951
719248
719253
719342
719601
719811
719847
719966
720010
720224
720226
720324
720369
720654
720756
720769
720799
721008
721199
721319
721460
721461
721701
721716
721837
721934
722137
722444
722560
722616
722645
722679
722808
722865
723083
723339
723521
723560
723611
723661
723695
723742
723939
724480
724571
724614
725106
725303
725525
725706
725815
725817
725958
726057
726144
726244
726340
726425
726566
726569
726800
726837
726901
726996
727010
727082
727159
727164
727179
727207
727220
727245
727278
727417
727433
727500
727759
727973
728116
728202
728226
728379
728507
728523
728704
728706
728713
728729
728933
729053
729117
729326
729367
729469
729469
729505
729534
729656
729741
729795
729895
729969
730033
730162
730329
730339
730480
730715
730774
730796
730993
731075
731140
731166
731234
731234
731315
731400
731427
731549
731607
731618
731679
731713
731723
731726
732289
732363
732421
732468
732651
732672
732719
732976
733056
733076
733234
733246
733658
734033
734203
734243
734337
734502
734602
734650
734910
735064
735117
735137
735239
735309
735372
735408
735508
735548
735573
735589
735709
735731
735749
735777
735788
735891
735903
735916
735920
735961
735973
736129
736210
736325
736377
736383
736402
736899
736899
737015
737387
737480
737563
737628
737690
737809
737851
737865
737916
737947
737952
738437
738440
738442
738542
738861
738940
739038
739075
739103
739193
739399
739465
739495
739717
739990
739998
740086
740095
740207
740309
740489
740512
740662
740678
740698
740808
740884
740945
740954
741060
741062
741175
741221
741424
741669
741728
741968
742048
742123
742268
742387
742389
742402
742415
742438
742538
742676
742712
742735
742769
742821
742830
742915
742918
743069
743082
743257
743325
743338
743384
743451
743479
743782
743855
744015
744103
744123
744331
744344
744594
744701
745052
745175
745304
745355
745400
745436
745440
745465
745870
746059
746137
746358
746393
746413
746449
746453
746657
746698
746726
746954
747005
747145
747421
747540
747576
747699
747729
747839
747870
748000
748029
748424
748599
748657
748705
748798
748867
748894
748926
749075
749110
749167
749339
749343
749409
749423
749498
749578
749622
749895
750027
750097
750165
750197
750260
750262
750373
750385
750393
750497
750668
750692
750697
750824
750857
750872
751049
751069
751236
751236
751439
751645
751824
751836
751922
751968
751971
751982
752109
752122
752211
752492
752513
752529
752731
752859
752903
753125
753307
753312
753367
753414
753589
753668
753703
753727
753741
753813
753820
753844
754158
754332
754390
754509
754602
754697
754737
754827
754885
755018
755356
755447
755748
755791
755871
755928
756140
756477
756530
756556
756833
756856
756875
756925
757057
757195
757205
757471
757485
757512
757516
757531
757722
757957
757994
758006
758203
758355
758396
758498
758596
758598
758626
758766
758812
758991
759008
759063
759082
759218
759286
759364
759429
759431
759527
759545
759620
759638
759644
759687
759719
759723
759739
759746
760117
760242
760368
760397
760438
760514
760544
760632
760738
760742
760886
761012
761065
761118
761520
761672
761809
762102
762425
762474
762751
762974
763014
763052
763114
763143
763485
763603
763712
763843
763868
763871
763907
764104
764107
764361
764384
764392
764533
764789
764869
765262
765316
765584
765872
766205
766205
766212
766219
766230
766545
766694
766799
766891
766955
766973
767007
767046
767146
767148
767228
767268
767305
767357
767496
767531
767691
768132
768145
768181
768266
768315
768367
768374
768465
768492
768511
768565
768567
768774
768979
768982
769039
769159
769443
769516
769655
769873
769901
770202
770339
770594
770600
770629
770784
771001
771011
771068
771082
771200
771379
771511
771600
771673
771942
772211
772218
772267
772377
772447
772498
772575
772715
772755
772803
772915
773139
773229
773379
773508
773508
773689
773856
773948
774003
774080
774326
774404
774442
774460
774475
774521
774646
774884
775039
775044
775331
775363
775384
775541
775563
775625
775774
775796
775804
775923
775950
775977
776139
776219
776335
776431
776709
776767
776867
776889
777072
777225
777242
777290
777503
777540
777584
777715
777737
777956
778254
778433
778458
778495
778563
778579
778614
778947
779094
779147
779148
779181
779186
779288
779311
779689
779907
780200
780289
780375
780532
780569
780631
780690
780846
781172
781225
781245
781291
781380
781482
781483
781506
781601
781681
781689
781779
781789
781872
781917
781962
781992
782064
782107
782234
782339
782449
782554
782660
782682
782698
782756
782835
782845
782943
783105
783117
783176
783237
783318
783326
783494
783511
783521
783560
783592
783904
784304
784307
784534
784596
784861
784874
785035
785257
785312
785440
785453
785534
785565
785703
785717
785837
785967
785991
786214
786242
786395
786574
787009
787150
787471
787477
787506
787536
787552
787585
788140
788304
788376
788426
788729
788772
788991
789001
789083
789171
789254
789287
789485
789799
790048
790110
790155
790163
790167
790262
790265
790479
790480
790515
790521
790594
790620
790701
790876
790961
791054
791148
791205
791261
791349
791374
791424
791508
791555
791575
791640
791771
792082
792219
792267
792272
792399
792720
792796
792799
792809
793014
793186
793363
793386
794092
794203
794215
794279
794309
794389
794493
794516
794552
794595
794651
794697
794732
794825
794837
794878
794892
794986
795008
795065
795069
795115
795238
795304
795389
795419
795569
795577
795615
795856
795958
795982
796193
796214
796439
796457
796471
796474
796526
796669
796682
796746
796851
796854
796885
796901
796948
796993
797045
797114
797374
797542
797562
797620
797690
797798
797841
798105
798447
798494
798613
798625
798646
798678
798719
798763
798821
798905
798958
799077
799200
799225
799247
799319
799369
799424
800024
800064
800213
800440
800583
800682
800851
801020
801130
801132
801184
801322
801342
801382
801433
801594
801764
802052
802056
802300
802306
802315
802315
802617
802669
802787
802790
803109
803138
803214
803226
803229
803234
803253
803290
803410
803439
803473
803547
803730
803969
804022
804049
804657
804834
804990
805007
805127
805139
805288
805442
805445
805470
805623
805773
805794
805796
805855
806017
806202
806249
806275
806351
806386
806487
806743
806860
806947
806960
806974
806986
807023
807075
807294
807309
807402
807525
807560
807869
807987
808033
808035
808053
808074
808137
808246
808269
808286
808395
808470
808616
808932
808967
809229
809302
809397
809599
809642
809817
809890
809921
809974
810098
810443
810522
810581
810647
810724
810900
811172
811211
811246
811308
811393
811521
811543
811585
811637
811700
811851
811887
811984
812072
812229
812275
812313
812432
812512
812540
812603
812751
812762
812785
812796
812901
813108
813116
813203
813432
813494
813549
813646
813653
813724
813971
814108
814140
814173
814190
814322
814674
814911
814938
814967
815039
815095
815095
815131
815181
815425
815442
815485
815517
815825
816051
816140
816184
816260
816446
816545
816586
816669
816801
816814
816993
817166
817289
817448
817627
817674
817693
817727
818060
818079
818083
818108
818157
818247
818275
818295
818300
818448
818448
818525
818598
818705
818733
818910
818942
819006
819276
819368
819430
819476
819496
819577
819598
819646
820180
820283
820321
820395
820426
820427
820588
820645
820685
821444
821482
821660
821689
821752
821764
821918
822143
822211
822282
822628
822929
822984
823030
823046
823047
823087
823159
823290
823431
823606
823724
823756
823792
823933
823953
824001
824124
824132
824251
824263
824535
824727
824732
824751
824952
824980
825102
825125
825176
825240
825249
825280
825419
825618
825758
826119
826160
826285
826297
826308
826424
826445
826476
826509
826679
826687
826840
826842
826875
826892
826985
827020
827256
827360
827422
827801
827940
828322
828651
828672
828968
829116
829377
829553
829628
829740
829777
829824
830245
830262
830295
830312
830562
830659
830662
830695
830845
830997
830998
831059
831269
831337
831358
831383
831398
831460
831585
831883
831957
831958
832022
832105
832207
832297
832417
832483
832684
833078
833144
833236
833254
833275
833461
833468
833601
833733
833820
833875
833969
833973
834079
834125
834243
834317
834462
834679
834769
834897
834979
835014
835045
835062
835081
835124
835144
835165
835452
835463
835474
835593
835660
835782
835948
836222
836257
836294
836451
836566
836573
836575
836702
836984
837028
837277
837406
837409
837649
837660
837692
837740
837768
837907
837974
838091
838125
838127
838234
838290
838641
838706
839004
839092
839140
839161
839249
839265
839368
839432
839456
839516
839585
839904
840151
840232
840287
840399
840489
840577
840610
840647
840953
841276
841516
841682
841844
841870
841898
842071
842099
842261
842286
842310
842382
842426
842442
842471
842497
842566
842574
842656
842707
842722
842876
842891
843181
843214
843253
843259
843341
843536
843583
843757
844190
844455
844500
844764
844893
844913
845164
845173
845294
845314
845441
845453
845532
845595
845635
845677
845798
845856
846133
846216
846270
846420
846459
846503
846658
846663
846804
846973
846994
847114
847383
847451
847569
847599
847661
847716
847852
847913
847930
848022
848041
848044
848085
848131
848335
848391
848434
848493
848497
848500
848568
848737
848854
848919
849042
849122
849165
849653
849754
850006
850036
850077
850082
850161
850181
850538
850556
850615
850619
850652
851272
851403
851476
851643
851890
851926
851982
851985
852087
852209
852251
852272
852398
852820
852992
853390
853637
853686
853704
853760
853830
853834
853854
854096
854252
854253
854409
854539
854579
854676
854691
854794
854794
855155
855199
855234
855435
855729
855731
855904
856173
856247
856297
856327
856372
856399
856404
856438
856476
856874
856916
857013
857017
857150
857158
857543
857558
857594
857758
857768
857807
857820
858065
858109
858295
858425
858427
858569
858578
859011
859024
859137
859143
859209
859334
859483
859586
859818
859886
859950
860047
860065
860153
860325
860478
860503
860600
860610
860684
860835
860841
861045
861104
861112
861136
861251
861462
861479
861481
861534
861646
861774
861831
861991
862112
862237
862318
862486
862488
862555
862929
862979
863005
863007
863097
863368
863372
863538
863617
863724
863742
864071
864288
864358
864399
864591
865009
865130
865219
865242
865244
865293
865294
865480
865491
865778
865789
865867
865977
866092
866192
866233
866511
866527
866529
866623
866653
866703
866750
866760
866815
866848
866904
866918
866970
867137
867148
867196
867519
867753
867770
867804
867964
868052
868325
868478
868536
868538
868588
868633
868930
868939
868965
868997
869016
869349
869481
869500
869690
869708
869828
869902
869994
870159
870183
870205
870374
870392
870510
870533
870561
870563
870596
870776
870837
870881
870899
870915
870993
871012
871028
871030
871069
871181
871203
871243
871263
871454
871532
871545
871582
871671
871828
871957
872273
872395
872396
872481
872514
872516
872528
872551
873043
873046
873285
873335
873632
873764
873925
874027
874064
874151
874166
874174
874218
874222
874224
874306
874601
874717
874878
874976
875290
875318
875325
875533
875662
875839
875904
875984
876083
876092
876198
876237
876251
876253
876290
876362
876384
876450
876603
876609
876618
876734
876753
876796
876805
877303
877336
877362
877518
877519
877575
877599
877683
877935
878298
878337
878382
878417
878425
878564
878636
878655
878677
878681
878754
878834
879018
879335
879402
879468
879490
879540
879604
879667
879766
879858
879858
879935
879995
880313
880477
880666
880764
880869
881091
881183
881208
881298
881462
881533
881900
881976
882111
882169
882329
882462
882591
882669
882761
882790
883015
883144
883335
883422
883436
883719
883749
883791
883873
884035
884061
884091
884097
884101
884326
884410
884561
884602
884673
884822
884967
885264
885517
885584
885595
885659
885665
885676
885881
885908
885913
885942
885964
886022
886029
886145
886194
886245
886369
886492
886510
886516
887038
887090
887124
887146
887464
887582
887668
887773
887827
887829
887870
888139
888142
888215
888327
888417
888466
888517
888626
888644
888683
888854
888882
888898
888933
889016
889041
889051
889128
889212
889347
889349
889534
889786
889793
889924
889950
890074
890156
890160
890511
890538
890688
890803
890819
891150
891323
891418
891684
891786
891874
891974
892012
892268
892487
892514
892579
892705
892913
893003
893255
893550
893634
893755
894251
894253
894279
894305
894356
894489
894508
894598
894620
894741
894745
894887
894964
894978
895027
895208
895326
895406
895612
895616
895756
895822
895911
895968
896062
896354
896497
896679
896681
896854
896933
896953
897005
897028
897236
897288
897290
897343
897755
897773
897901
898010
898149
898219
898328
898341
898350
898371
898431
898453
898539
898602
898619
898776
898934
899022
899045
899148
899236
899305
899333
899478
899557
899561
899624
899746
899781
899898
899946
899951
900039
900088
900094
900140
900221
900259
900310
900403
900414
900635
901118
901308
901338
901614
901696
901782
901855
902032
902056
902193
902477
902528
902598
902673
902685
902771
902849
902916
902922
902922
903241
903344
903367
903472
903517
903606
903763
903925
903926
904095
904214
904236
904287
904304
904313
904438
904789
904825
904862
904955
905423
905431
905690
905771
905794
905821
905910
906123
906139
906156
906184
906193
906216
906218
906360
906489
906530
906667
906677
906822
906895
906974
907098
907251
907426
907518
907741
907867
907992
907998
908244
908360
908427
908630
908810
908829
908849
908869
909104
909155
909177
909207
909277
909353
909399
909521
909534
909553
909563
909763
909986
910019
910251
910263
910301
910491
910580
910646
910833
910851
910938
910938
911138
911314
911323
911463
911664
911689
911912
911913
912078
912085
912129
912254
912347
912452
912518
912586
912588
912668
912719
912878
912964
912990
913024
913125
913135
913161
913255
913267
913472
913756
913887
913906
914137
914140
914326
914524
914524
914681
914718
914825
914877
915134
915238
915308
915318
915355
915475
915598
915605
915887
915911
915950
916058
916062
916222
916271
916299
916340
916515
916541
916924
917123
917262
917294
917936
918186
918221
918364
918375
918627
918642
918653
918779
918782
918955
919053
919060
919068
919161
919205
919250
919265
919526
919703
919756
919942
920220
920226
920458
920491
920555
920593
920771
920931
921154
921177
921185
921185
921227
921417
921497
921528
921548
921586
921719
921750
922108
922127
922159
922481
922800
922818
922868
923085
923086
923333
923442
923448
923467
923767
923853
923900
924071
924092
924093
924220
924304
924378
924394
924507
924528
924626
924695
924848
924924
925068
925170
925270
925281
925341
925421
925424
925677
925735
925770
925774
925797
925901
925945
926041
926242
926462
926470
926593
926657
926800
926820
926842
927251
927304
927382
927612
927893
927894
928080
928129
928174
928296
928401
928448
928554
928615
928870
928873
929019
929058
929059
929361
929565
929580
929703
929767
929816
929817
929825
929919
929944
930011
930300
930396
930569
930588
930664
930735
930786
930889
930902
930922
930925
930944
930990
931200
931330
931420
931671
931820
931827
932104
932155
932196
932495
932519
932728
932742
932764
932785
932828
933129
933131
933187
933225
933256
933373
933443
933483
933512
933548
933582
933752
933886
934032
934091
934217
934253
934486
934617
934656
934948
934977
935020
935224
935366
935372
935467
935485
935675
935709
935941
935994
936123
936222
936351
936405
936443
936458
936533
936655
936662
936907
937081
937115
937282
937288
937550
937614
937937
938126
938177
938227
938227
938381
938381
938477
938605
938656
938694
938722
938896
939060
939066
939512
939636
939718
939846
939956
940156
940417
940532
940539
940546
940636
940763
940847
941000
941076
941087
941119
941158
941278
941295
941324
941327
941373
941378
941423
941635
941643
941672
941867
942034
942050
942258
942283
942412
942658
942713
942911
943382
943536
943762
943829
944116
944144
944176
944177
944325
944353
944456
944565
944571
944587
944662
944777
944797
944880
944996
945296
945374
945559
945823
946053
946130
946133
946139
946169
946231
946321
946351
946430
946476
946531
946566
946590
946685
946781
947145
947343
947435
947493
947608
947822
947843
947862
947968
948006
948057
948099
948182
948287
948532
948634
948638
948750
948773
948841
948980
949037
949158
949553
949810
949984
950002
950037
950133
950204
950256
950330
950531
950836
950910
951242
951406
951491
951565
951612
951684
951831
951943
951956
952045
952058
952062
952277
952379
952653
952672
952721
952760
952965
953124
953196
953219
953272
953391
953785
953882
953924
954021
954105
954268
954283
954399
954456
954517
954662
954663
954803
954870
954901
954963
955013
955102
955168
955189
955302
955334
955388
955610
955683
955687
955777
955858
956007
956024
956269
956294
956411
956415
956482
956761
956777
956875
956990
957051
957224
957225
957254
957260
957356
957370
957492
957497
957523
957666
957865
957903
958197
958214
958280
958285
958304
958314
958385
958443
958490
958493
958759
958819
959031
959049
959266
959353
959457
959614
959695
959784
959828
960158
960353
960430
960446
960555
960663
960853
961084
961374
961537
961579
961771
961788
961993
962209
962300
962466
962594
962640
962673
962703
962772
962788
962878
963038
963113
963276
963279
963328
963375
963416
963600
963605
963663
963663
963664
963692
963706
963724
963738
963799
963866
963896
964251
964308
964466
964476
964508
964510
964543
964726
964820
964913
965095
965119
965132
965333
965419
965459
965527
965561
965586
965647
965806
965890
965900
966056
966093
966143
966300
966310
966358
966358
966381
966458
966561
966576
966621
966937
966981
967137
967428
967602
967669
967799
967807
967817
967882
967929
967930
967951
968007
968146
968256
968408
968475
968483
968613
968668
968793
968945
968951
968976
968987
968990
969120
969218
969523
969639
969864
969867
970059
970179
970223
970310
970425
970534
970584
970585
970672
970789
970886
970943
970990
971101
971107
971116
971302
971329
971461
971594
971615
971680
971773
971791
971907
972157
972190
972345
972396
972667
972710
972781
972935
972957
973004
973008
973132
973206
973209
973249
973259
973320
973694
973710
973736
973751
974001
974147
974328
974364
974393
974495
974526
974666
974677
974747
974779
974845
974858
974877
974906
974925
975163
975300
975319
975325
975347
975352
975525
975564
975709
975748
975884
975915
976009
976038
976075
976109
976152
976195
976237
976248
976387
976590
976604
976693
976736
976751
976848
977118
977165
977209
977232
977394
977432
977735
977783
977806
977844
977935
977951
978047
978459
978519
978612
978672
978753
978759
978871
978981
979087
979093
979142
979207
979311
979353
979567
979699
979801
980009
980090
980257
980429
980634
980872
980986
981021
981060
981144
981195
981369
981567
981638
981765
981862
981888
982225
982311
982410
982428
982717
982791
982869
982911
983009
983190
983224
983453
983606
983790
983903
984009
984036
984080
984182
984217
984271
984469
984478
984556
984627
984630
984920
985375
985540
985727
985823
985841
985905
985987
986033
986049
986101
986413
986470
986478
986518
986550
986589
986600
986615
986873
986943
986945
986963
987033
987057
987216
987416
987424
987627
987629
987836
987840
987842
988025
988084
988209
988263
988440
988740
988780
988846
989130
989168
989344
989630
989736
989903
989930
990077
990137
990227
990323
990366
990502
990582
990642
990709
990793
990897
990897
990911
991080
991177
991224
991388
991529
991531
991590
991617
991655
991840
992161
992219
992245
992454
992477
992609
992870
992993
993049
993082
993119
993354
993464
993479
993502
993644
993685
993784
993977
994016
994272
994426
994486
994490
994549
994564
994663
994732
994741
994768
994837
995295
995462
995578
995671
995716
995731
995758
995770
995948
995982
996137
996332
996514
996587
996848
996928
997109
997661
997704
997989
998003
998130
998238
998240
998320
998410
998502
998526
998535
998738
998754
998904
999070
999138
999150
999350
999379
999435
999567
999647
