100
-998373
-964669
-938450
-933493
-872553
-868524
-847097
-836630
-802898
-784472
-778405
-770252
-762435
-753541
-745493
-727329
-710639
-695932
-660468
-654661
-620365
-592163
-539898
-538371
-537827
-506132
-488089
-436538
-406160
-334988
-316741
-316373
-304051
-276963
-268033
-255636
-238314
-235645
-177782
-165128
-109332
-97652
-44840
19927
30082
35668
70813
78532
103056
125009
125976
129147
142825
159398
187427
193432
198860
236330
275642
316280
344458
406383
410869
412610
438731
441729
472015
474073
485827
486875
504224
537256
579098
606489
623949
653078
664537
697079
710254
717533
722342
744714
749488
758207
761127
762750
785886
806189
823995
831497
884722
902781
903051
904283
919040
924739
939209
944768
951258
981156
