1074
2385
6128
7830
13886
19757
30980
66079
66672
74118
97028
142920
144887
166948
169614
172041
178001
223759
238289
255361
262211
282984
287018
306180
316995
319661
328326
329925
336121
336434
337957
338124
342604
348376
397532
409353
413880
414913
449654
453058
461902
477893
478194
493986
497976
515475
528772
533145
560441
561830
562210
570759
574537
576243
582694
583876
594459
605661
625202
646995
651628
653811
661710
664893
671580
692512
696503
701494
702559
703110
717612
726413
729731
751757
755147
767925
768415
777641
779548
788671
827054
835610
841715
848287
851626
872254
872264
885657
889643
907518
915546
920446
928803
934392
959262
966276
975369
976489
978831
994613
