100
3537
20677
39467
53169
62935
66625
66734
83232
85825
100194
110891
112597
115391
118580
150096
163518
177418
196959
205941
227807
229092
231847
241414
251786
268153
287862
289187
322359
322545
332943
338611
346546
349818
362126
370937
374551
383662
388792
397188
415868
421465
467001
468863
479251
485897
489312
495858
500212
503232
513929
540484
541996
542308
566018
566227
574934
586024
587749
658540
663158
674770
677477
679749
679907
694936
696263
698871
703644
705551
717560
722983
735284
741582
746056
749591
752921
774841
781042
783353
795734
800364
810724
817064
832864
840076
852730
868168
884373
888473
907263
924455
925294
926150
936573
942419
961653
982143
988925
994071
995735
