1000
2488
3731
3897
4064
5391
5573
5589
7012
10834
10978
11061
11185
11920
12081
14708
14869
15430
15508
16449
17621
19975
20047
24543
24730
24790
25144
25386
26839
27729
28249
28655
29048
31538
32780
32972
33548
33823
33864
33914
34835
35004
36450
37422
37509
37654
38631
39519
40132
40851
42043
44393
45447
45873
45964
46134
46889
47055
47673
47752
49040
49948
50614
51213
51925
52164
53281
54473
54678
56536
56764
58675
59114
59331
59391
63611
63765
64040
64935
64977
65386
66374
68467
69198
69479
69811
70607
70727
71527
74014
75062
75608
76654
77610
78944
80077
80905
81708
82197
82327
82426
83689
84790
87273
88113
88466
91989
97308
97562
99798
100535
100979
101601
102990
103176
105712
107354
107625
108037
108904
108931
109463
109488
109962
110291
112681
112746
113393
113844
114243
114589
115242
115424
115675
116005
117314
117322
117806
118456
118533
118568
120494
120564
122213
123077
123668
123746
124122
124684
124758
125156
126589
127681
127736
129111
129602
129787
129932
130955
131229
131408
132658
137117
138400
138768
139656
140137
140369
141195
141944
141956
142772
142809
144534
145304
145516
146160
146649
147448
149131
149309
151628
152751
153260
155426
159789
160640
163951
164365
165198
165564
165743
166378
166535
167262
168526
171669
171856
172249
173728
174275
174824
176254
176265
176820
179456
180798
181010
181529
181831
183268
184007
184472
184669
186454
186770
186910
187393
189988
190747
190813
190913
191658
192493
194822
195745
196008
196743
201564
202688
203711
204489
205892
206544
207692
211528
211881
213409
213572
213947
214209
215122
217980
218677
219125
219595
221716
222388
222401
224631
225222
225249
225991
228864
230557
231028
233462
234420
235200
235228
235371
236358
236542
236924
237707
238364
238729
239499
240334
242539
246378
246883
249192
251081
251700
251976
254602
258543
261825
262842
263028
263042
264885
265145
266082
267552
267754
267808
268727
269791
271998
272384
272642
273582
274941
275938
276837
277090
277986
279424
280161
281901
283029
283706
284089
286291
286545
287092
288086
290115
290863
295073
296660
296763
297057
297976
298205
298369
299607
301914
302204
302960
304344
307750
308677
309207
310216
310463
312220
313287
314076
315867
317452
317756
318007
318853
319457
322748
323495
324159
324186
324925
325476
325885
325994
326163
327522
330151
331521
332456
333446
333807
333997
334616
335343
337188
337576
339174
339978
340856
343109
343160
343213
344097
344420
346392
346753
346774
348685
349307
351404
351451
352778
352814
352847
354799
356212
356761
357272
357746
359488
360357
361039
361322
361432
362095
362826
366987
369259
369856
369864
370360
371313
372825
373410
373697
375567
376310
377072
377083
380042
381578
381617
382228
384236
384497
387044
387215
387907
390538
391401
391471
391599
392628
393337
395058
396998
397848
398556
400488
402122
402760
403212
403342
405936
406589
408712
409122
412082
412336
412604
412898
413047
415923
416523
416827
417697
417845
419575
420725
423047
423525
423540
427299
428656
429006
429668
430345
431003
431079
434956
435828
436163
436828
436972
438098
438339
438699
439288
439527
441182
441952
442330
443419
444093
444391
444611
445516
445655
446509
449202
449276
450885
451769
452254
455028
455225
455253
455731
456225
456956
457351
458523
458797
459219
462824
463394
464060
468856
470308
473778
474402
474915
476052
476249
478100
481386
482528
482685
482938
487634
487683
488683
489149
490825
491140
491186
491815
495838
496796
496829
497231
497246
497364
498007
498800
499297
499874
500454
502783
506435
508110
509415
514168
514609
515903
517215
517418
520103
520275
521254
524307
524308
530382
530649
530889
531269
531781
535712
536052
537645
537681
539466
539918
540495
541484
542057
543317
543638
543731
547186
547663
549841
551043
551943
553609
553947
555582
555733
556960
557356
558031
558960
561428
562994
564014
564039
564905
568346
570679
571475
571934
571949
574503
575504
575914
577433
578475
579244
579546
579956
582278
582734
583316
585370
587740
588342
590291
591549
591609
591726
591989
592735
594294
594307
594607
596014
598723
600703
602309
603854
605192
605713
605814
606715
607637
612240
614782
614805
615674
616024
616963
617552
619638
619957
620167
622128
623104
624694
624819
624870
624983
626390
626426
626631
627201
628720
628736
629129
630048
631109
631986
632013
632436
633747
636391
637561
637648
637665
639278
640660
642975
644878
647316
649213
649832
649913
653252
654431
656940
661033
661190
661993
663014
664851
665411
666861
666864
667541
667685
669209
670774
671010
671146
672125
672228
672388
672863
674327
675377
676268
676285
677250
677464
678312
681057
681258
681471
682767
682971
684600
686099
691591
692232
692334
692504
692738
692915
693372
693467
696446
696608
697198
697321
698795
699628
700788
702660
702867
703313
705371
706335
706620
708433
708446
708590
711847
712508
715501
717436
717770
718012
718195
719836
720002
723615
724785
725652
729291
729894
730522
730860
731625
732294
732654
732791
732941
733150
733808
734759
734789
734947
735451
736058
737291
737594
738219
738971
741728
741836
741983
742666
743166
743647
743652
748614
748788
749387
751695
751745
752416
752607
753174
754520
755611
758695
759292
759465
763142
763402
764119
766523
766814
767245
767322
767637
770807
772134
772940
774262
775452
776560
778212
781044
781272
782163
782442
782712
784921
785226
785975
787899
788180
788890
789530
789986
790509
790909
791949
793947
794409
794755
795374
795821
795852
797065
798921
799885
800092
800189
800312
803599
803967
804835
805085
805867
806418
807474
808097
808488
808718
810499
810576
810736
811005
812601
814489
814648
814759
815758
815937
816207
817268
817334
817940
818047
818247
818516
819291
822892
824689
825419
826565
826960
827597
829038
830718
830918
831790
833397
833650
834313
837095
837314
838559
841729
842104
842289
843247
843284
846218
846914
847169
847405
848188
850896
851139
851716
853484
856893
857035
858401
858959
860266
861540
862174
867110
867797
868041
869232
870855
871481
872542
873969
874255
874436
874473
874633
875566
875614
876671
882209
882215
883173
884409
885415
888281
888673
889471
890939
891478
891795
892267
893191
893231
894230
894348
895299
898154
900427
901244
903938
904649
904808
906878
909053
911671
911902
913044
913939
915140
915706
915746
915977
916675
917324
917549
917923
918953
920037
920280
926047
927571
927581
931498
933083
933417
935010
937122
937297
937388
938033
939049
941114
942146
943483
945187
945398
945785
946130
947242
947461
947822
949643
949778
950828
951375
952011
952235
952825
953056
953420
958345
958596
959131
960084
961770
963635
965411
966951
967003
967826
968367
969183
970191
970224
973148
974876
976066
976209
977970
978140
979001
979507
979983
980456
980702
980753
981165
982051
982814
983137
986986
987028
987249
987485
987870
987872
988621
989046
989206
991558
992944
995394
996740
997578
998500
999027
999155
999541
999741
