100
988809
52237
174301
939500
112699
37860
612112
214267
75189
945411
873073
394926
104664
999525
964972
159469
60748
881785
344383
922808
75832
300057
718366
764327
554475
938782
530622
824112
203816
226190
155797
301428
920546
85417
115207
279722
691779
488420
719344
878370
615060
119861
501266
397455
878116
599663
764460
873883
181371
501480
468366
645089
797944
689413
771836
320666
114504
888377
673201
832400
445260
181972
145263
374688
601182
187588
476224
320253
713185
700456
188286
56029
880264
528765
478854
858668
256607
134870
785310
651426
876642
636355
532693
27436
518893
305347
668806
742801
699239
911157
163892
159919
700632
515735
196721
543691
743703
479848
568612
860106
