1000
800188
231758
656452
986125
577427
375687
158642
208798
750886
462470
136561
347571
190462
822608
235567
834346
75024
252204
382469
439593
153340
735218
135952
254196
107585
804768
444322
17179
378299
937643
412748
739945
496190
793185
281040
98654
680292
392506
897646
531525
263524
336316
142808
725945
920378
684016
862263
691346
902948
548599
828125
457263
143262
898063
276661
781970
736186
435741
736729
176921
312697
682619
878468
818218
351573
841700
320626
850805
597159
658847
67045
179076
636580
543614
742931
737986
957312
720617
422522
195192
518451
171320
746681
628720
2087
191472
967094
787085
826942
709963
165307
638488
273350
347423
459623
667193
199534
874565
179673
858325
566652
285033
971101
23374
905821
961381
545516
687517
618475
453797
339255
302918
323758
431142
46162
547890
70639
899159
869910
157399
338109
271153
443283
788393
721656
458000
17094
964932
166371
323979
725621
462077
465585
471635
862000
233096
785165
243339
621936
872811
164732
138739
381771
502478
374491
806803
615090
138874
641358
179321
505619
944442
958131
152626
666775
225314
461073
110866
737479
513682
486615
851595
830531
468473
660741
478086
54365
574708
887974
906456
500442
537642
435629
345518
855033
646144
460959
980121
989892
237825
212677
663544
567464
741884
927222
716827
952554
657173
554807
544574
616913
274088
896022
419837
135445
808780
214418
433811
284376
512050
61018
425844
75464
330379
291919
159750
421505
454860
229435
98882
130546
879559
49065
897441
550712
716433
870525
355126
879550
379325
194443
270955
297024
271470
226206
164394
76542
40637
726892
915791
688293
514679
822257
155043
372746
781840
368844
924798
953329
411926
335622
236959
381349
299290
42374
396140
607239
230412
705827
996405
412276
142453
757272
512553
394521
474495
671103
913433
404640
941335
477529
659066
245635
885520
768827
286876
136071
397865
281540
716902
822556
13145
775953
296485
734573
432161
259171
455867
776016
73414
875125
653487
35033
160404
650628
18919
384221
122356
299607
297111
513584
80973
842255
372781
262355
460769
168898
224238
84008
169616
387057
239403
51998
762329
382619
886611
530428
926408
924002
282328
141221
401543
376248
983947
15399
162734
384482
418026
124676
888007
916587
14095
913994
294229
414013
703834
588878
724361
367858
423156
301301
469686
634988
672882
385042
145491
599299
278522
491147
955587
51996
266647
383963
584616
523390
710859
242437
946793
798809
59326
317481
925746
145643
483665
392748
559975
735902
351921
141829
948698
64014
110017
111920
409008
712118
925124
576032
75392
619567
459689
915804
317871
59186
965189
956920
70651
758463
181706
742293
299855
717405
152293
562516
175462
595691
512664
360924
651290
171768
326305
656264
305270
285978
491373
892398
382664
178965
694623
891847
86166
349956
385781
962978
251436
246699
734464
6747
692556
537516
694749
969957
311370
490471
378132
682104
280795
670659
130625
157434
657649
331125
723519
918879
973861
976516
630539
111512
874860
303971
285243
589222
30827
672294
168553
966807
473270
382494
982887
739374
385278
6604
302549
102128
307588
23853
983757
459767
445306
160271
538894
236213
509268
315460
567618
517994
712790
797200
421132
244966
733716
324130
906481
299327
710058
978409
106397
780807
344178
190879
53635
309110
458989
962554
840909
974313
211194
434874
662350
813757
451689
930325
512294
101349
475238
521557
622652
468745
133567
870544
218804
441011
660821
161926
908303
286625
962586
181607
885342
571678
123247
222821
987644
880247
460863
115835
701800
289631
872199
932861
931345
777606
890366
946128
119910
455485
424399
406796
555326
359813
334171
295858
4142
911316
561355
978598
724339
234188
56424
75642
227573
513187
355825
201212
149949
944501
719024
249688
508224
81034
433591
551163
721731
59136
360336
27173
854396
697972
680048
499599
662706
774283
46836
589707
520508
190520
918437
895607
681251
919135
537336
212799
525540
870137
792301
652347
736983
158610
370615
944954
995204
637253
184219
432987
112065
223032
279081
532374
825013
753160
106046
376143
601790
542833
612696
464554
583395
714956
62657
897755
588934
173061
841535
117081
252166
482224
493831
566743
406214
938722
839289
729192
224193
28044
989728
962656
112283
834891
393941
740041
121138
291649
422324
264665
688314
777576
110700
509761
999
88627
354669
289315
135774
819920
730633
966078
112142
312270
297287
661556
929013
138675
212028
60993
89111
601821
161100
473487
309278
400231
161757
167997
456167
910770
450239
963593
741025
137182
306775
388402
160122
687946
300876
355610
168317
66328
81807
586806
339588
420566
682644
277380
728964
971208
809107
249349
918896
174458
260665
503170
838904
807712
115218
487673
691387
996870
141128
32693
492693
254838
306975
741215
772913
19421
120540
672195
392058
159588
743011
722056
157203
348952
590706
415072
945348
849846
885659
664810
540981
482018
87643
126435
89655
370660
232572
5920
634911
698923
938583
595247
345083
285128
83929
235107
428001
133294
848056
358464
145394
470848
886286
455104
754364
985884
784068
534341
984662
294364
184972
278871
965556
940439
373175
640477
426208
669019
180218
277644
450871
376277
181607
715894
780871
333353
576842
381370
411242
300240
941095
26120
480560
323988
258325
492073
191840
689287
193498
739026
350945
508697
583831
511624
54820
507211
657811
969944
863933
710212
992574
507607
555692
682510
219132
705571
131832
857932
371529
790444
242870
121105
968009
552891
45038
853999
551980
140566
877311
213662
379930
839429
456289
482527
180029
826894
868594
812536
523276
522598
871142
798296
291423
299417
409992
122548
928694
336306
601517
285499
463152
359703
322060
89214
500187
773505
775491
381045
446853
161283
890371
975309
376083
937331
595794
935011
135860
760683
552278
33807
797043
910570
698464
464474
771689
284272
634869
397527
519436
253134
165
324991
267664
627294
670101
77827
429380
360854
862805
749484
620924
20572
322810
823428
666453
661994
218185
804347
579710
77809
316591
592653
886568
104428
89562
534906
936875
803816
263551
484468
443029
999956
932359
918501
902201
238962
310380
392384
371515
279615
705246
324005
875017
957947
976286
524622
382254
918633
560213
234418
317060
932205
796246
714378
548444
868707
619680
592800
107981
743178
54355
115459
915197
890166
140294
949341
469813
919621
924480
71287
708236
675333
240582
57595
871428
705445
605576
747666
606280
924787
643693
970617
676985
423531
930996
534563
369137
781180
516983
149704
591935
885420
69909
229000
275962
517378
266592
925901
371150
977429
621682
895523
925814
679669
258266
607688
723485
51470
289132
424114
242242
763571
811791
869558
133961
233313
145681
808403
503728
613545
955253
506104
662064
219063
739325
33553
143718
655614
857990
389867
734957
622342
748875
739256
338085
876796
216355
725162
334170
198715
829257
82960
535406
707431
318124
267280
766781
915649
61441
999543
127841
695754
699420
292610
499510
717364
711854
155017
27348
2906
829089
471970
253017
