10000
208036
35053
854412
735196
364842
68779
790250
999288
151728
871951
519981
61292
923606
696827
696155
245864
574688
725441
893443
379113
404759
809224
899497
497034
591401
161941
175046
174297
484151
326464
257562
786519
623273
737297
420887
183086
242694
733537
667919
501846
558409
525280
225999
631804
672676
972072
139442
652367
888504
152397
682234
903297
887626
465373
409132
892111
878143
695984
412977
243803
158236
624706
117215
116631
946689
896882
624786
515037
220965
895059
199391
522890
102749
314161
734781
16372
215701
993393
9472
249232
725564
22171
912109
262643
454354
615667
14736
829817
732418
509868
487502
657001
31143
994447
316160
762814
456580
761709
551147
519787
59076
483832
191961
274031
335102
76776
639388
126175
277863
831867
183366
602898
104449
378555
257810
717000
343914
525803
557229
181638
657862
99520
510664
725283
37774
298092
33098
227381
932718
564128
204876
915539
297799
105055
835590
396247
200339
81824
181309
472447
701440
977279
992624
725379
23001
15880
784032
915089
670132
934315
183073
525440
847693
289243
562011
989540
150270
925035
693558
340263
727157
995358
776288
838475
292592
974868
422140
481703
273805
589669
150482
175625
846162
606528
669861
164268
359286
12731
44920
304078
148995
132097
625230
950045
706896
285375
832080
515472
523412
356917
240599
54717
365844
870366
905902
354041
926681
450446
864772
936363
842495
969856
15100
143336
584453
926377
975280
836281
150914
824885
256410
870708
966339
317135
436458
866847
571385
660065
329779
933065
758992
198585
967874
599622
953339
787014
573573
136649
125093
411657
345005
870625
570378
61081
299286
266508
319461
822965
865422
200096
191341
480173
30781
971952
628153
454778
148215
20640
902826
377611
186289
198450
690388
894406
998660
447485
832853
429362
267572
118288
108022
794404
17318
861010
579616
978845
982004
724971
464879
319117
473091
256833
13675
740776
176533
163176
96640
787282
501260
381080
714193
43758
690192
651371
49994
686040
934162
270320
964535
772248
911155
53503
194367
908955
863584
535093
970850
937592
932983
174990
904376
930477
977859
404696
739915
432710
891027
658779
898747
124385
402121
939562
936199
673494
95157
92483
180071
412800
947861
365558
535738
247136
370240
411510
460291
904901
401637
205851
914524
570621
397471
894235
447283
52932
58460
892279
363148
197430
138696
806459
788133
509310
863189
754615
175955
444025
266413
878411
49708
375273
117056
43499
778277
730916
477833
768481
554102
664896
814711
824704
607236
974925
280947
784603
875441
917483
871203
316719
397739
662237
228954
900274
637957
874023
801287
24012
498607
317670
738345
257978
403995
514910
832079
707742
19679
123702
923062
80451
1152
381300
94582
391248
284482
500386
933597
299223
138016
262248
812748
304378
999616
859503
702347
398080
892797
485847
926315
811036
797240
419834
400013
751278
220907
214691
16999
585222
159216
248720
305919
606844
129427
843930
971175
384473
784872
473585
310461
659611
392752
106972
974109
733686
730364
437672
125823
220177
884702
969666
881036
883901
586568
87524
547404
582042
633430
350140
230950
163424
870944
519773
230975
285943
683886
201231
554917
259752
146378
307834
158608
390671
804326
855777
955836
799415
332913
967699
470940
101395
54425
672280
365154
979337
756177
489433
82452
458680
467135
566334
356856
108577
497984
834755
75501
824875
440325
699421
245366
199928
617390
313835
285056
579791
453613
823403
367993
175274
187204
775949
268734
887386
562496
926228
727731
896756
474307
206942
654071
518292
24218
185455
63555
179910
463777
384289
63010
979446
450067
981838
74854
435768
480290
38178
236642
894770
518582
158282
902403
23080
543102
298674
50224
399039
802601
62619
452082
510701
35141
144511
319251
70355
759957
829193
91112
395706
561643
79747
561161
870775
506080
349301
951773
31511
313594
363579
241310
564869
940449
907430
785342
193330
488285
824030
684227
999353
614568
542953
539120
35936
571113
320551
954724
758681
848567
175467
798190
726397
784650
969048
688960
667137
512107
838124
399743
711361
322476
293792
227454
960201
328421
223283
623123
166218
463421
468121
585037
852942
938066
869592
841996
135271
876429
188956
607269
204098
906210
345200
491815
492573
932123
801785
584604
887351
228634
991451
2265
2352
376996
918604
914228
592361
93007
199068
261040
284292
859369
757435
377345
942027
742564
260022
743308
565703
654813
879381
322646
558851
431727
732012
897985
215360
315175
392508
853902
374929
848756
873843
240750
4815
533205
629725
197299
186107
612832
178740
408575
637067
349416
329752
578082
752204
440333
573099
683820
593930
61560
356844
418387
840391
909765
644488
609592
361914
53164
347910
526791
623569
517377
397101
818255
855376
764576
968898
275126
81027
529708
1321
703932
434356
178353
386164
34514
860226
840247
414666
770453
667735
880590
204704
445660
801740
397927
882931
246589
243462
902218
117560
173178
398824
139563
101015
881392
321411
199936
18839
51409
989997
144507
165345
634576
439467
377686
954140
926830
642212
162078
968008
565159
905625
756097
47169
700367
233404
977267
165930
814437
982577
636045
701055
312870
399664
738648
515888
763786
644410
871584
341356
991216
392936
403189
947651
457505
846285
532059
531581
149192
534827
383177
478926
469304
789973
57204
127844
994772
50364
814445
539595
251104
978802
710845
983409
559631
836450
16244
486093
75847
404833
113770
181452
480702
339917
236949
783343
584452
931620
834537
108633
645605
101105
363478
271113
727394
495375
901571
508411
485162
91218
309397
255677
277929
982685
806619
176949
733459
242499
824046
259473
954858
950153
41458
317216
553076
735657
877201
521421
853975
146113
22686
456174
864662
279844
646126
384077
167723
768491
799757
799354
326410
487126
433489
718608
992938
794602
32602
761416
509593
488497
394842
481916
673650
12018
350929
899824
704577
237720
71218
918134
158759
614046
918606
329863
969537
819962
986682
221531
420071
391916
479019
9484
147080
664728
837973
269646
776780
967435
432140
629376
763895
466575
105314
950219
686659
414868
923920
835301
182017
465199
45890
923207
871169
305147
672614
133512
360085
408152
375238
772460
482390
514605
761064
174818
522896
900472
319161
346300
365401
755463
61490
14610
125685
91461
425667
8421
816094
31989
673356
852433
961536
784287
955548
909214
536408
847519
162614
824432
833657
55592
939687
239572
298348
748569
190245
966084
434498
344883
831568
420415
619402
165264
987683
153038
548882
472088
777270
184580
912621
455388
866405
926503
44268
431483
433573
419645
638696
749306
248872
916495
696531
583111
810883
794317
585095
192538
130339
797001
300176
365233
539668
618917
483692
77372
109587
951849
856990
775505
208036
120870
641525
517675
309639
816032
546257
217561
400311
915841
992160
583717
441587
610874
651248
336308
855812
343949
632576
963175
767342
306889
662376
828497
137598
306897
660199
71779
669375
975158
797060
521874
90804
282768
971446
719488
684048
334334
993442
213458
478563
797607
816752
188955
420901
326355
608680
84661
330090
161280
532708
123342
598483
950924
897269
339916
104607
481552
702416
96970
232346
593463
267355
680893
104691
721234
317335
695913
67103
842654
217736
231803
599358
494548
303310
918292
436670
600253
860779
632522
230101
67609
492586
946142
427176
173571
621312
218640
811969
227746
799704
900722
162732
57663
663438
943265
93405
487943
823589
56780
607391
721392
791580
309829
436409
259781
78503
916265
588881
960303
911725
754323
424100
831764
588995
151965
19948
654893
439377
885237
963009
992909
117448
722726
355673
300434
715703
604517
605919
154905
334918
526937
195143
803624
262455
473264
210160
26470
950039
976513
514877
835036
199836
299747
955742
647115
47711
154506
968013
691081
111734
523292
521824
10753
205575
463045
720428
498224
797845
51720
664140
703081
606327
670798
428749
290770
266978
75963
286350
615063
582877
103479
346824
605600
321264
438035
370275
403588
180407
987733
427514
283682
612226
927799
883799
394379
754876
404345
452573
269571
746429
50299
385335
229131
320460
499975
756098
79318
877971
293597
114390
814370
782187
361636
422765
798416
449687
309889
935125
173402
544868
206779
426646
449940
504826
647716
647388
666776
307120
62147
773583
956986
653265
723115
173206
51391
703044
836588
609464
30715
854376
393859
507695
345505
718400
264534
714074
504208
356231
763964
375397
867820
981419
817749
511782
339481
137752
923846
980890
173279
542351
305761
878564
869891
633264
104463
952443
425194
603206
883930
545489
4214
604626
232946
582033
619771
928969
105366
313536
875828
701007
848641
578782
487214
476024
766845
899927
541817
936935
90156
820899
522311
577809
956564
917216
797016
685368
956435
5654
813871
458556
958842
796530
857472
60963
754337
546330
492362
419663
600866
955869
385199
680327
879941
153687
300219
419564
49052
436195
50007
280982
789230
428818
192861
937113
709132
253414
81792
263064
915327
367048
33890
915919
338354
796231
168254
244918
98636
175470
501631
176000
597606
458211
775171
635824
473888
169893
345861
289380
722971
123638
623181
904321
346065
402328
338566
617603
820444
181412
751539
611050
994217
236868
899578
135553
836170
171368
419883
141946
271646
782010
815756
389071
959599
648036
857862
280352
125687
990831
481450
777040
533928
268140
733643
894340
566212
56142
506103
904169
550793
928439
939113
299715
369558
248113
119021
770559
863073
612828
650428
526515
930296
986672
201720
600366
452314
889141
696662
196071
7765
734009
660719
153199
938681
750367
619058
712142
931899
472953
533997
689246
736192
797382
992207
135845
304299
793078
786985
228404
7756
751176
248575
107794
396631
499271
858516
54340
742273
459731
837230
100306
62359
149011
577715
163467
773447
682340
931257
132673
49896
595608
531252
41814
230087
238614
663392
548283
190280
955485
965375
947643
290154
950830
340382
903516
377999
753650
453948
531882
669407
609693
243763
77311
288313
594446
262151
850273
644985
397870
496098
285520
298933
204244
98725
531925
284929
793021
679341
614104
702949
100289
947202
87938
620440
242429
504596
379293
104290
856038
416388
738483
50954
316148
415344
84047
353
362716
958924
118842
313817
368519
822102
960102
929124
302758
208030
386188
335478
53261
295447
28394
324222
805247
910897
628477
362591
818164
452939
332451
434239
274192
232609
317169
734288
583945
546957
786937
177799
471943
748879
141141
336480
456438
548875
976846
776772
873110
449267
130933
673681
532393
827568
159935
274846
244929
864749
520288
899030
729205
642234
943182
996149
492523
865764
145112
590821
45304
528128
100413
780499
902658
287176
176877
406130
702176
349994
715469
165063
352153
691
149077
886816
657525
762116
166036
636924
98390
22725
703131
372328
998001
565112
811562
762035
846076
648324
933908
679261
760746
880911
217538
840882
913413
411375
533304
583381
367042
801693
611346
718537
701464
104331
844070
592666
701307
583139
254985
523829
219398
321630
283589
826454
478058
526727
39816
117241
758045
138177
376367
651084
807455
367807
539101
248991
645856
911509
660532
608326
459750
353179
87787
772095
845288
206285
819560
982041
473868
267922
679122
243015
695644
925591
892346
616893
910148
888500
570641
81723
717310
471671
105640
986536
412344
493144
980725
809318
302651
106798
960444
374194
833230
744936
408134
408731
572467
141469
273645
162962
301693
878253
408302
721366
100968
361720
583562
925996
132939
724426
839165
661376
109456
399030
486626
806695
256318
135395
43403
467584
532424
860378
606315
195961
985579
136975
481415
209153
611664
626888
362908
57167
218381
954917
693178
60045
479708
451233
714028
730646
659825
618174
665453
130014
412476
966135
108281
115588
751186
614180
58195
696424
38199
259079
693517
460769
547483
51808
174333
183509
160259
862400
566491
283039
778267
978041
739760
179052
502511
43868
258426
406126
911179
370426
454874
961232
735538
454443
255261
249906
188358
316842
153338
329792
195228
399896
814415
834012
300380
799040
627990
522114
30120
684749
818363
481958
521992
565690
661561
475346
426615
907852
324196
276786
240923
240978
398880
627382
198450
943055
17830
760269
214528
550125
205927
664161
933008
709234
579959
121886
961908
427732
963503
444026
503126
514016
655411
997333
903074
574684
868110
94347
935819
521357
823196
397582
742583
728478
972182
595934
612088
614232
8337
641300
312795
774699
796209
798347
900428
987567
691425
714355
242156
787919
429350
145467
821458
759482
216033
307018
695071
15082
716953
134937
827210
480979
114450
935826
986944
494896
714567
113356
415476
684087
89019
80786
59250
202828
240974
213943
781563
706253
888549
24833
810505
178898
405662
509313
294937
259143
405133
143463
525781
792064
915347
64978
475086
726314
233599
697673
435084
14830
955044
909818
665493
584674
73196
352003
547826
554095
271361
749673
572163
742653
874469
11231
235929
632734
183806
591387
274709
598870
508543
31884
270337
974876
415142
965401
120064
523308
774819
508228
410646
637682
172970
38748
13056
59274
764206
661510
18902
909227
49539
583938
205167
50192
248711
879959
123471
452014
966040
939033
904033
714482
990878
842930
727949
687242
717521
789745
319914
884919
624182
25924
831821
870019
447085
653930
499602
467098
960731
178546
345800
177219
353829
990234
663827
344405
579139
822363
99203
856071
394820
439178
726202
386643
316601
879787
848116
130545
736985
998269
984866
777537
308826
401040
958623
260279
694761
115160
49826
487811
986303
608647
167098
120188
102191
76841
960266
904227
400449
490152
44673
347862
850294
193204
401265
331389
557429
931280
122092
314994
961121
807046
428783
842815
578246
389072
51560
674678
926325
25594
970092
737472
832705
767353
722064
96089
589229
853802
122532
772387
193500
638606
650304
566771
897982
384402
914248
964559
618857
581815
593456
807883
545717
183449
113100
739922
141749
922441
180435
649214
307338
647639
5338
604890
572360
718404
241552
7690
765423
434353
240340
852733
613661
30669
732375
147493
195065
472385
985373
311900
893939
757142
192248
774307
455940
271272
178591
693046
849531
479166
992780
295570
465520
292217
294836
805161
642418
906446
199600
570221
605778
843034
512733
448065
526313
998576
669748
503106
922993
700777
451416
148221
557265
810455
733276
845
970856
19155
957330
922804
701482
104145
82711
590582
219047
126483
437900
482371
159045
387397
585435
335013
49542
522755
756090
193262
565375
70880
325787
447846
431695
829999
300552
374118
924109
555590
890201
68494
534885
486315
309773
118431
791942
560864
752995
434013
282972
486947
644960
586904
203532
867162
713046
522829
931915
513083
42689
818015
725413
841940
9116
75698
224702
97835
535124
567861
27062
52551
415411
413201
637900
380512
983786
213115
877220
425915
364042
732981
200109
555714
915386
814821
780816
103767
488599
847320
94951
325678
74072
860219
698288
705829
564773
741246
821160
145500
310354
906935
10141
305872
618536
539796
788990
201423
2982
715370
849963
433692
318974
361125
770885
719419
192533
212184
519722
769108
174948
524788
259518
289546
849320
168188
440613
600955
871643
422349
735919
748027
985995
287801
326240
590559
232885
955906
663576
845688
491237
820399
283569
913083
464437
733101
781494
921820
199229
222446
386924
5836
516631
511012
689141
378001
757699
585777
890
143696
82823
650689
471655
44089
217327
645739
644031
670003
485348
578642
578013
675858
686092
591056
515295
260656
119519
744111
457943
821525
875594
789872
383226
232757
421857
491745
51669
106421
363430
945649
93673
427400
470946
322701
386489
582074
2764
87670
874600
108936
166707
744747
929684
484263
692829
855198
721467
57775
100167
154220
385576
866268
328007
767527
827273
301633
251493
421543
393575
614223
557457
372480
126840
79093
978707
78765
498389
207782
608173
29585
443810
757614
878729
87829
185258
299146
970720
893651
627289
774268
681247
681733
860114
462105
279549
525488
669920
487617
421974
986210
98720
522016
366147
910736
449467
30174
93523
197968
553945
641945
578833
132173
410525
738412
791891
176486
562240
871452
661946
630279
83770
839611
842279
926528
857475
803300
467694
124009
402785
3961
263343
667096
6992
39559
252172
946597
360531
222968
462484
305998
779588
685692
919577
645264
589423
359549
502324
885389
587948
245358
389566
565102
861494
442832
446861
829161
373232
406995
114741
161722
56358
59902
766755
982193
859354
297801
946275
874538
768637
654558
635778
219089
948304
925979
46508
105020
902965
90521
379845
812316
338588
521659
990066
583679
514540
720982
41153
155597
161160
941435
356687
294425
856290
975875
269927
364428
36814
647666
585782
584798
847531
247187
919017
829389
662420
535101
143626
951464
358343
281299
163872
144379
900444
693857
7365
12786
586769
150985
315906
834643
976104
667955
906571
194678
374605
509313
688525
38340
763434
735725
975017
287866
619866
761551
490791
330508
151254
499268
999285
427927
627885
533542
472313
667718
693494
852035
221488
714195
989214
163360
567013
771448
131418
70109
146850
11094
44185
413768
277200
629463
951300
697861
948241
320030
901497
481972
859333
181344
286558
890758
480856
296543
926508
289414
821618
570286
60405
252342
704893
204230
226116
907394
47892
141324
78704
682094
709300
579525
334950
632364
322171
777262
41807
3802
966039
574092
210965
936215
317357
219769
105724
972295
432218
796680
162311
64047
707267
235089
186847
52374
565000
234617
173744
596918
550414
517774
722349
608017
75301
150723
347770
517269
765997
731498
955800
630497
198628
673324
673691
121866
375264
598221
824584
77653
617077
517527
628958
506382
417161
562706
402406
923513
282241
486681
22584
784279
315001
467516
700773
770059
120779
545394
186712
852040
841221
349558
368953
45527
560641
403737
32519
683720
436252
925444
492567
250619
639664
655985
42426
356808
158720
979320
972839
55164
235927
456221
856082
32021
924913
730228
278890
849924
65976
749317
912142
571605
226592
666852
406136
756012
284426
660000
801237
394105
475048
763603
394358
407224
681658
341281
490204
82135
462720
174885
636631
110076
447141
242193
359140
271845
961586
165990
812817
605969
2176
819987
498562
21304
348018
690197
98752
422220
190217
688908
925424
148407
364367
553347
748914
764055
462754
643463
461285
809225
360770
82076
986450
542001
711267
524559
954656
314583
886201
617321
815649
694470
672768
349720
441236
914786
453933
875656
525859
380862
289666
164674
997617
602505
82509
744059
880657
842068
987032
664253
667377
277080
63097
905786
780080
115313
596963
29083
63934
841543
143113
762217
368806
2379
461969
523157
857781
701165
112002
420181
531727
900884
515482
3258
414127
9289
359795
808372
819046
789602
807356
509124
70726
454159
635020
99215
273813
915987
835389
645889
824351
326043
704418
481324
282930
702244
721239
231648
314725
864068
478
227096
607584
731336
869878
483255
992047
731095
219846
52751
20602
58341
403928
772289
37616
569504
768703
433784
819532
758879
956178
987375
340259
498323
210245
425309
332381
254313
921887
121961
677367
684309
154395
9116
702688
681355
546933
274083
881872
537388
627955
757018
344690
158467
681065
753974
232457
306934
403034
429711
935261
117422
244947
382329
296481
736593
817139
78398
300023
58650
207744
813766
881818
651096
556173
630298
421695
192601
518253
606009
742693
656908
922972
666936
308592
380216
611310
774384
271781
983328
229308
192118
731533
869656
609382
672039
432084
675214
315609
695166
886080
873545
865970
321501
990596
485476
599925
825431
385654
596072
244801
990616
28552
727951
977018
448138
928068
823094
797820
364305
585268
205702
716349
14033
559537
500415
601864
224581
853446
119010
547124
982416
203207
835736
554461
389974
685282
427328
128357
396795
251499
423837
110028
864241
4916
680252
468913
367444
447049
273982
496967
637317
141290
74109
291233
941677
391923
220490
607996
46910
278752
275053
301519
692420
701439
715105
42706
566337
98060
589770
578302
292407
372051
532356
922640
189963
541410
457492
331064
670067
755455
86220
673832
223608
352290
403048
153943
6233
865072
994667
808194
664290
135260
588008
484269
620805
995417
249881
699024
930427
146586
387313
729348
154995
777168
204897
167635
829172
29998
281222
892517
869729
184200
682768
898546
124209
334849
302698
636100
594199
905671
529410
740195
902619
691023
204433
277293
225875
855805
824547
15120
858010
388443
811425
10415
665106
559287
668552
22211
904612
752351
539296
812802
160644
91065
303239
68935
158728
838757
316925
176891
924227
706040
76712
138519
37152
935755
148702
619314
214571
855677
413390
978799
819450
119123
875590
956743
762496
388437
465987
679231
692878
477127
965807
125290
15692
864785
698522
801636
831828
317259
504815
703747
281900
41631
282965
991551
910426
726344
322665
119746
126986
716346
345711
270082
107465
890545
518608
406968
490852
916421
670917
13132
247441
20091
624232
922930
418417
188785
894377
154113
601361
309518
881106
734181
384855
787660
499416
560012
8773
745047
84448
510
10281
622652
876118
924526
367402
219438
605436
621497
840914
455075
38265
257921
228876
27364
643663
616552
394455
389826
458538
90161
151377
311594
469765
778928
502775
729153
474514
928023
180188
304651
850076
122806
897339
920858
770616
755575
197715
429475
970789
443017
367167
649655
458887
681991
897790
647580
532626
636386
92443
501388
265886
398523
601483
262941
201000
251250
860948
796310
863119
674118
561501
364812
78786
186370
68425
533003
474568
554196
915504
930701
716243
585166
386506
174786
783483
950469
640925
133962
493194
207537
551659
632118
196544
608959
656524
682710
413188
444465
138209
617308
844970
530378
464393
132581
871172
197381
529584
441987
547108
380616
194284
180025
548377
900666
965670
407934
107286
934635
104486
5357
162252
556813
833925
965420
135819
154818
487725
505268
123695
503902
600814
5205
199437
328516
580711
544124
774901
83057
885078
510470
449289
578404
21095
405724
297577
793111
525852
323957
36211
474321
425662
142839
792201
411495
442803
283248
566291
194383
640793
915232
240975
451042
750537
722847
599363
60753
676021
777824
980979
252781
348440
297778
523651
50281
80201
368631
177940
133113
25228
229326
869809
338576
409115
985614
564341
953130
828769
266691
566423
426582
857993
593390
799705
456833
601545
340256
394064
985491
139099
781542
113158
520220
15014
890478
845811
504860
787488
580024
893444
804731
196165
6967
404672
771517
863370
648637
567800
35303
653716
288182
288881
941345
371738
362900
873373
460556
310942
10359
258350
176212
765488
388552
41528
954026
975367
798996
42230
726371
906918
979626
658734
45103
608764
344332
293831
437475
675930
915257
930691
956756
170460
627944
998925
477764
362746
633677
554717
680202
49824
453527
343418
150736
921439
405121
51997
283844
227255
773624
794370
548041
324662
336755
589019
481779
856614
682046
2663
85731
808362
520112
685559
131305
549796
752988
700662
880958
194331
501114
769096
940064
194395
638137
301478
607978
598270
262644
22831
900498
945087
168387
825327
790377
193247
398116
719077
28703
506280
904213
621430
51193
95810
366666
780629
595759
606566
851832
535107
131689
187963
687114
593638
849390
409124
539730
377031
485360
459688
250607
726515
372872
335017
230467
60071
137627
336552
689448
814718
82956
688546
325607
611324
186273
311012
626588
867936
657558
770924
117836
70462
46330
870784
421712
882885
211922
663040
283236
856712
292772
76477
630803
379870
770070
919823
218074
827917
514846
486333
171268
507891
681945
215765
102724
636215
65459
192709
535021
365698
54345
280452
261250
394091
32277
582968
255744
454136
786624
795802
976885
317890
524745
997602
148424
391148
700007
529257
854805
147520
362871
669002
548123
592521
977168
329648
888280
801436
473218
232197
252951
460060
841401
315323
182417
775977
330012
873184
683841
245634
837403
540742
242806
37711
588661
957097
663703
28471
531418
54347
506791
479009
341226
240767
546134
76772
2918
579195
863649
531085
771264
614371
388446
515803
238001
258161
650416
196546
171039
495030
766158
84070
384687
619626
999331
848524
674296
950151
737744
256104
427044
128916
527138
362482
704936
679630
242401
494728
644416
846544
766077
153904
53289
607610
441764
664539
482235
620751
145747
150971
311283
961534
484912
25032
393872
581532
171360
122424
17654
562941
272965
479824
344145
197334
959206
423915
465367
387867
327728
413883
362967
99590
566491
497122
715310
341148
965670
20040
615301
864214
916404
563933
720848
287052
670413
804502
775585
218696
900868
650255
605942
444323
756840
376705
722022
121710
788844
528039
265799
515506
143988
889115
779508
253143
706184
597222
125232
347884
837524
722655
102964
499175
951926
536521
82817
522513
307571
414171
938802
822661
498020
63925
291177
167596
97493
443231
313280
263128
571143
61361
439962
526209
472093
898505
400945
942149
89688
824305
630942
814629
108867
374206
407931
962389
292466
967677
125940
533308
541516
933844
506997
61716
60147
39487
582496
19222
411589
283862
721385
106067
283772
18420
899399
986359
27343
772500
725996
765231
1684
444423
146397
81265
369589
62325
413197
825694
316275
131073
249871
532867
15540
999143
123749
662815
885189
787389
588656
660674
424465
34269
33080
415796
698523
862349
578599
261958
723734
390723
909649
232969
982867
794818
127165
915381
567992
43475
296516
861975
215696
822558
654963
404775
793094
378224
717222
86904
392581
538144
53631
926904
354497
510487
533531
474326
20245
812699
640628
369098
353074
448194
864317
815607
393190
502002
894960
801426
799182
433659
487336
558452
553251
624888
576566
608423
935987
161417
470954
300098
233364
750709
554153
166103
371359
751540
182808
945023
354170
64814
470334
68869
290738
237420
206656
433084
861360
499166
828780
83577
380652
252902
921550
130182
655683
756816
286511
976753
240538
168973
582666
747817
967403
832009
762402
637785
326106
214426
569306
860955
669334
736829
949057
462906
297582
240814
209514
118133
639823
195631
775026
331024
768280
785517
767276
413267
359252
982228
490954
948011
464893
533918
318649
980550
365051
296345
877245
238711
99598
532137
515839
514487
368811
66432
347334
77616
161402
177189
41570
8265
746222
829650
393465
167307
62281
113341
293498
676729
762812
487041
615845
842256
69063
223229
689830
967623
136116
435383
316354
555307
717897
766001
182604
49758
900744
304111
228192
482691
533069
677677
115994
844869
715815
826590
112465
342867
916858
755745
188680
528966
562650
785163
892815
279458
668000
743955
949732
823860
843071
5603
446477
956266
15016
264017
463827
747000
860607
321928
433589
990246
655620
84937
934876
558114
904498
376536
243078
411137
278125
218184
978331
603311
265089
603551
213653
762741
372969
964143
359460
750170
662573
525611
735454
791754
314527
219917
655460
396183
910337
293651
795870
30353
849817
329792
388227
28686
587408
164345
56660
43077
393510
763282
90134
810657
395111
161318
570571
52072
969576
484984
668582
219981
333055
842268
918571
304737
49932
150154
592177
29373
428956
753615
103937
761002
876702
830097
18968
73933
781485
431053
773481
394755
514478
807136
811618
70723
29940
149089
784589
828290
333419
724596
974995
915263
281297
488114
714468
369960
790843
448968
208121
321782
931814
821597
598957
157019
157594
249727
590761
913404
701577
842448
695917
822098
111429
46663
901230
465985
876286
69322
783411
391943
849223
663270
504119
286153
473526
236432
176389
390376
50604
803137
842804
324679
695294
307083
643659
375063
455677
312828
571804
516284
655960
61614
743328
750361
524971
5952
924669
187176
568892
245607
104735
782611
989300
976163
179102
878289
288949
992736
108623
731636
609605
980267
275249
62043
486816
632727
826575
766514
111832
825455
273713
396880
674770
351648
926134
747665
494763
153051
333620
505002
516885
528768
293626
534618
389939
379399
684410
927718
708562
32234
164500
943521
747612
364292
77293
258638
387766
939446
511563
825228
973865
703203
966961
856077
582537
343156
493684
654780
337191
394708
862429
361945
939146
576864
791444
528871
816001
579825
382659
251360
770808
353307
402582
910806
753002
63696
717945
435322
779083
991185
888656
464476
170058
67156
697773
320079
615630
327355
339071
234973
636527
600245
92083
467910
398882
345055
738038
210299
175226
683590
541182
627029
291373
562541
278194
713807
206960
42369
856772
736297
652630
38563
600929
134991
456808
443723
704939
795842
107986
939480
15410
17411
438803
193185
371306
469488
331954
76168
672383
126793
426387
430461
397507
654049
539331
886188
358944
358054
643426
73868
512478
801531
571416
125914
518987
315113
779382
157797
65096
81599
603602
887597
401647
900573
929733
692356
760363
958665
600003
858223
589577
502463
688054
945348
987020
109116
389424
215374
32388
681537
645409
340991
290274
695773
904189
726974
12508
465141
363765
138112
478644
94485
469232
553531
205072
327592
796954
9329
308487
933981
248215
256422
77523
218091
882063
425788
19107
996766
535853
331227
814773
65157
922199
205509
511366
980634
776463
844095
654881
666397
292165
797635
751082
825204
590670
136580
179779
573031
698887
182145
399491
45997
940970
260341
242655
842462
669661
3502
305400
971555
254443
838256
834896
481860
682324
248373
755474
799437
551165
63620
323821
557695
764021
82393
501509
740405
288879
226408
308722
283734
689561
603029
164176
503730
124063
830234
296655
767535
891131
148468
678995
932733
997886
462057
309318
204385
846906
183996
126016
803665
277113
989834
127289
60177
812933
158747
945836
218164
950140
972743
211441
160430
984973
831582
282071
659094
44834
967430
922274
119091
394315
796908
978493
622339
726334
483279
941567
967935
472545
765672
360353
666672
303386
588876
983376
675970
120230
828665
137610
333608
635453
634848
628737
710553
982322
25524
77112
24716
440077
617620
50525
185941
564622
109670
520735
291940
1588
620774
810883
925949
291669
275786
371234
233826
112858
103180
739802
458671
212386
731259
83683
317473
317230
81938
844088
951800
527221
796444
694042
107789
628499
184123
781452
236835
686544
346703
220615
233642
842776
79627
364562
451435
19175
246493
720067
131055
345720
921837
451809
262873
145409
737037
28129
380880
17509
512438
162332
187773
521518
234832
742079
466123
41330
765534
200302
765831
926265
430436
472059
244122
588897
93994
733337
636953
241882
413669
739147
622458
609044
218725
381615
915469
655175
127232
425715
899299
970416
401948
382405
765692
759615
538404
3929
141887
805362
571414
383563
523998
946680
241087
299826
950821
816746
803236
762052
489479
59891
518583
462417
683092
538162
740485
904093
884470
61376
233492
471856
926604
574593
61635
978578
229529
463789
341605
850545
767388
766626
389381
276281
243727
412742
19455
706439
303863
654293
408213
450623
435938
275958
879865
869102
143372
527297
23287
85767
714781
747366
131647
992962
496669
360462
569078
222978
650730
272102
141067
135288
422401
176022
903221
865799
333622
355059
972618
735019
60937
526045
595755
79843
918329
153520
703293
282763
222382
502673
322946
617866
712450
311304
660432
886405
9449
356124
242473
553111
409971
817575
500095
657075
198121
842027
976744
390945
754463
310941
403275
903964
2145
655580
661013
309265
624273
660459
147484
747802
804979
784898
197946
746632
568656
160590
501682
132683
189122
680926
266386
432936
759338
781904
692468
720281
229495
975121
472887
336535
253692
893682
280371
449782
19184
505778
771108
219456
153467
546948
531817
874997
244097
405173
697110
217661
477852
922513
59061
637221
875054
771047
407047
254309
97480
28509
754617
934599
930348
873425
584104
177404
918487
713913
426510
856757
9535
123575
460736
107548
389247
236009
286625
820149
615476
766402
887938
693111
79400
558310
197308
95800
326934
200641
554551
255509
982640
590460
670772
458430
564780
806554
419625
174777
806714
135822
229580
912094
849757
344392
232606
277474
981677
446756
487040
514814
4478
892688
505596
730818
676721
892830
57947
427913
678636
449246
280177
576093
71630
401894
862589
850858
807432
24237
854010
995926
63928
405101
593141
37338
176580
67177
53263
840148
275996
828679
171354
427649
383965
125796
891863
920417
15581
548962
662857
398044
570282
920402
425382
307634
403937
761925
849376
914661
853312
781928
726692
1705
964412
617106
409684
386640
638860
217347
234959
326754
451505
96547
817400
862682
639165
565188
78949
243242
174277
460272
94944
207513
697334
353188
379976
124044
672263
834591
957820
580936
379553
858451
827092
516584
58963
804719
772225
829650
834067
202839
308060
428738
20026
853837
438410
65640
779651
322110
910589
121672
209505
151603
532038
998566
59743
830354
730612
899522
263577
209279
869675
768700
830207
412147
215594
144026
323316
304332
258809
206989
956262
980166
15481
980757
60570
277191
498242
576280
312699
6135
572686
526357
630165
104772
585698
76156
24381
998387
773909
322326
320261
337086
929544
429929
967149
538150
922597
859554
800229
98095
836330
175304
144083
163744
52511
305922
987897
648157
150378
647793
920188
206985
514850
979191
569412
779767
310328
663308
852508
202807
927987
621525
270739
379529
27469
55472
141029
235506
525419
969051
26770
338051
536643
199088
821317
156140
894627
618782
617459
984022
861460
558038
246018
115234
417113
40171
432207
132027
515836
184974
599933
998178
841446
925958
349468
446591
635110
225560
427227
14563
427410
726834
863435
101645
462360
935748
695582
715407
445080
322953
873277
586005
741099
987574
393377
162813
308891
80084
294352
211885
441267
342686
492297
847041
73308
133595
756764
225309
2019
983456
275290
730711
273002
317226
37124
723608
867813
599351
224437
826451
268614
345635
2475
197430
903376
549006
764078
529975
811991
842830
453811
818222
816969
390126
158935
867953
242620
906616
75150
389324
819547
180754
438092
698799
303731
14541
550547
128535
405013
595295
247035
791998
927616
426644
655659
862535
669761
249868
318159
490244
118924
748233
803627
892404
282714
299275
169147
684415
125635
653393
825938
284631
519829
157551
814585
410887
426522
582607
73341
295060
458489
976478
946546
721781
885229
941786
831061
927409
290550
588891
192794
548689
534986
502952
859450
874217
898229
755188
429162
213016
3459
944880
831796
540705
547700
826996
569904
769575
786028
911202
565320
265047
145368
294484
388974
761989
522229
187375
985059
106608
217079
639548
765285
430942
136257
470486
273256
752962
755165
93558
81947
21473
116424
890019
727019
813550
44508
355109
101199
275464
202916
201699
74963
196057
918282
200855
323061
703162
890193
729468
705402
43285
139373
758799
831858
100003
825140
317264
504629
857124
393266
494114
377035
6735
358660
11982
865578
932479
598323
332703
401358
35632
473207
113307
649466
325939
337507
379437
888295
688553
838111
616578
297375
527954
936159
636656
344962
384208
251004
943097
274510
117842
178873
739994
999829
355131
429121
85267
509420
863834
128100
644790
419022
572393
622292
829693
686571
19230
918410
767536
517315
91442
582820
277823
7684
111409
56334
575862
849288
636228
610315
342656
958051
427700
101904
730650
549654
908674
391303
369396
795827
897492
540510
705568
327132
950206
643849
617221
341064
821125
962023
871727
772748
986430
607255
973313
175377
986587
421612
171004
966183
205741
421605
671084
579730
699673
736578
503483
470097
725833
704645
491217
665092
344865
980691
34960
740919
605391
545276
629042
91210
602093
813600
758014
642079
445301
947269
377628
295378
449867
906939
920538
228601
247398
418988
508789
327650
982023
868479
674862
582097
672870
779916
842961
253675
151142
883441
5566
512120
659777
184844
856655
576272
444360
466675
52449
999129
627008
314096
349689
856701
532635
102851
759750
881424
360942
767682
302478
833
742515
67631
663768
716081
852652
271412
141790
470528
433278
160654
629347
389315
27028
149764
390052
116086
930805
554219
495325
627482
265234
492973
519855
578919
795379
284999
810317
925895
285472
506411
503536
489243
367012
715593
80146
88306
195359
823180
345970
794470
908960
310375
400147
788603
239990
783593
471530
908830
293509
437876
461086
491597
368938
980655
997554
597727
653624
763895
208023
393077
81895
551026
409347
106533
287720
598942
123992
73885
114035
902056
988924
710642
895055
364001
518275
993684
918880
943903
592733
845435
598765
653890
646809
418984
100867
709643
651372
861101
502761
665800
678699
136477
585740
943937
852166
404251
957169
555802
955843
293526
334972
373435
506203
350748
855901
446878
746783
798694
148750
722948
126526
165449
916206
201922
377570
678253
968863
169915
92803
246792
122668
531185
429236
76815
61972
620642
310071
731006
339660
310246
918098
484777
587766
128342
762188
723945
290242
384661
838820
447816
36670
821066
335806
547290
809343
347403
207295
957547
571809
92984
392670
934291
908940
762135
261574
116934
752812
627811
306700
92786
43416
402612
538876
211451
805167
106109
444937
812495
526662
399597
939762
504479
157353
407189
112361
155224
565359
478721
415425
249572
978034
208742
430362
502975
250889
842708
572338
599917
984728
382516
114249
771296
340111
555750
790709
681780
894425
311325
980901
934158
189116
610143
640808
45778
632306
385836
822194
636813
794178
116891
788657
869747
217319
741540
208572
284249
3946
893315
916731
747454
156222
207192
906947
555516
753653
235062
308532
964332
229150
558515
489726
705274
733012
564894
830629
976934
249421
55282
497460
636491
663977
47635
102614
816833
269011
913881
424642
618887
862812
718017
938608
13889
457560
398043
990394
989078
407666
323755
687228
321428
292614
343989
498426
810118
616224
308994
809440
501458
127243
719320
191212
993590
36697
372388
396159
952518
752638
494667
764651
470769
215529
554191
33966
125701
332490
289379
602418
633948
922693
548420
208195
528555
358386
681953
295332
371128
731481
140351
560921
39040
825235
447980
859456
730637
763737
216335
7861
984617
648689
623111
278857
164230
641671
350412
878024
587047
530989
705905
540940
70130
692818
64692
2744
914113
509851
785932
385375
591629
700992
2973
211416
959490
752309
868421
563022
742910
770659
493605
696206
90445
555480
228451
716009
523867
273184
435547
190
427147
765813
166209
204033
356424
420426
416499
26423
95911
197958
547496
106049
60311
239769
201490
859788
422541
767391
869941
902240
38541
748561
558177
554223
460642
759447
222911
787957
366076
924017
61811
4255
700293
768651
991664
978016
160809
720552
516498
488437
63623
252009
308249
201878
726039
464879
332693
637590
629032
785341
996491
457379
164106
61784
899839
130590
249954
713113
285471
428266
508826
963595
860205
997636
138818
809607
472355
675867
955719
138602
419927
929671
147730
279372
588189
917530
801707
928586
338924
420278
247559
163840
760906
495919
713868
746596
907115
246716
45275
894040
203527
324843
895122
297739
309340
58489
98323
545689
184831
75050
43680
439365
249598
932799
82236
440597
803090
847500
281992
314074
465370
718877
537699
11674
781698
228782
611177
501009
942648
644659
614756
413915
280583
796667
766324
929016
94184
272547
730550
773618
162061
240253
127375
133745
457120
296388
708309
915554
86918
185400
949993
970172
404947
155477
53811
633113
598212
966725
153740
583869
348926
74250
63512
901935
250188
422397
468885
660664
673449
998492
364572
369326
939467
65852
471861
655180
283788
201136
489159
857369
391793
506990
740196
944369
519107
842406
74093
548927
216133
178863
593775
194202
455044
390566
733088
38993
679594
981983
504799
150285
625145
240605
366956
489080
385614
219651
405155
164703
388216
317667
717915
860825
589868
313138
945869
280935
944041
550445
98838
778233
275790
488216
82773
708218
416442
474802
549697
345702
303795
953266
376640
322002
35416
470888
334636
310443
418441
562103
452840
776483
645542
945845
270157
19527
983835
878250
608996
548270
695255
781758
817518
218307
895057
439738
678197
103453
779017
375543
229800
415146
35412
229118
616016
78799
254424
625028
397758
831874
836806
474834
456303
569460
649035
220703
664648
942131
893155
644628
774534
696668
209289
215765
168897
373906
633497
891703
398183
604359
277471
87793
617660
311873
428007
213778
425048
923646
853346
315957
533589
682579
300798
944861
200560
858053
103094
482262
429254
689050
165702
687913
253676
988690
395205
788177
12932
266490
698854
205817
894839
431631
655023
79908
921577
668114
107951
682574
574100
344338
762552
733799
115762
782446
964212
665880
65945
179842
991468
625986
99389
930296
779664
996518
376669
994250
442846
115937
615809
919633
773982
282033
904336
837219
460602
101425
503458
530920
956614
733011
922892
744751
176319
97530
252168
97746
805619
709613
15269
308725
682712
53937
523475
713179
535083
826
851488
398231
180050
548879
995791
644882
344813
614696
278420
248459
932378
255335
156236
723696
255010
978616
311091
379740
528828
704996
370923
202439
177797
512275
772438
955550
699878
974955
843735
598511
779155
562582
894812
50027
127015
669362
898724
837632
78826
703915
798053
715247
516005
554241
757713
274684
819846
535566
872409
634410
170863
14473
124197
198122
425135
7629
359807
687069
752273
224395
481344
432617
533072
105090
508780
703860
910615
802995
647618
6405
760239
10590
685370
790065
253023
729882
207214
906373
321056
49231
562094
57324
433967
137209
148831
850086
273492
393983
667389
10632
998464
30944
554182
706153
633478
591941
864059
97930
298070
645909
145711
406665
69526
500295
851302
137966
110737
970482
152853
290888
985328
812133
760924
352133
134810
728354
522551
98025
381670
79994
763890
768427
871828
752721
101520
290438
42494
136832
702782
527069
220723
338095
883939
140780
817911
977866
601427
307397
771255
469089
900633
29559
472158
122585
779321
283444
410886
313742
706232
578358
16679
89095
785127
933353
860808
862178
729396
68729
170727
548118
497639
470513
120954
515027
620791
44329
103013
43310
656598
750389
803423
471775
684760
182399
107892
915501
806474
826055
219886
566848
819385
827769
65419
420074
563685
806707
342559
316675
664460
490989
850275
505109
131920
91989
27169
953777
83886
989004
415801
631506
878299
357845
937335
868910
343812
340971
469054
928035
736307
311261
372322
176464
176977
330646
993129
520969
218686
406985
452365
934867
189521
467951
545153
934845
111103
807583
979144
978944
524520
982200
715784
430695
872436
149133
534994
688808
207373
979590
615250
724050
999607
195555
267309
296643
995107
8779
536901
129306
289763
659762
737523
223833
361877
353859
407771
158471
60118
825869
232118
892457
878643
410993
305579
29622
440897
400094
502473
699487
311937
707060
421763
407445
187645
992467
190345
652808
605400
670272
531873
336938
287845
200901
15977
905244
775586
905065
449203
823662
285095
409454
721622
945575
863826
858259
745091
393297
962886
426735
811820
304992
949766
373197
421595
240451
439185
319258
643891
332188
61664
957203
739108
924785
858906
470229
67730
737957
718315
769128
596524
671268
270621
9508
197407
820300
323367
759884
789570
900505
413974
904660
159295
350060
166406
413464
678462
618557
458745
330514
23163
285964
661699
542298
694443
561306
378084
154788
822212
510116
859972
623933
930514
634352
480717
893601
250453
829659
792723
844478
544750
251660
755532
308097
579225
119737
895801
353121
220704
337900
637019
528727
494484
26029
657052
277731
241732
588414
210441
712298
824041
77375
171905
949254
384125
282194
71702
851513
520697
237119
819066
699179
422732
192101
610667
658087
706031
671672
782666
888441
28803
537958
364406
812268
420956
584195
716300
996213
769512
844315
190022
55192
984823
40681
269096
938132
913433
454532
367258
790546
265474
990954
387193
78172
697560
919036
12777
680285
97220
635657
990513
308369
111775
23415
245536
714949
901538
113319
954803
884248
643558
495043
779285
467752
276905
544738
526250
39424
855879
915924
705889
675171
614641
507040
530723
632584
675538
212271
901707
581041
448067
153557
651295
554789
275229
548513
153093
241956
755598
451694
343884
955251
795056
880886
311106
781758
435761
492146
667452
644926
594646
530101
61235
675677
981344
254895
510254
505666
524889
65303
686820
884943
74330
842706
453413
526576
999178
159636
264650
507963
637445
28434
939935
44829
756959
913087
387864
670350
30212
683050
151020
29173
409430
855366
416860
997046
833133
257800
870255
24411
493242
169840
383190
577733
528637
709726
453558
474724
837432
924993
789813
758433
983133
703930
21415
584078
644426
444848
330595
497755
996414
516668
522112
545235
395507
909432
146409
271802
158274
35992
372155
435265
899134
884553
267415
894549
368679
923174
795156
109946
292550
342694
289493
604767
41522
40006
17647
744801
726801
399291
554852
418254
542736
79059
87380
862847
225985
224568
435461
939493
228870
599713
557673
48479
156211
118905
796639
934227
74550
280492
101789
243767
471008
642087
883195
175871
546969
830354
948474
289514
10415
73049
775199
729546
129566
265240
830535
879771
764553
17967
884493
206271
45060
441964
209452
781718
686660
319911
766560
38398
99436
385894
38151
197188
181559
914114
709689
923182
474973
506352
406977
119011
845920
766741
576456
456246
414511
694394
379849
630671
768266
542191
170667
355720
160628
38316
32497
326595
549863
377241
451833
21859
865183
463968
814750
547195
881055
483782
394767
916079
878898
113742
671785
33084
74964
745279
799728
297723
92501
430589
963154
168975
264787
425558
406458
190513
154628
777532
710355
351349
570391
350969
260232
213214
341284
796757
750804
437547
625742
158819
38333
553399
541605
184130
466030
67082
1364
423281
552279
620485
154096
967548
407566
81123
57839
624550
360335
904459
64836
199121
410138
587602
16243
274574
968490
690446
673921
655643
253745
789042
56321
476910
936443
519992
220006
598262
224346
935107
834195
511319
975654
697026
512683
381127
146278
181229
656746
153318
399663
917263
510907
775412
672635
610526
464260
599073
537465
850757
354213
935564
838281
250426
289764
244052
978103
157457
499034
496915
945022
131584
553552
817827
941503
703264
888737
205898
186987
546575
531632
124467
684686
984959
23327
770921
272992
299811
766099
208834
262782
275740
504492
900564
999970
943347
702822
182272
174173
372282
163885
318614
53207
431859
73246
900499
256361
219330
595220
339894
108683
406212
763694
380524
968838
877224
937921
798581
334401
193699
281203
931010
600646
357987
223448
170417
541654
73295
213843
656264
19686
36762
569024
332858
159816
89586
562426
685949
983212
505180
855229
327067
572771
946522
180750
262352
254425
23646
673473
926608
925565
82200
199792
931892
317702
858809
632191
595095
306945
63172
793474
193627
927450
523806
326840
760708
609345
59423
109897
617253
439379
200383
154954
774860
295062
513851
970641
837616
692627
361197
327568
260848
944894
181212
466910
193632
145567
656596
453464
995398
602840
954177
25912
978759
172733
7233
591180
908157
639528
881586
970114
435589
514061
517476
292461
106303
664911
282473
475623
878476
134738
427053
189564
357282
151385
257088
991825
959855
39986
115688
123785
427870
183743
320104
232484
982779
34689
450725
700349
523250
618120
281688
725415
17026
708573
828577
886209
55123
150329
546602
332578
300086
505156
410870
331408
145424
289071
692456
314190
516318
122163
963672
8045
983330
662151
532978
316021
82011
787592
776597
937731
333680
555146
202469
77947
934259
240253
236935
293218
110111
602520
173823
951254
894935
908883
464843
877777
769685
142274
613941
744300
526731
982927
96504
179770
208
540292
137231
701240
374838
448614
668015
812766
177289
594321
831393
697285
231007
670868
163939
683601
955521
64821
923291
515181
436593
332439
487046
903444
183523
615323
774207
31411
567351
155878
654269
111414
710658
812502
852608
889952
438441
335334
931401
353316
684639
382060
63596
263614
954050
533495
118595
540597
466446
628796
691495
205266
41697
762509
803709
356097
387438
956224
584929
260048
53557
194576
782434
215271
273672
972300
977142
864303
758323
776113
676403
755775
961346
895877
365335
281647
280851
582348
761837
23896
537549
278102
356
523506
635306
919333
305156
53275
853050
544331
69418
871570
494326
163513
613795
798668
724514
382460
442806
752703
417544
493717
625416
592114
847948
649878
893182
332443
721245
794059
222149
204193
646213
842656
249767
774568
742057
725269
469526
950637
782741
833146
923614
575796
584846
361074
582076
503082
588267
636664
919780
318211
368815
224867
317702
541078
119595
519946
724396
10200
204987
647593
700149
758833
859333
186498
531608
317617
236134
938288
869011
563730
257368
63878
397836
322504
909073
988014
376252
79284
437766
573292
985502
141106
341292
795033
941792
391724
309008
995796
189024
109915
523416
975560
363088
775644
792523
579120
412265
155107
83394
132026
507347
840174
977849
44718
447844
985880
191916
142476
831495
654871
483807
397776
762573
840238
971727
902122
227637
28235
529163
2870
884654
937028
17560
11414
581281
241576
960524
258068
441699
920434
514166
135430
531151
304268
563950
378643
230250
364075
28664
92079
989542
431765
924268
177297
40697
682118
536146
512946
565095
110482
474720
578735
26320
473308
11838
380379
281165
892617
657830
549177
260307
990408
235538
848279
38139
292847
546254
122823
193409
318001
756755
421792
70093
772055
887078
627673
229855
729499
525549
493215
511904
348135
655126
677635
703649
420682
310594
44531
832302
992107
166441
360741
875154
998930
408134
577800
172795
262080
75726
791970
718370
292147
887283
434498
646961
860760
769100
894823
287249
621808
738705
716325
663001
78008
617359
539464
231969
634927
327151
299400
841906
94754
203286
802090
275897
562790
424831
698103
315150
939299
981758
625488
158400
995977
733979
232471
35922
368067
850927
247932
919210
120280
853054
460596
733155
807457
64873
713970
294067
547872
525986
566122
924599
519907
61612
460338
46026
222811
411256
499040
34704
663953
947328
530818
526073
238794
703270
75554
496221
165738
971487
365681
700544
645071
256953
253026
544156
991357
628425
252057
822319
985972
941823
703313
845205
568748
170615
379866
981454
624599
546604
241496
768330
60782
323077
615952
508934
209232
362414
259839
15969
194152
829526
129449
98675
882821
95500
708336
787066
318316
773329
434438
158982
964738
430912
990565
260167
311353
417953
798187
216000
715590
120354
999803
123913
860786
409619
551225
641411
648716
244677
863872
829242
168376
203254
546592
64460
69240
718695
58672
254120
6373
184965
19177
603739
183530
864985
869070
242068
401249
828009
797740
823534
874848
704209
314109
698762
152467
258910
356901
359417
470078
746151
65903
1743
892337
634988
148784
363070
724831
9424
171240
883881
171314
807009
307878
853646
791107
750368
122119
575562
816611
779337
337564
979706
331499
839569
88207
763886
904616
607644
332884
868945
442576
134669
949110
662400
919454
73615
896493
385269
19307
639985
464661
130198
126265
985075
601016
961690
672175
759239
451476
250496
65402
562024
539729
991683
487694
840345
825903
401738
762064
373606
500336
631086
650729
424356
568677
780070
204439
831080
353243
110438
643440
121003
160851
372349
325868
141396
930889
14900
29386
241170
164987
511371
906815
44184
963720
267004
106657
69523
71922
258299
353292
867037
797741
205269
704353
761649
51844
551652
307375
242368
591268
765263
705044
77237
15431
766558
257823
203683
57859
995121
86753
651548
438446
558820
773340
582018
396666
151183
17932
292120
927347
304363
391522
969666
89773
266050
937589
484932
887635
544545
421983
892114
358117
319985
495981
310945
263009
856101
295118
865409
975845
82241
506082
959636
328972
841703
263845
541409
116795
619979
641636
565731
987447
409601
381036
830694
236802
131264
172751
881155
628650
749460
884412
504479
142556
43433
207075
976801
694977
157745
383220
957875
612138
495792
459698
829121
392644
981861
116872
938633
252460
539871
698678
545536
617771
834927
831754
393503
641936
320212
37102
624495
488898
322988
205024
394049
823311
661590
88077
340222
762186
297667
323288
29705
636262
863843
218461
160567
428725
259566
145059
253923
778531
851252
771713
120937
109633
853665
241412
917809
583566
145843
967972
879099
823461
847041
975358
966183
604353
206966
440871
981297
734329
516314
309072
278013
116032
445728
548216
452235
570491
953455
648514
503000
27070
996111
181131
962839
224097
805494
788687
187256
141666
326191
775148
312992
944893
630296
130162
532199
737263
89305
591079
772212
239806
534346
813447
355001
314655
73651
186540
146273
326309
198011
846643
502445
655422
385860
677991
828627
434407
750604
514278
271377
215712
706429
285329
134514
532043
91723
521322
444524
326514
81222
966688
571496
896215
642019
240261
711621
698596
543666
904492
853885
212144
401570
366262
371367
27353
644539
359989
892863
359676
924303
522182
805161
857590
892398
271000
589218
528698
318590
305430
482038
316234
72888
604508
535155
984893
438674
788633
782645
876248
285035
415675
562089
805910
352036
577018
457943
971490
135843
551416
574537
375857
413804
608911
456944
516801
70413
8440
664625
92882
170460
196118
106554
996801
735965
695103
625318
225432
480034
445445
927813
14151
832946
457087
728362
16218
874328
857293
270065
26060
381502
604181
762439
748506
722362
697144
69519
471553
455655
89090
857671
648880
219539
472679
908449
835695
197187
197964
186192
750383
727542
853452
714877
979148
673392
601315
880244
678870
946200
962479
408012
659157
451631
171542
829774
750433
364503
445498
300275
620036
514905
920783
784343
556115
104775
945426
646174
602963
724933
215069
56690
204154
291785
201211
461437
110570
943709
169131
170502
164289
678196
657475
967511
141381
327396
604128
619174
436347
802358
606044
100252
312260
136747
628042
361696
300434
51128
477847
372572
332197
11338
236813
884927
729421
380056
332086
856058
191602
259435
864977
74980
217171
807172
762916
380369
858408
163941
860025
657717
728908
413394
824581
146477
431190
333148
668714
352129
74445
236819
990125
241337
977986
158683
771394
484678
512104
512494
217928
343149
709131
652810
226220
265456
177095
967224
494878
315564
324369
621014
143522
803047
187231
293223
722003
197858
87047
603828
202772
340192
322512
454053
345810
796678
228799
762959
996825
300515
103246
700922
826016
668583
775169
391926
461949
600707
291901
840987
762500
597067
610161
744082
789068
552434
891182
168732
564351
525866
439666
345725
202369
355561
255663
75292
239607
587329
360671
348428
807127
686238
163114
731354
110003
839170
763258
488096
873341
811429
986509
306573
473489
863233
941196
991616
416848
878861
842122
724170
904561
269200
61115
119635
847674
450564
202398
469777
947690
820068
994408
601904
109755
289942
103051
456762
678403
744520
905343
692621
163850
856266
446471
179311
16141
280318
160619
685041
893594
635397
440960
672486
728889
67544
768226
893828
475570
605937
473345
483503
788395
681302
459560
229205
287899
706540
840969
738433
510049
219598
365512
64110
865228
879269
593027
146077
576215
536876
905088
609875
429874
415881
744914
721933
95917
611355
229449
387594
953474
135559
206132
99124
224142
509154
749574
43509
337970
586333
840028
657283
183065
33465
691523
593002
648500
955757
156929
563503
901425
582788
968314
968230
547102
969445
823608
943336
199606
384189
102173
421303
933691
638299
758454
778327
464313
783468
702453
751385
976509
234768
480696
40522
535169
488826
943443
460446
855475
733543
301694
698828
926506
158301
481293
191814
531797
870971
733244
798512
647050
246734
545809
270913
543590
789987
168161
188996
753255
363421
175420
574955
596220
506783
936075
101224
526995
148579
654108
167981
189813
413094
176009
891438
996707
770533
239067
23275
428956
93515
955229
584439
773120
250808
639966
788987
251092
29393
283986
184834
815840
559050
393041
682082
57449
750143
213123
181391
678494
185319
782126
890448
371733
506535
420770
554170
4634
856780
601393
629288
805696
215126
9394
604025
938235
490384
611181
354099
392247
913313
7863
345773
166826
569142
905703
249758
414104
322068
274783
380139
325507
19899
956256
42615
470794
252602
683665
665601
435401
958536
618362
244197
904520
718631
469390
203750
474470
615769
413950
213325
321368
897226
551040
375852
854573
155678
691848
401062
333363
267628
776707
947720
557379
861616
609962
621068
994825
847524
668043
829194
649044
463247
277427
519392
840168
292227
531998
481300
118847
546217
423440
723076
472721
691339
414477
155814
143800
254364
545105
882250
511528
473782
818413
148227
752067
528073
542496
419073
495488
161142
489066
654458
545408
42552
396758
70143
677152
588754
91735
20385
130833
597423
831682
422153
839643
340539
962885
409508
372920
286739
499511
796995
467454
600602
512055
924776
803970
792561
352872
466942
641726
225061
463855
203940
848150
340363
688138
585555
536519
472987
520157
2384
467596
139205
462638
797730
914689
883904
664417
938887
552110
27286
913606
668395
249295
46167
869066
758705
521537
700577
221640
775309
724759
969321
676770
411845
824798
836976
127519
296211
957264
4420
434767
809364
825354
741212
380339
594674
204789
892832
779895
526549
995981
89088
153535
614061
63428
364126
283897
192193
63708
292788
335751
648060
806185
384399
288374
454773
487507
480229
851496
524125
522939
7536
6959
527237
20544
769094
920143
444861
582527
810184
926583
840698
647839
486689
752322
988753
268247
703370
730218
349135
911260
766591
79153
79480
21160
552306
449982
967811
860785
42939
985602
771491
471927
684542
494023
881154
2332
50226
48
884519
496810
432926
542340
245552
807342
171462
454629
349029
408512
449324
689860
97386
632300
35626
958925
993767
392519
242056
873622
937845
705445
231709
569156
363308
51693
288030
935261
621
769216
794424
988836
671761
89387
375653
909214
483399
208061
333464
188868
767527
15612
983643
368537
810527
242894
523174
957806
584850
984924
919777
888358
486116
177407
495820
543245
373313
208894
430944
816503
593851
177118
164914
222393
947402
21879
909181
309602
169531
370073
340952
491400
502911
971424
401266
349038
753744
592464
528452
376856
138213
369005
975361
617666
13644
87738
909283
203496
535582
948834
594222
11915
120043
208338
916961
173377
846893
459000
149710
711098
616659
986495
778541
542380
896408
311671
93037
600143
481772
5467
750569
336717
21189
357100
542653
790358
831687
627448
452577
614918
118657
133077
333800
690441
680719
25910
771621
879927
504352
221297
756180
604389
477815
323814
558762
265996
127841
974409
124218
498699
700967
518430
130559
763721
43881
454319
46929
674789
776862
593467
269756
508994
347012
948034
660453
61223
897661
120481
198314
809883
973769
774952
740422
986024
71578
814956
104083
78784
530629
465778
355239
37109
509551
137217
488117
112587
400706
228089
863974
503220
580166
239394
839126
995966
295921
735392
73011
637267
247843
382053
219999
624083
522506
794419
267206
287042
895801
213654
807076
28080
192875
623362
700980
391045
474590
319272
412653
441396
752538
608604
818287
239650
78124
617187
132721
607176
655014
53022
408939
440444
440284
663712
603855
32448
448583
217617
635335
531851
288650
132056
74786
810409
425372
65173
303184
404331
530143
407076
329343
604633
659990
291781
76915
317684
113855
898635
375103
364340
694603
620890
994677
714385
926101
750073
334093
881559
532722
870499
37300
665262
711261
748122
731597
656813
412065
540271
988311
747731
718859
476131
196798
605639
956695
493361
155558
631451
886156
159231
220653
228658
641258
962425
396662
784955
194644
678410
767274
502534
369599
751855
396144
618988
721373
762486
957848
181071
286091
218022
440782
856605
324295
562302
309139
428610
601806
188477
624614
604948
70164
436291
785397
603981
975494
441975
525031
741163
755939
772111
489702
750663
821227
336496
50522
390507
720124
695077
763700
463460
505932
24738
435646
783404
295042
6536
894625
325637
406184
636465
827335
370267
738356
295874
345052
21677
869131
773289
334881
824997
530229
69774
24651
538546
785921
166931
912989
269339
662564
610573
396614
321757
400633
42370
991974
515720
637800
187079
611929
627778
617576
804183
11643
433116
193597
975472
247224
687357
72704
206115
752984
1129
911055
105679
367373
946267
31707
32558
519982
6030
124165
617640
637387
16219
769982
435451
240067
232163
733365
908051
883583
966605
291758
658892
513028
324942
798644
84524
335555
760303
845386
199200
709594
303008
400214
215768
193239
125228
614768
601656
419522
401274
276964
205573
417008
694198
634304
525789
787880
247194
66233
752621
313574
266045
131858
525838
369430
938470
553828
223254
9736
757922
821084
165282
870186
487316
741618
510007
837892
256114
760002
596897
998376
226641
518477
8437
396710
950489
199855
664460
135951
161603
873771
558733
543113
420588
806964
827256
62164
103185
20045
779644
463728
896365
724530
298653
135442
453412
910830
370903
955694
505377
6385
359341
112309
677993
898732
16744
304326
797066
523445
258205
1792
627126
608698
505355
153435
455831
780052
237502
668340
659262
838176
65925
851938
193016
716944
574275
124070
287527
685630
355861
107733
199455
392571
332816
319798
748290
168857
630811
650048
866118
122224
74151
453532
15270
328206
638694
970555
398901
165942
6381
453384
706018
244739
33546
324342
902822
170832
986808
339783
571456
436025
612838
257126
330804
498009
673643
640019
267042
334519
110150
445204
325493
453719
240752
805331
512916
856755
548524
782877
398443
541397
808303
99015
60396
243743
139611
570640
995818
740094
927167
357247
409109
332166
178889
770894
458456
706880
893284
913566
707673
134440
596187
259710
346620
349919
56075
982231
244801
628689
377192
625322
405979
224187
780086
98893
196481
301417
222450
497932
66822
189583
155848
969963
246381
885923
788422
386671
146929
552920
26450
554063
175945
455940
387458
348127
943304
790328
929602
694982
740672
378193
345308
194924
484022
290471
749538
194154
485323
100813
63187
806348
567062
403945
910122
101436
120500
267756
139810
150839
195923
834703
171509
844430
696358
349277
623384
621271
59380
601598
649999
60848
268143
747246
317675
510575
417515
212028
779532
628810
255592
55471
917460
910527
377850
349133
880671
219758
287402
423438
604261
997851
566997
259373
485897
233200
670928
340636
640835
188950
114212
997980
139163
729886
576211
169079
480703
7910
640957
65399
673841
301043
75327
297980
587876
86036
953676
299100
190354
678463
940959
91496
663920
427992
30312
463188
230784
204408
758953
791276
595479
48601
16991
432419
472439
341193
413141
202673
94374
766619
589113
801049
424958
724187
865051
754937
203125
833665
733304
606703
526734
880233
600397
266000
609596
982564
427689
699247
555752
417237
295816
18447
107012
950362
882533
566034
328160
904029
286185
422256
245293
897943
122687
509857
545301
107500
680603
917033
870933
570954
24907
2678
793274
569087
778643
968990
130117
203391
34529
936302
633602
875620
35945
216262
405508
969225
455716
299828
582132
867588
502477
652513
160813
442299
986988
345388
352176
388447
717918
781698
256975
528718
841036
463299
108288
511553
800642
924065
973131
687179
904184
93261
636702
709991
992817
961641
209494
856697
208297
366705
507029
205
564820
566416
113691
859341
25996
711245
103476
466233
605514
422332
157568
546109
298038
585799
71863
272336
635873
454843
739731
106185
650699
948084
407372
433218
865873
955596
86695
530974
598482
31865
933698
967313
285846
723358
900154
148666
313118
749170
428193
338585
856769
819992
107192
925908
980804
387440
438873
43678
80272
140342
728197
665928
781221
913750
579841
107642
419825
345059
326007
374561
409497
585402
694046
417886
786834
527759
744726
624314
478823
530461
680025
996127
107860
805408
919179
675473
839983
186090
789325
19813
478746
411103
520507
860736
481368
443102
697553
695674
330636
854238
651281
544856
510510
752530
845093
40917
817053
322134
200153
846376
298484
970457
120085
975397
610399
18734
250538
660570
657247
335802
546208
348697
679985
256270
823858
473319
746313
616165
244287
354422
492631
31803
57897
939256
691319
702847
133017
772458
70177
97134
767756
501513
454815
386003
38248
589750
506542
826113
238745
420424
956538
730679
332768
963397
802947
96568
8528
461651
44269
151057
549910
245667
206553
480048
732710
389621
670624
930467
679761
106269
494026
174977
142910
586644
188121
393200
666515
716667
759881
973706
137590
836244
722531
370011
986358
156191
145068
515073
904676
70930
667918
603152
639617
181475
891909
864127
300948
397584
881380
958646
552527
192351
710373
255172
230898
649082
157408
814988
929528
356651
535223
118285
256486
650211
728603
561250
34920
245154
527579
122538
239305
685056
434786
484874
538543
700872
495052
218809
32489
181972
495725
988232
966833
369294
601413
433666
17040
22124
230663
160448
557981
687696
582765
289326
794200
788026
428509
448049
835442
67040
369363
439946
67119
716159
256949
158950
834669
268544
982223
944026
645209
91988
917455
192118
321720
604960
237013
278943
696671
413427
198641
434921
754724
998539
157165
748740
471891
471926
687072
583777
542925
825879
791951
762142
173460
356151
769484
269519
582447
360034
549414
282798
814696
873650
493664
473912
667455
321421
515848
928758
474491
220065
726301
255320
556660
801197
96361
723705
930554
485721
971799
894354
960487
964033
291154
181077
652637
512774
579532
661252
898354
130039
362751
279414
777105
812390
750238
377038
975311
678212
518783
985454
422720
733558
858992
182637
170442
205251
597682
987158
268695
679243
935091
464811
850439
580876
222163
304435
168132
185375
855873
117012
78461
384730
833061
287888
714264
207259
953521
696225
641653
460078
568852
613493
602397
424262
556821
313558
526888
801952
733001
203667
63505
402923
583987
410691
355169
440180
418874
336829
233131
387397
726541
565999
678014
265575
49074
645759
932140
313094
562035
480344
23474
468500
468158
256360
649495
631265
271523
433745
83854
681657
664973
478401
614325
602836
554117
235931
463609
69608
989597
117495
163232
993735
40403
8889
53973
783745
64365
458020
569474
105139
838219
964711
470258
385105
781176
834210
547632
668065
598014
817046
8635
559170
230210
203118
602836
666998
865224
773168
3384
945570
409921
184152
537954
923182
833890
82536
732833
910645
309960
566495
221158
102586
242450
694722
211133
449401
467585
459979
375143
655860
543109
411257
678920
557775
291557
560185
337608
534232
328671
421139
651027
578777
33474
464313
141791
826897
144153
417476
870836
302040
678436
229524
275057
296593
314328
90891
784731
791440
17168
609804
658344
357092
433102
715807
507950
920722
788888
8261
831777
193252
426304
398892
819010
53008
664123
14280
8185
330440
925831
544371
981699
220412
230631
286423
252586
887693
377030
19286
474053
892188
107986
35671
333361
984859
596060
271885
743853
487492
213189
558596
886496
689539
713767
860918
678961
415280
870533
195397
586682
743254
526169
943084
788547
529017
946478
633469
761899
132741
292561
145822
928216
143779
485019
994895
254164
806492
824441
12249
776496
389521
247463
418757
882162
916739
431208
127023
474923
30078
929550
879090
256956
444613
297853
298960
148148
600381
744112
955509
399722
788757
594526
978981
704973
161433
231747
5077
439418
19112
190894
633586
620089
95466
839870
387851
22145
995122
355764
288074
527519
227391
96181
107213
877436
935815
482136
401792
710658
383927
300699
63153
462501
177997
5043
543542
610264
855025
164160
488120
206524
795134
311466
728914
218505
437969
448449
190145
903129
555965
853482
731503
432176
53019
253630
893637
525479
97575
82811
657389
4499
332636
255931
435035
973911
937328
210710
585782
131860
589277
801387
116920
660776
539971
656719
334864
27915
725657
815976
979613
245320
341124
416988
38832
845025
597917
981171
909209
996171
91006
464240
954298
727848
903960
206204
742441
6650
365154
363275
456642
527203
361044
831896
100510
357430
92660
608773
927945
812523
872180
636942
499036
145315
681249
929633
47034
181092
221346
307024
20262
319711
898315
313285
344584
732808
880623
141958
660889
586912
638475
419211
464961
115750
402104
595754
112423
12401
554873
504056
505693
641288
649787
724539
734555
484339
178280
994386
958703
709560
496843
967929
396156
401639
52915
530912
687111
260363
428034
626920
923627
953192
382304
433458
757970
804229
508085
739030
193776
860732
432898
322055
117009
231839
581018
705522
885394
627687
784598
841347
166775
434870
336197
716485
954374
880842
519434
852495
117656
839942
955390
260924
592301
449391
330483
990375
1434
195000
96517
169974
752717
541404
475322
887783
653005
252452
599012
691587
358444
656775
944207
716108
124336
902761
871393
124416
12050
911168
640903
642531
174115
164432
610202
651144
39107
965959
518017
844468
249771
607299
485445
803635
312370
343401
329359
312454
810021
493299
980784
870125
245703
599959
845595
221810
798832
631824
832917
243008
63170
281381
455329
738036
709090
841021
139502
456400
159695
36029
244462
744281
134913
634172
194899
584220
887644
407605
112120
432684
371016
76545
560930
555916
199148
221494
532307
888891
194909
52511
540051
731404
624225
15966
367747
555911
628956
951455
219038
13306
580643
209911
944166
88514
845426
740209
577696
574221
16069
74482
202250
538669
443736
259817
82090
518831
547864
245458
964041
308499
97387
396049
547654
642281
225723
692385
115673
439366
371540
150323
717074
11461
541601
604893
625848
111377
757573
259540
850973
995436
763111
273230
703458
153481
490653
296614
36615
64533
166694
665480
499833
201456
430038
570802
625016
885856
227857
525405
323613
843504
511928
345771
477039
620953
351396
998035
155882
350106
436331
253057
328948
928134
454768
310510
906550
408170
379771
212699
834622
786144
170632
815400
