10000
999964
999913
999819
999573
999495
999451
999340
999296
999120
999103
999063
998582
998379
998311
998306
998236
998208
998137
998132
997729
997650
997599
997496
997363
997056
996791
996783
996733
996586
996493
996390
996287
996083
996056
995917
995797
995753
995720
995648
995632
995612
995582
995565
995459
995435
995411
995238
995204
995058
995029
994910
994832
994772
994678
994425
994411
994108
993833
993785
993694
993673
993565
993444
993439
993369
993318
993031
993027
992880
992853
992786
992763
992744
992579
992541
992522
992521
992396
992317
992303
992268
992266
992228
992217
991784
991727
991568
991504
991481
991205
991164
991034
990984
990973
990606
990370
990345
990308
990250
990214
990157
990068
990060
989984
989979
989931
989928
989892
989892
989444
989220
989168
988926
988742
988604
988571
988481
988398
988205
988159
988091
988020
987829
987706
987608
987559
987325
987318
987291
987156
987149
986874
986597
986560
986430
986380
986344
986121
985921
985853
985570
985516
985110
985057
984922
984676
984322
984160
983946
983945
983872
983746
983733
983693
983615
983567
983400
983369
983337
983253
983003
982995
982971
982834
982683
982654
982611
982562
982543
982357
982028
981999
981979
981977
981962
981926
981823
981729
981707
981570
981458
981316
981111
981110
981080
980970
980960
980719
980379
980263
980106
980005
979914
979776
979708
979651
979625
979159
979128
978993
978681
978608
978584
978434
978400
978374
978290
978238
978039
977856
977317
977134
977116
977106
977051
977039
976951
976934
976880
976790
976648
976565
976565
976558
976399
976284
976279
976260
976178
976149
975752
975564
975537
975135
975060
974987
974977
974848
974749
974626
974590
974547
974538
974532
974532
974454
974339
974311
974307
974286
974235
974215
974160
973976
973610
973514
973352
973290
973270
973242
973204
973170
973083
972990
972989
972953
972639
972584
972414
972333
972319
972140
972129
972085
972047
971988
971911
971876
971843
971809
971685
971505
971410
971408
971282
970957
970590
970569
970427
970312
970213
970169
969989
969959
969724
969656
969645
969229
969199
969130
968878
968843
968811
968796
968790
968770
968687
968624
968518
968391
967908
967784
967765
967754
967751
967684
967597
967518
967437
967433
967288
967196
967171
967055
966749
966731
966493
966443
966360
966349
966318
966217
966171
966129
966032
965986
965986
965981
965868
965831
965727
965637
965617
965550
965530
965526
965419
965262
965118
965078
965054
965043
964969
964874
964733
964693
964591
964508
964447
964386
964289
964205
964185
964119
963675
963636
963592
963553
963448
963440
963413
963272
963245
963172
962937
962934
962874
962833
962820
962778
962648
962560
962553
962545
962486
962448
962364
962095
962053
962048
962014
961962
961931
961905
961761
961631
961534
961491
961368
961328
961263
961205
961186
960831
960791
960791
960771
960760
960727
960615
960318
960299
960124
960016
960008
959937
959932
959876
959682
959388
959362
959341
959135
959089
959072
958986
958875
958814
958807
958678
958483
958355
958342
958327
958222
958219
957892
957810
957689
957615
957532
957463
957161
957095
956904
956777
956762
956653
956644
956519
956358
956168
956158
956084
956075
955925
955811
955516
955504
955226
955159
955145
954980
954970
954898
954783
954564
954467
954380
954217
954211
954088
954076
954043
953913
953906
953843
953715
953371
953316
953242
953141
953140
953114
953047
953000
952953
952746
952671
952630
952343
952107
952014
951930
951882
951684
951599
951551
951530
951438
951418
951355
951235
950472
950413
950346
950284
950168
949939
949868
949828
949781
949581
949456
949363
949299
949137
949127
949033
948390
948272
948265
948205
948150
948116
948052
947912
947470
947452
947364
947324
947180
947087
947083
947082
947008
946975
946771
946637
946569
946520
946423
946240
946114
946105
946101
945937
945934
945918
945797
945730
945686
945649
945593
945578
945498
945426
945237
945179
945126
945076
944718
944710
944648
944624
944451
944271
944063
943996
943942
943792
943534
943344
943292
943272
943258
943168
943165
943137
943112
942930
942770
942674
942522
942519
942487
942452
942377
942260
942159
942153
942150
942074
942031
942031
941902
941777
941724
941549
941365
941361
941334
941125
940971
940962
940818
940815
940763
940756
940741
940592
940577
940392
939975
939963
939925
939826
939800
939749
939730
939630
939534
938928
938877
938835
938811
938796
938727
938565
938556
938492
938463
938373
938271
938226
938195
938080
938053
938018
937897
937885
937519
937466
937366
937220
937184
937183
937180
937123
937046
937020
936979
936869
936735
936655
936537
936409
936363
936234
936157
936087
936003
935913
935851
935770
935747
935496
935359
935185
935076
934971
934948
934739
934553
934346
934274
934006
933959
933946
933906
933803
933797
933669
933314
933314
933101
933081
933037
932978
932893
932701
932527
931745
931652
931474
931411
931360
931298
931138
931102
930861
930805
930752
930572
930505
930505
930412
930242
930219
930117
930089
929824
929809
929673
929550
929519
929516
929488
929481
929393
929334
929292
928903
928675
928552
928291
928240
928020
927844
927644
927526
927470
927422
927311
927208
927171
927041
927030
927010
926987
926876
926868
926827
926809
926668
926440
926432
926355
926123
926090
925926
925922
925850
925804
925742
925627
925418
925245
925180
925071
924713
924705
924532
924523
924499
924404
924345
924303
924188
924165
924123
924017
923980
923967
923884
923783
923647
923629
923592
923511
923465
923371
923347
923258
923195
923015
922941
922893
922865
922834
922811
922627
922580
922574
922326
922196
921824
921816
921742
921741
921557
921416
921326
921098
921066
920979
920949
920880
920862
920836
920765
920696
920570
920553
920513
920505
920382
920380
920246
919957
919937
919520
919389
919335
919274
919217
919089
919057
918921
918636
918628
918583
918570
918263
918237
918046
917942
917862
917860
917782
917774
917725
917668
917607
917449
917418
917323
917278
917037
916969
916953
916811
916742
916721
916719
916700
916567
916548
916489
916425
916318
916287
916141
916098
916097
915924
915655
915512
915451
915392
915315
915195
915127
914832
914820
914810
914666
914593
914477
914420
914230
914116
914093
914004
913910
913893
913824
913748
913631
913577
913467
913448
913340
913313
913186
913172
913048
912884
912769
912563
912521
912375
912366
912323
912144
912096
912075
912028
911725
911541
911449
911355
911348
911266
910994
910790
910658
910559
910471
910440
910434
910418
910418
910343
910310
910272
910160
910078
910066
909938
909860
909757
909751
909745
909699
909658
909624
909571
909565
909533
909429
909308
909251
909078
909023
908925
908820
908772
908760
908605
908399
908394
908324
908229
908212
908198
908157
908103
907987
907925
907727
907663
907276
907183
907156
906784
906740
906719
906713
906585
906585
906536
906469
906377
906340
906174
906078
905645
905616
905530
905354
905328
905324
904905
904836
904744
904459
904269
904170
904048
903922
903916
903874
903861
903754
903518
903458
903305
903304
903245
903079
903016
902934
902789
902723
902706
902604
902505
902392
902281
902185
902180
902052
902030
901859
901790
901541
901475
901162
901028
900946
900942
900902
900866
900795
900621
900619
900479
900461
900354
900340
900300
900278
900276
900260
900122
900028
900015
899992
899981
899938
899882
899684
899676
899643
899535
899525
899446
898875
898857
898518
898351
898322
898019
897922
897836
897752
897726
897623
897590
897559
897551
897480
897444
897348
897039
896825
896808
896744
896658
896624
896571
896412
896391
896216
896197
896122
896035
895981
895962
895918
895820
895770
895756
895435
895397
895391
895201
895194
895102
895089
895051
894901
894725
894493
894402
894339
894249
894235
894189
894150
894105
894039
893985
893957
893827
893700
893650
893637
893478
893437
893332
893254
892892
892875
892778
892634
892600
892596
892423
892413
892403
892366
892310
892265
892262
892036
891929
891686
891646
891490
891325
891151
891147
891011
890852
890828
890600
890213
890173
890111
889973
889949
889909
889900
889863
889772
889652
889632
889627
889565
889444
889409
889283
889138
889080
889072
888913
888870
888722
888583
888302
888251
888202
888144
887971
887641
887468
887370
887354
887345
887239
887103
887048
887036
886678
886674
886603
886503
886492
886445
886240
886132
886129
886100
885688
885639
885411
885363
885285
885204
885204
884979
884942
884813
884763
884703
884663
884122
884021
883878
883271
883065
883052
882998
882863
882851
882626
882599
882583
882502
882453
882224
882107
882104
881917
881858
881777
881665
881665
881462
881379
881273
881211
881155
881074
880918
880914
880909
880873
880826
880745
880602
880548
880471
880210
880104
879872
879826
879795
879791
879673
879665
879500
879463
879192
879071
879060
878984
878859
878845
878366
878072
877825
877763
877738
877576
877549
877473
877451
877260
877083
876962
876910
876881
876856
876675
876542
876378
876158
876113
876100
876100
876085
875813
875753
875511
875445
875361
875146
875116
874965
874738
874640
874547
874444
874432
874381
874247
874227
874044
873831
873811
873792
873747
873660
873546
873349
873267
873225
873104
872942
872904
872777
872686
872674
872627
872489
872451
872370
872053
871946
871838
871720
871650
871413
871355
871327
871210
871099
871037
870906
870887
870864
870688
870630
870608
870588
870097
870064
869890
869814
869774
869656
869643
869591
869491
869472
869440
869303
869302
869261
868944
868895
868880
868820
868712
868700
868696
868411
868349
868267
868147
868120
868062
868031
868014
867798
867772
867628
867500
867132
867114
867062
866851
866660
866264
866224
866098
866029
866000
865654
865649
865597
865507
865485
865388
865376
865274
865245
865227
865033
864803
864698
864648
864568
864480
864479
864338
864254
864140
864111
864069
864026
863911
863850
863782
863770
863597
863480
863397
863324
863322
863292
863252
863200
863102
863048
862758
862630
862601
862582
862571
862530
862227
862207
862106
862079
861995
861963
861717
861694
861492
861400
861280
861254
861130
861098
861074
861071
860995
860922
860880
860685
860437
860346
860251
860187
860176
860169
860127
860121
860103
859890
859821
859709
859656
859573
859539
859198
859123
859016
858944
858938
858677
858660
858637
858627
858502
858469
858390
858156
858102
858029
857962
857856
857842
857746
857727
857710
857525
857345
857124
857093
857080
856768
856674
856496
856429
856260
856221
856002
855799
855700
855642
855495
855482
855397
855236
855212
855183
855054
855046
854852
854834
854777
854695
854400
854323
854184
853825
853822
853789
853736
853718
853693
853333
853238
853141
853051
852817
852749
852733
852639
852497
852435
852259
852238
852100
851816
851792
851660
851625
851620
851589
851569
851396
851351
851278
851262
851196
851083
850963
850941
850709
850667
850582
850324
850039
850015
849988
849801
849581
849558
849429
849365
849161
849159
849061
849037
848864
848788
848616
848571
848475
848343
848307
847994
847883
847759
847751
847731
847566
847267
847241
847146
847050
847050
847014
846996
846726
846574
846481
846356
846217
846198
846197
846085
845839
845832
845772
845700
845592
845550
845542
845449
845272
845266
845221
845099
845039
844811
844670
844521
844431
844335
844313
844144
844084
843925
843893
843887
843591
843567
843532
843515
843498
843197
843017
842819
842723
842672
842247
842239
842218
841955
841909
841597
841555
841279
841146
841109
841077
841031
840997
840970
840936
840921
840678
840603
840564
840467
840447
840433
840360
839857
839757
839696
839545
839544
839339
839215
839207
839172
839098
838943
838842
838840
838768
838671
838414
838075
837951
837865
837824
837816
837605
837563
837423
837414
837403
837327
836796
836747
836622
836545
836243
836044
835912
835840
835711
835519
835350
835254
835253
835241
835226
835118
835051
834928
834903
834891
834748
834608
834312
834033
834008
833741
833652
833651
833614
833568
833542
833528
833448
833442
833431
833363
833276
833244
833041
832946
832759
832677
832623
832608
832552
832447
832385
832276
832105
832027
831994
831960
831874
831871
831849
831709
831415
831250
831227
831222
831123
830987
830983
830808
830553
830552
830476
830353
830262
830239
830206
830176
830072
830036
829986
829910
829711
829444
829407
829333
829321
829318
829308
829269
829243
829084
829065
829050
828988
828648
828624
828594
828585
828397
828340
828324
828257
828225
827844
827624
827572
827450
827264
827216
826854
826782
826626
826559
826307
826294
826239
826185
826167
825939
825644
825552
825544
825526
825411
825002
824959
824955
824774
824618
824574
824507
824486
824473
824397
824384
824376
824364
824315
824299
824233
824146
823997
823932
823881
823752
823719
823711
823564
823563
823428
823075
823059
823003
822881
822881
822717
822512
822375
822305
822267
822205
822086
821963
821954
821671
821619
821545
821334
821271
821175
821144
821053
821010
820760
820635
820617
820592
820325
820100
819937
819746
819603
819513
819370
819276
819231
819204
819050
818850
818725
818702
818644
818571
818363
818109
818106
818086
817962
817949
817915
817913
817851
817808
817734
817530
817504
817459
817454
817437
817421
817413
817350
817333
816963
816693
816645
816438
815940
815679
815611
815548
815442
815295
815173
815043
814993
814685
814609
814606
814438
814401
814354
814134
814083
814015
813999
813893
813830
813782
813700
813680
813653
813505
813347
813131
813022
812812
812726
812623
812490
812394
812100
812065
811969
811927
811580
811558
811500
811472
811377
811350
811280
811182
811094
811018
811001
810976
810897
810782
810762
810722
810482
810027
810022
809970
809890
809805
809714
809708
809691
809671
809639
809587
809421
809225
809191
809118
809083
808990
808718
808613
808587
808553
808475
808451
808448
808293
808226
808169
808124
808110
808020
807976
807975
807970
807766
807744
807632
807612
807607
807603
807548
807485
806982
806709
806706
806646
806427
806279
806128
806001
805877
805827
805632
805575
805489
805250
805216
805179
805156
805087
805044
805031
805028
804644
804573
804553
804299
804286
804203
804112
803699
803618
803582
803506
803421
802820
802620
802481
802421
802171
802035
801805
801635
801552
801538
801488
801433
801345
801278
801277
801201
801052
800972
800813
800776
800763
800687
800309
800218
800087
800009
799949
799902
799856
799586
799371
799358
799321
799182
799175
799057
798964
798863
798832
798816
798685
798576
798520
798234
797970
797910
797878
797847
797846
797631
797595
797341
797318
797049
796941
796910
796878
796755
796628
796366
796085
795992
795863
795716
795704
795656
795577
795572
795403
795036
794714
794558
794522
794365
794325
794241
794185
794104
794084
793800
793694
793672
793633
793627
793261
793167
793166
793151
793044
792988
792984
792838
792758
792640
792621
792472
792439
792260
792051
791828
791811
791744
791546
791429
791411
791260
791091
791030
790996
790911
790800
790600
790592
790482
790418
790372
790314
790163
789845
789808
789780
789758
789607
789577
789448
789167
789042
788728
788626
788521
788404
788311
788239
788046
787968
787869
787836
787739
787098
787051
786948
786491
786145
786074
786058
786043
785967
785945
785686
785681
785633
785628
785613
785540
785533
785374
785257
785246
785178
785176
785083
785075
784970
784956
784697
784642
784406
784282
784239
784230
784104
783873
783715
783587
783392
783286
783072
782907
782779
782685
782563
782479
782453
782403
782358
782353
782275
782273
782183
781967
781913
781857
781829
781746
781672
781664
781631
781589
781585
781362
781274
781239
781217
781084
781071
781066
781004
780977
780904
780855
780855
780853
780769
780766
780514
780420
780274
780184
780127
780080
779560
779549
779543
779183
779132
779011
778999
778992
778917
778882
778869
778610
778580
778571
778539
778476
778156
777916
777913
777908
777864
777580
777442
777293
777292
777279
777010
776910
776876
776786
776512
776401
776399
776351
776337
776145
776109
776039
775780
775762
775678
775644
775003
774828
774777
774545
774517
774367
774266
774196
773876
773809
773788
773758
773707
773702
773648
773538
773488
773307
773065
772996
772939
772688
772641
772610
772515
772294
772269
772139
771968
771948
771814
771628
771522
771359
771330
771304
771132
771109
770984
770967
770846
770823
770571
770074
770062
770060
770042
770038
769884
769570
769402
769390
769344
769333
769191
769177
769138
769010
768840
768656
768547
768478
768363
768357
768324
768272
768203
768139
768129
768067
767976
767968
767905
767872
767827
767792
767740
767656
767624
767545
767517
767458
767423
767390
767240
767143
767090
767052
767050
766547
766246
766235
766161
766004
765960
765807
765804
765752
765715
765636
765599
765574
765509
765479
765350
765079
765058
764932
764849
764823
764813
764758
764693
764634
764622
764598
764587
764523
764429
764427
764302
764137
763925
763513
763001
762907
762861
762726
762588
762585
762345
762245
762097
761960
761609
761576
761503
761481
761430
761416
761181
761063
760935
760782
760769
760677
760405
760399
760378
760274
760259
760190
759952
759921
759781
759599
759562
759550
759513
759468
759405
759281
759198
759144
758575
758455
758299
758255
758080
758074
758073
757809
757802
757765
757689
757387
757383
756874
756652
756454
756412
756371
756258
756145
755889
755863
755646
755497
755430
755294
755251
755235
755047
754925
754775
754754
754742
754446
754302
754108
754057
754041
754013
753898
753658
753544
753366
753087
752972
752819
752703
752364
752244
752215
752204
752080
752000
751905
751854
751313
751133
751129
751083
750970
750924
750916
750859
750700
750653
750639
750628
750614
750294
750276
750249
750192
750076
750046
749736
749721
749422
749351
749348
749253
749218
748929
748872
748729
748644
748623
748570
748562
748465
748357
748356
748122
748113
748100
747954
747856
747539
747534
746991
746989
746979
746921
746888
746856
746850
746772
746724
746709
746683
746626
746512
746476
746266
746001
745853
745792
745742
745590
745536
745490
745369
745252
745177
745024
744988
744932
744915
744816
744778
744771
744689
744410
744114
744019
744006
743915
743862
743858
743813
743794
743722
743563
743373
743306
743277
743247
743199
743174
743144
742849
742847
742838
742726
742657
742639
742586
742385
742340
742292
742233
742183
742169
741977
741911
741903
741839
741731
741638
741253
741234
741143
741132
741106
741086
741017
740967
740877
740781
740715
740707
740436
740394
740365
740308
739892
739824
739756
739733
739701
739538
739504
739429
739354
739311
739305
739305
739192
739154
739038
738878
738823
738601
738293
738113
737855
737803
737796
737753
737462
737365
737305
737221
737187
737109
736994
736951
736941
736932
736678
736633
736629
736559
736426
736199
736040
736004
735948
735871
735809
735717
735660
735590
735413
735379
735297
735264
735158
735033
734774
734441
734432
734291
734242
734109
734100
734093
733969
733964
733952
733939
733934
733915
733656
733651
733562
733554
733376
733332
733279
732861
732723
732613
732608
732557
732501
732327
732134
732122
732029
731983
731797
731740
731351
731232
731016
730976
730917
730734
730704
730666
730630
730606
730529
730527
730511
730380
730307
730288
730200
730169
729989
729979
729906
729599
729581
729293
729264
729222
729217
729167
729097
729074
729022
728777
728698
728611
728394
728390
728350
728314
728178
727969
727451
727279
727251
727193
727191
727165
727058
726919
726907
726662
726556
726389
726269
726227
726173
726126
726111
725750
725747
725711
725686
725609
725565
725459
725392
725360
725169
725009
724792
724727
724681
724669
724587
724415
724406
724346
724208
724123
724109
723929
723853
723749
723675
723666
723641
723571
723476
723173
723131
723054
722946
722858
722836
722779
722733
722662
722593
722551
722471
722417
722338
722008
721965
721923
721786
721632
721583
721533
721388
721305
721211
721082
721031
720833
720825
720700
720552
720363
720337
720193
720184
720119
720083
720017
719898
719810
719767
719734
719606
719586
719271
719190
719165
719130
719099
718992
718862
718748
718460
718394
718383
718379
718309
717899
717872
717834
717800
717723
717648
717525
717269
717252
717232
716928
716771
716581
716368
716348
716188
716128
716010
715838
715814
715806
715791
715759
715737
715413
715092
715060
714882
714785
714527
714508
714366
714335
714266
714228
714085
714048
713966
713811
713741
713728
713719
713717
713436
713406
713137
713005
713002
712995
712933
712788
712746
712645
712578
712544
712526
712517
712434
712213
712064
712050
711992
711912
711879
711806
711732
711710
711664
711368
711253
710995
710922
710689
710562
710516
709921
709813
709778
709778
709634
709443
709334
708991
708951
708886
708864
708807
708791
708634
708510
708310
708204
708156
707964
707944
707832
707584
707540
707496
707451
707192
707114
707093
706634
706590
706410
706384
706265
706098
706092
705978
705745
705741
705467
705410
705374
705264
704861
704845
704763
704721
704506
704463
704290
704290
704089
703880
703873
703637
703559
703421
703375
703203
703126
702996
702978
702952
702889
702804
702773
702553
702514
702386
702382
702232
702200
702155
702115
702110
701953
701943
701934
701863
701852
701812
701714
701703
701631
701386
701364
701072
701072
701051
700910
700862
700833
700833
700772
700676
700553
700523
700522
700428
700407
700203
699964
699931
699416
699402
699400
699251
698939
698775
698700
698659
698531
698394
698382
698294
698188
698051
697835
697795
697655
697597
697499
697458
697236
697200
697155
696973
696914
696716
696708
696520
696449
696371
696175
696118
696072
695657
695510
695500
695462
695252
695052
694758
694630
694394
694392
694321
693891
693835
693711
693566
693311
693202
693197
693153
693065
692940
692707
692703
692581
692530
692395
692137
692112
691831
691812
691600
691384
691357
691333
691310
691095
691063
691036
690980
690968
690879
690627
690538
690217
690156
690146
690072
690066
689859
689849
689817
689773
689743
689541
689519
689428
689342
689217
689115
688787
688744
688735
688678
688632
688567
688363
688321
688226
688138
688110
687949
687873
687723
687545
687528
687323
687013
686792
686727
686689
686474
686339
686256
686238
686066
686020
685917
685780
685719
685690
685641
685619
685537
685528
685383
685379
685193
685062
684996
684918
684852
684726
684721
684658
684554
684508
684488
684248
684237
684210
684171
684097
684030
683873
683796
683784
683781
683735
683626
683454
683405
683324
683318
683283
683253
683214
683206
682925
682903
682902
682445
682391
682387
681721
681649
681467
681321
681008
680854
680614
680431
680396
680333
680289
680270
680187
680169
680063
680045
679944
679879
679842
679776
679379
679337
679097
679078
678689
678633
678492
678489
678075
678062
678024
677951
677906
677818
677772
677757
677554
677521
677493
677236
677202
677039
676930
676930
676870
676743
676651
676498
676402
676215
676206
676061
676046
676019
675900
675835
675573
675437
675029
674967
674788
674750
674674
674660
674615
674577
674558
674542
674254
674247
674141
673880
673871
673838
673806
673802
673641
673638
673556
673532
673459
673120
672839
672607
672559
672548
672426
672421
672378
672229
672005
671901
671887
671839
671664
671592
671521
671454
671379
671329
671287
671175
671092
670988
670688
670606
670510
670492
670367
670268
670244
670234
670218
670210
670164
670152
670136
670110
670108
670074
669915
669915
669829
669599
669549
669423
669153
669141
669072
668741
668433
668408
668358
668291
668248
668120
667797
667500
667411
667105
666870
666829
666717
666310
666220
665968
665924
665916
665848
665810
665719
665645
665628
665210
665150
665067
664999
664890
664815
664699
664683
664635
664552
664123
664106
664020
663994
663865
663851
663746
663534
663500
663485
663417
663356
663288
663242
662971
662969
662930
662711
662556
662329
662098
662049
661893
661875
661837
661834
661762
661755
661582
661481
661452
661320
661184
661098
660797
660792
660673
660645
660587
660584
660334
660202
660131
660065
660058
660021
659961
659808
659778
659735
659488
659436
659356
659206
659108
659032
658856
658512
658480
658251
658187
657990
657953
657930
657833
657832
657470
657460
657431
657397
657329
656916
656666
656597
656531
656491
656410
656330
656328
656319
656311
656285
655975
655939
655890
655821
655760
655572
655553
655545
655286
655135
655083
654972
654921
654750
654745
654579
654469
654450
654432
654375
654203
654177
654056
653951
653892
653583
653299
653283
653043
652807
652766
652702
652700
652680
652275
652174
652171
652161
652138
652030
651933
651799
651791
651636
651592
651517
651368
651157
651137
651070
651033
651027
650942
650934
650924
650794
650764
650605
650359
650296
650086
650052
649923
649845
649787
649759
649697
649683
649604
649393
649359
649201
649127
649052
649015
648834
648735
648703
648674
648340
648327
648187
648183
648055
647562
647506
647408
647401
647281
647204
647157
647045
646959
646929
646657
646615
646576
646449
646352
646269
645823
645509
645475
645334
645310
645254
645188
645058
644992
644863
644821
644801
644551
644482
644088
643955
643946
643860
643741
643634
643592
643462
643444
643380
643341
643263
643242
642920
642873
642790
642589
642353
642252
642187
642112
641955
641920
641848
641760
641740
641629
641606
641561
641415
641401
641295
641130
641123
640988
640731
640706
640572
640474
640344
640231
640103
640079
640006
639894
639882
639648
639567
639522
639503
639388
639305
639264
639252
639157
639154
639089
639059
638828
638545
638531
638358
638149
637893
637874
637777
637566
637556
637231
637215
637049
637009
636903
636889
636533
636350
636219
636066
635988
635922
635875
635650
635505
635408
635067
634985
634983
634957
634791
634769
634743
634658
634540
634190
634173
634042
633845
633762
633726
633661
633444
633403
633399
633245
633190
633189
633136
633054
632944
632822
632726
632631
632582
632555
632466
632420
632349
632331
632066
632040
632008
631882
631861
631768
631710
631693
631655
631283
631276
631192
631132
631047
630990
630941
630785
630772
630680
630655
630655
630644
630615
630487
630408
630225
630197
630174
630126
630082
630004
629944
629735
629732
629622
629604
629539
629534
629486
629444
629287
629089
628874
628427
628325
628265
628028
627774
627669
627646
627188
627161
627060
626983
626980
626763
626496
626485
626422
626301
626238
626054
626053
626037
625862
625860
625757
625710
625699
625680
625672
625489
625336
625234
625214
625145
625057
624882
624668
624646
624483
624220
623853
623797
623734
623397
623297
623270
623179
623167
623129
623081
622722
622349
622321
622095
622025
621800
621795
621475
621445
621385
621380
621326
621304
621264
621248
621055
620987
620400
620342
620302
620296
620226
620044
619792
619759
619758
619657
619374
619339
619313
619087
618687
618578
618453
618449
618340
618265
618181
618066
618028
618025
617901
617767
617627
617605
617463
617369
617267
617237
617049
616571
616500
616327
616286
616252
616125
616122
616109
616045
616023
615865
615814
615777
615740
615580
615573
615250
615134
615039
615014
614990
614782
614744
614644
614578
614578
614520
614177
614065
614061
613994
613958
613948
613814
613706
613643
613544
613475
613035
613017
612973
612699
612675
612665
612625
612543
612484
612377
612247
612206
612111
611898
611828
611787
611666
611635
611569
611486
611195
611186
610910
610808
610668
610665
610469
610221
610135
610008
609982
609783
609782
609700
609687
609648
609630
609496
609422
609287
609187
609029
609024
608816
608723
608721
608612
608498
608457
608426
608403
608395
608325
608305
608145
608043
607845
607790
607693
607578
607558
607513
607431
607329
607140
607095
607067
607060
607023
606956
606730
606537
606472
606050
606034
605811
605807
605804
605787
605741
605737
605629
605567
605555
605450
605140
605059
604976
604630
604588
604513
604447
604381
604269
604204
604179
603778
603619
603475
603434
603383
603232
603088
603057
602898
602880
602752
602748
602663
602521
602357
602229
602162
601971
601953
601929
601906
601891
601858
601738
601509
601486
601438
601425
601318
601302
601134
600726
600723
600619
600473
600420
600322
599696
599659
599624
599579
599419
599026
598904
598719
598618
598450
598442
598370
598362
598219
598134
598120
597683
597627
597596
597403
597397
597133
596688
596590
596312
596299
596175
596158
596089
596013
595986
595979
595959
595933
595885
595828
595554
595356
595331
595322
595280
595277
595225
595076
594498
594457
594410
594361
594334
594107
593806
593611
593576
593340
593248
593072
593067
593056
593029
592995
592824
592550
592462
592417
592371
592287
592285
592098
592044
592041
591915
591877
591866
591754
591742
591711
591602
591014
590929
590916
590792
590712
590669
590615
590482
590212
589920
589890
589889
589848
589812
589742
589720
589671
589598
589540
589236
588940
588876
588651
588362
588321
588220
587952
587902
587880
587864
587828
587799
587794
587676
587662
587621
587593
587521
587417
587193
586883
586692
586691
586378
586289
586254
586247
586215
586177
586049
586030
585928
585821
585750
585735
585641
585603
585368
585345
585328
585180
585106
584921
584892
584874
584854
584411
584351
584284
584178
584142
584080
584032
583934
583902
583886
583884
583727
583652
583622
583518
583360
583172
582894
582879
582847
582810
582780
582729
582717
582539
582536
582368
582308
582247
582208
582123
581982
581882
581434
581333
581263
581239
581025
581017
581010
581009
580970
580834
580772
580626
580589
580346
580278
580171
580065
579972
579886
579878
579831
579787
579706
579476
579297
579223
579036
578931
578662
578497
578361
578305
578304
578156
578068
577913
577793
577729
577380
577134
576865
576764
576579
576498
576307
576183
576128
576048
575993
575922
575796
575792
575743
575706
575674
575668
575635
575634
575579
575519
575519
575442
575438
575138
575110
574956
574910
574881
574845
574716
574628
574589
574479
574327
574238
573890
573810
573770
573635
573625
573405
573180
573119
573013
572821
572496
572493
572446
572404
572167
572092
571697
571535
571527
571339
571155
570825
570748
570569
570427
570025
570025
569823
569585
569327
569304
569145
568941
568911
568814
568811
568748
568413
568148
568129
568111
568109
567905
567804
567633
567352
567334
567278
567258
567148
567089
566963
566882
566733
566680
566651
566541
566433
566355
565891
565820
565806
565801
565588
565376
565165
565049
565028
564987
564926
564854
564824
564565
564497
564491
564447
564286
564157
564095
563998
563865
563831
563826
563705
563685
563645
563567
563556
563542
563460
563394
563358
563236
563188
563128
563116
562963
562946
562772
562672
562519
562451
562336
562306
562267
562218
561983
561953
561929
561778
561754
561735
561566
561437
561426
561420
561403
561212
561176
560935
560919
560464
560158
559934
559825
559798
559727
559624
559615
559326
559325
559307
559155
559078
559058
558759
558535
558462
558394
558314
558242
558215
558024
558006
557996
557858
557586
557475
557413
557365
557302
557152
557133
557078
556856
556852
556727
556667
556634
556592
556401
556392
556327
556228
556171
556006
555989
555880
555695
555679
555628
555573
555557
555321
555270
555243
555131
554939
554880
554861
554829
554799
554696
554675
554630
554596
554442
554426
554423
554383
554110
554090
554014
553784
553732
553704
552972
552934
552827
552760
552530
552467
552396
552360
552296
552215
552196
551882
551732
551519
551510
551449
551195
551149
551074
551064
550932
550713
550691
550571
550569
550546
550237
550216
549922
549915
549819
549793
549785
549778
549773
549725
549226
549079
549056
549014
548973
548855
548706
548642
548635
548622
548622
548550
548415
548296
548191
547815
547702
547695
547639
547631
547581
547454
547378
547376
547319
547290
547189
547049
546930
546734
546476
546418
546383
546356
546210
546071
546058
545989
545944
545886
545711
545633
545391
545284
545158
545125
544953
544852
544799
544792
544540
544434
544039
543832
542878
542637
542630
542586
542467
542441
541968
541965
541925
541869
541083
541062
541043
540979
540936
540936
540833
540818
540759
540494
540466
540358
540138
540010
539933
539669
539622
539618
539330
539303
539212
539205
539198
539161
538939
538812
538744
538686
538571
538554
538526
538274
538182
538154
537831
537618
537305
537301
537176
537174
537140
537075
537001
536914
536831
536763
536626
536492
536427
536420
536405
536230
536222
536143
536021
535751
535639
535637
535500
535482
535466
535346
535289
535245
535204
535183
535140
534982
534852
534832
534647
534519
534485
534457
534357
534225
534152
534151
533901
533565
533558
533546
533243
533195
532997
532972
532838
532797
532570
532262
531996
531975
531587
531542
531540
531504
531250
531114
531083
531047
530907
530649
530600
530557
530540
530537
530413
530284
530261
530198
530109
530095
530013
529821
529685
529682
529617
529606
529436
529309
529193
529161
529075
528988
528582
528474
528437
528431
528424
528385
528314
528069
527899
527807
527725
527574
527511
527504
527455
527323
527285
527229
527150
527139
527048
526842
526823
526801
526708
526534
526444
526273
526241
526122
525972
525889
525821
525789
525760
525727
525718
525679
525638
525597
525456
525410
525244
525226
525157
525113
525112
524895
524867
524749
524358
524332
524216
524145
523856
523853
523819
523698
523621
523613
523608
523550
523528
523372
523327
523310
523144
523051
523009
522926
522884
522781
522703
522677
522596
522447
522444
522435
522154
522125
521901
521846
521786
521784
521573
521407
521367
521330
521321
521268
521187
521174
521166
520857
520804
520448
520367
520270
520230
520229
520099
520097
520070
519797
519792
519606
519566
519538
519512
519435
519423
519305
519190
519131
519101
519019
518919
518860
518789
518576
518375
518374
518276
518098
518066
517993
517991
517978
517945
517668
517621
517500
517477
517348
517331
517315
517204
517108
517101
516852
516822
516805
516543
516505
516497
516465
516404
516382
516231
516150
516088
515997
515994
515981
515940
515836
515519
515433
515180
515126
514878
514850
514649
514634
514522
514461
514429
514188
514108
513652
513539
513313
513270
513206
513175
513011
512924
512914
512852
512493
512455
512422
512393
512244
512232
512029
511720
511503
511479
511327
511305
511168
511079
510958
510855
510728
510580
510571
510559
510504
510373
510190
510165
510131
510094
510006
509979
509878
509859
509631
509625
509619
509536
509273
508967
508780
508689
508439
508300
508161
508106
507819
507804
507800
507782
507724
507530
507173
507135
507128
507059
507010
506875
506825
506784
506774
506505
506476
506372
506207
506054
506052
506030
505924
505881
505841
505353
505336
505269
504989
504976
504715
504598
504588
504514
504449
504424
504411
503911
503752
503628
503594
503588
503585
503500
503313
503170
503133
503060
502933
502812
502749
502658
502644
502612
502607
502548
502454
502432
502396
502249
502240
502075
501924
501903
501839
501827
501785
501763
501669
501482
501463
501389
501312
501171
501033
501029
500948
500859
500731
500700
500678
500483
500295
500292
500281
500264
500228
499977
499976
499796
499720
499694
499653
499620
499449
499085
498925
498907
498824
498407
498171
498148
498123
498030
497991
497879
497842
497578
497501
497276
497172
497101
496796
496718
496437
496368
496151
496111
496083
496042
495995
495953
495950
495875
495856
495728
495675
495580
495557
495447
495298
495296
495260
495029
494886
494770
494573
494555
494296
494252
494234
494162
494053
493929
493833
493730
493499
493368
493120
493077
492989
492898
492898
492881
492787
492769
492689
492654
492496
492354
492303
492294
492244
492181
492168
492157
491864
491754
491724
491514
491381
491123
490977
490921
490806
490804
490636
490533
490271
490257
490221
490191
490057
489970
489964
489958
489901
489772
489511
489411
489410
489294
489184
489108
489067
489033
488990
488858
488818
488659
488556
488555
488471
488450
488387
488349
487958
487956
487935
487534
487406
487284
487243
487191
487149
487037
487031
487026
486994
486935
486815
486769
486739
486736
486654
486591
486508
486476
486375
486290
486286
486117
486067
485830
485805
485566
485437
485432
485401
485362
485322
485200
485199
485183
485147
485101
485095
485050
484888
484843
484712
483824
483727
483726
483682
483649
483583
483557
483498
483426
483164
483118
483062
482951
482929
482845
482735
482713
482710
482497
482381
482244
482176
482022
482014
482013
481861
481857
481775
481769
481563
481311
480789
480756
480736
480581
480575
480379
480264
480132
480082
479995
479992
479982
479966
479931
479888
479862
479831
479819
479715
479409
479359
479242
479203
479202
479148
479018
479012
478992
478926
478869
478830
478475
478461
478227
478177
478133
478079
477847
477801
477786
477680
477482
477437
477235
477228
476929
476909
476908
476893
476768
476720
476602
476376
476338
476232
476204
476153
475842
475729
475668
475633
475614
475309
475209
475124
475022
475018
474970
474675
474528
474423
474422
474312
474290
474048
473978
473928
473813
473787
473758
473743
473599
473385
473360
473119
473012
472911
472904
472877
472751
472718
472689
472654
472635
472594
472556
472504
472451
472433
472394
472089
472067
471992
471874
471797
471699
471590
471327
471319
471279
471265
471048
471008
470855
470671
470441
470356
470173
469984
469967
469965
469854
469750
469702
469468
469390
469374
469368
469305
469265
469230
469188
469074
468981
468955
468851
468759
468693
468428
468307
468128
468109
467958
467912
467826
467811
467760
467734
467596
467381
467231
467087
466917
466873
466823
466799
466753
466719
466657
466590
466544
466517
466358
466326
466325
466219
466026
465930
465853
465670
465660
465541
465401
465250
465011
464950
464905
464696
464534
464442
464279
464195
464093
464087
464012
463937
463849
463688
463538
463521
463501
463422
463217
463075
463036
462812
462711
462577
462557
462548
462519
462323
462317
462310
462262
462252
462136
462111
461763
461669
461586
461572
461284
460831
460752
460735
460725
460709
460593
460467
460461
460361
460337
460196
460036
460033
459830
459726
459726
459540
459487
459461
459312
459257
459227
459006
459003
458842
458626
458608
458592
458409
458323
458300
458149
458116
457965
457747
457742
457711
457601
457000
456978
456627
456569
456527
456484
456448
456446
456381
456362
456338
456285
456222
456039
456037
455883
455684
455603
455579
455546
455174
455140
455019
454949
454624
454567
454563
454519
454499
454314
454293
454267
454155
454132
454052
454042
454037
453944
453828
453692
453636
453630
453483
453471
453397
453013
452980
452976
452896
452825
452777
452708
452693
452406
452338
452287
452207
451713
451613
451581
451471
451401
451258
451226
451096
451072
450518
450473
450320
450030
450025
449977
449961
449940
449873
449599
449513
449289
449277
449211
449019
448839
448818
448652
448416
448413
448397
448372
448371
448259
448173
448103
448024
447937
447913
447879
447844
447787
447711
447447
447287
447219
446951
446854
446750
446653
446553
446370
446289
446213
446196
445992
445725
445701
445524
445505
445290
445199
444920
444899
444700
444619
444603
444578
444480
444451
444381
444305
443905
443874
443688
443606
443510
443487
443461
443189
443112
443080
442893
442883
442751
442739
442697
442629
442555
442526
442458
442323
442256
441993
441986
441903
441871
441706
441612
441589
441333
441225
441095
440707
440627
440450
440103
439994
439956
439926
439868
439854
439631
439563
439544
439473
439358
439351
439317
439302
438888
438868
438409
438331
438155
438126
438056
438022
437860
437836
437828
437721
437665
437535
437419
437393
436904
436884
436798
436577
436549
436519
436480
436083
435996
435720
435391
435314
435190
435184
435176
435168
435106
435010
434962
434678
434634
434627
434589
434575
434475
434386
434301
434258
434199
434145
434091
433679
433465
433337
433225
433208
433167
432977
432972
432950
432930
432768
432504
432093
432058
432036
431999
431781
431663
431405
431334
431332
431270
431161
431105
431104
431085
431046
430863
430806
430769
430625
430518
430485
429996
429976
429822
429820
429583
429412
429240
428920
428888
428821
428775
428669
428589
428504
428477
428253
428176
428080
427904
427874
427616
427450
427404
427315
427150
426964
426891
426694
426692
426654
426652
426482
426386
426282
426208
426078
426025
425822
425621
425567
425524
425476
425457
425449
425335
425203
425197
425156
424937
424891
424719
424689
424652
424646
424506
424503
424474
424464
424437
424397
424273
424223
424137
423824
423815
423663
423569
423495
423459
423402
423382
423341
423324
423272
423157
423116
422857
422846
422778
422607
422253
422202
422022
421996
421890
421859
421519
421505
421048
420838
420789
420773
420722
420715
420703
420692
420626
420443
420323
420234
420087
419897
419873
419835
419675
419519
419491
419486
419273
419228
418972
418860
418802
418770
418658
418543
418524
418508
418390
418007
417792
417765
417726
417714
417683
417634
417600
417575
417559
417498
417467
417417
417331
417309
417245
417099
417044
416891
416497
416419
416417
416408
416349
416338
416276
416189
416125
416087
415888
415598
415597
415317
415193
414822
414771
414737
414718
414603
414497
414430
414388
414121
414119
414099
414036
414016
413894
413855
413855
413581
413295
413161
413114
413075
412994
412981
412846
412822
412822
412812
412746
412731
412716
412695
412678
412627
412538
412510
412465
412342
411752
411726
411682
411599
411588
411556
411527
411510
411485
411306
411288
411101
411097
410951
410810
410807
410687
410396
410192
410154
410071
410017
409982
409851
409653
409538
409331
409200
409191
409140
408883
408750
408633
408576
408481
408364
408327
408292
408041
408025
407996
407759
407729
407661
407555
407508
407400
407376
407354
407195
407086
407081
407015
406912
406911
406890
406788
406781
406548
406149
406062
406058
405930
405887
405750
405731
405464
405420
405360
405331
405175
405138
404975
404955
404893
404816
404805
404773
404768
404757
404688
404479
404377
404248
403990
403958
403869
403862
403761
403722
403714
403624
403392
403324
403013
402994
402889
402542
402484
402429
402409
402377
402308
402276
402275
402169
402154
402004
401900
401880
401864
401824
401795
401700
401680
401553
401547
401515
401487
401340
401287
401271
401231
400972
400900
400867
400841
400752
400752
400738
400718
400681
400571
400454
400346
400120
400065
400002
399964
399865
399714
399605
399540
399522
399516
399358
399259
399203
399183
399158
399088
398805
398736
398725
398647
398533
398446
398393
398349
398127
397979
397948
397926
397838
397811
397756
397665
397588
397497
397191
397183
397067
397010
396898
396870
396289
396245
396187
396103
396025
396013
395873
395754
395748
395730
395549
395498
395483
395297
395255
395075
394824
394675
394422
394337
394333
394330
394310
394143
394025
393931
393888
393864
393823
393415
393207
393080
393035
392647
392612
392578
392571
392503
392492
392486
392435
392333
392297
392269
391989
391814
391810
391716
391691
391677
391639
391628
391553
391282
391249
391217
391104
391053
390932
390920
390815
390750
390738
390703
390620
390565
390412
390340
390306
390127
389995
389804
389794
389736
389706
389661
389565
389452
389443
389381
389263
389191
389096
388914
388681
388673
388631
388609
388592
388539
388044
388020
387582
387503
387360
387203
387033
386913
386731
386699
386565
386557
386484
386483
386320
386159
386073
385754
385347
385314
385254
385246
385211
385134
385053
384913
384775
384738
384567
384380
384375
384173
384012
383971
383943
383844
383795
383789
383754
383552
383476
383363
383335
383331
383306
383296
383054
382922
382846
382650
382649
382634
382559
382540
382333
382217
382164
382044
381806
381769
381666
381530
381515
381506
381469
381333
381284
381214
381140
380885
380828
380787
380731
380626
380573
380546
380464
380445
380439
380408
380335
380263
380228
380187
380184
380115
380074
379919
379761
379654
379548
379431
379353
379295
379132
379106
379051
378875
378857
378836
378827
378821
378733
378696
378669
378443
378382
378109
378038
377982
377952
377905
377892
377552
377517
377388
377219
377084
376957
376750
376677
376633
376622
376528
376474
375878
375770
375532
375395
375342
375056
374952
374938
374907
374864
374774
374705
374567
374557
374518
374340
374214
374203
374175
373768
373720
373719
373687
373662
373547
373469
373388
373323
373283
373107
373004
372876
372834
372704
372605
372544
372498
372479
372467
372253
372151
371837
371819
371766
371712
371655
371554
371431
371346
371327
371130
371013
370870
370665
370524
370476
370465
370278
370069
370061
370038
370009
369982
369901
369852
369736
369693
369510
369191
369093
368924
368911
368907
368757
368666
368408
368354
368306
368194
368099
368066
367663
367612
367481
367477
367417
367370
367367
367304
367246
367204
367150
367079
366846
366744
366597
366144
366072
366006
365899
365480
365461
365408
365309
365224
365082
365059
364989
364902
364430
364308
364244
364097
364082
363997
363946
363924
363697
363647
363368
363328
363049
363006
362826
362826
362810
362662
362654
362587
362419
362289
362091
362090
362045
362001
361778
361775
361668
361385
361241
361055
361016
360653
360652
360602
360450
360443
360389
360379
360282
360259
360215
359676
359632
359296
359188
359182
359068
359018
358937
358896
358866
358820
358774
358327
358284
358230
357934
357930
357791
357541
357460
357208
357108
356796
356748
356496
356484
356349
356336
356306
356226
356116
356110
356077
355995
355883
355824
355737
355559
355501
355428
355370
355209
354930
354865
354848
354303
353953
353894
353839
353710
353684
353587
353312
353143
353107
352957
352921
352878
352598
352495
352425
352400
352383
352301
352300
352072
352066
352062
352017
351913
351710
351708
351680
351614
351513
351378
351368
351298
351021
350888
350885
350790
350749
350722
350611
350608
350543
350539
350465
350227
350176
350162
350141
350102
349994
349851
349848
349770
349692
349639
349519
349485
349315
349298
349174
349163
349124
349119
349089
348965
348913
348862
348742
348571
348479
348416
348242
347638
347606
347559
347553
347474
347389
347376
347354
347270
347083
346916
346828
346763
346692
346614
346568
346516
346366
346255
346232
346117
346112
346067
345958
345954
345835
345804
345737
345681
345534
345272
345260
345255
345253
345237
345095
344883
344777
344713
344709
344699
344589
344401
344233
344185
343928
343832
343723
343614
343504
343327
343195
342898
342880
342876
342762
342693
342692
342678
342336
342029
341913
341856
341794
341565
341305
341177
340789
340704
340689
340585
340433
340338
340188
340015
339902
339875
339488
339466
339236
339109
338978
338959
338855
338757
338569
338555
338553
338486
338473
338461
338270
338223
338195
338159
338150
337980
337902
337859
337828
337576
337396
337262
337170
336840
336414
336252
336224
336212
336078
335898
335742
335516
335510
335490
335434
335391
335295
335258
335123
335004
334999
334639
334521
334516
334480
334334
334144
334067
333872
333846
333808
333589
333528
333494
333433
333404
333294
333117
332967
332831
332450
332318
332315
332120
332058
332003
331908
331858
331782
331685
331464
331393
331238
331099
330961
330931
330886
330858
330819
330724
330699
330651
330645
330639
330626
330552
330523
330368
330350
330236
330115
330087
329909
329859
329791
329656
329656
329599
329578
329439
329375
329320
329259
329141
328984
328970
328936
328922
328817
328703
328695
328652
328507
328490
328317
328316
328301
328298
328266
328260
328009
327892
327847
327825
327319
327313
327216
327099
327046
326958
326915
326853
326845
326504
326489
326470
326470
326300
326172
326105
326032
325969
325762
325700
325355
325331
325092
324993
324991
324898
324888
324837
324762
324706
324697
324620
324619
324615
324503
324328
324241
324207
323911
323787
323725
323639
323513
323328
323273
323199
323140
323019
322493
322405
322139
322134
321942
321543
321373
321351
321346
321091
321057
320718
320641
320588
320526
320449
320262
320120
320019
319978
319927
319927
319775
319589
319542
319356
319295
319148
319065
319001
318831
318652
318592
318548
318331
318296
318215
318124
318077
317799
317595
317567
317561
317498
317367
317290
317254
317099
316944
316858
316810
316705
316671
316562
316452
316299
316256
316140
315966
315912
315894
315875
315774
315721
315512
315453
315451
315124
314638
314550
314370
314341
314120
314020
314004
313948
313721
313689
313673
313668
313534
313519
313365
313212
313196
312993
312771
312735
312728
312584
312510
312387
312172
312029
311776
311654
311495
311355
311342
311219
311001
310949
310741
310719
310669
310470
310424
310360
310349
310326
310223
310050
310044
309909
309709
309675
309583
309491
309280
309071
309016
308980
308958
308782
308728
308692
308685
308588
308560
308385
308352
308321
308158
308113
308034
307930
307846
307474
307445
307268
307227
307171
307043
306716
306696
306270
306127
305900
305863
305814
305682
305649
305596
305251
305165
305080
304926
304653
304531
304368
304327
304251
304237
304233
304075
303869
303699
303430
303111
302887
302865
302865
302862
302854
302779
302461
302358
302161
302152
302071
301897
301739
301659
301601
301594
301434
301349
301211
301158
300930
300879
300786
300754
300739
300703
300535
300354
300271
300265
300126
300121
300120
299855
299819
299810
299671
299515
299496
298935
298906
298776
298729
298556
298488
298373
298367
298353
298174
297905
297782
297757
297704
297693
297545
297526
297447
297427
297362
297246
297182
297005
296845
296755
296622
296575
296393
296357
296331
296326
296263
296254
296113
296089
296055
295992
295949
295938
295839
295756
295485
295450
295346
295340
295282
295233
295087
295039
295016
294998
294897
294389
294119
294091
294031
294007
293942
293716
293590
293580
293568
293516
293485
293472
293468
293404
293307
293189
293154
293109
292955
292861
292791
292776
292583
292460
292411
292301
292287
292231
292093
292086
292072
291719
291579
291559
291528
291438
291434
291188
291076
291063
291006
290994
290945
290901
290897
290872
290666
290568
290555
290443
290263
290232
290094
290037
289939
289749
289619
289571
289384
289172
289131
288884
288820
288791
288759
288680
288516
288380
288176
288173
288158
288018
287946
287819
287690
287653
287558
287550
287487
287426
287311
287091
287054
287006
286940
286931
286720
286568
286445
286326
286282
286168
286146
286055
285947
285850
285779
285582
285525
285504
285291
285268
285166
285154
285125
285087
284982
284975
284967
284860
284844
284782
284736
284503
284478
284379
284206
284205
283891
283311
283226
283180
283178
283037
283004
282954
282935
282826
282816
282811
282767
282409
282285
282231
282090
281707
281657
281594
281512
281391
281370
281150
281071
280985
280974
280828
280694
280483
280313
280260
280203
280108
280098
280001
279899
279899
279740
279714
279629
279113
279039
278943
278786
278732
278598
278537
278361
278322
278261
278167
278097
278036
277884
277673
277398
277345
277336
277258
277250
277028
277011
276903
276725
276613
276468
276431
276402
276319
276165
276094
276038
276021
275866
275852
275510
275470
275462
275425
275412
275398
275156
275138
275083
274953
274862
274707
274664
274644
274634
274511
274496
274474
274453
274390
274304
274239
274148
274041
273892
273788
273711
273708
273657
273577
273564
273549
273527
273359
273213
273192
273106
273056
272996
272994
272771
272559
272519
272492
272417
272317
272245
272153
272039
271946
271783
271696
271674
271365
271356
271344
271259
271226
271173
271017
270732
270615
270520
270461
270328
270258
270218
270086
270020
269803
269583
269473
269378
269240
269033
268812
268725
268635
268488
268388
268071
268035
267886
267830
267791
267780
267677
267589
267580
267435
267213
267199
267173
266981
266953
266940
266916
266601
266442
266438
266028
265969
265936
265897
265842
265841
265819
265484
265451
265415
265147
265127
265038
264956
264896
264877
264820
264799
264750
264654
264421
264399
264357
264251
264073
264063
263904
263882
263787
263711
263696
263669
263539
263513
263361
263281
263225
263141
263104
263090
263036
262862
262813
262703
262650
262481
262372
262312
262299
262294
262095
261990
261823
261579
261577
261557
261543
261538
261495
261481
261215
261173
260932
260703
260590
260300
259830
259511
259427
259380
259349
259290
259241
259171
259060
259023
258872
258761
258687
258657
258627
258577
258546
258462
258363
258040
257949
257920
257797
257767
257671
257661
257512
257426
257154
257017
256975
256968
256867
256742
256677
256369
256240
256164
256070
255735
255492
255456
255223
255195
255186
255175
255010
254958
254765
254467
254450
254349
254127
254114
254071
254031
253852
253667
253644
253570
253569
253506
253453
253042
253041
252915
252500
252499
252432
252427
252341
252327
251935
251899
251897
251868
251814
251785
251586
251539
251418
251298
251237
250978
250775
250694
250647
250544
250287
250120
250083
250042
250025
250013
249960
249957
249888
249885
249768
249419
249258
249197
249138
249045
248897
248667
248585
248463
248449
248447
248427
248120
247956
247701
247558
247438
247404
247394
247361
247332
247290
247093
247046
246976
246954
246924
246781
246569
246419
246394
246373
246367
246293
246230
246210
246101
246099
246011
245827
245790
245686
245634
245606
245548
245503
245450
245382
245276
245242
245071
245042
244923
244917
244898
244891
244861
244838
244818
244709
244611
244566
244415
244228
244020
243982
243941
243921
243757
243706
243685
243439
243424
243374
243253
243151
242971
242888
242788
242669
242583
242571
242524
242467
242456
242447
242066
241989
241846
241825
241474
241463
241368
241334
241304
241033
241002
240892
240889
240878
240699
240648
240560
240393
240221
240173
239559
239532
239509
239266
239256
239182
239158
239137
239058
238972
238863
238670
238614
238542
238523
238491
238288
238124
238082
238078
238056
237888
237718
237661
237608
237452
237297
237295
237275
237257
237133
237021
236950
236920
236909
236758
236756
236718
236694
236678
236676
236659
236630
236453
236444
236137
235982
235888
235829
235674
235552
235523
235352
235332
235269
235204
235076
235031
234914
234798
234726
234721
234682
234637
234317
234291
234278
234097
234022
233726
233714
233355
233346
233323
233187
233122
232997
232982
232948
232749
232738
232656
232608
232342
232315
232219
232127
232120
232091
232062
231746
231727
231580
231523
231458
231402
231238
231086
231031
230981
230620
230480
230326
230170
230144
230130
230129
229801
229742
229726
229673
229587
229471
229342
229300
229227
229109
229029
229008
228963
228943
228773
228757
228589
228584
228482
228308
228306
228185
228181
228028
228022
228003
227721
227540
227396
227340
227255
227052
226925
226876
226768
226624
226490
226441
226390
226035
225869
225808
225670
225629
225560
225515
225502
225370
225180
225086
225016
224939
224911
224764
224639
224600
224467
224244
224237
224222
224185
224096
224095
223947
223921
223849
223760
223682
223509
223341
223311
223211
223004
222822
222592
222497
222482
222482
222480
222405
222401
222182
222080
222036
221786
221621
221468
221292
221020
221010
220986
220882
220877
220664
220276
220047
220042
219967
219955
219882
219807
219694
219643
219633
219538
219473
219430
219415
218952
218769
218665
218479
218265
218253
218252
218248
218153
218152
218125
218078
217782
217733
217401
217363
217344
217322
217084
216840
216817
216712
216679
216676
216536
216501
216248
216235
216070
215922
215871
215820
215585
215545
215480
215479
215408
215394
215126
215054
214726
214686
214535
214506
214493
214485
214478
214237
214192
214092
214068
214030
214015
213981
213762
213719
213642
213638
213602
213548
213461
213443
213179
213099
213092
213072
212949
212911
212891
212779
212740
212709
212621
212448
212235
211998
211990
211942
211799
211732
211625
211618
211264
211168
211115
211096
211093
210902
210888
210828
210769
210688
210588
210534
210454
210441
210418
210321
210186
210144
209745
209683
209668
209499
209482
209472
209460
209441
209357
209195
209191
209157
209052
209003
208947
208875
208848
208833
208817
208638
208603
208563
208352
208178
207989
207620
207576
207488
207473
207306
207276
207271
207269
207223
207111
207037
206955
206830
206811
206580
206535
206454
206430
206368
206337
206318
206275
206250
206238
206217
206207
206158
206082
206052
205988
205877
205410
205274
205269
205184
205183
204911
204893
204845
204772
204515
204213
204110
203964
203787
203670
203601
203486
203484
203258
203230
203146
203012
202909
202889
202886
202819
202811
202681
202660
202644
202562
202542
202338
201972
201669
201568
201535
201501
201366
201232
201226
201176
201113
200860
200820
200792
200729
200634
200609
200513
200286
200042
200003
199980
199945
199465
199360
199303
199300
199257
199137
199102
199076
198962
198931
198902
198810
198671
198566
198424
198253
198217
198115
198095
198057
198003
197996
197656
197446
197312
197236
197065
196956
196953
196888
196847
196788
196783
196695
196628
196560
196464
196441
196434
196249
196233
196229
196012
196001
195923
195904
195882
195848
195828
195750
195576
195507
195493
195441
195423
195319
195252
195235
195167
194747
194704
194662
194658
194604
194548
194449
194442
194427
194143
194076
193996
193923
193758
193687
193390
193373
193183
193028
192927
192845
192801
192678
192639
192523
192231
192152
192008
191852
191625
191595
191266
191247
191139
191130
191069
191023
190986
190915
190810
190759
190744
190691
190532
190331
190317
190234
190218
190127
189896
189863
189843
189817
189783
189745
189693
189688
189482
188971
188937
188854
188627
188574
188301
188097
187946
187767
187604
187333
187275
187196
187194
187141
186998
186800
186657
186599
186490
186472
186194
186071
185990
185676
185673
185600
185313
185176
185170
185109
185083
185034
185006
184476
184325
184126
184026
183940
183563
183446
183306
183304
183264
183105
183066
183014
182771
182654
182648
182577
182413
182237
182004
181979
181837
181685
181615
181486
181000
180959
180861
180790
180719
180614
180546
180523
180421
180420
180356
180216
180191
180046
180041
179598
179452
179377
179349
179313
179263
179076
178913
178790
178784
178517
178502
178369
178152
177926
177867
177850
177705
177684
177605
177574
177404
177363
177351
177247
177053
176894
176881
176874
176751
176728
176086
176073
176013
175959
175830
175767
175713
175601
175597
175442
175422
175292
175086
175024
174763
174743
174366
174075
174042
173968
173887
173751
173740
173680
173484
173357
173230
173060
173051
173026
172992
172736
172593
172545
172527
172494
172351
172326
172227
172226
172129
172010
171978
171946
171890
171880
171775
171760
171676
171543
171513
171483
171437
171201
170647
170450
170385
170352
170322
170226
170214
170185
170159
170084
169992
169890
169835
169832
169677
169657
169540
169288
169253
169190
169186
169149
169099
169091
168980
168948
168895
168840
168678
168652
168606
168332
168295
168278
168267
168256
168248
168046
167996
167874
167823
167736
167676
167374
167361
167316
167219
167098
167089
166914
166589
166583
166552
166538
166395
166373
166280
165950
165803
165780
165767
165735
165659
165644
165532
165276
165193
165149
165105
164954
164840
164649
164641
164624
164586
164572
164513
164294
164182
164037
163931
163779
163774
163668
163651
163620
163576
163528
163197
163117
163110
163083
163073
162981
162741
162735
162496
162186
161901
161759
161677
161552
161425
161229
161165
161116
161010
160920
160850
160794
160666
160255
160226
160206
160140
160125
160119
160071
160044
159963
159925
159801
159787
159781
159561
159437
159370
159320
159310
158781
158723
158585
158576
158556
158455
158206
158204
158173
158100
158080
158009
157935
157932
157908
157773
157406
157405
157303
157229
157178
157111
157103
157079
157048
156953
156820
156760
156681
156590
156541
156447
156409
156399
155959
155943
155850
155633
155565
155323
155226
155073
155063
154958
154823
154711
154598
154465
154448
154437
154384
154334
154190
154009
153905
153808
153656
153558
153439
153273
153260
153205
153140
153115
153075
152959
152889
152829
152804
152801
152768
152679
152593
152419
152412
152390
152149
152141
152071
152049
152043
152001
151442
151441
151404
151232
151190
151008
150989
150933
150881
150872
150867
150800
150652
150584
150333
150130
150097
150056
150007
149950
149873
149785
149771
149607
149589
149559
149511
149494
149202
149201
148824
148776
148489
148482
148454
148399
148360
148281
148238
148193
148029
147931
147778
147747
147668
147506
147300
147180
147071
147003
146929
146618
146518
146507
146277
146141
146114
145806
145674
145485
145324
145285
145232
145158
145026
144814
144778
144753
144571
144449
144200
144105
144025
143772
143759
143469
143349
143234
143165
143127
143078
142889
142852
142758
142673
142609
142365
142345
142239
142228
141954
141765
141729
141586
141580
141574
141555
141428
141418
140993
140937
140922
140901
140624
140608
140440
140371
140324
140305
140241
140104
139896
139774
139660
139580
139558
139549
139444
139291
139275
139259
139244
139234
139086
138987
138950
138559
138546
138464
138144
138065
138045
137902
137894
137699
137561
137225
137212
137105
136870
136861
136425
136393
136392
136356
136300
136077
136056
135714
135675
135674
135636
135559
135466
135420
135415
135408
135135
135132
135120
135068
134913
134898
134730
134678
134672
134525
134362
134285
134194
134057
133955
133903
133589
133496
133426
133329
133279
133133
133108
132977
132868
132771
132602
132476
132347
132162
132103
131968
131875
131705
131613
131503
131064
131029
130906
130803
130673
130602
130583
130571
130559
130472
130443
130420
130338
129841
129488
129395
129370
129310
129296
129183
128988
128948
128902
128875
128742
128697
128457
128387
128311
128265
128259
128173
128124
128087
127934
127723
127584
127510
127475
127211
127183
127114
127037
126973
126904
126818
126787
126675
126535
126298
126139
126132
125927
125897
125873
125811
125671
125607
125577
125571
125543
125482
125474
125303
125221
125213
125168
125162
125125
125004
124826
124649
124649
124564
124470
124426
124287
124235
124142
124122
123918
123840
123747
123618
123558
123460
123312
123229
123050
122951
122882
122575
122520
122477
122447
122356
122158
122008
121904
121701
121557
121503
120952
120945
120868
120865
120780
120696
120676
120665
120665
120532
120501
120438
120410
120289
120039
119945
119757
119720
119535
119385
119115
118836
118776
118772
118684
118534
118115
117977
117953
117895
117885
117854
117486
117418
117402
117394
117350
117323
117320
117291
117290
117204
117198
117196
117103
116954
116873
116687
116647
116523
116434
116410
116320
116200
116034
115862
115850
115827
115780
115735
115727
115714
115518
115409
115342
115314
115300
115271
115225
115214
115194
115175
115093
115007
114933
114877
114829
114828
114794
114671
114492
114449
114323
114170
114112
114110
114085
113991
113738
113734
113723
113559
113513
113394
113115
112965
112871
112850
112817
112665
112558
112536
112459
112151
112074
112056
112031
111954
111903
111900
111897
111890
111884
111842
111762
111352
111289
111207
110985
110931
110895
110867
110720
110665
110543
110465
110454
110405
110295
110227
110120
109840
109780
109690
109688
109674
109602
109432
109400
109376
109169
108702
108592
108390
107999
107923
107401
107329
107196
107056
106969
106939
106852
106828
106806
106614
106597
106553
106464
106459
106372
106298
106274
106087
105997
105887
105765
105740
105605
105568
105540
105529
105434
105335
104990
104980
104947
104875
104869
104843
104835
104644
104586
104571
104561
104472
104384
104377
104199
104158
104139
104137
103961
103922
103845
103590
103453
103368
103344
103321
103303
103239
102922
102892
102773
102765
102533
102410
102407
102285
102268
102247
102245
102230
102230
102188
102080
101895
101824
101673
101596
101525
101371
101311
101073
100959
100934
100749
100745
100745
100736
100449
100360
100237
100229
100076
99986
99813
99810
99629
99487
99428
99202
99111
99053
99025
98789
98752
98743
98623
98568
98406
98255
98232
98202
98151
97889
97837
97830
97814
97755
97755
97584
97542
97527
97502
97223
97025
96707
96627
96303
95787
95674
95486
95172
95167
95083
94799
94690
94631
94587
94372
94332
94305
94151
94083
94012
93660
93601
93564
93393
93351
93196
93099
93083
92759
92728
92686
92635
92620
92601
92518
92515
92472
92317
91977
91896
91852
91581
91491
91390
91178
91139
91131
90958
90902
90884
90862
90704
90586
90257
90220
90113
90095
90067
89869
89767
89707
89658
89593
89481
89474
89303
89129
89085
89052
88879
88714
88562
88411
88339
88212
88205
88151
87796
87775
87742
87587
87543
87454
87107
87096
87060
86949
86906
86812
86551
86448
86382
86251
86177
85953
85884
85879
85852
85842
85803
85802
85745
85637
85628
85276
85187
85120
84916
84818
84812
84698
84510
84495
84452
84440
84363
84308
84208
84005
83873
83668
83544
83479
83468
83178
83093
83077
82693
82654
82532
82329
82314
82277
82209
82164
82106
82038
82027
81951
81912
81886
81720
81591
81544
81528
81493
81447
81374
81358
81238
81208
81038
81025
80999
80982
80741
80591
80585
80197
80143
79987
79914
79671
79642
79584
79475
79472
79221
79188
79180
79170
78682
78561
78536
78265
78227
78140
78023
77955
77881
77708
77508
77497
77329
77236
77208
77072
76934
76801
76648
76517
76515
76509
76344
76260
76126
76114
76029
75975
75900
75571
75457
75378
75192
75139
75110
75072
75060
74988
74846
74759
74607
74601
74450
74359
74312
74118
74066
74061
74017
73912
73874
73829
73711
73504
73433
73357
73302
73269
73258
73251
73079
72719
72715
72303
72282
72175
72125
72101
71982
71886
71686
71682
71438
71430
71377
71207
71172
71157
71021
70981
70890
70858
70847
70745
70464
70363
70291
70131
70094
70003
69989
69908
69777
69596
69526
69450
69442
69295
69235
69138
69103
69102
69086
68934
68849
68768
68761
68758
68734
68633
68624
68588
68476
68391
68388
68366
68266
67999
67897
67783
67489
67434
67258
67152
67008
66573
66510
66492
66480
66422
66191
66142
65996
65928
65922
65697
65533
65510
65488
65444
65435
65392
65323
64870
64744
64716
64605
64525
64492
64350
64337
64300
64205
63884
63871
63845
63667
63384
63258
63178
63168
62951
62937
62925
62766
62609
62485
62394
62294
62257
61964
61853
61660
61635
61604
61590
61423
61420
61392
60915
60860
60737
60642
60617
60583
60363
60266
60191
60135
60114
60038
59928
59836
59702
59672
59655
59513
59278
59188
59150
59032
58876
58725
58578
58274
58136
57864
57750
57697
57685
57390
57249
57180
57137
56980
56614
56569
56553
56483
56470
56460
56367
56214
56132
56097
55792
55719
55706
55676
55539
55525
55321
55119
55110
55038
55005
54959
54874
54696
54668
54661
54647
54047
54016
53984
53785
53756
53580
53481
53456
53419
53336
53315
53312
53216
53076
53048
52866
52814
52657
52613
52588
52543
52472
52295
52172
52140
52069
51970
51856
51661
51546
51291
51289
51209
51040
50752
50590
50577
50539
50490
49974
49911
49787
49782
49549
49402
49299
49232
49221
49187
48897
48754
48733
48694
48660
48631
48627
48409
48289
48250
48003
47842
47836
47744
47695
47457
47456
47429
47320
47097
47085
47064
46819
46749
46705
46661
46580
46497
46493
46305
46152
46125
46022
45912
45891
45814
45626
45540
45534
45525
45306
45231
45217
45016
45012
44988
44943
44935
44448
44337
44319
44311
44020
43997
43934
43866
43621
43576
43544
43520
43274
43149
42781
42553
42244
42202
41935
41794
41721
41697
41579
41514
41468
41335
41333
41097
41085
40936
40930
40905
40883
40812
40795
40764
40704
40699
40548
40537
40480
40463
40383
40356
40316
40236
40008
39829
39678
39572
39553
39549
39490
39433
39398
39224
39095
39038
39003
38912
38858
38664
38587
38423
38232
38157
38018
37928
37868
37829
37791
37727
37660
37589
37578
37518
37409
37323
37305
37068
37045
37017
36839
36467
36343
36294
36276
36190
36189
36161
36093
36054
36053
36027
35953
35812
35717
35714
35621
35501
35491
35374
35155
34996
34800
34781
34742
34668
34661
34612
34556
34418
34218
34190
34091
34088
33959
33868
33753
33728
33332
32876
32819
32792
32785
32674
32509
32255
32191
32143
31826
31785
31744
31557
31392
31366
31355
31334
31298
31287
31281
31158
31133
30947
30923
30575
30337
30326
30147
30050
29805
29748
29160
29104
28935
28711
28514
28450
28399
28371
28235
28218
28200
28134
28070
27798
27694
27516
27271
27242
27059
26968
26922
26896
26896
26805
26726
26564
26350
26322
26228
26195
26136
26102
26081
25982
25812
25706
25448
25403
25297
25267
25121
25010
24942
24843
24813
24808
23935
23933
23917
23913
23850
23847
23774
23530
23497
23451
23441
23263
23222
23181
23166
23061
23025
22942
22788
22361
22175
22116
21857
21814
21728
21661
21643
21395
21393
21359
21353
21171
21154
20971
20922
20870
20770
20713
20676
20649
20612
20525
20434
20111
20057
20037
19728
19654
19612
19606
19321
19127
19033
18914
18905
18673
18543
18368
18358
18289
18278
18221
18202
18082
17965
17834
17679
17596
17512
17491
17458
17367
17351
17005
16934
16706
16699
16615
16443
16337
16211
16071
16023
15987
15801
15747
15724
15648
15594
15281
15233
15125
15115
14928
14915
14720
14662
14653
14646
14599
14530
14420
14353
14180
14145
13961
13947
13898
13840
13603
13360
13286
13228
13176
12906
12843
12719
12697
12641
12564
12479
12380
12302
11889
11702
11406
11333
10993
10866
10574
10383
10378
10252
10171
9726
9573
9394
9387
9332
9291
9287
9260
9034
9017
8912
8832
8832
8505
8467
8279
8163
8097
8067
8004
7942
7788
7736
7732
7711
7568
7536
7487
7257
7087
7052
7009
6962
6952
6847
6810
6769
6550
6507
6341
5814
5723
5624
5614
5469
5309
5172
5166
4872
4861
4825
4592
4358
4296
4139
3916
3866
3855
3788
3783
3778
3539
3512
3442
3248
3189
2911
2873
2847
2723
2501
2435
2424
2358
2300
2288
2150
2133
1945
1627
1565
1450
1399
1357
1281
951
895
876
835
702
600
573
521
405
272
186
78
