100
986083
978866
976405
973257
971992
954467
953018
950732
948987
941107
940700
920981
919082
914795
911620
907062
904338
898285
895199
893236
893147
890146
888222
883386
823811
820534
820300
798993
791967
773692
755016
737769
707983
690102
683327
676626
676474
664154
655338
654497
649173
640923
627539
626098
625972
591437
584109
572758
564723
562657
545420
542240
513933
484797
472906
459156
453091
453080
451705
443672
413945
404916
401304
379792
371726
368514
367382
366176
363645
362736
361841
349951
346489
331041
309897
292268
290638
281035
276679
273890
255353
251580
239607
237368
229294
228036
212335
193901
150370
149845
147926
129723
103341
94480
90571
71618
51172
43695
31382
20578
