10000
48
190
205
208
353
356
478
510
621
691
826
833
845
890
1129
1152
1321
1364
1434
1588
1684
1705
1743
1792
2019
2145
2176
2265
2332
2352
2379
2384
2475
2663
2678
2744
2764
2870
2918
2973
2982
3258
3384
3459
3502
3802
3929
3946
3961
4214
4255
4420
4478
4499
4634
4815
4916
5043
5077
5205
5338
5357
5467
5566
5603
5654
5836
5952
6030
6135
6233
6373
6381
6385
6405
6536
6650
6735
6959
6967
6992
7233
7365
7536
7629
7684
7690
7756
7765
7861
7863
7910
8045
8185
8261
8265
8337
8421
8437
8440
8528
8635
8773
8779
8889
9116
9116
9289
9329
9394
9424
9449
9472
9484
9508
9535
9736
10141
10200
10281
10359
10415
10415
10590
10632
10753
11094
11231
11338
11414
11461
11643
11674
11838
11915
11982
12018
12050
12249
12401
12508
12731
12777
12786
12932
13056
13132
13306
13644
13675
13889
14033
14151
14280
14473
14541
14563
14610
14736
14830
14900
15014
15016
15082
15100
15120
15269
15270
15410
15431
15481
15540
15581
15612
15692
15880
15966
15969
15977
16069
16141
16218
16219
16243
16244
16372
16679
16744
16991
16999
17026
17040
17168
17318
17411
17509
17560
17647
17654
17830
17932
17967
18420
18447
18734
18839
18902
18968
19107
19112
19155
19175
19177
19184
19222
19230
19286
19307
19455
19527
19679
19686
19813
19899
19948
20026
20040
20045
20091
20245
20262
20385
20544
20602
20640
21095
21160
21189
21304
21415
21473
21677
21859
21879
22124
22145
22171
22211
22584
22686
22725
22831
23001
23080
23163
23275
23287
23327
23415
23474
23646
23896
24012
24218
24237
24381
24411
24651
24716
24738
24833
24907
25032
25228
25524
25594
25910
25912
25924
25996
26029
26060
26320
26423
26450
26470
26770
27028
27062
27070
27169
27286
27343
27353
27364
27469
27915
28080
28129
28235
28394
28434
28471
28509
28552
28664
28686
28703
28803
29083
29173
29373
29386
29393
29559
29585
29622
29705
29940
29998
30078
30120
30174
30212
30312
30353
30669
30715
30781
30944
31143
31411
31511
31707
31803
31865
31884
31989
32021
32234
32277
32388
32448
32489
32497
32519
32558
32602
33080
33084
33098
33465
33474
33546
33890
33966
34269
34514
34529
34689
34704
34920
34960
35053
35141
35303
35412
35416
35626
35632
35671
35922
35936
35945
35992
36029
36211
36615
36670
36697
36762
36814
37102
37109
37124
37152
37300
37338
37616
37711
37774
38139
38151
38178
38199
38248
38265
38316
38333
38340
38398
38541
38563
38748
38832
38993
39040
39107
39424
39487
39559
39816
39986
40006
40171
40403
40522
40681
40697
40917
41153
41330
41458
41522
41528
41570
41631
41697
41807
41814
42230
42369
42370
42426
42494
42552
42615
42689
42706
42939
43077
43285
43310
43403
43416
43433
43475
43499
43509
43678
43680
43758
43868
43881
44089
44184
44185
44268
44269
44329
44508
44531
44673
44718
44829
44834
44920
45060
45103
45275
45304
45527
45778
45890
45997
46026
46167
46330
46508
46663
46910
46929
47034
47169
47635
47711
47892
48479
48601
49052
49074
49231
49539
49542
49708
49758
49824
49826
49896
49932
49994
50007
50027
50192
50224
50226
50281
50299
50364
50522
50525
50604
50954
51128
51193
51391
51409
51560
51669
51693
51720
51808
51844
51997
52072
52374
52449
52511
52511
52551
52751
52915
52932
53008
53019
53022
53164
53207
53261
53263
53275
53289
53503
53557
53631
53811
53937
53973
54340
54345
54347
54425
54717
55123
55164
55192
55282
55471
55472
55592
56075
56142
56321
56334
56358
56660
56690
56780
57167
57204
57324
57449
57663
57775
57839
57859
57897
57947
58195
58341
58460
58489
58650
58672
58963
59061
59076
59250
59274
59380
59423
59743
59891
59902
60045
60071
60118
60147
60177
60311
60396
60405
60570
60753
60782
60848
60937
60963
61081
61115
61223
61235
61292
61361
61376
61490
61560
61612
61614
61635
61664
61716
61784
61811
61972
62043
62147
62164
62281
62325
62359
62619
63010
63097
63153
63170
63172
63187
63428
63505
63512
63555
63596
63620
63623
63696
63708
63878
63925
63928
63934
64047
64110
64365
64460
64533
64692
64814
64821
64836
64873
64978
65096
65157
65173
65303
65399
65402
65419
65459
65640
65852
65903
65925
65945
65976
66233
66432
66822
67040
67082
67103
67119
67156
67177
67544
67609
67631
67730
68425
68494
68729
68779
68869
68935
69063
69240
69322
69418
69519
69523
69526
69608
69774
70093
70109
70130
70143
70164
70177
70355
70413
70462
70723
70726
70880
70930
71218
71578
71630
71702
71779
71863
71922
72704
72888
73011
73049
73196
73246
73295
73308
73341
73615
73651
73868
73885
73933
74072
74093
74109
74151
74250
74330
74445
74482
74550
74786
74854
74963
74964
74980
75050
75150
75292
75301
75327
75501
75554
75698
75726
75847
75963
76156
76168
76477
76545
76712
76772
76776
76815
76841
76915
77112
77237
77293
77311
77372
77375
77523
77616
77653
77947
78008
78124
78172
78398
78461
78503
78704
78765
78784
78786
78799
78826
78949
79059
79093
79153
79284
79318
79400
79480
79627
79747
79843
79908
79994
80084
80146
80201
80272
80451
80786
81027
81123
81222
81265
81599
81723
81792
81824
81895
81938
81947
82011
82076
82090
82135
82200
82236
82241
82393
82452
82509
82536
82711
82773
82811
82817
82823
82956
83057
83394
83577
83683
83770
83854
83886
84047
84070
84448
84524
84661
84937
85267
85731
85767
86036
86220
86695
86753
86904
86918
87047
87380
87524
87670
87738
87787
87793
87829
87938
88077
88207
88306
88514
89019
89088
89090
89095
89305
89387
89586
89688
89773
90134
90156
90161
90445
90521
90804
90891
91006
91065
91112
91210
91218
91442
91461
91496
91723
91735
91988
91989
92079
92083
92443
92483
92501
92660
92786
92803
92882
92984
93007
93037
93261
93405
93515
93523
93558
93673
93994
94184
94347
94374
94485
94582
94754
94944
94951
95157
95466
95500
95800
95810
95911
95917
96089
96181
96361
96504
96517
96547
96568
96640
96970
97134
97220
97386
97387
97480
97493
97530
97575
97746
97835
97930
98025
98060
98095
98323
98390
98636
98675
98720
98725
98752
98838
98893
99015
99124
99203
99215
99389
99436
99520
99590
99598
100003
100167
100252
100289
100306
100413
100510
100813
100867
100968
101015
101105
101199
101224
101395
101425
101436
101520
101645
101789
101904
102173
102191
102586
102614
102724
102749
102851
102964
103013
103051
103094
103180
103185
103246
103453
103476
103479
103767
103937
104083
104145
104290
104331
104449
104463
104486
104607
104691
104735
104772
104775
105020
105055
105090
105139
105314
105366
105640
105679
105724
106049
106067
106109
106185
106269
106303
106421
106533
106554
106608
106657
106798
106972
107012
107192
107213
107286
107465
107500
107548
107642
107733
107789
107794
107860
107892
107951
107986
107986
108022
108281
108288
108577
108623
108633
108683
108867
108936
109116
109456
109587
109633
109670
109755
109897
109915
109946
110003
110028
110076
110111
110150
110438
110482
110570
110737
111103
111377
111409
111414
111429
111734
111775
111832
112002
112120
112309
112361
112423
112465
112587
112858
113100
113158
113307
113319
113341
113356
113691
113742
113770
113855
114035
114212
114249
114390
114450
114741
115160
115234
115313
115588
115673
115688
115750
115762
115937
115994
116032
116086
116424
116631
116795
116872
116891
116920
116934
117009
117012
117056
117215
117241
117422
117448
117495
117560
117656
117836
117842
118133
118285
118288
118431
118595
118657
118842
118847
118905
118924
119010
119011
119021
119091
119123
119519
119595
119635
119737
119746
120043
120064
120085
120188
120230
120280
120354
120481
120500
120779
120870
120937
120954
121003
121672
121710
121866
121886
121961
122092
122119
122163
122224
122424
122532
122538
122585
122668
122687
122806
122823
123342
123471
123575
123638
123695
123702
123749
123785
123913
123992
124009
124044
124063
124070
124165
124197
124209
124218
124336
124385
124416
124467
125093
125228
125232
125290
125635
125685
125687
125701
125796
125823
125914
125940
126016
126175
126265
126483
126526
126793
126840
126986
127015
127023
127165
127232
127243
127289
127375
127519
127841
127844
128100
128342
128357
128535
128916
129306
129427
129449
129566
130014
130039
130117
130162
130182
130198
130339
130545
130559
130590
130833
130933
131055
131073
131264
131305
131418
131584
131647
131689
131858
131860
131920
132026
132027
132056
132097
132173
132581
132673
132683
132721
132741
132939
133017
133077
133113
133512
133595
133745
133962
134440
134514
134669
134738
134810
134913
134937
134991
135260
135271
135288
135395
135430
135442
135553
135559
135819
135822
135843
135845
135951
136116
136257
136477
136580
136649
136747
136832
136975
137209
137217
137231
137590
137598
137610
137627
137752
137966
138016
138112
138177
138209
138213
138519
138602
138696
138818
139099
139163
139205
139373
139442
139502
139563
139611
139810
140342
140351
140780
141029
141067
141106
141141
141290
141324
141381
141396
141469
141666
141749
141790
141791
141887
141946
141958
142274
142476
142556
142839
142910
143113
143336
143372
143463
143522
143626
143696
143779
143800
143988
144026
144083
144153
144379
144507
144511
145059
145068
145112
145315
145368
145409
145424
145467
145500
145567
145711
145747
145822
145843
146077
146113
146273
146278
146378
146397
146409
146477
146586
146850
146929
147080
147484
147493
147520
147730
148148
148215
148221
148227
148407
148424
148468
148579
148666
148702
148750
148784
148831
148995
149011
149077
149089
149133
149192
149710
149764
150154
150270
150285
150323
150329
150378
150482
150723
150736
150839
150914
150971
150985
151020
151057
151142
151183
151254
151377
151385
151603
151728
151965
152397
152467
152853
153038
153051
153093
153199
153318
153338
153435
153467
153481
153520
153535
153557
153687
153740
153904
153943
154096
154113
154220
154395
154506
154628
154788
154818
154905
154954
154995
155107
155224
155477
155558
155597
155678
155814
155848
155878
155882
156140
156191
156211
156222
156236
156929
157019
157165
157353
157408
157457
157551
157568
157594
157745
157797
158236
158274
158282
158301
158400
158467
158471
158608
158683
158720
158728
158747
158759
158819
158935
158950
158982
159045
159216
159231
159295
159636
159695
159816
159935
160259
160430
160448
160567
160590
160619
160628
160644
160654
160809
160813
160851
161142
161160
161280
161318
161402
161417
161433
161603
161722
161941
162061
162078
162252
162311
162332
162614
162732
162813
162962
163114
163176
163232
163360
163424
163467
163513
163744
163840
163850
163872
163885
163939
163941
164106
164160
164176
164230
164268
164289
164345
164432
164500
164674
164703
164914
164987
165063
165264
165282
165345
165449
165702
165738
165930
165942
165990
166036
166103
166209
166218
166406
166441
166694
166707
166775
166826
166931
167098
167307
167596
167635
167723
167981
168132
168161
168188
168254
168376
168387
168732
168857
168897
168973
168975
169079
169131
169147
169531
169840
169893
169915
169974
170058
170417
170442
170460
170460
170502
170615
170632
170667
170727
170832
170863
171004
171039
171240
171268
171314
171354
171360
171368
171462
171509
171542
171905
172733
172751
172795
172970
173178
173206
173279
173377
173402
173460
173571
173744
173823
174115
174173
174277
174297
174333
174777
174786
174818
174885
174948
174977
174990
175046
175226
175274
175304
175377
175420
175467
175470
175625
175871
175945
175955
176000
176009
176022
176212
176319
176389
176464
176486
176533
176580
176877
176891
176949
176977
177095
177118
177189
177219
177289
177297
177404
177407
177797
177799
177940
177997
178280
178353
178546
178591
178740
178863
178873
178889
178898
179052
179102
179311
179770
179779
179842
179910
180025
180050
180071
180188
180407
180435
180750
180754
181071
181077
181092
181131
181212
181229
181309
181344
181391
181412
181452
181475
181559
181638
181972
182017
182145
182272
182399
182417
182604
182637
182808
183065
183073
183086
183366
183449
183509
183523
183530
183743
183806
183996
184123
184130
184152
184200
184580
184831
184834
184844
184965
184974
185258
185319
185375
185400
185455
185941
186090
186107
186192
186273
186289
186370
186498
186540
186712
186847
186987
187079
187176
187204
187231
187256
187375
187645
187773
187963
188121
188358
188477
188680
188785
188868
188950
188955
188956
188996
189024
189116
189122
189521
189564
189583
189813
189963
190022
190145
190217
190245
190280
190345
190354
190513
190894
191212
191341
191602
191814
191916
191961
192101
192118
192118
192193
192248
192351
192533
192538
192601
192709
192794
192861
192875
193016
193185
193204
193239
193247
193252
193262
193330
193409
193500
193597
193627
193632
193699
193776
194152
194154
194202
194284
194331
194367
194383
194395
194576
194644
194678
194899
194909
194924
195000
195065
195143
195228
195359
195397
195555
195631
195923
195961
196057
196071
196118
196165
196481
196544
196546
196798
197187
197188
197299
197308
197334
197381
197407
197430
197430
197715
197858
197946
197958
197964
197968
198011
198121
198122
198314
198450
198450
198585
198628
198641
199068
199088
199121
199148
199200
199229
199391
199437
199455
199600
199606
199792
199836
199855
199928
199936
200096
200109
200153
200302
200339
200383
200560
200641
200855
200901
201000
201136
201211
201231
201423
201456
201490
201699
201720
201878
201922
202250
202369
202398
202439
202469
202673
202772
202807
202828
202839
202916
203118
203125
203207
203254
203286
203391
203496
203527
203532
203667
203683
203750
203940
204033
204098
204154
204193
204230
204244
204385
204408
204433
204439
204704
204789
204876
204897
204987
205024
205072
205167
205251
205266
205269
205509
205573
205575
205702
205741
205817
205851
205898
205927
206115
206132
206204
206271
206285
206524
206553
206656
206779
206942
206960
206966
206985
206989
207075
207192
207214
207259
207295
207373
207513
207537
207744
207782
208023
208030
208036
208036
208061
208121
208195
208297
208338
208572
208742
208834
208894
209153
209232
209279
209289
209452
209494
209505
209514
209911
210160
210245
210299
210441
210710
210965
211133
211416
211441
211451
211885
211922
212028
212144
212184
212271
212386
212699
213016
213115
213123
213189
213214
213325
213458
213653
213654
213778
213843
213943
214426
214528
214571
214691
215069
215126
215271
215360
215374
215529
215594
215696
215701
215712
215765
215765
215768
216000
216033
216133
216262
216335
217079
217171
217319
217327
217347
217538
217561
217617
217661
217736
217928
218022
218074
218091
218164
218184
218307
218381
218461
218505
218640
218686
218696
218725
218809
219038
219047
219089
219330
219398
219438
219456
219539
219598
219651
219758
219769
219846
219886
219917
219981
219999
220006
220065
220177
220412
220490
220615
220653
220703
220704
220723
220907
220965
221158
221297
221346
221488
221494
221531
221640
221810
222149
222163
222382
222393
222446
222450
222811
222911
222968
222978
223229
223254
223283
223448
223608
223833
224097
224142
224187
224346
224395
224437
224568
224581
224702
224867
225061
225309
225432
225560
225723
225875
225985
225999
226116
226220
226408
226592
226641
227096
227255
227381
227391
227454
227637
227746
227857
228089
228192
228404
228451
228601
228634
228658
228782
228799
228870
228876
228954
229118
229131
229150
229205
229308
229326
229449
229495
229524
229529
229580
229800
229855
230087
230101
230210
230250
230467
230631
230663
230784
230898
230950
230975
231007
231648
231709
231747
231803
231839
231969
232118
232163
232197
232346
232457
232471
232484
232606
232609
232757
232885
232946
232969
233131
233200
233364
233404
233492
233599
233642
233826
234617
234768
234832
234959
234973
235062
235089
235506
235538
235927
235929
235931
236009
236134
236432
236642
236802
236813
236819
236835
236868
236935
236949
237013
237119
237420
237502
237720
238001
238614
238711
238745
238794
239067
239305
239394
239572
239607
239650
239769
239806
239990
240067
240253
240253
240261
240340
240451
240538
240599
240605
240750
240752
240767
240814
240923
240974
240975
240978
241087
241170
241310
241337
241412
241496
241552
241576
241732
241882
241956
242056
242068
242156
242193
242368
242401
242429
242450
242473
242499
242620
242655
242694
242806
242894
243008
243015
243078
243242
243462
243727
243743
243763
243767
243803
244052
244097
244122
244197
244287
244462
244677
244739
244801
244801
244918
244929
244947
245154
245293
245320
245358
245366
245458
245536
245552
245607
245634
245667
245703
245864
246018
246381
246493
246589
246716
246734
246792
247035
247136
247187
247194
247224
247398
247441
247463
247559
247843
247932
248113
248215
248373
248459
248575
248711
248720
248872
248991
249232
249295
249421
249572
249598
249727
249758
249767
249771
249868
249871
249881
249906
249954
250188
250426
250453
250496
250538
250607
250619
250808
250889
251004
251092
251104
251250
251360
251493
251499
251660
252009
252057
252168
252172
252342
252452
252460
252586
252602
252781
252902
252951
253023
253026
253057
253143
253414
253630
253675
253676
253692
253745
253923
254120
254164
254309
254313
254364
254424
254425
254443
254895
254985
255010
255172
255261
255320
255335
255509
255592
255663
255677
255744
255931
256104
256114
256270
256318
256360
256361
256410
256422
256486
256833
256949
256953
256956
256975
257088
257126
257368
257562
257800
257810
257823
257921
257978
258068
258161
258205
258299
258350
258426
258638
258809
258910
259079
259143
259373
259435
259473
259518
259540
259566
259710
259752
259781
259817
259839
260022
260048
260167
260232
260279
260307
260341
260363
260656
260848
260924
261040
261250
261574
261958
262080
262151
262248
262352
262455
262643
262644
262782
262873
262941
263009
263064
263128
263343
263577
263614
263845
264017
264534
264650
264787
265047
265089
265234
265240
265456
265474
265575
265799
265886
265996
266000
266045
266050
266386
266413
266490
266508
266691
266978
267004
267042
267206
267309
267355
267415
267572
267628
267756
267922
268140
268143
268247
268544
268614
268695
268734
269011
269096
269200
269339
269519
269571
269646
269756
269927
270065
270082
270157
270320
270337
270621
270739
270913
271000
271113
271272
271361
271377
271412
271523
271646
271781
271802
271845
271885
272102
272336
272547
272965
272992
273002
273184
273230
273256
273492
273645
273672
273713
273805
273813
273982
274031
274083
274192
274510
274574
274684
274709
274783
274846
275053
275057
275126
275229
275249
275290
275464
275740
275786
275790
275897
275958
275996
276281
276786
276905
276964
277080
277113
277191
277200
277293
277427
277471
277474
277731
277823
277863
277929
278013
278102
278125
278194
278420
278752
278857
278890
278943
279372
279414
279458
279549
279844
280177
280318
280352
280371
280452
280492
280583
280851
280935
280947
280982
281165
281203
281222
281297
281299
281381
281647
281688
281900
281992
282033
282071
282194
282241
282473
282714
282763
282768
282798
282930
282965
282972
283039
283236
283248
283444
283569
283589
283682
283734
283772
283788
283844
283862
283897
283986
284249
284292
284426
284482
284631
284929
284999
285035
285056
285095
285329
285375
285471
285472
285520
285846
285943
285964
286091
286153
286185
286350
286423
286511
286558
286625
286739
287042
287052
287176
287249
287402
287527
287720
287801
287845
287866
287888
287899
288030
288074
288182
288313
288374
288650
288879
288881
288949
289071
289243
289326
289379
289380
289414
289493
289514
289546
289666
289763
289764
289942
290154
290242
290274
290438
290471
290550
290738
290770
290888
291154
291177
291233
291373
291557
291669
291758
291781
291785
291901
291940
292120
292147
292165
292217
292227
292407
292461
292466
292550
292561
292592
292614
292772
292788
292847
293218
293223
293498
293509
293526
293597
293626
293651
293792
293831
294067
294352
294425
294484
294836
294937
295042
295060
295062
295118
295332
295378
295447
295570
295816
295874
295921
296211
296345
296388
296481
296516
296543
296593
296614
296643
296655
297375
297577
297582
297667
297723
297739
297778
297799
297801
297853
297980
298038
298070
298092
298348
298484
298653
298674
298933
298960
299100
299146
299223
299275
299286
299400
299715
299747
299811
299826
299828
300023
300086
300098
300176
300219
300275
300380
300434
300434
300515
300552
300699
300798
300948
301043
301417
301478
301519
301633
301693
301694
302040
302478
302651
302698
302758
303008
303184
303239
303310
303386
303731
303795
303863
304078
304111
304268
304299
304326
304332
304363
304378
304435
304651
304737
304992
305147
305156
305400
305430
305579
305761
305872
305919
305922
305998
306573
306700
306889
306897
306934
306945
307018
307024
307083
307120
307338
307375
307397
307571
307634
307834
307878
308060
308097
308249
308369
308487
308499
308532
308592
308722
308725
308826
308891
308994
309008
309072
309139
309265
309318
309340
309397
309518
309602
309639
309773
309829
309889
309960
310071
310246
310328
310354
310375
310443
310461
310510
310594
310941
310942
310945
311012
311091
311106
311261
311283
311304
311325
311353
311466
311594
311671
311873
311900
311937
312260
312370
312454
312699
312795
312828
312870
312992
313094
313118
313138
313280
313285
313536
313558
313574
313594
313742
313817
313835
314074
314096
314109
314161
314190
314328
314527
314583
314655
314725
314994
315001
315113
315150
315175
315323
315564
315609
315906
315957
316021
316148
316160
316234
316275
316354
316601
316675
316719
316842
316925
317135
317169
317216
317226
317230
317259
317264
317335
317357
317473
317617
317667
317670
317675
317684
317702
317702
317890
318001
318159
318211
318316
318590
318614
318649
318974
319117
319161
319251
319258
319272
319461
319711
319798
319911
319914
319985
320030
320079
320104
320212
320261
320460
320551
321056
321264
321368
321411
321421
321428
321501
321630
321720
321757
321782
321928
322002
322055
322068
322110
322134
322171
322326
322476
322504
322512
322646
322665
322701
322946
322953
322988
323061
323077
323288
323316
323367
323613
323755
323814
323821
323957
324196
324222
324295
324342
324369
324662
324679
324843
324942
325493
325507
325607
325637
325678
325787
325868
325939
326007
326043
326106
326191
326240
326309
326355
326410
326464
326514
326595
326754
326840
326934
327067
327132
327151
327355
327396
327568
327592
327650
327728
328007
328160
328206
328421
328516
328671
328948
328972
329343
329359
329648
329752
329779
329792
329792
329863
330012
330090
330440
330483
330508
330514
330595
330636
330646
330804
331024
331064
331227
331389
331408
331499
331954
332086
332166
332188
332197
332381
332439
332443
332451
332490
332578
332636
332693
332703
332768
332816
332858
332884
332913
333055
333148
333361
333363
333419
333464
333608
333620
333622
333680
333800
334093
334334
334401
334519
334636
334849
334864
334881
334918
334950
334972
335013
335017
335102
335334
335478
335555
335751
335802
335806
336197
336308
336480
336496
336535
336552
336717
336755
336829
336938
337086
337191
337507
337564
337608
337900
337970
338051
338095
338354
338566
338576
338585
338588
338924
339071
339481
339660
339783
339894
339916
339917
340111
340192
340222
340256
340259
340263
340363
340382
340539
340636
340952
340971
340991
341064
341124
341148
341193
341226
341281
341284
341292
341356
341605
342559
342656
342686
342694
342867
343149
343156
343401
343418
343812
343884
343914
343949
343989
344145
344332
344338
344392
344405
344584
344690
344813
344865
344883
344962
345005
345052
345055
345059
345200
345308
345388
345505
345635
345702
345711
345720
345725
345771
345773
345800
345810
345861
345970
346065
346300
346620
346703
346824
347012
347334
347403
347770
347862
347884
347910
348018
348127
348135
348428
348440
348697
348926
349029
349038
349133
349135
349277
349301
349416
349468
349558
349689
349720
349919
349994
350060
350106
350140
350412
350748
350929
350969
351349
351396
351648
352003
352036
352129
352133
352153
352176
352290
352872
353074
353121
353179
353188
353243
353292
353307
353316
353829
353859
354041
354099
354170
354213
354422
354497
355001
355059
355109
355131
355169
355239
355561
355673
355720
355764
355861
356097
356124
356151
356231
356424
356651
356687
356808
356844
356856
356901
356917
357092
357100
357247
357282
357430
357845
357987
358054
358117
358343
358386
358444
358660
358944
359140
359252
359286
359341
359417
359460
359549
359676
359795
359807
359989
360034
360085
360335
360353
360462
360531
360671
360741
360770
360942
361044
361074
361125
361197
361636
361696
361720
361877
361914
361945
362414
362482
362591
362716
362746
362751
362871
362900
362908
362967
363070
363088
363148
363275
363308
363421
363430
363478
363579
363765
364001
364042
364075
364126
364292
364305
364340
364367
364406
364428
364503
364562
364572
364812
364842
365051
365154
365154
365233
365335
365401
365512
365558
365681
365698
365844
366076
366147
366262
366666
366705
366956
367012
367042
367048
367167
367258
367373
367402
367444
367747
367807
367993
368067
368519
368537
368631
368679
368806
368811
368815
368938
368953
369005
369098
369294
369326
369363
369396
369430
369558
369589
369599
369960
370011
370073
370240
370267
370275
370426
370903
370923
371016
371128
371234
371306
371359
371367
371540
371733
371738
372051
372155
372282
372322
372328
372349
372388
372480
372572
372872
372920
372969
373197
373232
373313
373435
373606
373906
374118
374194
374206
374561
374605
374838
374929
375063
375103
375143
375238
375264
375273
375397
375543
375653
375852
375857
376252
376367
376536
376640
376669
376705
376856
376996
377030
377031
377035
377038
377192
377241
377345
377570
377611
377628
377686
377850
377999
378001
378084
378193
378224
378555
378643
379113
379293
379399
379437
379529
379553
379740
379771
379845
379849
379866
379870
379976
380056
380139
380216
380339
380369
380379
380512
380524
380616
380652
380862
380880
381036
381080
381127
381300
381502
381615
381670
382053
382060
382304
382329
382405
382460
382516
382659
383177
383190
383220
383226
383563
383927
383965
384077
384125
384189
384208
384289
384399
384402
384473
384661
384687
384730
384855
385105
385199
385269
385335
385375
385576
385614
385654
385836
385860
385894
386003
386164
386188
386489
386506
386640
386643
386671
386924
387193
387313
387397
387397
387438
387440
387458
387594
387766
387851
387864
387867
388216
388227
388437
388443
388446
388447
388552
388974
389071
389072
389247
389315
389324
389381
389424
389521
389566
389621
389826
389939
389974
390052
390126
390376
390507
390566
390671
390723
390945
391045
391148
391248
391303
391522
391724
391793
391916
391923
391926
391943
392247
392508
392519
392571
392581
392644
392670
392752
392936
393041
393077
393190
393200
393266
393297
393377
393465
393503
393510
393575
393859
393872
393983
394049
394064
394091
394105
394315
394358
394379
394455
394708
394755
394767
394820
394842
395111
395205
395507
395706
396049
396144
396156
396159
396183
396247
396614
396631
396662
396666
396710
396758
396795
396880
397101
397471
397507
397582
397584
397739
397758
397776
397836
397870
397927
398043
398044
398080
398116
398183
398231
398443
398523
398824
398880
398882
398892
398901
399030
399039
399291
399491
399597
399663
399664
399722
399743
399896
400013
400094
400147
400214
400311
400449
400633
400706
400945
401040
401062
401249
401265
401266
401274
401358
401570
401637
401639
401647
401738
401792
401894
401948
402104
402121
402328
402406
402582
402612
402785
402923
403034
403048
403189
403275
403588
403737
403928
403937
403945
403995
404251
404331
404345
404672
404696
404759
404775
404833
404947
405013
405101
405121
405133
405155
405173
405508
405662
405724
405979
406126
406130
406136
406184
406212
406458
406665
406968
406977
406985
406995
407047
407076
407189
407224
407372
407445
407566
407605
407666
407771
407931
407934
408012
408134
408134
408152
408170
408213
408302
408512
408575
408731
408939
409109
409115
409124
409132
409347
409430
409454
409497
409508
409601
409619
409684
409921
409971
410138
410525
410646
410691
410870
410886
410887
410993
411103
411137
411256
411257
411375
411495
411510
411589
411657
411845
412065
412147
412265
412344
412476
412653
412742
412800
412977
413094
413141
413188
413197
413201
413267
413390
413394
413427
413464
413669
413768
413804
413883
413915
413950
413974
414104
414127
414171
414477
414511
414666
414868
415142
415146
415280
415344
415411
415425
415476
415675
415796
415801
415881
416388
416442
416499
416848
416860
416988
417008
417113
417161
417237
417476
417515
417544
417886
417953
418254
418387
418417
418441
418757
418874
418984
418988
419022
419073
419211
419522
419564
419625
419645
419663
419825
419834
419883
419927
420071
420074
420181
420278
420415
420424
420426
420588
420682
420770
420887
420901
420956
421139
421303
421543
421595
421605
421612
421695
421712
421763
421792
421857
421974
421983
422140
422153
422220
422256
422332
422349
422397
422401
422541
422720
422732
422765
423281
423438
423440
423837
423915
424100
424262
424356
424465
424642
424831
424958
425048
425135
425194
425309
425372
425382
425558
425662
425667
425715
425788
425915
426304
426387
426510
426522
426582
426615
426644
426646
426735
427044
427053
427147
427176
427227
427328
427400
427410
427514
427649
427689
427700
427732
427870
427913
427927
427992
428007
428034
428193
428266
428509
428610
428725
428738
428749
428783
428818
428956
428956
429121
429162
429236
429254
429350
429362
429475
429711
429874
429929
430038
430362
430436
430461
430589
430695
430912
430942
430944
431053
431190
431208
431483
431631
431695
431727
431765
431859
432084
432140
432176
432207
432218
432419
432617
432684
432710
432898
432926
432936
433084
433102
433116
433218
433278
433458
433489
433573
433589
433659
433666
433692
433745
433784
433967
434013
434239
434353
434356
434407
434438
434498
434498
434767
434786
434870
434921
435035
435084
435265
435322
435383
435401
435451
435461
435547
435589
435646
435761
435768
435938
436025
436195
436252
436291
436331
436347
436409
436458
436593
436670
437475
437547
437672
437766
437876
437900
437969
438035
438092
438410
438441
438446
438674
438803
438873
439178
439185
439365
439366
439377
439379
439418
439467
439666
439738
439946
439962
440077
440180
440284
440325
440333
440444
440597
440613
440782
440871
440897
440960
441236
441267
441396
441587
441699
441764
441964
441975
441987
442299
442576
442803
442806
442832
442846
443017
443102
443231
443723
443736
443810
444025
444026
444323
444360
444423
444465
444524
444613
444848
444861
444937
445080
445204
445301
445445
445498
445660
445728
446471
446477
446591
446756
446861
446878
447049
447085
447141
447283
447485
447816
447844
447846
447980
448049
448065
448067
448138
448194
448449
448583
448614
448968
449203
449246
449267
449289
449324
449391
449401
449467
449687
449782
449867
449940
449982
450067
450446
450564
450623
450725
451042
451233
451416
451435
451476
451505
451631
451694
451809
451833
452014
452082
452235
452314
452365
452573
452577
452840
452939
453384
453412
453413
453464
453527
453532
453558
453613
453719
453811
453933
453948
454053
454136
454159
454319
454354
454443
454532
454629
454768
454773
454778
454815
454843
454874
455044
455075
455329
455388
455655
455677
455716
455831
455940
455940
456174
456221
456246
456303
456400
456438
456580
456642
456762
456808
456833
456944
457087
457120
457379
457492
457505
457560
457943
457943
458020
458211
458430
458456
458489
458538
458556
458671
458680
458745
458887
459000
459560
459688
459698
459731
459750
459979
460060
460078
460272
460291
460338
460446
460556
460596
460602
460642
460736
460769
461086
461285
461437
461651
461949
461969
462057
462105
462360
462417
462484
462501
462638
462720
462754
462906
463045
463188
463247
463299
463421
463460
463609
463728
463777
463789
463827
463855
463968
464240
464260
464313
464313
464393
464437
464476
464661
464811
464843
464879
464879
464893
464961
465141
465199
465367
465370
465373
465520
465778
465985
465987
466030
466123
466233
466446
466575
466675
466910
466942
467098
467135
467454
467516
467584
467585
467596
467694
467752
467910
467951
468121
468158
468500
468885
468913
469054
469089
469232
469304
469390
469488
469526
469765
469777
470078
470097
470229
470258
470334
470486
470513
470528
470769
470794
470888
470940
470946
470954
471008
471530
471553
471655
471671
471775
471856
471861
471891
471926
471927
471943
472059
472088
472093
472158
472313
472355
472385
472439
472447
472545
472679
472721
472887
472953
472987
473091
473207
473218
473264
473308
473319
473345
473489
473526
473585
473782
473868
473888
473912
474053
474307
474321
474326
474470
474491
474514
474568
474590
474720
474724
474802
474834
474923
474973
475048
475086
475322
475346
475570
475623
476024
476131
476910
477039
477127
477764
477815
477833
477847
477852
478058
478401
478563
478644
478721
478746
478823
478926
479009
479019
479166
479708
479824
480034
480048
480173
480229
480290
480344
480696
480702
480703
480717
480856
480979
481293
481300
481324
481344
481368
481415
481450
481552
481703
481772
481779
481860
481916
481958
481972
482038
482136
482235
482262
482371
482390
482691
483255
483279
483399
483503
483692
483782
483807
483832
484022
484151
484263
484269
484339
484678
484777
484874
484912
484932
484984
485019
485162
485323
485348
485360
485445
485476
485721
485847
485897
486093
486116
486315
486333
486626
486681
486689
486816
486947
487040
487041
487046
487126
487214
487316
487336
487492
487502
487507
487617
487694
487725
487811
487943
488096
488114
488117
488120
488216
488285
488437
488497
488599
488826
488898
489066
489080
489159
489243
489433
489479
489702
489726
490152
490204
490244
490384
490653
490791
490852
490954
490989
491217
491237
491400
491597
491745
491815
492146
492297
492362
492523
492567
492573
492586
492631
492973
493144
493194
493215
493242
493299
493361
493605
493664
493684
493717
494023
494026
494114
494326
494484
494548
494667
494728
494763
494878
494896
495030
495043
495052
495325
495375
495488
495725
495792
495820
495919
495981
496098
496221
496669
496810
496843
496915
496967
497034
497122
497460
497639
497755
497932
497984
498009
498020
498224
498242
498323
498389
498426
498562
498607
498699
499034
499036
499040
499166
499175
499268
499271
499416
499511
499602
499833
499975
500095
500295
500336
500386
500415
501009
501114
501260
501388
501458
501509
501513
501631
501682
501846
502002
502324
502445
502463
502473
502477
502511
502534
502673
502761
502775
502911
502952
502975
503000
503082
503106
503126
503220
503458
503483
503536
503730
503902
504056
504119
504208
504352
504479
504479
504492
504596
504629
504799
504815
504826
504860
505002
505109
505156
505180
505268
505355
505377
505596
505666
505693
505778
505932
506080
506082
506103
506203
506280
506352
506382
506411
506535
506542
506783
506791
506990
506997
507029
507040
507347
507695
507891
507950
507963
508085
508228
508411
508543
508780
508789
508826
508934
508994
509124
509154
509310
509313
509313
509420
509551
509593
509851
509857
509868
510007
510049
510116
510254
510470
510487
510510
510575
510664
510701
510907
511012
511319
511366
511371
511528
511553
511563
511782
511904
511928
512055
512104
512107
512120
512275
512438
512478
512494
512683
512733
512774
512916
512946
513028
513083
513851
514016
514061
514166
514278
514478
514487
514540
514605
514814
514846
514850
514877
514905
514910
515027
515037
515073
515181
515295
515472
515482
515506
515720
515803
515836
515839
515848
515888
516005
516284
516314
516318
516498
516584
516631
516668
516801
516885
517269
517315
517377
517476
517527
517675
517774
518017
518253
518275
518292
518430
518477
518582
518583
518608
518783
518831
518987
519107
519392
519434
519722
519773
519787
519829
519855
519907
519946
519981
519982
519992
520112
520157
520220
520288
520507
520697
520735
520969
521322
521357
521421
521518
521537
521659
521824
521874
521992
522016
522112
522114
522182
522229
522311
522506
522513
522551
522755
522829
522890
522896
522939
523157
523174
523250
523292
523308
523412
523416
523445
523475
523506
523651
523806
523829
523867
523998
524125
524520
524559
524745
524788
524889
524971
525031
525280
525405
525419
525440
525479
525488
525549
525611
525781
525789
525803
525838
525852
525859
525866
525986
526045
526073
526169
526209
526250
526313
526357
526515
526549
526576
526662
526727
526731
526734
526791
526888
526937
526995
527069
527138
527203
527221
527237
527297
527519
527579
527759
527954
528039
528073
528128
528452
528555
528637
528698
528718
528727
528768
528828
528871
528966
529017
529163
529257
529410
529584
529708
529975
530101
530143
530229
530378
530461
530629
530723
530818
530912
530920
530974
530989
531085
531151
531185
531252
531418
531581
531608
531632
531727
531797
531817
531851
531873
531882
531925
531998
532038
532043
532059
532137
532199
532307
532356
532393
532424
532626
532635
532708
532722
532867
532978
533003
533069
533072
533205
533304
533308
533495
533531
533542
533589
533918
533928
533997
534232
534346
534618
534827
534885
534986
534994
535021
535083
535093
535101
535107
535124
535155
535169
535223
535566
535582
535738
535853
536146
536408
536519
536521
536643
536876
536901
537388
537465
537549
537699
537954
537958
538144
538150
538162
538404
538543
538546
538669
538876
539101
539120
539296
539331
539464
539595
539668
539729
539730
539796
539871
539971
540051
540271
540292
540510
540597
540705
540742
540940
541078
541182
541397
541404
541409
541410
541516
541601
541605
541654
541817
542001
542191
542298
542340
542351
542380
542496
542653
542736
542925
542953
543102
543109
543113
543245
543542
543590
543666
544124
544156
544331
544371
544545
544738
544750
544856
544868
545105
545153
545235
545276
545301
545394
545408
545489
545536
545689
545717
545809
546109
546134
546208
546217
546254
546257
546330
546575
546592
546602
546604
546933
546948
546957
546969
547102
547108
547124
547195
547290
547404
547483
547496
547632
547654
547700
547826
547864
547872
548041
548118
548123
548216
548270
548283
548377
548420
548513
548524
548689
548875
548879
548882
548927
548962
549006
549177
549414
549654
549697
549796
549863
549910
550125
550414
550445
550547
550793
551026
551040
551147
551165
551225
551416
551652
551659
552110
552279
552306
552434
552527
552920
553076
553111
553251
553347
553399
553531
553552
553828
553945
554063
554095
554102
554117
554153
554170
554182
554191
554196
554219
554223
554241
554461
554551
554717
554789
554852
554873
554917
555146
555307
555480
555516
555590
555714
555750
555752
555802
555911
555916
555965
556115
556173
556660
556813
556821
557229
557265
557379
557429
557457
557673
557695
557775
557981
558038
558114
558177
558310
558409
558452
558515
558596
558733
558762
558820
558851
559050
559170
559287
559537
559631
560012
560185
560641
560864
560921
560930
561161
561250
561306
561501
561643
562011
562024
562035
562089
562094
562103
562240
562302
562426
562496
562541
562582
562650
562706
562790
562941
563022
563503
563685
563730
563933
563950
564128
564341
564351
564622
564773
564780
564820
564869
564894
565000
565095
565102
565112
565159
565188
565320
565359
565375
565690
565703
565731
565999
566034
566122
566212
566291
566334
566337
566416
566423
566491
566491
566495
566771
566848
566997
567013
567062
567351
567800
567861
567992
568656
568677
568748
568852
568892
569024
569078
569087
569142
569156
569306
569412
569460
569474
569504
569904
570221
570282
570286
570378
570391
570491
570571
570621
570640
570641
570802
570954
571113
571143
571385
571414
571416
571456
571496
571605
571804
571809
572163
572338
572360
572393
572467
572686
572771
573031
573099
573292
573573
574092
574100
574221
574275
574537
574593
574684
574688
574955
575562
575796
575862
576093
576211
576215
576272
576280
576456
576566
576864
577018
577696
577715
577733
577800
577809
578013
578082
578246
578302
578358
578404
578599
578642
578735
578777
578782
578833
578919
579120
579139
579195
579225
579525
579532
579616
579730
579791
579825
579841
579959
580024
580166
580643
580711
580876
580936
581018
581041
581281
581532
581815
582018
582033
582042
582074
582076
582097
582132
582348
582447
582496
582527
582537
582607
582666
582765
582788
582820
582877
582968
583111
583139
583381
583562
583566
583679
583717
583777
583869
583938
583945
583987
584078
584104
584195
584220
584439
584452
584453
584604
584674
584798
584846
584850
584929
585037
585095
585166
585222
585268
585402
585435
585555
585698
585740
585777
585782
585782
585799
586005
586333
586568
586644
586682
586769
586904
586912
587047
587329
587408
587602
587766
587876
587948
588008
588189
588267
588414
588656
588661
588754
588876
588881
588891
588897
588995
589019
589113
589218
589229
589277
589423
589577
589669
589750
589770
589868
590460
590559
590582
590670
590761
590821
591056
591079
591180
591268
591387
591401
591629
591941
592114
592177
592301
592361
592464
592521
592666
592733
593002
593027
593141
593390
593456
593463
593467
593638
593775
593851
593930
594199
594222
594321
594446
594526
594646
594674
595095
595220
595295
595479
595608
595754
595755
595759
595934
596060
596072
596187
596220
596524
596897
596918
596963
597067
597222
597423
597606
597682
597727
597917
598014
598212
598221
598262
598270
598323
598482
598483
598511
598765
598870
598942
598957
599012
599073
599351
599358
599363
599622
599713
599917
599925
599933
599959
600003
600143
600245
600253
600366
600381
600397
600602
600646
600707
600814
600866
600929
600955
601016
601315
601361
601393
601413
601427
601483
601545
601598
601656
601806
601864
601904
602093
602397
602418
602505
602520
602836
602836
602840
602898
602963
603029
603152
603206
603311
603551
603602
603739
603828
603855
603981
604025
604128
604181
604261
604353
604359
604389
604508
604517
604626
604633
604767
604890
604893
604948
604960
605391
605400
605436
605514
605600
605639
605778
605919
605937
605942
605969
606009
606044
606315
606327
606528
606566
606703
606844
607176
607236
607255
607269
607299
607391
607584
607610
607644
607978
607996
608017
608173
608326
608423
608604
608647
608680
608698
608764
608773
608911
608959
608996
609044
609345
609382
609464
609592
609596
609605
609693
609804
609875
609962
610143
610161
610202
610264
610315
610399
610526
610573
610667
610874
611050
611177
611181
611310
611324
611346
611355
611664
611929
612088
612138
612226
612828
612832
612838
613493
613661
613795
613941
614046
614061
614104
614180
614223
614232
614325
614371
614568
614641
614696
614756
614768
614918
615063
615250
615301
615323
615476
615630
615667
615769
615809
615845
615952
616016
616165
616224
616552
616578
616659
616893
617077
617106
617187
617221
617253
617308
617321
617359
617390
617459
617576
617603
617620
617640
617660
617666
617771
617866
618120
618174
618362
618536
618557
618782
618857
618887
618917
618988
619058
619174
619314
619402
619626
619771
619866
619979
620036
620089
620440
620485
620642
620751
620774
620791
620805
620890
620953
621014
621068
621271
621312
621430
621497
621525
621808
622292
622339
622458
622652
623111
623123
623181
623273
623362
623384
623569
623933
624083
624182
624225
624232
624273
624314
624495
624550
624599
624614
624706
624786
624888
625016
625028
625145
625230
625318
625322
625416
625488
625742
625848
625986
626588
626888
626920
627008
627029
627126
627289
627382
627448
627482
627673
627687
627778
627811
627885
627944
627955
627990
628042
628153
628425
628477
628499
628650
628689
628737
628796
628810
628956
628958
629032
629042
629288
629347
629376
629463
629725
630165
630279
630296
630298
630497
630671
630803
630811
630942
631086
631265
631451
631506
631804
631824
632118
632191
632300
632306
632364
632522
632576
632584
632727
632734
633113
633264
633430
633469
633478
633497
633586
633602
633677
633948
634172
634304
634352
634410
634576
634848
634927
634988
635020
635110
635306
635335
635397
635453
635657
635778
635824
635873
636045
636100
636215
636228
636262
636386
636465
636491
636527
636631
636656
636664
636702
636813
636924
636942
636953
637019
637067
637221
637267
637317
637387
637445
637590
637682
637785
637800
637900
637957
638137
638299
638475
638606
638694
638696
638860
639165
639388
639528
639548
639617
639664
639823
639966
639985
640019
640628
640793
640808
640835
640903
640925
640957
641258
641288
641300
641411
641525
641636
641653
641671
641726
641936
641945
642019
642079
642087
642212
642234
642281
642418
642531
643426
643440
643463
643558
643659
643663
643849
643891
644031
644410
644416
644426
644488
644539
644628
644659
644790
644882
644926
644960
644985
645071
645209
645264
645409
645542
645605
645739
645759
645856
645889
645909
646126
646174
646213
646809
646961
647050
647115
647388
647580
647593
647618
647639
647666
647716
647793
647839
648036
648060
648157
648324
648500
648514
648637
648689
648716
648880
649035
649044
649082
649214
649466
649495
649655
649787
649878
649999
650048
650211
650255
650304
650416
650428
650689
650699
650729
650730
651027
651084
651096
651144
651248
651281
651295
651371
651372
651548
652367
652513
652630
652637
652808
652810
653005
653265
653393
653624
653716
653890
653930
654049
654071
654108
654269
654293
654458
654558
654780
654813
654871
654881
654893
654963
655014
655023
655126
655175
655180
655411
655422
655460
655580
655620
655643
655659
655683
655860
655960
655985
656264
656524
656596
656598
656719
656746
656775
656813
656908
657001
657052
657075
657247
657283
657389
657475
657525
657558
657717
657830
657862
658087
658344
658734
658779
658892
659094
659157
659262
659611
659762
659777
659825
659990
660000
660065
660199
660432
660453
660459
660532
660570
660664
660674
660719
660776
660889
661013
661252
661376
661510
661561
661590
661699
661946
662151
662237
662376
662400
662420
662564
662573
662815
662857
663001
663040
663270
663308
663392
663438
663576
663703
663712
663768
663827
663920
663953
663977
664123
664140
664161
664253
664290
664417
664460
664460
664539
664625
664648
664728
664896
664911
664973
665092
665106
665262
665453
665480
665493
665601
665800
665880
665928
666397
666515
666672
666776
666852
666936
666998
667096
667137
667377
667389
667452
667455
667718
667735
667918
667919
667955
668000
668015
668043
668065
668114
668340
668395
668552
668582
668583
668714
669002
669334
669362
669375
669407
669661
669748
669761
669861
669920
670003
670067
670132
670272
670350
670413
670624
670772
670798
670868
670917
670928
671084
671268
671672
671761
671785
672039
672175
672263
672280
672383
672486
672614
672635
672676
672768
672870
673324
673356
673392
673449
673473
673494
673643
673650
673681
673691
673832
673841
673921
674118
674296
674678
674770
674789
674862
675171
675214
675473
675538
675677
675858
675867
675930
675970
676021
676403
676721
676729
676770
677152
677367
677635
677677
677991
677993
678014
678196
678197
678212
678253
678403
678410
678436
678462
678463
678494
678636
678699
678870
678920
678961
678995
679122
679231
679243
679261
679341
679594
679630
679761
679985
680025
680202
680252
680285
680327
680603
680719
680893
680926
681065
681247
681249
681302
681355
681537
681657
681658
681733
681780
681945
681953
681991
682046
682082
682094
682118
682234
682324
682340
682574
682579
682710
682712
682768
683050
683092
683590
683601
683665
683720
683820
683841
683886
684048
684087
684227
684309
684410
684415
684542
684639
684686
684749
684760
685041
685056
685282
685368
685370
685559
685630
685692
685949
686040
686092
686238
686544
686571
686659
686660
686820
687069
687072
687111
687114
687179
687228
687242
687357
687696
687913
688054
688138
688525
688546
688553
688808
688908
688960
689050
689141
689246
689448
689539
689561
689830
689860
690192
690197
690388
690441
690446
691023
691081
691319
691339
691425
691495
691523
691587
691848
692356
692385
692420
692456
692468
692621
692627
692818
692829
692878
693046
693111
693178
693494
693517
693558
693857
694042
694046
694198
694394
694443
694470
694603
694722
694761
694977
694982
695071
695077
695103
695166
695255
695294
695582
695644
695674
695773
695913
695917
695984
696155
696206
696225
696358
696424
696531
696662
696668
696671
696827
697026
697110
697144
697285
697334
697553
697560
697673
697773
697861
698103
698288
698522
698523
698596
698678
698762
698799
698828
698854
698887
699024
699179
699247
699421
699487
699673
699878
700007
700149
700293
700349
700367
700544
700577
700662
700773
700777
700872
700922
700967
700980
700992
701007
701055
701165
701240
701307
701439
701440
701464
701482
701577
702176
702244
702347
702416
702453
702688
702782
702822
702847
702949
703044
703081
703131
703162
703203
703264
703270
703293
703313
703370
703458
703649
703747
703860
703915
703930
703932
704209
704353
704418
704577
704645
704893
704936
704939
704973
704996
705044
705274
705402
705445
705522
705568
705829
705889
705905
706018
706031
706040
706153
706184
706232
706253
706429
706439
706540
706880
706896
707060
707267
707673
707742
708218
708309
708336
708562
708573
709090
709131
709132
709234
709300
709560
709594
709613
709643
709689
709726
709991
710355
710373
710553
710642
710658
710658
710845
711098
711245
711261
711267
711361
711621
712142
712298
712450
713046
713113
713179
713767
713807
713868
713913
713970
714028
714074
714193
714195
714264
714355
714385
714468
714482
714567
714781
714877
714949
715105
715247
715310
715370
715407
715469
715590
715593
715703
715784
715807
715815
716009
716081
716108
716159
716243
716300
716325
716346
716349
716485
716667
716944
716953
717000
717074
717222
717310
717521
717897
717915
717918
717945
718017
718315
718370
718400
718404
718537
718608
718631
718695
718859
718877
719077
719320
719419
719488
720067
720124
720281
720428
720552
720848
720982
721234
721239
721245
721366
721373
721385
721392
721467
721622
721781
721933
722003
722022
722064
722349
722362
722531
722655
722726
722847
722948
722971
723076
723115
723358
723608
723696
723705
723734
723945
724050
724170
724187
724396
724426
724514
724530
724539
724596
724759
724831
724933
724971
725269
725283
725379
725413
725415
725441
725564
725657
725833
725996
726039
726202
726301
726314
726334
726344
726371
726397
726515
726541
726692
726801
726834
726974
727019
727157
727394
727542
727731
727848
727949
727951
728197
728354
728362
728478
728603
728889
728908
728914
729153
729205
729348
729396
729421
729468
729499
729546
729882
729886
730218
730228
730364
730550
730612
730637
730646
730650
730679
730711
730818
730916
731006
731095
731259
731336
731354
731404
731481
731498
731503
731533
731597
731636
732012
732375
732418
732710
732808
732833
732981
733001
733011
733012
733088
733101
733155
733244
733276
733304
733337
733365
733459
733537
733543
733558
733643
733686
733799
733979
734009
734181
734288
734329
734555
734781
735019
735196
735392
735454
735538
735657
735725
735919
735965
736192
736297
736307
736578
736593
736829
736985
737037
737263
737297
737472
737523
737744
737957
738036
738038
738345
738356
738412
738433
738483
738648
738705
739030
739108
739147
739731
739760
739802
739915
739922
739994
740094
740195
740196
740209
740405
740422
740485
740672
740776
740919
741099
741163
741212
741246
741540
741618
742057
742079
742273
742441
742515
742564
742583
742653
742693
742910
743254
743308
743328
743853
743955
744059
744082
744111
744112
744281
744300
744520
744726
744747
744751
744801
744914
744936
745047
745091
745279
746151
746222
746313
746429
746596
746632
746783
747000
747246
747366
747454
747612
747665
747731
747802
747817
748027
748122
748233
748290
748506
748561
748569
748740
748879
748914
749170
749306
749317
749460
749538
749574
749673
750073
750143
750170
750238
750361
750367
750368
750383
750389
750433
750537
750569
750604
750663
750709
750804
751082
751176
751186
751278
751385
751539
751540
751855
752067
752204
752273
752309
752322
752351
752530
752538
752621
752638
752703
752717
752721
752812
752962
752984
752988
752995
753002
753255
753615
753650
753653
753744
753974
754323
754337
754463
754615
754617
754724
754876
754937
755165
755188
755455
755463
755474
755532
755575
755598
755745
755775
755939
756012
756090
756097
756098
756177
756180
756755
756764
756816
756840
756959
757018
757142
757435
757573
757614
757699
757713
757922
757970
758014
758045
758323
758433
758454
758681
758705
758799
758833
758879
758953
758992
759239
759338
759447
759482
759615
759750
759881
759884
759957
760002
760239
760269
760303
760363
760708
760746
760906
760924
761002
761064
761416
761551
761649
761709
761837
761899
761925
761989
762035
762052
762064
762116
762135
762142
762186
762188
762217
762402
762439
762486
762496
762500
762509
762552
762573
762741
762812
762814
762916
762959
763111
763258
763282
763434
763603
763694
763700
763721
763737
763786
763886
763890
763895
763895
763964
764021
764055
764078
764206
764553
764576
764651
765231
765263
765285
765423
765488
765534
765672
765692
765813
765831
765997
766001
766077
766099
766158
766324
766402
766514
766558
766560
766591
766619
766626
766741
766755
766845
767274
767276
767342
767353
767388
767391
767527
767527
767535
767536
767682
767756
768226
768266
768280
768330
768427
768481
768491
768637
768651
768700
768703
769094
769096
769100
769108
769128
769216
769484
769512
769575
769685
769982
770059
770070
770453
770533
770559
770616
770659
770808
770885
770894
770921
770924
771047
771108
771255
771264
771296
771394
771448
771491
771517
771621
771713
772055
772095
772111
772212
772225
772248
772289
772387
772438
772458
772460
772500
772748
773120
773168
773289
773329
773340
773447
773481
773583
773618
773624
773909
773982
774207
774268
774307
774384
774534
774568
774699
774819
774860
774901
774952
775026
775148
775169
775171
775199
775309
775412
775505
775585
775586
775644
775949
775977
776113
776288
776463
776483
776496
776597
776707
776772
776780
776862
777040
777105
777168
777262
777270
777532
777537
777824
778233
778267
778277
778327
778531
778541
778643
778928
779017
779083
779155
779285
779321
779337
779382
779508
779532
779588
779644
779651
779664
779767
779895
779916
780052
780070
780080
780086
780499
780629
780816
781176
781221
781452
781485
781494
781542
781563
781698
781698
781718
781758
781758
781904
781928
782010
782126
782187
782434
782446
782611
782645
782666
782741
782877
783343
783404
783411
783468
783483
783593
783745
784032
784279
784287
784343
784589
784598
784603
784650
784731
784872
784898
784955
785127
785163
785341
785342
785397
785517
785921
785932
786028
786144
786519
786624
786834
786937
786985
787014
787066
787282
787389
787488
787592
787660
787880
787919
787957
788026
788133
788177
788395
788422
788547
788603
788633
788657
788687
788757
788844
788888
788987
788990
789042
789068
789230
789325
789570
789602
789745
789813
789872
789973
789987
790065
790250
790328
790358
790377
790546
790709
790843
791107
791276
791440
791444
791580
791754
791891
791942
791951
791970
791998
792064
792201
792523
792561
792723
793021
793078
793094
793111
793274
793474
794059
794178
794200
794317
794370
794404
794419
794424
794470
794602
794818
795033
795056
795134
795156
795379
795802
795827
795842
795870
796209
796231
796310
796444
796530
796639
796667
796678
796680
796757
796908
796954
796995
797001
797016
797060
797066
797240
797382
797607
797635
797730
797740
797741
797820
797845
798053
798187
798190
798347
798416
798512
798581
798644
798668
798694
798832
798996
799040
799182
799354
799415
799437
799704
799705
799728
799757
800229
800642
801049
801197
801237
801287
801387
801426
801436
801531
801636
801693
801707
801740
801785
801952
802090
802358
802601
802947
802995
803047
803090
803137
803236
803300
803423
803624
803627
803635
803665
803709
803970
804183
804229
804326
804502
804719
804731
804979
805161
805161
805167
805247
805331
805362
805408
805494
805619
805696
805910
806185
806348
806459
806474
806492
806554
806619
806695
806707
806714
806964
807009
807046
807076
807127
807136
807172
807342
807356
807432
807455
807457
807583
807883
808194
808303
808362
808372
809224
809225
809318
809343
809364
809440
809607
809883
810021
810118
810184
810317
810409
810455
810505
810527
810657
810883
810883
811036
811425
811429
811562
811618
811820
811969
811991
812133
812268
812316
812390
812495
812502
812523
812699
812748
812766
812802
812817
812933
813447
813550
813600
813766
813871
814370
814415
814437
814445
814585
814629
814696
814711
814718
814750
814773
814821
814956
814988
815400
815607
815649
815756
815840
815976
816001
816032
816094
816503
816611
816746
816752
816833
816969
817046
817053
817139
817400
817518
817575
817749
817827
817911
818015
818164
818222
818255
818287
818363
818413
819010
819046
819066
819385
819450
819532
819547
819560
819846
819962
819987
819992
820068
820149
820300
820399
820444
820899
821066
821084
821125
821160
821227
821317
821458
821525
821597
821618
822098
822102
822194
822212
822319
822363
822558
822661
822965
823094
823180
823196
823311
823403
823461
823534
823589
823608
823662
823858
823860
824030
824041
824046
824305
824351
824432
824441
824547
824581
824584
824704
824798
824875
824885
824997
825140
825204
825228
825235
825327
825354
825431
825455
825694
825869
825879
825903
825938
826016
826055
826113
826451
826454
826575
826590
826897
826996
827092
827210
827256
827273
827335
827568
827769
827917
828009
828290
828497
828577
828627
828665
828679
828769
828780
829121
829161
829172
829193
829194
829242
829389
829526
829650
829650
829659
829693
829774
829817
829999
830097
830207
830234
830354
830354
830535
830629
830694
831061
831080
831393
831495
831568
831582
831682
831687
831754
831764
831777
831796
831821
831828
831858
831867
831874
831896
832009
832079
832080
832302
832705
832853
832917
832946
833061
833133
833146
833230
833657
833665
833890
833925
834012
834067
834195
834210
834537
834591
834622
834643
834669
834703
834755
834896
834927
835036
835301
835389
835442
835590
835695
835736
836170
836244
836281
836330
836450
836588
836806
836976
837219
837230
837403
837432
837524
837616
837632
837892
837973
838111
838124
838176
838219
838256
838281
838475
838757
838820
839126
839165
839170
839569
839611
839643
839870
839942
839983
840028
840148
840168
840174
840238
840247
840345
840391
840698
840882
840914
840969
840987
841021
841036
841221
841347
841401
841446
841543
841703
841906
841940
841996
842027
842068
842122
842256
842268
842279
842406
842448
842462
842495
842654
842656
842706
842708
842776
842804
842815
842830
842930
842961
843034
843071
843504
843735
843930
844070
844088
844095
844315
844430
844468
844478
844869
844970
845025
845093
845205
845288
845386
845426
845435
845595
845688
845811
845920
846076
846162
846285
846376
846544
846643
846893
846906
847041
847041
847320
847500
847519
847524
847531
847674
847693
847948
848116
848150
848279
848524
848567
848641
848756
849223
849288
849320
849376
849390
849531
849757
849817
849924
849963
850076
850086
850273
850275
850294
850439
850545
850757
850858
850927
850973
851252
851302
851488
851496
851513
851832
851938
852035
852040
852166
852433
852495
852508
852608
852652
852733
852942
853050
853054
853312
853346
853446
853452
853482
853646
853665
853802
853837
853885
853902
853975
854010
854238
854376
854412
854573
854805
855025
855198
855229
855366
855376
855475
855677
855777
855805
855812
855873
855879
855901
856038
856058
856071
856077
856082
856101
856266
856290
856605
856614
856655
856697
856701
856712
856755
856757
856769
856772
856780
856990
857124
857293
857369
857472
857475
857590
857671
857781
857862
857993
858010
858053
858223
858259
858408
858451
858516
858809
858906
858992
859333
859333
859341
859354
859369
859450
859456
859503
859554
859788
859972
860025
860114
860205
860219
860226
860378
860607
860732
860736
860760
860779
860785
860786
860808
860825
860918
860948
860955
861010
861101
861360
861460
861494
861616
861975
862178
862349
862400
862429
862535
862589
862682
862812
862847
863073
863119
863189
863233
863370
863435
863584
863649
863826
863834
863843
863872
863974
864059
864068
864127
864214
864241
864303
864317
864662
864749
864772
864785
864977
864985
865051
865072
865183
865224
865228
865409
865422
865578
865764
865799
865873
865970
866118
866268
866405
866847
867037
867162
867588
867813
867820
867936
867953
868110
868421
868479
868910
868945
869011
869066
869070
869102
869131
869592
869656
869675
869729
869747
869809
869878
869891
869941
870019
870125
870186
870255
870366
870499
870533
870625
870708
870775
870784
870836
870933
870944
870971
871169
871172
871203
871393
871452
871570
871584
871643
871727
871828
871951
872180
872409
872436
873110
873184
873277
873341
873373
873425
873545
873622
873650
873771
873843
874023
874217
874328
874469
874538
874600
874848
874997
875054
875154
875441
875590
875594
875620
875656
875828
876118
876248
876286
876429
876702
877201
877220
877224
877245
877436
877777
877971
878024
878143
878250
878253
878289
878299
878411
878476
878564
878643
878729
878861
878898
879090
879099
879269
879381
879771
879787
879865
879927
879941
879959
880233
880244
880590
880623
880657
880671
880842
880886
880911
880958
881036
881055
881106
881154
881155
881380
881392
881424
881559
881586
881818
881872
882063
882162
882250
882533
882821
882885
882931
883195
883441
883583
883799
883881
883901
883904
883930
883939
884248
884412
884470
884493
884519
884553
884654
884702
884919
884927
884943
885078
885189
885229
885237
885389
885394
885856
885923
886080
886156
886188
886201
886209
886405
886496
886816
887078
887283
887351
887386
887597
887626
887635
887644
887693
887783
887938
888280
888295
888358
888441
888500
888504
888549
888656
888737
888891
889115
889141
889952
890019
890193
890201
890448
890478
890545
890758
891027
891131
891182
891438
891703
891863
891909
892111
892114
892188
892279
892337
892346
892398
892404
892457
892517
892617
892688
892797
892815
892830
892832
892863
893155
893182
893284
893315
893443
893444
893594
893601
893637
893651
893682
893828
893939
894040
894235
894340
894354
894377
894406
894425
894549
894625
894627
894770
894812
894823
894839
894935
894960
895055
895057
895059
895122
895801
895801
895877
896215
896365
896408
896493
896756
896882
897226
897269
897339
897492
897661
897790
897943
897982
897985
898229
898315
898354
898505
898546
898635
898724
898732
898747
899030
899134
899299
899399
899497
899522
899578
899824
899839
899927
900154
900274
900428
900444
900472
900498
900499
900505
900564
900573
900633
900666
900722
900744
900868
900884
901230
901425
901497
901538
901571
901707
901935
902056
902122
902218
902240
902403
902619
902658
902761
902822
902826
902965
903074
903129
903221
903297
903376
903444
903516
903960
903964
904029
904033
904093
904169
904184
904189
904213
904227
904321
904336
904376
904459
904492
904498
904520
904561
904612
904616
904660
904676
904901
905065
905088
905244
905343
905625
905671
905703
905786
905902
906210
906373
906446
906550
906571
906616
906815
906918
906935
906939
906947
907115
907394
907430
907852
908051
908157
908449
908674
908830
908883
908940
908955
908960
909073
909181
909209
909214
909214
909227
909283
909432
909649
909765
909818
910122
910148
910337
910426
910527
910589
910615
910645
910736
910806
910830
910897
911055
911155
911168
911179
911202
911260
911509
911725
912094
912109
912142
912621
912989
913083
913087
913313
913404
913413
913433
913566
913606
913750
913881
914113
914114
914228
914248
914524
914661
914689
914786
915089
915232
915257
915263
915327
915347
915381
915386
915469
915501
915504
915539
915554
915841
915919
915924
915987
916079
916206
916265
916404
916421
916495
916731
916739
916858
916961
917033
917216
917263
917455
917460
917483
917530
917809
918098
918134
918282
918292
918329
918410
918487
918571
918604
918606
918880
919017
919036
919179
919210
919333
919454
919577
919633
919777
919780
919823
920143
920188
920402
920417
920434
920538
920722
920783
920858
921439
921550
921577
921820
921837
921887
922199
922274
922441
922513
922597
922640
922693
922804
922892
922930
922972
922993
923062
923174
923182
923182
923207
923291
923513
923606
923614
923627
923646
923846
923920
924017
924065
924109
924227
924268
924303
924526
924599
924669
924776
924785
924913
924993
925035
925424
925444
925565
925591
925831
925895
925908
925949
925958
925979
925996
926101
926134
926228
926265
926315
926325
926377
926503
926506
926508
926528
926583
926604
926608
926681
926830
926904
927167
927347
927409
927450
927616
927718
927799
927813
927945
927987
928023
928035
928068
928134
928216
928439
928586
928758
928969
929016
929124
929528
929544
929550
929602
929633
929671
929684
929733
930296
930296
930348
930427
930467
930477
930514
930554
930691
930701
930805
930889
931010
931257
931280
931401
931620
931814
931892
931899
931915
932123
932140
932378
932479
932718
932733
932799
932983
933008
933065
933353
933597
933691
933698
933844
933908
933981
934158
934162
934227
934259
934291
934315
934599
934635
934845
934867
934876
935091
935107
935125
935261
935261
935564
935748
935755
935815
935819
935826
935987
936075
936159
936199
936215
936302
936363
936443
936935
937028
937113
937328
937335
937589
937592
937731
937845
937921
938066
938132
938235
938288
938470
938608
938633
938681
938802
938887
939033
939113
939146
939256
939299
939446
939467
939480
939493
939562
939687
939762
939935
940064
940449
940959
940970
941196
941345
941435
941503
941567
941677
941786
941792
941823
942027
942131
942149
942648
943055
943084
943097
943182
943265
943304
943336
943347
943443
943521
943709
943903
943937
944026
944041
944166
944207
944369
944861
944880
944893
944894
945022
945023
945087
945348
945426
945570
945575
945649
945836
945845
945869
946142
946200
946267
946275
946478
946522
946546
946597
946680
946689
947202
947269
947328
947402
947643
947651
947690
947720
947861
948011
948034
948084
948241
948304
948474
948834
949057
949110
949254
949732
949766
949993
950039
950045
950140
950151
950153
950206
950219
950362
950469
950489
950637
950821
950830
950924
951254
951300
951455
951464
951773
951800
951849
951926
952443
952518
953130
953192
953266
953339
953455
953474
953521
953676
953777
954026
954050
954140
954177
954298
954374
954656
954724
954803
954858
954917
955044
955229
955251
955390
955485
955509
955521
955548
955550
955596
955694
955719
955742
955757
955800
955836
955843
955869
955906
956178
956224
956256
956262
956266
956435
956538
956564
956614
956695
956743
956756
956986
957097
957169
957203
957264
957330
957547
957806
957820
957848
957875
958051
958536
958623
958646
958665
958703
958842
958924
958925
959206
959490
959599
959636
959855
960102
960201
960266
960303
960444
960487
960524
960731
961121
961232
961346
961534
961536
961586
961641
961690
961908
962023
962389
962425
962479
962839
962885
962886
963009
963154
963175
963397
963503
963595
963672
963720
964033
964041
964143
964212
964332
964412
964535
964559
964711
964738
965375
965401
965420
965670
965670
965807
965959
966039
966040
966084
966135
966183
966183
966339
966605
966688
966725
966833
966961
967149
967224
967313
967403
967430
967435
967511
967548
967623
967677
967699
967811
967874
967929
967935
967972
968008
968013
968230
968314
968490
968838
968863
968898
968990
969048
969051
969225
969321
969445
969537
969576
969666
969666
969856
969963
970092
970114
970172
970416
970457
970482
970555
970641
970720
970789
970850
970856
971175
971424
971446
971487
971490
971555
971727
971799
971952
972072
972182
972295
972300
972618
972743
972839
973131
973313
973706
973769
973865
973911
974109
974409
974868
974876
974925
974955
974995
975017
975121
975158
975280
975311
975358
975361
975367
975397
975472
975494
975560
975654
975845
975875
976104
976163
976478
976509
976513
976744
976753
976801
976846
976885
976934
977018
977142
977168
977267
977279
977849
977859
977866
977986
978016
978034
978041
978103
978331
978493
978578
978616
978707
978759
978799
978802
978845
978944
978981
979144
979148
979191
979320
979337
979446
979590
979613
979626
979706
980166
980267
980550
980634
980655
980691
980725
980757
980784
980804
980890
980901
980979
981171
981297
981344
981419
981454
981677
981699
981758
981838
981861
981983
982004
982023
982041
982193
982200
982223
982228
982231
982322
982416
982564
982577
982640
982685
982779
982867
982927
983133
983212
983328
983330
983376
983409
983456
983643
983786
983835
984022
984617
984728
984823
984859
984866
984893
984924
984959
984973
985059
985075
985328
985373
985454
985491
985502
985579
985602
985614
985880
985972
985995
986024
986210
986303
986358
986359
986430
986450
986495
986509
986536
986587
986672
986682
986808
986944
986988
987020
987032
987158
987375
987447
987567
987574
987683
987733
987897
988014
988232
988311
988690
988753
988836
988924
989004
989078
989214
989300
989540
989542
989597
989834
989997
990066
990125
990234
990246
990375
990394
990408
990513
990565
990596
990616
990831
990878
990954
991185
991216
991357
991451
991468
991551
991616
991664
991683
991825
991974
992047
992107
992160
992207
992467
992624
992736
992780
992817
992909
992938
992962
993129
993393
993442
993590
993684
993735
993767
994217
994250
994386
994408
994447
994667
994677
994772
994825
994895
995107
995121
995122
995358
995398
995417
995436
995791
995796
995818
995926
995966
995977
995981
996111
996127
996149
996171
996213
996414
996491
996518
996707
996766
996801
996825
997046
997333
997554
997602
997617
997636
997851
997886
997980
998001
998035
998178
998269
998376
998387
998464
998492
998539
998566
998576
998660
998925
998930
999129
999143
999178
999285
999288
999331
999353
999607
999616
999803
999829
999970
