1000
999629
999608
993829
992665
989458
988336
988052
985372
985165
982710
982420
980876
978462
976956
975587
973631
972666
972131
971581
970393
969320
968651
968106
967667
964769
964680
964389
964016
963952
963446
962189
961432
960111
958893
956449
955914
955768
955560
953909
952553
952177
951975
951519
950951
950540
948551
947921
947765
947629
947267
946896
946750
944694
942653
940865
940726
939637
939485
937343
934470
932439
931545
930998
930819
928651
928616
927688
926561
925255
924174
923902
923767
922445
920785
920329
918171
918100
917028
915661
915420
914592
914548
911027
910246
909860
909798
909250
907991
905977
905505
904681
903771
903418
903112
903096
902068
901360
900970
900867
900306
899704
899569
899445
896299
896068
895963
895616
894394
893416
892452
891938
891558
889047
888710
888386
888254
887116
886990
886253
882668
882110
881606
881388
880422
880189
879654
879325
877397
875592
875186
874718
874583
874033
872309
869205
869178
868944
868615
868502
867411
867357
866264
864668
863439
859705
857364
856443
855561
855552
855522
855017
854394
854222
853700
851170
848711
848000
844812
844193
843958
843487
841414
841052
839355
837811
836951
835946
835411
835040
834386
833902
832385
831592
831142
829163
827630
826679
826542
825989
825583
824395
823836
823008
822987
822922
822921
822881
821826
821748
821118
819632
816631
816447
814964
814397
813772
813755
811703
810302
807214
804758
803738
803473
803392
803365
801935
801168
799431
799294
799241
797191
796856
796711
794513
793983
792580
792058
791750
790548
789103
788453
787917
786176
785803
785103
784321
784308
783557
783311
782811
781502
780473
779734
778893
778639
777776
776705
773942
769288
768095
765930
765546
765349
764999
763617
762948
762292
762266
762129
761791
759356
759313
757914
757853
757796
756171
755932
755500
755435
755387
754905
754267
753262
751919
751214
750573
749690
748219
744836
744627
744161
742294
740998
740217
738792
738685
737721
736121
735448
734758
733623
733281
731521
731513
730746
729766
729563
729406
728392
728216
727924
727535
726704
726399
724120
723520
723368
723199
722765
722270
722265
721390
720299
716869
715971
715869
715851
715634
715252
714797
712415
712125
710226
710209
710045
709925
709846
709060
706170
706043
703043
702309
700624
700419
699286
698950
698218
697542
697386
697077
694131
691641
689490
688820
686981
685522
684293
684262
682822
682391
681718
681631
681026
680893
680588
680036
679160
678209
676544
673469
672791
671139
670467
670426
668310
667708
667041
666967
662742
662477
662333
658801
658669
658643
658164
658051
653874
652334
652260
650367
648473
642593
642277
639523
639449
638488
638005
636109
635703
634420
632699
632611
630321
629743
627967
626984
626351
625757
625435
624115
623515
623507
623191
622825
622463
622384
621986
621847
620165
619736
618941
618621
617722
617450
614235
614119
613047
612696
612019
611851
610173
609511
608312
607398
607317
605164
604934
603446
603285
601717
600114
599262
597961
597743
596468
595583
594837
594722
594258
594222
593416
593158
590571
589930
586549
586451
586448
586359
584367
583785
583156
582467
581649
581415
578725
578494
577107
575879
573044
573033
571952
571003
570659
570551
570411
568262
567928
567525
564695
564444
563175
563062
561490
559143
558838
558698
556880
554445
553609
549996
549866
549826
549739
549688
548929
547458
546205
543382
543044
542913
542829
540639
540045
539549
539242
538777
538756
537465
537060
536875
534510
533334
532228
530795
529719
528937
527294
525817
524798
523180
521578
519811
516609
515464
514832
514306
513448
512217
511425
510651
510186
509850
509510
509173
506218
505719
504646
499084
498974
493121
492991
491016
490964
490798
490599
486919
485073
480436
477532
474968
474050
471052
470042
468509
468243
467286
467076
465655
465604
465035
464423
461816
461299
455746
455545
455373
454362
454253
454235
451015
450619
448801
448737
448030
446947
446526
445755
444870
444767
444358
443305
443156
441532
440386
439892
439361
439359
437887
437752
436551
435232
432004
431359
430541
428543
428460
427738
427244
427161
426280
425936
423676
423313
422720
421659
418310
417912
417270
416809
416557
416302
415142
414677
414308
413988
413699
413028
411847
411211
410998
408584
408227
406409
406179
404915
404810
404419
403036
402797
399292
399154
398939
398651
398071
397579
397447
397246
396434
395361
394331
393134
390968
389721
389607
389228
388935
388843
388540
388418
386553
385036
383251
382995
379642
378295
377286
376737
376418
376114
375478
375243
374472
373797
372668
371601
371122
368493
367162
367152
366634
366364
364104
363652
363387
363198
363192
361784
361433
360331
360011
359650
358866
356679
355529
355505
352764
350541
349678
346589
344576
343682
342067
340439
338069
336675
334705
331360
331086
330785
327528
326767
326332
324740
324445
324349
323851
322253
321444
320952
320218
320095
317132
312373
312329
311482
309388
309180
309116
308710
308600
308582
307316
306641
306281
306207
305362
303921
302906
302183
302107
301672
301013
299895
299468
298676
297089
296892
295726
294936
293254
291745
291653
290004
289117
288232
287913
287578
285249
283112
283084
281568
279553
278830
278480
277034
276780
276493
276492
274221
272463
272263
269106
268009
267772
264632
262629
261473
259876
258466
257480
256970
256948
255765
254008
253570
251862
250945
250806
250634
250598
250097
248754
247943
247409
246757
244926
243661
243653
243391
239855
238738
237919
237440
237351
234258
234040
233817
233183
229621
226604
226403
225584
224145
223970
222741
222385
221122
220680
220208
220167
219430
217353
216425
212778
210670
210511
210510
210175
209602
208672
208505
207721
205536
203736
202625
202232
201520
201116
200231
198409
198241
197780
196239
195825
195502
192020
191862
190128
189323
188419
187958
187359
187280
187182
183321
182907
182134
181627
180470
178538
177801
177657
176201
174493
174482
174426
172562
171922
170725
170494
169452
168554
167965
164913
162629
160152
158574
157247
156725
153256
151699
150950
150757
150185
149191
147275
146639
145608
144309
142154
141874
141502
139854
138406
137466
136888
134988
134167
133875
133587
130899
130006
129308
126417
125799
125512
125001
122358
122215
122009
119517
117431
115929
115776
115724
114853
112955
112863
112209
112086
112069
111492
111368
111068
110845
109411
107263
106282
101734
101337
98156
97759
96174
94936
94123
93186
90602
90005
89866
89505
88552
87394
86659
85580
84770
84036
83327
82931
82526
82207
81278
80741
80050
79830
76377
75441
73747
73117
70841
69508
67617
66528
66252
64743
64333
61531
60915
60385
60381
59485
59043
58680
58089
57620
54742
54046
53409
52432
52348
52255
52103
50747
49115
48936
48312
47914
47882
46590
44792
44405
44258
42905
42679
41897
41426
38133
37034
36666
36043
35620
35355
35280
34525
33387
30923
30551
30303
29375
27338
25621
25319
24535
23277
22493
20001
17563
15858
15328
14925
14687
14653
14498
12564
11556
9393
4663
4369
1520
1291
434
