100
991744
986006
975220
974322
958146
956402
955633
947402
934011
932582
913482
907571
895374
892913
863676
858470
856474
835243
834564
820650
801265
800571
793838
784166
758140
740533
739218
733901
721536
717326
712486
701719
699899
678367
675978
674563
672266
671337
666527
658216
650169
646680
640927
638735
622469
598042
562541
561626
544349
528635
528561
516419
508115
507785
504304
490738
485349
479338
466724
453145
452685
405454
401834
386748
363573
340267
334604
329807
311590
305100
304698
302247
286242
284563
254703
251471
231886
211717
207917
189227
175698
166751
160722
155516
146163
141983
126361
124024
111473
102164
101508
99652
81262
75543
51913
43009
38147
18376
14559
3038
