1000
0
80
174
324
2512
5531
5846
6343
6571
7195
7472
7715
8229
8892
12881
13303
13491
14272
14571
16233
16856
17927
19348
19558
20305
23992
24294
24635
25014
25027
25869
26690
26938
27159
28353
29443
29695
31423
32630
33549
35732
39417
39475
40631
40744
43173
45899
46156
46634
47510
49803
50356
50591
50616
50932
50957
51462
51514
52000
53623
54133
54213
57499
58068
58540
58844
61504
61860
62279
64013
66645
68404
69210
69384
69443
70411
71076
71393
71523
71578
72790
74432
74533
74830
75307
75915
76403
77842
78225
79258
79732
81110
83412
83991
84163
84332
85710
85847
86262
86729
88736
91905
92002
92967
93103
94536
95415
95739
95823
96179
96902
97083
97196
98083
99635
102431
105467
105572
105939
106911
108736
109471
109522
110193
111475
111983
112138
112214
113424
113752
113823
113856
114008
114577
114771
118602
119201
119310
119976
122716
123355
123598
125153
126477
127473
130666
132696
134162
134717
135185
136727
136738
136988
137445
138442
139833
140536
140607
141140
141590
142868
142884
143101
143960
144661
146110
146442
147066
148770
150069
150296
150363
151827
151989
154825
155711
156186
158451
160264
160878
161871
162453
162770
162918
164205
166855
167405
167487
167784
168375
169600
169659
170211
170957
171287
171960
179237
185512
186112
186821
186914
188561
188912
188926
189800
190916
192244
192475
194237
194568
195922
196094
196232
202946
203862
204442
204847
206283
207031
207863
208583
208713
209963
210881
213658
215059
215734
216510
216586
218126
219392
219551
219646
220580
221085
221354
223186
223450
223533
224092
224158
224799
225251
225829
226253
226257
228270
230070
233977
235133
237563
237873
239944
240612
241144
243260
243538
245234
245358
246855
249789
250031
251341
252205
252738
256077
256491
256594
258519
259228
260434
262500
262952
264096
266076
266490
266640
267196
269057
269319
269582
269970
272571
272577
273735
274404
276033
276871
277174
279321
279690
280497
280894
282354
283017
284506
287216
288778
289655
289850
289857
290413
290843
291356
291478
293087
293865
294143
295045
295074
295443
296364
296908
298519
301577
304892
305781
307450
308689
309186
310574
311784
312117
312704
312849
313116
313436
313659
317212
317863
319217
319392
319849
319925
321970
322892
323809
324417
324879
327120
328551
328972
328993
330693
330866
332536
333680
334297
335796
337201
338084
338299
338999
339239
339703
339786
340029
342104
343605
344095
346111
346617
347601
348204
348385
348689
348983
350359
350486
351585
352416
353538
355674
356592
358914
359418
360441
362860
363386
365766
365822
366796
367784
368436
369372
371165
372986
373719
374967
375969
376136
376937
377426
377501
378205
378770
379252
383716
389878
390062
391324
393290
393455
394350
394626
395338
396557
396607
397194
397952
398477
399129
401653
402382
402965
403856
404770
405460
406012
406871
408097
408707
410566
413916
417115
420089
421372
422845
424734
424775
426161
426570
427293
427361
428113
430327
430337
431926
432259
435014
437061
438117
438140
438231
439016
440254
441732
441916
443228
443247
444312
446422
447441
447946
448203
450497
451204
452106
452132
452973
453104
453609
455626
456906
457617
457940
458575
460563
461992
462467
462487
462840
463101
463248
463506
464007
464380
464473
464957
466359
466470
467869
468119
468856
470964
471190
472690
473157
473331
473672
476277
479674
481804
481863
482677
483378
483810
484124
486930
486994
487836
488382
490153
491790
491903
497669
501159
502350
502465
502627
505845
506779
507586
509023
510107
512501
512801
514213
515152
516887
516943
517389
519616
521603
523366
523501
524538
525439
526659
526708
526757
527006
527834
529312
529431
529890
530207
530448
530603
531372
532027
532761
534973
535008
535971
536441
538030
538319
538796
539145
539357
540312
540348
540749
542158
545339
548450
552468
552860
557083
557240
559282
560052
560152
560387
561064
562277
563402
564647
564786
567395
567797
569178
571123
572297
572980
574963
575224
575370
576074
577475
578618
581540
583339
584055
585411
587642
588766
591197
592574
592707
596456
597994
598626
601544
602669
603190
603501
603939
604783
608444
610821
611739
612309
614326
615070
615235
615866
616129
617465
618613
618668
619140
619488
620380
620951
621446
622148
623444
623676
625580
628635
630485
630775
631157
631406
633189
633519
634316
634353
636190
636238
636967
637602
638134
638869
641567
642969
643059
643251
643512
643970
645278
651344
652477
653127
653131
655554
655831
656984
658198
658734
659102
659216
662439
664036
665111
665179
665712
665896
666256
666391
666525
667541
668212
668535
669163
671043
672266
672797
672926
674216
674597
675126
675382
675616
676558
678007
678338
678889
680108
680218
682088
682236
685471
685930
686815
686986
688132
688302
688540
689937
690539
694292
696648
698911
698942
699029
701149
702705
702741
704065
707251
707276
707569
708180
708182
708655
711374
712479
712519
712942
712999
714793
715191
715654
718296
718490
719547
720688
723240
723714
724635
724769
725643
726242
727057
729472
730134
731199
731251
732065
732151
732660
732944
735370
737071
738065
738818
739178
741017
742187
745596
747183
748658
749685
752116
753034
753286
754819
754899
755082
756856
757016
759553
760083
761188
761402
762003
762391
763454
763797
764203
764361
765143
766466
766567
766950
768390
768851
770382
771276
774072
774859
775768
776396
776999
778589
780927
782113
782809
784283
786008
786938
789625
791454
792215
792233
792442
794226
794628
795565
796456
797213
798198
798540
799355
802733
804261
804360
806060
806371
806444
806479
806740
806847
806920
808134
811618
812068
818103
820201
821607
822779
823045
823092
823200
828247
828434
829769
829980
832484
832603
832732
833287
834515
836639
838611
838918
839392
841287
842956
844628
846122
847625
849510
852383
854587
854651
855646
855914
858574
858629
859324
859838
860674
862235
863319
864487
866057
867348
867669
868966
870015
870463
871596
871845
871862
872593
873876
873984
875835
876178
877298
878428
880637
881147
881316
881485
883221
884627
885732
887059
887882
888252
890209
890432
890765
890885
892110
892467
892473
894379
894883
895251
895290
895805
896348
896420
898963
900075
900455
900961
901832
902119
902917
903938
905624
905673
908815
909867
911132
911494
912899
913198
914868
915676
915820
916248
916254
916730
916966
917335
917863
919720
920277
920709
921226
921815
924101
924124
924748
925335
926590
928197
930838
931137
931759
931951
934227
936024
939302
939761
940067
940753
942432
942818
942953
943871
944227
944367
945134
947240
949027
950672
951117
952650
953286
953361
953555
954887
955055
957586
958078
958824
959101
961564
963424
963685
963760
966732
966985
967970
968716
969341
969526
969775
970325
970805
971349
971971
973456
974736
975587
976243
976879
977759
978351
979067
979255
981082
981603
982575
982954
984226
985313
986420
986832
988641
988908
989117
990398
990935
992145
992386
994076
994478
996891
997406
997495
