100
8833
9063
27453
40445
45588
45754
65320
67490
72799
75478
75889
84211
90465
92950
113055
116235
119633
126325
129140
132754
136482
154963
155328
170559
199908
206351
231227
253178
262212
275692
276677
294298
299122
308480
312498
345721
363427
373345
384947
389054
409597
417260
428947
438697
449503
491385
492616
497636
503196
503460
507287
514816
522044
523288
545971
554975
573693
574345
583815
596968
625839
627500
632212
635671
650560
652428
663031
667002
675223
675567
684212
684546
687477
699237
705369
710050
727039
757227
759676
771805
780489
789985
799307
805336
811558
824411
830300
840475
883508
903165
906502
907155
915560
949437
955737
969798
970002
976357
986670
987497
