10000
0
55
90
114
149
149
263
280
281
331
340
534
561
591
619
643
645
647
925
943
1056
1129
1243
1285
1423
1480
1605
1705
1713
1805
2009
2114
2205
2238
2318
2512
2793
2863
2945
3075
3094
3118
3118
3134
3207
3299
3693
3837
3903
4132
4343
4436
4461
5239
5474
5566
5605
5669
5982
6562
6637
6648
6933
6991
7198
7244
7333
7372
7468
7754
8047
8243
8351
8585
8730
8834
8839
8902
9200
9252
9434
9564
9652
9716
9717
9781
9817
9839
9904
10088
10267
10275
10317
10364
10416
10504
10612
10737
10751
10859
10896
10906
10955
11044
11053
11092
11179
11386
11528
11528
11613
11669
11976
12016
12084
12093
12219
12623
12668
12695
12697
12747
12763
12920
13077
13244
13328
13443
13467
13823
13843
13866
13891
14013
14092
14297
14348
14385
14465
14486
14760
14861
15010
15023
15434
15516
15709
15957
16143
16197
16240
16318
16334
16734
16746
16811
16858
17106
17110
17183
17436
17505
17833
17870
17917
18054
18079
18192
18220
18662
18679
18797
18822
18906
19070
19124
19124
19371
19390
19464
19465
19499
19732
19963
20002
20134
20447
20570
20588
20817
20866
21123
21125
21329
21401
21428
21518
21618
21788
21845
21886
22002
22026
22054
22220
22248
22283
22297
22747
22813
22851
22971
23212
23235
23302
23303
23349
23610
23781
23865
23878
23879
23946
24069
24206
24252
24441
24453
24607
24648
24710
24777
24809
24852
24953
25214
25391
25456
25543
25721
25738
25883
25915
25982
26005
26055
26093
26286
26324
26442
26465
26473
26711
26770
26807
26887
26890
26893
26950
27160
27287
27426
27611
27687
27733
27934
27941
27960
28019
28050
28231
28244
28317
28366
28442
28470
28563
28677
28750
28821
28866
28981
29025
29068
29083
29320
29538
29687
29712
29731
29932
29962
29986
30088
30090
30262
30403
30421
30509
30613
30641
30661
30669
30793
30942
30970
31003
31418
31727
32089
32147
32370
32425
32519
32683
32886
32938
33111
33362
33575
33669
34230
34548
34630
34774
34819
34881
35018
35344
35527
35602
35823
36049
36333
36360
36438
36460
36506
36602
36651
36690
36775
36792
36899
36903
36948
36980
37031
37042
37064
37163
37211
37401
37500
37589
37592
37804
37846
38019
38030
38057
38080
38089
38302
38400
38433
38636
38663
38700
38857
38873
38910
39400
39431
39489
39601
39633
39750
39844
39928
40248
40276
40318
40320
40326
40408
40561
40575
40642
40648
40648
40708
40769
40778
41043
41052
41296
41471
41529
41604
41667
41766
41832
42210
42229
42450
42547
42672
42686
42868
43016
43130
43256
43266
43463
43504
43697
43707
43746
43759
43867
43910
43914
44020
44287
44437
44438
44478
44527
44605
44673
44969
44979
45042
45084
45094
45256
45579
45667
45686
45718
46088
46406
46516
46545
46716
46826
47061
47136
47191
47232
47306
47332
47335
47351
47470
47663
47696
47752
47876
47915
48015
48082
48100
48149
48385
48395
48399
48432
48476
48659
48712
48784
48863
48996
49248
49277
49417
49459
49599
49630
49716
49936
49963
50069
50221
50240
50251
50309
50524
50595
50603
50911
51041
51046
51115
51160
51193
51371
51400
51628
51735
52000
52001
52053
52072
52085
52280
52311
52450
52502
52607
52783
52798
52849
52883
53167
53212
53221
53224
53305
53369
53619
53625
53656
53734
53792
53889
53900
54290
54430
54584
54722
55129
55153
55170
55379
55422
55520
55550
55560
55815
56098
56143
56288
56299
56520
56694
56771
57022
57069
57080
57150
57315
57397
57416
57505
57559
57612
57629
57713
57970
58111
58214
58256
58626
58633
58826
58954
59043
59120
59149
59235
59337
59445
59510
59578
59850
59977
60106
60262
60343
60476
60480
60487
60586
60657
60702
60765
60860
60882
60883
60923
60928
61128
61495
61726
61954
62036
62076
62111
62515
62559
62742
63026
63158
63271
63406
63461
63506
63599
63601
63615
63836
63929
63933
64274
64428
64533
64730
64789
64868
65019
65065
65276
65282
65313
65511
65558
65651
65939
65947
66285
66382
66401
66521
66549
67144
67231
67237
67272
67281
67319
67759
67966
68274
68312
68322
68329
68393
68419
68465
68587
68645
68689
68806
68812
68850
68877
68888
68978
69055
69170
69203
69271
69289
69417
69882
69952
69982
70012
70092
70191
70358
70429
70447
70549
70631
70672
70951
71092
71106
71188
71211
71222
71262
71357
71479
71536
71631
71662
71925
72118
72220
72619
72734
72893
72948
73007
73077
73079
73256
73286
73455
73661
73756
73792
74062
74097
74240
74288
74295
74328
74329
74624
74673
74696
75073
75111
75153
75359
75397
75433
75763
75814
75928
75948
75990
76057
76068
76169
76238
76285
76450
76768
77144
77162
77229
77289
77387
77458
77692
77781
77841
77868
78009
78153
78160
78183
78387
78465
79100
79139
79174
79692
79840
79851
79871
80064
80143
80192
80224
80361
80367
80468
80538
80620
80786
80825
80870
80884
80904
81122
81128
81418
81420
81425
81484
81498
81521
81782
81826
81872
82061
82315
82371
82405
82418
82453
82478
82639
82658
82894
83187
83188
83226
83539
83735
83809
83845
83916
83944
84004
84025
84103
84158
84180
84310
84432
84480
84483
84604
84686
84699
84724
84857
84865
84889
84973
85066
85174
85344
85396
85516
85535
85644
85667
85767
85822
85932
85938
85966
85980
85986
86030
86067
86211
86481
86549
86606
86798
86851
86935
86994
87011
87423
87702
87865
87895
87979
87997
88095
88316
88371
88390
88585
88703
88807
88853
88903
89039
89082
89189
89634
89685
89788
89851
89884
89920
89984
90177
90421
90507
90612
90638
90667
90868
90974
91022
91102
91211
91241
91391
91398
91411
91440
91496
91524
91534
91703
91879
91953
92082
92107
92113
92154
92478
92505
92518
92598
92729
92873
92956
93001
93054
93097
93101
93106
93134
93134
93293
93324
93346
93351
93398
93498
93634
93656
93866
94234
94630
94664
94689
94701
95023
95306
95370
95444
95478
95544
95606
95711
95735
95916
95963
96040
96266
96339
96362
96416
96417
96440
96554
96637
96729
96878
96912
97068
97110
97205
97226
97274
97650
97680
97800
97840
97856
98050
98186
98282
98320
98405
98424
98465
98490
98596
98599
98600
98631
98848
99013
99143
99158
99481
99492
99568
99680
99735
99748
99766
99789
99842
99962
100004
100078
100099
100158
100235
100530
100644
100797
100851
100890
100946
101132
101284
101348
101404
101455
101605
101610
101642
101933
101986
101996
102157
102256
102456
102559
102641
102705
102774
102873
103191
103222
103629
103674
103836
103877
103975
103982
104000
104026
104077
104380
104539
104861
104997
105005
105207
105214
105407
105500
105546
105596
105598
105624
105635
105677
105732
105744
105847
105929
106017
106222
106262
106292
106345
106365
106422
106442
106510
106531
106606
106664
106929
107387
107629
107749
107933
107978
108155
108222
108234
108300
108350
108369
108386
108390
108484
108685
108715
108751
108798
108843
108871
108907
108926
109110
109266
109297
109327
109556
109600
109788
109789
109930
110060
110243
110396
110491
110661
110822
110869
110889
110920
110965
110975
111023
111123
111134
111368
111382
111443
111630
111727
111740
111838
111842
111846
112016
112215
112216
112248
112250
112297
112455
112752
112793
113039
113053
113143
113202
113274
113371
113624
113768
113957
113965
114024
114071
114159
114302
114333
114757
115210
115320
115479
115489
115505
115632
115682
115988
116083
116183
116225
116226
116428
116838
117135
117266
117338
117475
117478
117566
117751
117767
117784
117792
117818
117832
118000
118115
118206
118314
118316
118329
118343
118509
118747
118792
118810
118837
118874
118909
119130
119204
119271
119343
119396
119451
119504
119531
119554
119722
119755
119878
119960
119995
120538
120556
120650
120705
120741
120772
120821
120835
120835
121056
121057
121122
121268
121406
121494
121646
121869
122107
122343
122448
122483
122631
122650
122657
122712
122755
123097
123287
123363
123449
123743
123982
123984
124329
124374
124483
124810
124830
124893
125295
125339
125396
125425
125431
125495
125565
125585
125592
125597
125616
125662
125681
125683
125701
125804
125927
125972
126094
126220
126234
126466
126547
127089
127132
127158
127333
127343
127472
127515
127582
127709
127719
127858
128091
128149
128388
128457
128542
128718
128796
128805
128839
128941
129253
129403
129430
129449
129587
129661
129730
129758
129772
129923
129984
130066
130071
130191
130333
130340
130403
130408
130700
130960
131013
131036
131073
131086
131132
131181
131217
131232
131284
131309
131361
131502
131561
131658
132372
132476
132532
132554
132975
133130
133239
133259
133262
133268
133427
133532
133534
133758
133810
133973
133973
134004
134004
134055
134441
134474
134567
134570
134686
134748
134795
134913
135301
135342
135493
135531
135808
135845
135883
135929
136119
136185
136391
136562
136721
136835
136940
137103
137221
137237
137390
137418
137575
137601
137697
137869
137899
137945
137973
137993
138016
138029
138102
138211
138239
138331
138389
138569
138588
138596
138633
138650
138689
138690
138691
138745
138762
138812
139000
139168
139355
139526
139597
139685
139695
139767
139961
140134
140137
140140
140217
140329
140701
140707
140784
140892
140934
140968
140977
141104
141119
141221
141244
141246
141294
141457
141850
141866
141882
141908
141920
141956
141972
142028
142040
142122
142146
142161
142202
142318
142583
142603
142733
142779
142860
142866
143079
143142
143292
143303
143367
143414
143561
143571
143826
143929
143948
144140
144267
144292
144347
144359
144473
144488
144707
144779
144882
144960
145003
145085
145291
145338
145488
145554
145710
145715
145855
146221
146281
146443
146539
146594
146639
146688
146758
146805
147076
147441
147525
147530
147592
147602
147662
147698
147803
147922
147924
148215
148317
148472
148621
148785
148847
148966
148990
149139
149198
149299
149410
149551
149716
149824
149853
149857
149939
149988
150067
150076
150093
150112
150113
150155
150181
150232
150290
150314
150347
150371
150576
150682
150810
150843
150924
150951
151068
151335
151348
151428
151569
151652
151788
152083
152096
152271
152283
152319
152337
152353
152364
152521
152684
152720
152790
152864
152960
153125
153223
153237
153485
153532
153541
153709
153840
153841
153959
153998
154017
154050
154066
154109
154204
154844
154891
155177
155267
155643
155872
155876
155959
156006
156084
156159
156303
156344
156357
156362
156373
156456
156591
156923
156989
157291
157291
157339
157628
157719
157819
158097
158292
158318
158590
158632
158646
158979
159189
159213
159219
159347
159452
159659
159744
159809
159846
159851
159898
159980
160050
160078
160128
160193
160293
160300
160646
160784
160833
160898
160973
160980
161057
161081
161137
161630
161683
161715
161928
162057
162072
162160
162239
162280
162286
162372
162456
162473
162749
162823
162838
162890
162944
163074
163193
163225
163241
163384
163414
163428
163948
163957
164247
164330
164398
164414
164467
164511
164525
164623
164671
164755
165208
165468
165583
165671
165714
165770
165844
165882
165887
165920
166228
166258
166462
166536
166566
166573
166651
166848
167028
167074
167107
167239
167331
167368
167811
167818
167846
167915
167965
168208
168390
168712
168847
168901
168917
168925
168994
169106
169264
169288
169319
169362
169370
169469
169491
169521
169580
169583
169645
169712
169804
169810
169812
169887
170080
170093
170141
170242
170545
170583
170619
170664
170760
170810
170912
170934
171043
171581
171670
171683
171720
171798
171865
171871
171993
172041
172142
172270
172461
172468
172479
173002
173007
173321
173435
173478
173494
173509
173566
173614
173660
173740
173985
174094
174189
174383
174481
174533
174580
174766
174824
174842
174959
174996
175016
175094
175100
175151
175152
175386
175552
175638
175714
175875
175905
175967
176238
176356
176404
176530
176925
176999
177045
177286
177298
177305
177363
177419
177439
177476
177502
177856
177970
178318
178370
178517
178621
178759
178779
178789
178798
178879
179000
179005
179019
179103
179172
179317
179424
179462
179548
179581
179720
179823
179878
180287
180314
180374
180567
180706
180709
180785
180787
180886
181029
181042
181238
181238
181619
181628
181753
181832
182029
182039
182243
182262
182306
182604
182919
182960
183103
183214
183219
183242
183329
183379
183476
183482
183589
183925
184263
184264
184532
184650
184732
184737
184902
185051
185217
185397
185564
185783
185809
185916
185935
186108
186221
186261
186401
186506
186578
186776
186921
187047
187228
187265
187558
187710
187816
187874
188033
188426
188460
188609
188704
188762
188794
188896
189056
189100
189108
189197
189245
189375
189376
189404
189406
189424
189554
189654
189683
189914
189960
190105
190349
190915
190940
191043
191055
191187
191197
191268
191360
191483
191510
191601
191749
191778
191847
191892
191936
191951
191962
192048
192179
192272
192920
192979
193269
193376
193416
193487
193671
193709
193788
194088
194088
194102
194164
194284
194290
194304
194459
194542
194590
194742
194954
195000
195065
195133
195136
195260
195336
195697
195766
195870
195897
195954
196100
196102
196200
196365
196441
196541
196692
196864
196910
196930
196952
196987
197050
197091
197295
197304
197353
197359
197606
197884
197959
198112
198164
198168
198307
198337
198338
198508
198554
198621
198723
198810
198865
198908
199336
199888
199979
200329
200347
200558
200668
200731
200833
200856
200908
201026
201194
201298
201474
201533
201553
201565
201566
201765
201844
201855
201859
202174
202179
202185
202277
202424
202472
202637
202716
203081
203155
203260
203531
203690
203863
203964
203973
203976
204116
204124
204165
204216
204345
204507
204533
204547
204728
204832
205154
205245
205490
205640
205665
205694
205863
206063
206093
206251
206309
206335
206446
206448
206586
206790
206840
206888
206967
207092
207218
207388
207515
207522
207610
207830
208119
208147
208175
208228
208345
208395
208725
208751
208815
208838
208884
208915
209175
209463
209482
209628
209802
209919
209922
210196
210200
210230
210364
210509
210517
210699
210723
210757
211165
211363
211498
211519
211523
211712
211776
211892
211944
212041
212041
212085
212141
212168
212211
212224
212292
212369
212720
212834
212963
213006
213025
213041
213088
213263
213405
213825
213990
214064
214344
214468
214558
214644
214908
215016
215133
215223
215277
215307
215444
215581
215645
215774
215982
216179
216407
216413
216437
216556
216661
216661
216702
216786
216874
216920
217352
217689
217834
217955
218118
218218
218224
218226
218364
218463
218512
218686
218757
218948
219500
219669
220062
220195
220298
220359
220384
220845
220866
220885
220893
221121
221160
221233
221352
221407
221436
221538
221732
221982
221996
222020
222179
222258
222527
222560
222645
222649
222699
222793
222816
222890
222964
223004
223132
223646
223657
223671
223755
223762
223762
223773
223807
223953
223963
224221
224514
224688
224824
224826
224967
225053
225214
225307
225493
225559
225681
225706
225806
225813
225850
225850
226002
226371
226426
226475
226748
226753
226895
226959
226993
227331
227443
227487
227571
227672
227934
228024
228033
228095
228190
228262
228268
228293
228301
228404
228442
228455
228491
228491
228649
228734
228850
228977
229468
229488
229497
229543
229558
229565
229747
229906
229907
230005
230008
230174
230207
230272
230416
230417
230438
230524
230663
230908
230933
231032
231114
231161
231482
231884
231904
231923
232122
232133
232220
232509
232631
232664
232837
233162
233274
233284
233291
233343
233344
233404
233473
233534
233598
233679
233700
233884
233956
234020
234043
234046
234092
234299
234303
234326
234328
234405
234486
234537
234547
234607
234668
234697
234774
234966
235315
235346
235525
235665
235728
235809
235843
236118
236247
236378
236460
236596
236862
237016
237212
237230
237286
237556
237593
237650
237700
237701
237726
237829
237957
238033
238034
238094
238167
238167
238432
238604
238605
238721
238764
238874
239006
239028
239084
239142
239253
239587
239642
239647
239757
240162
240211
240231
240510
240834
241029
241382
241404
241425
241503
241521
241527
241775
241779
241912
242118
242178
242222
242287
242296
242410
242464
242694
242703
242852
242929
242992
242999
243172
243182
243244
243304
243366
243424
243775
243855
243917
243924
244028
244039
244157
244417
244444
244716
244784
244816
244834
244856
244921
245049
245107
245186
245225
245231
245357
245424
245437
245977
246413
246513
246539
246569
246703
246704
246908
247011
247023
247052
247066
247079
247170
247198
247293
247310
247492
247750
247752
247812
247829
248100
248136
248430
248526
248551
248888
248960
249003
249205
249486
249581
249615
249656
249885
249909
250136
250282
250449
250514
250526
250545
250737
250747
250911
250935
250992
250996
251118
251138
251178
251192
251547
251609
251693
251797
251881
251952
252042
252103
252295
252443
252511
252532
252686
252728
252736
252760
252776
252877
252947
253031
253040
253146
253248
253250
253300
253400
253628
253697
253812
253928
254075
254099
254110
254259
254415
254539
254549
254659
254716
254743
254869
254967
254989
255204
255286
255410
255578
255666
255870
256300
256338
256396
256432
256439
256630
256669
256826
257276
257406
257532
257599
257603
257616
257621
257634
257670
257882
257894
257938
258124
258197
258205
258229
258238
258320
258369
258370
258378
258420
258621
258690
258710
258726
258731
258972
259217
259423
259494
259527
259539
259714
259854
259911
259988
260123
260164
260315
260387
260620
260664
260725
261088
261164
261171
261324
261475
261594
261721
261789
261807
261860
261913
262187
262327
262331
262568
262658
262813
262884
262949
263094
263138
263230
263330
263414
263579
263635
263642
263662
263747
263753
263755
263782
263852
263884
264110
264133
264171
264171
264287
264378
264566
264733
264814
264881
264893
264929
265075
265123
265129
265146
265415
265431
265501
265608
265690
265782
265947
266213
266286
266361
266596
266624
266855
266902
267016
267132
267168
267284
267305
267330
267357
267434
267465
267513
267589
267628
267801
267828
267840
268151
268436
268455
268507
268529
268707
268721
268842
269102
269144
269163
269254
269304
269330
269426
269565
269973
270047
270272
270448
270452
270554
270746
270962
271035
271238
271240
271292
271437
271577
271708
271885
271893
272145
272162
272351
272426
272972
273028
273128
273150
273354
273517
273639
273814
273819
273969
274447
274625
274671
274676
274708
274802
274835
274899
274967
275077
275235
275267
275449
275497
275564
275599
275652
275907
275966
275990
276059
276113
276159
276236
276371
276402
276456
276500
276532
276650
276750
276990
277014
277094
277359
277800
277822
277884
278084
278346
278380
278756
278966
279047
279072
279535
279604
279717
279734
279743
279748
279788
279838
279964
280156
280213
280225
280383
280409
280462
280604
280620
280700
280745
280784
280824
280947
280982
281268
281465
281490
281534
281674
281916
281984
282151
282218
282233
282709
282748
282749
282896
283213
283296
283372
283546
283664
283727
283942
283949
284023
284029
284059
284181
284452
284530
284578
284668
284727
284858
284990
285032
285114
285129
285169
285229
285240
285257
285285
285329
285526
285554
285659
285681
285685
285851
285914
285919
286007
286119
286259
286295
286414
286417
286444
286740
286847
286858
286999
287001
287035
287142
287406
287606
287676
287769
287909
288155
288165
288616
288643
288666
288700
288833
288860
288875
288904
289016
289140
289305
289535
289568
289569
289611
289725
289807
289902
290090
290106
290106
290158
290255
290266
290612
290616
290815
290933
290983
291252
291310
291510
291734
291739
292092
292190
292197
292246
292252
292298
292325
292343
292481
292698
292732
292755
292987
293298
293335
293507
293572
293577
293758
293839
294040
294137
294301
294305
294535
294750
294822
294941
294968
295007
295238
295376
295380
295441
295723
295795
295852
295864
295907
295957
295979
296008
296039
296291
296302
296361
296559
296564
296784
296904
296958
297056
297059
297085
297309
297335
297368
297373
297414
297718
297772
297897
297948
298064
298335
298339
298375
298378
298453
298482
298494
298541
298544
298813
298863
298864
298984
299049
299077
299303
299475
299781
299805
299874
300066
300127
300158
300436
300533
300541
300619
300622
300691
300695
300697
300771
300815
300826
300885
301046
301078
301178
301401
301408
301496
301521
301793
301823
301877
301976
301996
302018
302042
302413
302492
302504
302531
302638
302736
302793
302817
302843
303031
303064
303097
303103
303132
303150
303215
303226
303338
303384
303391
303544
303605
303618
303649
303767
303936
303940
303997
304139
304364
304412
304546
304648
304666
304695
304845
304867
304942
305042
305051
305271
305301
305556
305740
305784
305799
305853
305901
305937
305938
306146
306267
306516
306617
306645
306816
306816
306847
307018
307071
307129
307177
307244
307288
307385
307488
307675
307695
307728
307770
307794
307862
308436
308439
308585
308626
308632
308643
308694
308709
308903
309004
309049
309105
309107
309127
309242
309278
309387
309401
309421
309422
309446
309481
309514
309653
309807
309940
310009
310079
310137
310385
310448
310513
310520
310788
310801
310980
311309
311393
311422
311466
311590
311641
311713
311770
311834
311995
312059
312114
312378
312437
312494
312495
312523
312583
312875
312907
312930
312940
313117
313198
313207
313577
313604
314002
314010
314129
314196
314397
314510
314617
314647
314793
315458
315471
315541
315624
315678
315699
315749
315970
316126
316151
316221
316342
316363
316692
316827
317062
317082
317150
317415
317645
317720
317744
317899
318096
318153
318166
318178
318841
318844
318957
319059
319121
319474
319509
319568
319611
319615
319638
319661
319767
319838
319843
319891
319901
319946
320031
320074
320200
320558
320666
320755
321033
321056
321227
321428
321493
321638
321743
321760
321808
321819
321837
321918
321995
322027
322101
322113
322133
322177
322285
322355
322612
322633
322684
322704
322867
322939
323056
323105
323192
323318
323449
323472
323700
323713
323860
324023
324066
324088
324137
324241
324364
324435
324589
324600
324708
324787
324792
325008
325047
325146
325224
325260
325264
325572
325629
325875
325995
326249
326587
326611
327035
327151
327184
327235
327397
327487
327714
327776
328093
328151
328210
328241
328429
328482
328601
328605
328809
328849
328928
328965
329023
329248
329598
329664
329670
329760
329782
329803
329823
329884
329940
330108
330208
330245
330246
330286
331027
331043
331175
331220
331251
331534
331636
331780
331789
331886
332083
332143
332222
332273
332333
332576
332634
332947
333131
333187
333271
333352
333571
333680
333789
333791
334178
334219
334275
334291
334497
334500
334504
334559
334601
334649
334783
334904
335266
335297
335301
335317
335320
335537
335564
335700
335712
336197
336286
336294
336316
336525
336614
336684
336695
336970
337104
337337
337377
337416
337512
337547
337562
337891
337917
337925
337926
338556
338889
338954
338993
339188
339248
339311
339331
339508
339626
339629
339795
339807
339914
340113
340193
340302
340474
340723
340751
341010
341037
341201
341264
341381
341456
341515
341583
341782
341910
341925
341933
342095
342138
342191
342231
342262
342266
342362
342508
342546
342960
343113
343120
343152
343211
343236
343343
343400
343415
343438
343526
343684
343822
343905
343913
343961
344045
344278
344308
344324
344328
344332
344346
344655
344876
345032
345038
345070
345179
345338
345501
345542
345600
345889
345983
346223
346283
346466
346543
346649
346858
346864
346956
346960
346974
347013
347077
347230
347562
347563
347607
347635
347781
347875
347944
348058
348066
348067
348477
348548
348575
348812
348910
349085
349087
349234
349241
349261
349329
349437
349444
349683
349786
349791
349792
349815
349852
350146
350175
350238
350261
350410
350449
350562
350625
350631
350886
351097
351240
351312
351808
351820
351918
351961
352180
352181
352207
352277
352565
352702
352774
353077
353570
353629
353710
353866
353891
353998
354108
354148
354460
354569
354611
354687
354756
354967
355121
355270
355515
355528
355591
355706
355756
355782
355948
356007
356111
356134
356215
356282
356323
356445
356579
356752
356795
356816
356823
357350
357648
357692
357717
357844
357917
358079
358092
358394
358412
358470
358589
358737
358909
358936
358977
359012
359110
359119
359180
359213
359220
359363
359424
359594
359787
359815
359893
360027
360101
360191
360274
360303
360362
360419
360771
360806
360872
360942
360990
361319
361381
361549
361596
361806
361875
361927
362136
362393
362619
362797
362834
362870
363011
363283
363297
363472
363541
363739
363877
363935
363949
364036
364048
364080
364183
364322
364325
364479
364513
364892
365047
365080
365156
365171
365631
365744
365788
365924
365981
366029
366416
366461
366603
366620
366624
366908
367330
367462
367525
367583
367676
367726
367730
367774
367854
367956
367961
367974
367982
368062
368146
368210
368286
368292
368308
368323
368391
368784
368954
368991
369023
369038
369168
369238
369247
369251
369290
369486
369496
369699
369726
369790
369795
369887
370006
370083
370108
370125
370208
370456
370490
370532
370702
370706
370746
370815
370918
371061
371061
371099
371759
371778
371805
371840
371875
371935
371960
372203
372336
372492
372566
372627
372697
372738
372753
373043
373164
373198
373211
373286
373373
373399
373430
373696
374271
374284
374881
374954
374962
375014
375044
375180
375289
375347
375506
375549
375575
375624
375686
375865
375874
375874
376036
376155
376158
376206
376265
376315
376322
376377
376446
376464
376599
376630
376716
376779
376887
377161
377197
377268
377547
377579
377723
377730
377750
377882
377929
378064
378159
378504
378536
378546
378620
378650
378668
378781
378881
378928
378977
379040
379081
379089
379124
379161
379226
379265
379308
379433
379540
379723
379888
379906
379927
379953
380050
380133
380153
380193
380210
380266
380342
380508
380562
380570
380735
380916
381046
381279
381328
381365
381425
381486
381598
381768
382054
382176
382433
382575
382680
382685
382778
382816
383067
383106
383155
383229
383250
383258
383422
383448
383510
383625
383640
383654
383804
384023
384030
384347
384424
384560
384700
384913
385153
385206
385248
385356
385388
385553
385620
385708
385774
385782
385833
385992
385993
386067
386070
386096
386233
386246
386314
386388
386505
386530
386640
386640
386710
386729
387171
387307
387410
387447
387466
387470
387547
387646
387833
388030
388042
388104
388266
388417
388549
388640
388736
388744
388808
388857
388897
389014
389060
389076
389223
389244
389250
389326
389478
389539
389623
389966
390020
390260
390495
390510
390665
390720
390872
390943
390959
391146
391171
391361
391618
391720
391752
391924
392149
392194
392223
392266
392311
392337
392385
392387
392400
392535
392637
393018
393151
393198
393220
393280
393294
393352
393378
393860
394058
394083
394272
394302
394417
394478
394501
394669
394681
394800
394831
394848
394866
395004
395083
395191
395287
395306
395374
395431
395740
395791
395816
396050
396172
396191
396346
396412
396452
396551
396623
396645
396667
396785
396843
396872
396876
396957
397133
397159
397161
397246
397558
397719
398002
398076
398153
398212
398216
398352
398356
398422
398436
398613
398652
399179
399195
399278
399488
399673
399779
399957
399978
400080
400232
400305
400523
400563
400589
400601
400666
400761
401099
401166
401242
401266
401316
401359
401374
401444
401525
401597
401742
401868
402107
402147
402230
402246
402459
402540
402611
402750
402781
402799
403000
403104
403107
403323
403369
403521
403590
403769
403830
403870
403919
404184
404202
404260
404342
404452
404491
404701
404799
404880
404894
404948
404969
405105
405129
405583
405727
405956
405995
406010
406171
406181
406248
406514
406527
406589
406792
406995
407239
407355
407512
407514
407590
407811
407925
407925
407933
408178
408201
408248
408270
408329
408403
408668
408675
408683
408683
408831
409282
409286
409397
409433
409461
409593
409811
410114
410137
410147
410310
410440
410467
410522
410579
410633
410761
410922
411122
411166
411231
411319
411398
411438
411443
411571
411645
411727
411858
412555
412799
412815
412938
412976
413106
413129
413388
413462
413537
413655
413729
413873
413938
414152
414172
414207
414212
414219
414224
414348
414411
414600
414659
414836
414868
415006
415028
415109
415331
415333
415339
415533
415570
415599
415601
415633
415719
415882
416000
416079
416139
416173
416253
416358
416596
416682
416692
416935
416953
417205
417253
417444
417504
417511
417587
417647
417704
417794
417810
417877
418014
418094
418167
418206
418596
418681
418782
418814
418961
419369
419490
419798
420038
420067
420084
420098
420116
420201
420288
420350
420572
420603
420636
420648
420765
420929
420992
421166
421193
421360
421617
421648
421657
421703
421717
421782
422243
422251
422313
422330
422335
422497
423010
423068
423457
423511
423552
423558
423733
423874
423874
423876
423952
424069
424222
424286
424391
424756
424805
425450
425463
425537
425763
425799
426216
426303
426323
426357
426450
426462
426556
426795
426871
426948
426966
426992
427066
427123
427542
427816
427836
427881
427981
428230
428232
428522
428529
428778
428789
428864
428933
428990
429040
429133
429226
429298
429389
429392
429411
429542
429565
429671
429750
429878
429966
430037
430132
430160
430342
430416
430467
430690
430812
430877
430911
431024
431106
431158
431258
431282
431547
431559
431639
431751
431753
431820
431836
431892
432016
432057
432216
432237
432433
432434
432500
432531
432548
432603
432735
432759
432922
432966
433108
433284
433291
433358
433402
433473
433492
433578
433823
434115
434215
434338
434444
434455
434462
434471
434523
434819
434848
435293
435325
435352
435360
435524
435676
435708
436077
436077
436217
436514
436580
436587
436616
436643
436665
436726
437055
437201
437274
437343
437601
437696
437790
437813
437821
438109
438139
438273
438379
438395
438616
438684
438685
438850
438881
439243
439329
439395
439425
439487
439487
439497
439755
439838
439924
439965
440074
440121
440341
440427
440582
440718
440925
441146
441444
441466
441545
441553
441718
441721
442034
442044
442116
442164
442235
442367
442410
442416
442538
442641
442642
442862
442901
442927
443082
443268
443299
443435
443461
443515
443584
443594
443846
443919
443997
444026
444123
444289
444299
444677
444728
444751
444755
444820
444856
444879
444904
445001
445183
445331
445359
445472
445632
445668
445720
445758
445828
445871
446024
446030
446202
446285
446342
446490
446559
446614
446661
446703
446890
446971
447050
447056
447157
447171
447318
447493
447555
447565
447681
447705
447817
448048
448408
448831
449480
449556
449770
449773
450040
450067
450138
450239
450336
450572
450697
450757
450915
450953
451051
451228
451308
451398
451532
451558
451738
451741
451958
452032
452194
452312
452642
452655
452775
452808
452851
452864
452964
453033
453370
453620
453743
453965
453967
454010
454095
454103
454192
454526
454755
455065
455253
455276
455390
455557
455677
455871
456372
456435
456441
456447
456558
457055
457063
457261
457392
457506
457636
457664
457860
457931
457963
457988
458042
458206
458230
458363
458475
458583
458650
458682
458764
458803
458809
459166
459308
459424
459470
459476
459526
459575
459651
459695
459773
459800
459824
459840
459922
460087
460089
460158
460257
460411
460433
460436
460504
460573
460589
460695
460813
461015
461247
461342
461489
461626
461696
461741
461780
461868
461904
461909
461953
461980
462097
462143
462146
462334
462434
462571
462622
462664
462753
462864
462895
462922
462959
462999
463044
463098
463099
463256
463292
463514
463549
463610
463655
464088
464178
464199
464206
464265
464556
464556
464684
464732
464856
464913
465064
465278
465461
465617
465873
465984
466012
466142
466277
466352
466480
466509
466586
466764
466775
466886
466975
467104
467339
467460
467524
467530
467548
467626
467738
467880
468065
468264
468420
468485
468552
468558
468795
469062
469075
469080
469119
469470
469529
469535
469574
469620
469644
469646
469674
469852
469894
469934
469942
469952
470014
470341
470352
470359
470460
470632
470667
470732
470880
470931
470974
470990
471280
471282
471410
471694
471794
471856
472036
472144
472190
472400
472564
472954
473015
473065
473115
473270
473313
473517
473642
473652
473764
473767
473786
473792
473798
473871
473888
473937
473979
474025
474136
474149
474163
474191
474310
474370
474477
474487
474645
474910
474925
474930
474975
475019
475184
475229
475327
475361
475559
475629
475792
475999
476219
476308
476384
476437
476530
476596
476608
476698
476753
476769
476843
476869
476892
476917
477213
477362
477439
477442
477553
477570
477593
477687
477870
477885
478061
478332
478363
478410
478476
478497
478597
478664
478782
478812
479169
479279
479288
479295
479494
479582
479600
479681
479735
479923
479994
480005
480117
480218
480524
480572
480904
481011
481275
481629
481662
481849
481870
481897
482006
482021
482043
482778
482990
483012
483183
483204
483359
483445
483470
483699
483758
483854
483892
483904
483932
484177
484304
484391
484484
484519
484685
484741
484761
484825
484838
484915
485059
485076
485180
485288
485342
485542
485618
485707
485716
485781
485836
485851
485921
486127
486165
486182
486201
486269
486527
486623
486695
486799
486807
487079
487123
487268
487395
487411
487687
487799
487917
488044
488074
488324
488367
488559
488665
488705
488923
489121
489179
489201
489211
489721
489744
489983
489984
490177
490267
490289
490306
490511
490689
490748
491121
491227
491313
491331
491352
491427
491467
491616
491699
491754
491873
491922
491951
491982
491988
491992
492140
492189
492234
492291
492297
492608
492630
492822
492826
492997
493037
493076
493112
493451
493458
493651
493663
493747
493807
493964
493974
493992
494117
494175
494229
494254
494321
494554
494589
494666
494763
494824
494907
494970
495059
495148
495258
495291
495303
495410
495503
495533
495605
495642
495754
495784
495817
495862
495888
495989
496051
496055
496083
496186
496206
496352
496557
496601
496618
496626
496772
496886
496937
497024
497100
497213
497216
497661
497735
497804
497810
497922
498210
498978
499087
499251
499296
499401
499518
499520
499628
499680
499694
499926
499953
499969
500099
500259
500449
500517
500623
500721
500802
500828
500871
500894
500937
500982
501064
501065
501190
501191
501274
501403
501491
501524
501544
501549
501551
501588
501613
501703
501723
501766
501772
501781
501817
501912
502118
502210
502318
502325
502367
502404
502460
502486
502744
503224
503265
503362
503465
503897
503957
503958
504076
504108
504148
504220
504238
504271
504337
504342
504562
504596
504793
504858
505064
505134
505413
505444
505466
505514
505603
505709
505743
505766
505782
505794
505860
505903
505904
505906
505918
505928
506037
506267
506430
506605
506646
506684
506812
506875
506915
506929
506958
507332
507399
507532
507628
507707
507901
507948
508008
508065
508090
508124
508283
508394
508462
508486
508743
508848
509023
509047
509239
509361
509500
509673
509704
509839
509866
509883
509953
510092
510209
510400
510443
510572
510651
510905
510957
511108
511189
511362
511413
511434
511501
511540
511633
511731
511745
511809
511940
511965
512018
512040
512404
512787
512794
512847
512852
513047
513050
513052
513099
513119
513200
513319
513476
513627
513756
513875
514022
514046
514242
514463
514540
514584
514616
514630
514740
515057
515276
515324
515398
515454
515482
515985
516030
516035
516036
516203
516218
516219
516480
516518
516899
516910
516986
517030
517467
517512
517623
517704
518080
518241
518313
518349
518413
518528
518687
518694
518756
518760
518767
519068
519074
519087
519108
519366
519424
519508
519531
519720
519896
519927
519934
519943
519997
520113
520188
520554
520594
520753
521050
521093
521120
521159
521382
521406
521412
521412
521515
521547
521640
521730
521899
521988
522010
522079
522130
522408
522539
522573
522691
522932
523125
523179
523286
523378
523751
523868
523884
523904
523984
524003
524039
524349
524412
524650
524850
525087
525150
525209
525264
525401
525453
525629
525702
525960
525963
526238
526445
526460
526473
526534
526712
526716
526858
526862
527052
527055
527205
527206
527224
527406
527423
527526
527714
527753
527779
528219
528222
528242
528316
528575
528716
528800
529041
529134
529158
529198
529219
529348
529358
529516
529728
529738
529824
529907
530085
530139
530245
530366
530465
530509
530568
530598
530761
531004
531081
531145
531145
531238
531279
531378
531387
531398
531566
531590
531692
531756
531775
531834
531874
531958
532052
532155
532425
532502
532574
532603
532605
532705
532780
532961
532983
533115
533187
533221
533244
533569
533660
533837
533855
534066
534071
534156
534597
534640
534714
534720
534770
534771
534838
534860
534993
535186
535255
535370
535545
535640
535811
535875
535894
536170
536279
536330
536398
536440
536611
536627
536658
536743
536805
536938
536965
537166
537300
537373
537412
537414
537487
537488
537506
537610
537624
537650
537798
537835
537921
538122
538307
538403
538492
538557
538635
538669
538746
539104
539231
539322
539400
539451
539535
539553
539572
539618
539641
539700
539751
539770
539829
539934
540199
540525
540543
540589
540749
540776
540797
540892
540930
541048
541128
541179
541350
541370
541640
541731
541784
541802
541832
541887
541931
542009
542059
542135
542231
542251
542264
542267
542496
542673
542728
542856
542866
543048
543183
543393
543656
543672
543739
543834
543866
543872
543963
543969
544074
544106
544212
544338
544347
544461
544507
544590
544690
544711
544910
545307
545415
545436
545693
545746
545873
545898
546061
546109
546220
546292
546496
546561
546626
546887
546907
547017
547092
547146
547298
547409
547516
547603
547621
547832
548014
548043
548060
548144
548159
548175
548242
548286
548307
548569
548619
548632
548661
548665
548794
548817
548933
548972
549002
549164
549479
549764
550154
550177
550299
550501
550623
550627
550663
550680
550733
550929
551132
551442
551604
551749
551834
552155
552184
552204
552320
552431
552479
552858
552908
552982
553123
553241
553257
553335
553342
553489
553647
553665
553672
553856
553884
553964
554018
554018
554179
554385
554650
554737
554825
554839
554868
554971
555045
555218
555314
555406
555476
555613
555723
555826
555960
556118
556188
556245
556477
556521
556640
556733
556911
556975
557016
557150
557191
557368
557501
557524
557699
557818
557951
557992
558045
558337
558340
558360
558525
558718
558740
558770
558829
558930
559174
559277
559519
559575
559594
559617
559626
559683
560155
560187
560201
560264
560267
560380
560483
560657
560688
560812
560822
560829
560894
560984
561103
561115
561126
561215
561258
561349
561448
561725
561857
561893
561895
562058
562108
562293
562305
562488
562508
562723
562725
562786
562928
562948
563094
563315
563323
563412
563477
563497
563594
563598
563693
563836
563962
563964
563970
564030
564081
564098
564143
564175
564490
564555
564572
564763
564775
564822
564875
564884
564956
565073
565256
565510
565532
565625
565650
565822
565917
565972
566108
566596
566654
566672
567188
567221
567261
567283
567434
567947
568000
568051
568078
568147
568163
568201
568209
568252
568343
568454
568498
568507
568811
568889
568948
569092
569115
569259
569410
569577
569690
569892
569926
569968
569970
570082
570117
570121
570170
570332
570362
570425
570564
570966
571090
571214
571267
571394
571424
571435
571445
571453
571624
571777
571822
571846
571849
571946
572110
572270
572330
572595
572604
572610
572747
572774
572791
572820
572859
572879
572913
572989
573027
573028
573242
573337
573496
573535
573638
574104
574218
574281
574340
574532
574778
574826
575037
575053
575301
575351
575375
575381
575651
575710
575899
575910
575979
576099
576193
576340
576685
576708
576888
577118
577128
577159
577195
577208
577234
577621
577656
577658
577675
577991
578122
578441
578666
578713
578754
578811
578830
578963
579010
579272
579285
579507
579721
579877
580058
580097
580298
580308
580498
580656
580675
580693
580703
580804
580827
580838
581047
581082
581138
581234
581294
581298
581373
581387
581388
581487
581610
581660
581698
581800
581803
581822
581827
582256
582294
582386
582499
582547
582659
582798
582819
582834
583118
583160
583170
583508
583539
583640
583687
583848
583909
584024
584442
584555
584587
584596
584631
584717
584815
584869
584967
585256
585272
585287
585499
585797
585953
585984
586135
586289
586447
586592
586614
586635
586648
586651
586659
586690
586728
586820
586935
587039
587043
587090
587461
587468
587471
587508
587686
587723
587773
587923
587932
587989
588008
588025
588117
588239
588285
588314
588390
588394
588479
589366
589415
589464
589470
589502
589502
589549
589580
589628
589741
589935
589989
590032
590143
590372
590451
590557
590799
590802
590826
590968
590984
591112
591124
591156
591192
591433
591462
591483
591622
591772
592133
592333
592813
592863
592905
592964
593156
593444
593599
593675
593676
593776
593913
594031
594189
594215
594231
594248
594433
594510
594522
594619
594688
594731
594743
594765
594933
594958
594990
595017
595237
595331
595528
595892
595897
595937
596005
596085
596150
596181
596216
596244
596415
596475
596585
597037
597079
597133
597225
597235
597259
597322
597647
597788
597790
597832
598008
598034
598055
598063
598081
598142
598269
598399
598431
598654
598868
599138
599145
599212
599245
599306
599356
599588
599621
599632
599662
599716
599723
599794
599903
599948
599977
600070
600074
600080
600241
600466
600471
600606
600710
600789
600824
600884
600961
601026
601042
601344
601376
601394
601411
601444
601700
601758
601903
602103
602166
602234
602247
602315
602365
602414
602444
602473
602501
602504
602803
602855
602917
603137
603143
603218
603281
603307
603330
603380
603572
603667
603742
603814
603965
604124
604328
604454
604558
604852
604857
604916
604959
605111
605257
605296
605388
605432
605472
605481
605542
605598
605618
605698
605748
605754
605790
605791
605802
605876
605933
605973
605983
606049
606227
606246
606277
606310
606402
606467
606557
606581
606676
606815
606872
606890
606947
606982
607038
607098
607208
607462
607630
607667
607740
607839
607997
608129
608132
608306
608329
608393
608472
608544
608544
608548
608652
608718
608731
608946
609046
609120
609239
609901
610020
610021
610087
610132
610154
610163
610166
610229
610313
610360
610460
610632
611009
611172
611191
611323
611375
611419
611581
611638
611698
611907
611912
611918
612152
612388
612571
612647
612665
612717
612838
612969
613107
613151
613231
613280
613404
613463
613525
613566
613915
613950
613977
613986
614074
614145
614331
614439
614462
614648
614965
615045
615260
615422
615521
615532
615564
615581
615661
615720
616023
616334
616563
616601
616614
616795
616890
616965
617248
617308
617381
617514
617567
617735
617756
617766
617807
617883
617889
617904
617952
618067
618100
618323
618426
618571
618581
618854
618903
619002
619033
619067
619135
619205
619374
619676
619694
619714
620078
620347
620494
620514
620523
620567
621178
621576
621599
621618
621647
621685
621720
621727
621809
621821
621934
622020
622030
622274
622413
622415
622589
622614
622922
623120
623291
623340
623395
623557
624195
624246
624462
624598
624754
624943
624967
624978
624985
625003
625181
625402
625534
625571
625589
625813
626035
626062
626065
626170
626192
626196
626208
626386
626709
626894
626957
626983
627027
627064
627079
627123
627137
627282
627469
627529
627643
627643
627648
627838
627977
628003
628022
628078
628086
628153
628170
628177
628233
628278
628330
628372
628382
628469
628469
628662
628681
628732
628762
628980
629013
629115
629188
629237
629250
629372
629428
629459
629491
629526
629609
629958
629979
630075
630086
630182
630199
630286
630374
630376
630501
630549
630677
630775
631049
631154
631155
631163
631257
631450
631513
631660
631893
631915
631937
632018
632169
632197
632366
632402
632425
632534
632629
632725
632743
632760
632832
632902
632918
632981
633025
633777
633866
633946
633989
634012
634050
634206
634257
634302
634346
634485
634505
634562
634607
634727
634830
634989
635048
635107
635175
635207
635279
635312
635329
635503
635817
635881
635958
636020
636075
636103
636356
636421
636456
636719
636748
636768
636883
637044
637117
637376
637429
637442
637746
637790
637837
637892
637900
637914
638124
638155
638294
638328
638335
638367
638479
638496
638907
639008
639044
639110
639318
639338
639405
639473
639530
639597
639630
639632
639637
639707
639795
639921
639998
640019
640198
640334
640352
640364
640389
640401
640420
640487
640673
640753
640823
640837
640900
640992
641059
641081
641146
641314
641379
641556
641625
641637
641667
641670
641844
641921
642353
642359
642459
642465
642530
642564
642691
643050
643140
643187
643372
643445
643513
643589
643632
643728
643872
643899
644112
644189
644322
644517
644596
644752
644799
644876
644968
644979
645094
645111
645205
645349
645455
645738
645826
645854
646147
646171
646193
646292
646315
646366
646384
646604
646615
646641
647148
647162
647323
647331
647530
647540
647563
647638
647651
647732
647815
648045
648162
648183
648255
648287
648905
648957
649005
649068
649207
649260
649321
649425
649467
649619
649720
649770
649778
649915
649931
649937
649950
649999
650000
650209
650514
650608
650780
650803
650832
650991
651224
651327
651495
651534
651766
651941
652002
652130
652154
652193
652324
652464
652681
652750
652766
652818
652830
652836
652858
652898
652941
652993
653003
653008
653010
653048
653193
653240
653481
653576
653640
653721
653763
653849
653861
654018
654106
654117
654217
654288
654459
654460
654517
654724
654729
654829
654915
655094
655146
655281
655427
655684
655758
655881
655896
655966
656220
656256
656370
656472
656518
656645
656666
656752
656802
656809
656962
656989
657100
657116
657209
657277
657335
657455
657557
657578
657643
657650
657806
657825
657880
657885
657924
658060
658254
658267
658309
658387
658509
658556
658629
658738
658806
658858
659207
659504
659597
659767
659938
660119
660215
660239
660376
660562
661052
661080
661207
661209
661228
661300
661342
661365
661371
661415
661458
661594
662143
662260
662382
662465
662619
662696
662713
662964
662996
663120
663256
663408
663489
663496
663630
663845
663906
664137
664141
664295
664335
664400
664413
664483
664493
664689
664753
664979
665043
665175
665315
665365
665557
665608
665621
665714
665756
665765
665789
665797
665887
666160
666198
666264
666284
666370
666410
666525
666637
666660
666670
666718
666844
666925
666929
666943
667093
667146
667348
667453
667469
667574
667816
668059
668161
668228
668277
668437
668962
669023
669039
669058
669127
669258
669383
669391
669408
669414
669460
669507
669721
669852
669867
669886
669930
669987
670055
670185
670245
670343
670421
670651
670688
670704
670827
670868
670931
670995
671203
671303
671305
671317
671363
671422
671787
671826
671849
672328
672374
672453
672503
672871
672874
672948
673248
673301
673315
673395
673474
673641
673788
673880
673930
674111
674299
674343
674451
674465
674506
674627
674636
674781
674783
674803
674865
674916
674931
674943
675012
675085
675189
675321
675326
675414
675448
675538
675615
675697
675829
675869
675902
675928
676071
676140
676157
676207
676211
676225
676255
676277
676607
676661
676808
676865
676926
677190
677220
677395
677569
677667
677693
677767
677902
677977
678057
678129
678170
678225
678301
678399
678412
678512
678548
678646
678692
678789
678882
678946
679180
679182
679238
679246
679249
679399
679656
679709
679873
679997
680008
680103
680454
680582
680595
680713
680999
681088
681249
681444
681487
681507
681572
681622
681652
681729
681779
681967
681987
681995
682005
682013
682133
682163
682707
682737
682769
682784
682818
682828
683185
683380
683463
683501
683563
684034
684118
684199
684211
684222
684339
684829
684860
684923
684999
685000
685020
685063
685543
685623
685746
685779
685845
686094
686108
686291
686369
686794
686800
686859
686945
686958
687382
687407
687455
687494
687610
687734
688002
688074
688150
688253
688291
688317
688483
688598
689080
689161
689226
689251
689489
689821
689831
690077
690303
690311
690417
690712
690822
690851
690972
691147
691307
691645
691716
691931
691962
691984
692251
692685
692687
692768
692800
692878
693001
693164
693434
693452
693725
693773
693892
694059
694294
694536
694687
694712
694800
694827
695167
695572
695611
695791
695835
695913
696394
696417
696462
696475
696495
696525
696638
696959
697009
697053
697067
697133
697142
697186
697449
697544
697685
697798
697832
697879
697884
697993
697995
698152
698246
698267
698270
698482
698634
698650
698706
698911
699041
699094
699098
699183
699211
699232
699299
699338
699402
699499
699638
699849
699967
699983
700101
700107
700141
700296
700550
700569
700620
700639
700702
700777
700778
700784
700795
700823
700875
700998
701001
701090
701151
701326
701408
701451
701463
701517
701618
701648
701684
701785
701794
701892
702056
702157
702269
702492
702519
702578
702663
702995
703022
703304
703326
703460
703477
703664
703689
703723
703890
704536
704651
705249
705285
705306
705500
705538
705627
705962
705994
706181
706271
706311
706518
706645
706653
706792
706823
706993
706998
707078
707330
707352
707406
707433
707436
707470
707517
707546
707582
707650
707773
707819
707966
708100
708100
708223
708279
708296
708352
708430
708465
708546
708549
708775
708924
708936
709110
709147
709236
709255
709288
709455
709570
709619
709653
709698
709698
709925
710072
710098
710303
710330
710363
710558
710716
710779
710805
711001
711096
711096
711110
711115
711181
711265
711324
711401
711556
711577
711620
711705
711805
711863
712248
712249
712297
712318
712333
712518
712571
712782
712842
712859
712880
712960
713082
713122
713135
713305
713362
713507
713531
713728
714042
714126
714345
714352
714510
714524
714656
715025
715226
715292
715340
715344
715488
715743
715861
715973
715987
716102
716171
716262
716341
716412
716433
716463
716520
716593
716689
716691
716785
716864
716901
716908
717202
717241
717473
717513
717546
717585
717840
717886
718014
718033
718149
718221
718317
718404
718460
718482
718543
718556
718694
718836
718876
719093
719127
719265
719609
719756
720022
720100
720970
721017
721080
721168
721223
721378
721412
721659
721662
721692
721747
721772
721820
721846
721933
721947
722163
722184
722207
722308
722319
722327
722339
722506
722548
722640
722695
723015
723063
723069
723410
723462
723601
724188
724340
724371
724401
724434
724477
724664
724729
724855
724906
725200
725241
725400
725492
725688
725726
725878
726227
726328
726542
726556
726795
726797
726831
726842
726960
727149
727286
727306
727419
727658
727732
727859
728490
728530
728794
728900
729227
729293
729393
729423
729642
729751
729754
730016
730179
730323
730338
730367
730398
730413
730493
730648
730685
730731
730774
730878
730917
730944
731229
731243
731327
731373
731464
731512
731686
732128
732152
732214
732353
732474
732555
732585
732596
732627
732806
732979
733023
733065
733115
733244
733258
733396
733402
733459
733462
733769
733780
733827
733851
733881
733895
734026
734171
734242
734330
734406
734513
734550
734717
734717
734736
734779
734939
735079
735643
735665
735762
735781
735906
735975
736050
736241
736410
736425
736495
736499
736539
736569
736693
736747
736875
736997
737045
737174
737254
737283
737395
737424
737441
737483
737553
737614
737724
737737
737843
737855
738264
738412
738429
738567
738818
738891
738902
738921
738922
738978
739149
739171
739289
739307
739315
739574
739604
739674
739767
739806
739876
740090
740265
740358
740582
740589
740627
740740
740827
740876
740892
740958
741238
741368
741378
741487
741541
741584
741704
741725
741734
741739
741822
741836
741952
741974
741998
742042
742134
742173
742272
742361
742431
742475
742554
742570
742911
742952
742973
743195
743281
743405
743452
743546
743819
743822
743849
743994
744044
744155
744399
744452
744488
744660
744708
744715
744905
745024
745207
745220
745390
745399
745559
745662
745873
746322
746445
746467
746519
746533
746587
746623
746653
746707
746771
746805
746966
746998
747121
747134
747146
747170
747343
747633
747756
747865
747897
748024
748157
748461
748512
748547
748565
748618
748629
748720
748735
748750
748780
748994
749004
749016
749079
749089
749164
749214
749222
749241
749333
749391
749430
749579
749720
749726
749778
749839
749877
749906
749980
750124
750409
750511
750706
750874
750903
750954
750965
751001
751174
751200
751219
751292
751417
751881
751911
752085
752108
752129
752131
752138
752191
752217
752245
752263
752418
752488
752521
752629
752921
752983
753018
753488
753495
753532
753556
753653
753666
753734
753811
753833
754018
754031
754093
754219
754251
754413
754455
754472
754590
754979
754985
755064
755211
755324
755325
755398
755430
755483
755575
755787
755798
755892
755893
755934
756002
756183
756184
756193
756240
756566
756680
756733
756899
757015
757175
757267
757371
757412
757454
757933
758075
758258
758382
758398
758527
758541
758707
758817
759015
759061
759135
759152
759168
759272
759310
759327
759639
759673
759709
759899
759976
760174
760184
760239
760276
760428
760471
760555
760568
760618
760812
760851
760891
760968
761021
761085
761117
761119
761120
761158
761374
761551
761579
761729
761743
761838
761867
761988
762154
762303
762347
762609
762770
762801
762882
762944
762971
762974
763081
763136
763423
763448
763465
763552
763855
763895
763939
763995
764190
764297
764421
764756
764770
764795
764816
764822
764904
764934
764949
764967
764995
764999
765088
765180
765231
765235
765269
765290
765336
765513
765526
765578
765646
765750
765858
766001
766171
766301
766324
766371
766396
766575
766723
766964
767101
767119
767389
767433
767435
767797
767836
767934
768072
768079
768128
768288
768327
768389
768457
768459
768590
768627
768762
768958
768999
769022
769163
769180
769196
769459
769475
769576
769591
769647
769814
770041
770181
770414
770416
770438
770673
770696
770805
770833
770947
771103
771121
771149
771250
771400
771445
771461
771473
771477
771527
771566
771587
771638
771686
771707
771742
771751
771805
771836
771910
772013
772046
772133
772478
772524
772535
772575
772587
772618
772647
772682
772790
772806
772818
772894
772910
773007
773017
773273
773360
773464
773476
773537
773575
773654
773694
773751
773798
774066
774151
774240
774667
774705
774754
774861
774886
775121
775134
775335
775608
775643
775673
775787
775898
776042
776057
776108
776152
777101
777159
777212
777310
777399
777498
777508
777543
777714
777729
777788
777900
777910
778003
778191
778205
778330
778348
778832
779197
779272
779381
779524
779599
779638
779787
779906
779937
780268
780296
780490
780527
780573
780660
780666
780679
780784
780884
780949
781124
781218
781386
781421
781426
781546
781581
781620
781685
782020
782088
782092
782108
782162
782292
782575
782630
782649
782659
782752
782830
782885
783133
783163
783250
783336
783746
783952
783981
783986
784126
784154
784537
784661
784664
784664
784757
784786
784820
784986
785038
785062
785085
785510
785649
785659
785666
785684
785873
785913
785926
785943
786117
786202
786447
786498
786556
786581
786711
786954
787123
787217
787326
787581
787604
787719
787738
787959
788145
788262
788565
788649
788883
788902
788911
788952
789268
789500
789751
789762
789770
789937
790390
790487
790563
790720
790811
790921
790979
790993
791082
791131
791273
791297
791769
792223
792406
792591
792674
792708
792940
792953
793103
793158
793201
793209
793270
793442
793575
793680
793787
793865
793875
794041
794072
794119
794135
794167
794312
794358
794372
794521
794657
794659
794877
794911
795551
795579
795756
795840
795923
795968
796027
796249
796315
796345
796642
797198
797652
797667
797690
797733
797777
797846
797863
798146
798322
798412
798724
798750
798902
798948
798989
798994
799054
799057
799123
799306
799641
799669
799736
799817
799833
799915
800241
800344
800368
800637
800825
800868
800887
800936
801177
801349
801390
801452
801608
801657
801660
801767
801882
801938
801948
802048
802055
802449
802539
802761
802826
802885
802967
802995
803261
803291
803324
803477
803589
803739
803972
804121
804252
804287
804491
804504
804545
804658
804719
804760
804938
804987
805224
805253
805264
805671
805754
805932
806010
806012
806120
806199
806274
806279
806385
806489
806531
806551
806773
806798
806965
807146
807178
807316
807389
807506
807542
807567
807583
808684
808840
808966
809107
809197
809239
809484
809663
809697
809843
809868
809901
810162
810171
810240
810277
810519
810699
810726
810727
810815
810857
811032
811216
811295
811409
811462
811485
811591
811598
811619
811749
811786
811838
811860
811924
812056
812418
812457
812586
812693
812732
813007
813024
813029
813047
813111
813256
813274
813348
813645
813695
813832
813843
813887
813948
814175
814180
814216
814327
814489
814547
814581
814823
814842
814844
814917
815174
815283
815389
815433
815500
815515
815524
815632
815635
815642
815664
815680
815754
815919
815955
816034
816158
816250
816283
816322
816428
816521
816537
816628
816948
817067
817243
817413
817479
817540
817560
817597
817689
817783
817818
817826
818040
818260
818324
818507
818641
818741
818781
818837
818847
818857
818890
818986
819067
819137
819325
819341
819482
819556
819691
819700
819903
820001
820183
820431
820511
820520
820574
820596
820721
820758
820762
820804
820982
821063
821076
821100
821326
821350
821506
821566
821669
821868
821943
822030
822208
822233
822252
822486
822491
822526
822575
822687
822715
822718
822797
823051
823150
823384
823914
823918
824019
824033
824111
824128
824251
824354
824380
824409
824475
824499
824506
824544
824569
824789
824897
824916
825041
825230
825308
825505
825536
825847
826020
826091
826286
826848
827012
827280
827325
827376
827613
827701
827709
827711
827803
828178
828200
828244
828249
828285
828392
828412
828482
828496
828532
828547
828756
828793
828988
828998
829044
829100
829127
829235
829307
829498
829701
829885
829919
829947
830301
830402
830511
830538
830543
830813
830832
830852
830863
830902
830976
830979
831061
831242
831561
831573
831600
831738
831745
831773
831851
832067
832108
832173
832174
832360
832434
832648
832854
832933
832996
833134
833240
833410
833648
833691
833956
834000
834026
834143
834170
834196
834197
834251
834551
834865
834923
834985
835059
835138
835146
835208
835298
835350
835427
835499
835683
835768
835809
835855
835893
836146
836346
836442
836445
836571
836700
836768
836863
836889
837014
837258
837290
837337
837431
837635
838041
838122
838142
838173
838204
838216
838312
838325
838553
838729
838730
838749
838851
839012
839708
839848
839889
839975
839989
840038
840124
840127
840128
840204
840372
840375
840694
840712
840806
840862
840867
840900
841052
841190
841212
841307
841335
841484
841818
841839
842116
842142
842168
842339
842526
842644
842743
842886
843008
843632
843641
843797
843822
843822
843840
843924
844113
844229
844465
844497
844680
844759
844863
844883
844900
844938
845130
845174
845343
845426
845436
845456
845637
845664
845780
845979
846428
846439
846618
846643
846644
846671
846891
847086
847283
847385
847416
847497
847520
847838
848056
848421
848577
848772
848801
848873
848894
848984
849014
849048
849145
849168
849257
849355
849587
849691
849763
849827
849998
850148
850198
850253
850314
850388
850477
850577
850711
850720
850758
850931
850940
850959
850988
851054
851196
851332
851409
851438
851525
851722
851831
851860
851923
851997
852328
852353
852402
852419
852483
852563
852592
852622
852677
852807
852921
852929
853065
853123
853161
853164
853411
853412
853610
853617
853659
853807
853897
853925
854153
854203
854221
854289
854332
854353
854411
854666
854684
854704
854932
855023
855223
855313
855489
855518
855744
855760
855943
855988
856116
856203
856237
856267
856312
856582
856663
856663
856784
856951
856984
857027
857029
857058
857124
857158
857317
857533
857677
857815
857834
857862
857877
858031
858037
858233
858312
858329
858470
858510
858752
858910
858970
859014
859061
859655
859709
859742
859755
859940
859959
859975
860001
860050
860118
860305
860312
860325
860424
860444
860452
860684
860853
860988
861127
861348
861461
861472
861826
861832
861867
861884
862032
862081
862211
862307
862528
862586
862713
862764
862837
862898
862932
862942
862952
862965
863028
863087
863151
863160
863231
863239
863314
863370
863480
863680
863996
864029
864059
864244
864267
864377
864522
864668
864688
864690
864753
864757
864851
865079
865174
865231
865251
865261
865276
865353
865419
865642
865709
865852
865895
866049
866101
866116
866216
866287
866379
866499
866629
866670
866773
866776
866786
866841
867064
867087
867094
867224
867262
867291
867326
867480
867499
867616
867687
867730
867872
867877
867917
867927
867991
867997
868001
868042
868104
868228
868359
868373
868565
868943
869020
869095
869116
869160
869283
869385
869417
869500
869558
869596
869610
869729
869761
869839
869914
870074
870108
870622
870691
870762
870802
870866
871212
871433
871569
871601
871609
871651
871707
871745
871868
871871
872003
872015
872306
872391
872486
872601
872711
872749
873087
873090
873235
873282
873282
873388
873417
873582
873690
873707
874093
874340
874502
874533
874587
874604
874730
874808
874825
874892
874941
875110
875150
875194
875317
875583
875682
875784
876102
876187
876192
876208
876268
876281
876341
876798
876858
876927
876961
877069
877106
877352
877367
877474
877531
877774
877798
877809
877878
877890
878158
878373
878482
878773
878849
878890
879107
879534
879679
879719
879901
879911
880026
880146
880174
880186
880211
880684
880788
880793
880877
880936
881084
881279
881361
881393
881400
881436
881510
881716
881802
882040
882076
882150
882286
882307
882398
882449
882654
882812
882847
882910
883037
883323
883346
883367
883425
883444
883562
883592
883593
883801
883916
883942
884001
884084
884107
884493
884590
884596
884644
884790
884847
884876
885011
885094
885274
885291
885390
885670
885731
885873
885919
885934
886127
886147
886185
886439
886554
886773
886818
886921
886934
886973
887361
887387
887455
887458
887677
887863
888477
888689
888786
889115
889164
889207
889220
889356
889567
889710
889712
889742
889826
889905
890063
890077
890169
890248
890283
890339
890384
890478
890482
890716
890812
890996
891257
891538
891624
891687
891857
892129
892303
892501
892604
892612
892666
892776
892839
892841
893132
893226
893379
893475
893571
893704
893835
893851
894187
894247
894367
894476
894554
894668
894728
894755
894796
895094
895299
895458
895463
895559
895575
895628
895642
895834
896154
896349
896840
896882
896972
897023
897425
897549
897567
897597
897631
897703
897724
897843
897922
897935
898024
898041
898328
898528
898566
898588
898605
898756
898829
898960
898981
899014
899184
899189
899266
899442
899680
900057
900123
900168
900608
900695
900768
900785
900887
900939
900966
901044
901121
901209
901228
901239
901341
901376
901662
901882
901959
902019
902199
902286
902298
902374
902415
902568
902686
902942
902977
903376
903488
903510
903753
903809
903824
903981
903983
904086
904283
904315
904422
904495
904879
904899
905022
905401
905489
905584
905914
905985
906015
906469
906546
906680
906718
906913
906994
907182
907240
907265
907329
907369
907487
907509
907607
907815
907968
908122
908276
908284
908310
908367
908376
908484
908510
908542
908683
908716
908970
909047
909174
909179
909353
909599
909641
909663
909692
909765
909777
909811
909947
909985
910007
910033
910083
910086
910166
910175
910179
910383
910406
910463
911176
911348
911682
912444
912577
912753
912860
912879
913103
913255
913361
913624
913631
913646
913843
914052
914208
914250
914363
914583
914587
914618
914751
915015
915045
915069
915193
915212
915220
915235
915331
915415
915485
915700
916049
916214
916454
916469
916524
916681
916694
916786
916995
917015
917059
917060
917105
917120
917687
917714
917767
917960
918248
918283
918392
918441
918466
918594
918633
918656
919008
919025
919352
919353
919445
919614
919633
919700
919728
919789
920163
920183
920192
921078
921191
921313
921339
921383
921480
921480
921498
921526
921563
921733
921751
921781
921834
921868
921983
921993
922035
922119
922304
922364
922383
922619
922651
922747
923035
923086
923292
923306
923479
923494
923540
923606
923933
924047
924068
924124
924272
924272
924308
924364
924364
924430
924527
924742
924859
924867
924878
925090
925208
925287
925322
925672
925838
925883
926002
926168
926252
926276
926369
926391
926470
926721
926776
926825
926917
927025
927285
927655
927692
927985
928034
928052
928146
928251
928294
928472
928473
928662
928666
928777
928826
928906
928914
928960
929039
929059
929117
929331
929362
929436
929455
929603
929651
929844
929919
930078
930247
930293
930318
930343
930507
930590
930686
930720
930914
930941
930952
930971
931150
931177
931372
931422
931457
931504
931577
932002
932060
932227
932573
932626
932661
933014
933059
933623
933640
933815
933837
933861
933900
933929
934002
934030
934053
934073
934287
934334
934432
934507
934524
934530
934530
934566
934595
934605
934631
934691
934810
934907
935001
935219
935319
935330
935482
935654
936108
936276
936371
936410
936519
936590
936818
936845
936920
936932
937253
937339
937448
937625
937824
937887
938048
938092
938103
938145
938150
938216
938251
938338
938393
938558
938661
938826
939085
939115
939135
939289
939442
939444
939489
939490
939600
939611
939644
939760
939831
939974
940019
940149
940277
940425
940438
940440
940481
940516
940577
940581
940611
940707
940728
940745
940842
940875
941174
941378
941480
941490
941644
941678
941919
941964
942128
942256
942295
942448
942507
942513
942555
942706
942751
942782
943249
943345
943456
943501
943611
943812
943828
944041
944079
944100
944150
944183
944194
944306
944323
944341
944481
944502
944538
944542
944649
944699
944762
944787
944894
944981
945006
945092
945117
945148
945266
945275
945423
945685
946028
946094
946177
946178
946412
946424
946505
946516
946588
946694
946740
946812
946911
946919
946938
946948
947026
947110
947121
947126
947130
947211
947223
947226
947298
947495
947677
947761
947772
947876
947914
947975
948017
948159
948178
948265
948287
948312
948324
948417
948550
948732
948775
948935
948939
948943
949453
949613
949789
949915
950103
950137
950154
950163
950189
950509
950664
950707
951042
951053
951122
951124
951141
951397
951814
951877
951901
952050
952279
952302
952363
952378
952462
952621
952660
952810
952902
953004
953351
953685
953704
953871
953968
954007
954021
954072
954166
954214
954555
954598
954671
954815
954840
954919
955177
955246
955498
955795
955992
955996
956091
956203
956211
956314
956464
956488
956819
956875
956903
956956
956996
957101
957109
957341
957369
957473
957582
957594
957652
957761
957770
957781
957985
958261
958311
958461
958505
958829
958890
958936
958953
959221
959404
959455
959505
959541
959657
959804
959833
959847
959906
959952
960046
960211
960458
960560
960724
960888
960997
961085
961297
961303
961370
961373
961425
961638
961745
961803
961863
961943
962067
962168
962204
962301
962670
962684
962705
962720
962820
963034
963163
963392
963635
963666
963690
963787
963868
963884
963916
963938
964097
964340
964720
964773
964797
964814
965003
965224
965263
965265
965326
965448
965517
965729
965730
965746
965770
965813
965904
966007
966038
966347
967239
967311
967398
967500
967632
967753
968090
968092
968114
968193
968262
968278
968336
968463
968491
968582
968788
968942
969005
969145
969253
969281
969351
969377
969433
969435
969537
969628
969766
969954
969986
969991
970055
970162
970337
970376
970496
970636
970776
970822
970942
971106
971114
971134
971199
971229
971231
971361
972062
972066
972076
972077
972114
972238
972322
972463
972581
972599
972722
972763
972767
972908
972937
972982
973158
973196
973311
973328
973349
973394
973578
973766
973888
974011
974085
974097
974109
974149
974225
974258
974397
974414
974468
974493
974588
974737
974840
974854
974861
974878
974952
975252
975389
975512
975539
975744
975834
975984
975993
976033
976220
976307
976392
976445
976602
976646
976708
976723
976812
976979
976987
977045
977064
977087
977123
977371
977458
977533
977627
977647
977786
977859
977874
978251
978604
978750
978781
978795
978798
978808
978932
979105
979131
979148
979182
979287
979342
979411
979464
979493
979782
979814
979889
979915
980021
980034
980064
980196
980390
980458
980470
980567
980868
980934
980988
981021
981129
981213
981219
981269
981278
981426
981770
981806
981811
981817
981820
981952
982018
982080
982146
982177
982299
982420
982484
982493
982562
982828
982867
983068
983211
983246
983249
983308
983379
983564
983580
983686
983755
983757
983785
983938
983967
984000
984130
984132
984308
984321
984396
984404
984406
984413
984569
984625
984880
984976
985008
985239
985305
985543
985588
985725
985771
985872
985892
985957
986141
986191
986203
986509
986597
986799
986864
986947
986999
987008
987024
987030
987354
987385
987425
987756
987777
987842
987862
988179
988260
988264
988267
988309
988323
988353
988478
988506
988683
988774
988865
988892
988961
989149
989391
989403
989884
989953
989994
990006
990012
990019
990075
990097
990138
990429
990543
990564
990634
990709
990771
990858
990875
991153
991258
991297
991339
991386
991524
991557
991573
991672
991794
991830
991857
991876
992190
992428
992515
992518
992556
992577
992609
992615
992934
992938
993028
993055
993084
993150
993244
993410
993431
993506
993554
993563
993564
993578
993609
993614
993659
993757
993832
993839
993909
993983
994016
994027
994069
994247
994579
994732
994992
994994
995078
995182
995245
995413
995451
995525
995649
995687
995906
995912
995978
996029
996443
996745
996755
996766
996795
996822
996873
996881
997061
997701
997721
997849
997865
998057
998100
998104
998126
998203
998484
998491
998734
998834
998924
998956
999099
999243
999352
999587
999777
999789
999849
999873
999989
