1000
-217930
44241
-432676
-834753
-757188
-309597
81658
-697092
-802501
154020
744620
168728
-483270
-500895
30833
296828
31050
-198738
-321772
-93674
533719
657783
-406080
418066
989765
-759211
891395
-182311
-832880
595331
509544
-417921
128140
-624870
560682
884073
162560
-600828
949378
-301309
977294
78831
321047
-518909
903821
561341
611744
294296
371677
-650810
-999068
-957769
337506
-469784
-568932
-75591
-398478
269381
182811
-301187
-957668
-998791
396806
320973
652195
649365
42890
-830153
-44582
-238185
81491
-770530
-262548
685744
-451519
-529943
421639
612186
-802619
-642936
-348757
-19489
241872
-54955
-775023
331965
633113
-176311
-324929
749243
-222120
-645791
194382
886597
-488040
-992959
452445
-640189
221837
784077
852747
691341
-425997
-119345
-98654
237352
-180442
145292
-796982
531609
-593590
127202
518628
-363301
929209
-624032
590611
-543345
446676
361472
179056
-359720
622360
71477
-460109
819457
558705
560086
-540070
286039
932389
-127552
316215
489437
661232
-990994
-940233
397881
-418745
242542
-695202
-710672
-212889
-167906
-149621
171746
-338425
-636695
-832617
253566
276694
-123
102952
-651455
-413159
-58186
-112368
301479
-43936
788957
506976
-151840
887835
-388860
-138709
-560767
-820052
-99198
-426482
954188
-283358
-850842
322374
-101230
-774316
742304
-202186
928247
-308750
158649
627375
456698
858050
312681
986201
454744
-668531
714252
-947493
-821945
695865
-616800
653074
-441889
-318800
-105867
470628
597115
917779
-926900
-951666
-272624
162567
-882227
306130
-422933
-279469
726719
-721238
837410
136575
927369
-652144
-941627
-211209
-814146
-665918
705785
-480371
921073
-538221
423820
429573
-14306
-88075
691577
-265065
578919
876367
-165263
438377
336272
-849045
608556
951877
560880
875737
952053
111801
412665
-870995
-413756
-840505
-508934
217897
-359417
962433
574416
671698
352341
379291
-18331
287099
34107
244461
-275692
-572216
-347871
116844
238329
-469121
-927571
-710729
-613319
314722
-248484
600468
390847
-767826
29486
-941464
-586887
-433384
-883282
429513
-172259
-49226
-929451
201910
979502
-86582
538033
640259
766622
607074
129639
-402319
439121
208258
-153295
88580
-711864
241732
-82623
132092
-146858
-931388
-816494
91948
988081
-418437
876322
925838
939404
-655163
688504
-164769
653649
14234
458521
839124
-932515
-898337
-455949
483924
-964592
563953
315117
-109295
-902326
-452105
-694758
244984
-678509
-918861
238033
328336
-981947
517528
-366372
-893430
-390191
439054
-713331
256453
-668937
668418
627250
-254030
356381
-741438
391986
287360
550533
-95306
-670730
-64877
607654
-713922
-703751
-193518
880862
412035
878445
-302144
93883
-958642
104633
-776136
-100500
848487
-925535
-893876
531761
978400
-933730
287421
836246
-662117
201108
762666
-782630
-390953
133335
-874907
957855
837657
-820343
-725815
428764
646211
-800792
-376357
654843
-787903
-169511
35598
904433
559599
-65629
-156310
818024
710786
669203
-214025
-694841
-397107
-923879
-613790
279927
835333
-415325
-322920
-64365
565610
16635
-619181
-778812
-616019
217098
-755790
-345966
-366491
487265
-853067
-228021
-564632
266672
469332
729
589934
246595
-895141
-18867
298385
544536
822773
73620
698559
-380199
-681749
987957
-728454
254295
-926604
-632164
701553
54956
78583
209420
-313855
471999
-118053
331721
967261
-812336
-173687
852684
307136
355149
-615195
158483
-400467
346927
51217
772022
-845359
267734
-669773
154537
-462425
-82678
-642965
296343
610785
-397218
647018
438696
508495
-517528
-677363
-274603
-743436
-101918
-741896
-75699
456816
-586097
-279616
-367432
598412
-628632
750750
474000
129738
-977083
544391
-922594
-882660
-357748
-714044
-533846
-892752
-568035
-100232
-422674
-563174
759695
-158428
-718203
189777
300593
-300987
-583542
-117673
2325
-403048
80116
-264686
428546
-557014
124936
-867601
562769
578797
-889167
799693
-633875
-755919
725658
-312555
-750764
-699239
-793843
-749339
226657
-382966
924106
-429204
-150948
722519
450613
508615
786948
302904
-262182
419228
25830
-742596
-761711
775930
-705201
-272780
986110
884062
690497
-904600
996286
-55825
777938
-312778
833764
-58142
937857
-750771
347586
243966
652683
662577
-901809
983019
243087
197160
544059
-952856
785365
330549
-807799
-51260
-671616
-405428
532630
-523616
-576363
163988
-352690
961555
-334602
380187
-836024
582240
787608
-918816
289542
32228
-883778
306981
49969
270629
-614222
862785
701338
796862
912525
-878982
338007
142186
215263
198860
110280
227532
735473
-587217
-832347
-912922
992364
969907
-923880
-889678
-581364
-658656
-487648
-641050
-995963
-368305
-983850
-344663
-370018
551752
685243
-899106
-114550
770258
706560
847785
-103763
622401
317705
-725891
-811500
928282
460254
893662
-687781
252476
-227119
-102733
-899467
-110043
-38552
-782506
-401063
451145
-631910
448900
-507654
-472858
-686364
473118
975134
725160
-905001
-3991
-929083
370690
786294
419999
844884
585974
-755251
190260
4379
339053
82103
624088
174482
-686507
297425
872288
-301810
311084
322896
627831
739917
-234176
403574
606436
63485
-877017
772051
-105010
-639827
923648
-266641
-956519
119113
-756859
-770844
-9436
-668956
-322066
-269868
-483356
-533916
827715
-822432
97454
797393
456010
-654914
-233245
-217771
779681
188137
-337454
47759
569087
496627
-826684
-51370
462145
-21775
-635906
-61400
-820244
-643602
810276
-91571
-234511
202391
-541336
-795416
-585814
761071
-382738
-231847
-202727
46477
-731577
650120
6099
563806
123415
615493
-284508
-961164
498286
-574584
-591268
-958388
-263455
131741
-609981
-79398
65906
-137987
324856
347594
670390
-24797
546300
-684239
-753780
695515
-393645
-14671
901656
109555
845862
-24462
-60741
273800
-594758
-127391
747977
495723
968441
-164496
-399009
393723
-54320
623274
-163572
-643542
-494828
264407
862542
548205
539827
521437
-608434
-275985
896579
320469
610542
265126
-791382
935301
-835767
679393
958727
-776769
-479995
976356
-732144
-715141
-739061
-377233
763718
-672452
-101377
-170144
-713626
-277270
880661
-762031
-222496
343264
208984
261460
42715
356114
-11783
-56932
-700025
-827638
38751
-668852
561693
-410003
-447848
15036
-107188
-358580
-795963
-171241
-90689
-34108
505084
239662
-873513
-420331
-922801
694533
-925765
-356848
496330
-795564
648340
147925
-672655
403326
-501127
488211
691660
-410019
791122
-472518
-636885
-883141
-774078
308311
-143627
-2656
-820359
301145
-131583
696540
-481995
-8834
-120824
-892967
830025
-40654
95592
918890
830266
-750187
-196099
-213490
-115851
873298
-843685
573289
464614
522025
503976
-209713
945155
-215375
-875665
238765
-278038
836523
743169
217894
750274
-755376
-699398
212170
133243
-171174
-319353
-992106
244690
-743917
-870439
-190819
-299518
-814368
204245
229404
-338693
916921
805870
-377656
-119687
8992
881674
18947
-942963
-68447
-664590
-8469
-933418
-145326
-372804
-459269
32347
965169
-997567
-548388
-863142
610051
29746
417916
696380
-647211
-97897
-650924
311768
365673
-738515
-657574
391488
-879367
-638044
906852
770654
-430601
898760
886739
-898001
900592
-115946
128424
-661413
153035
232628
-240683
680188
852875
123646
-271311
-169868
36822
-238361
-744122
691039
-961255
727364
-42716
-923576
673444
713483
830090
233136
-15150
233572
65319
512959
350334
584856
268465
120858
-807457
-653130
-384519
771603
222833
710188
-893463
620191
-291747
-245086
930240
-551177
-819320
896790
-833787
273832
298836
-611888
-467392
-106382
329788
-580380
295113
802575
202968
