100
1107
4746
15323
18389
35825
57165
57490
63961
70243
71103
82170
83619
90586
92133
92897
101246
112209
122767
133831
133946
138533
152191
158339
160743
163837
164998
177329
180629
219207
229678
269970
278452
281105
323382
342040
354774
363740
369628
371350
375250
381345
382423
401916
407426
422004
428775
440352
453075
465616
467886
491361
496101
500748
542596
545681
565450
567883
575051
576299
576886
589638
590005
596623
604706
609141
631565
632006
665236
708650
717577
727083
738570
749560
751426
754870
762141
772070
774714
787216
787376
801961
804549
807844
819818
826105
846161
854730
856268
879949
888040
932582
933344
950819
953073
957045
958567
958588
965078
983855
997357
