1000
718
6164
7243
8917
9614
11437
12840
13492
13687
15154
18483
18848
19167
22448
23441
24058
25591
27268
27625
29446
29603
30814
31731
33626
33742
34090
35489
37185
38427
38501
39509
41169
42488
42779
43170
43460
44317
44380
46659
48879
49089
49572
50142
52041
52801
53881
53931
54484
54863
56755
56903
57516
62366
63497
66289
67193
68582
69016
70448
71565
71690
73043
74338
77791
78422
78656
78937
79088
79925
80598
80769
81147
81325
81895
83061
83610
83719
84820
85105
86189
87119
89483
89759
90147
91508
92651
93924
94744
95307
95539
99313
101139
101362
101441
102572
103814
104654
104895
105232
109107
109217
109564
114206
114961
115236
115316
115801
115909
119318
122402
122561
123122
123891
125236
125561
125819
126111
127176
127453
129860
130592
131453
133824
134070
134240
135896
135940
136461
136533
136625
137374
137892
138719
139697
140591
141231
145121
145150
146247
147162
147835
149097
151565
154875
154990
155657
156849
156893
157186
157729
157772
158879
162456
162974
163161
163982
164498
164673
165735
167088
167800
167819
168672
170574
172257
172686
173767
173776
174344
174767
179267
179798
183298
183851
184272
184912
185178
185257
185573
185734
188899
188927
191329
191541
193894
194729
197622
197634
200010
200024
201304
205305
206480
207520
209251
210794
212134
213768
218536
219477
219497
219955
220652
223042
225342
225345
226229
226885
227422
228930
231000
233519
235075
235713
236202
237585
237992
239449
239780
239963
241339
242187
242613
243084
243842
246394
247387
247714
249839
252372
253267
253731
255070
256095
256227
257504
257817
258592
258849
258985
259017
259237
259755
259805
259914
260926
261348
261504
261731
261856
262325
264593
265883
265973
266023
266709
268417
268742
270547
272206
272608
273253
273666
276983
277967
278241
278420
279184
279650
281148
281703
281983
282011
282396
283013
283747
284023
284379
284444
287790
288885
289019
290224
290984
291977
292963
292969
296450
297941
299612
301679
302497
302840
306386
307452
307982
308919
308947
309555
312255
313212
313749
315029
316377
316484
316694
317654
318373
319612
320640
320923
321495
321505
323201
323840
325333
325773
326229
326445
328775
329413
330701
332559
333152
333271
334711
335954
336878
337316
338674
338891
341436
341707
343790
344434
345750
349669
351172
351560
351772
352608
352782
352939
353497
354313
355091
356639
356738
357353
357705
357947
358079
359109
359812
361115
362150
362925
363187
364101
364914
365377
369487
371745
372457
373103
373515
373610
374490
374645
375305
375792
377319
377700
377772
379325
379426
379745
383281
383294
383914
385236
387937
388392
390663
391483
392848
392876
392937
394592
394941
395906
395984
395991
396727
397026
397557
399440
399958
400301
402612
403183
403557
403664
406532
408127
408476
410369
410468
412058
413396
413850
415454
415851
416705
417054
417259
417573
418215
419262
420062
420710
421232
421323
421452
422472
422886
423062
425078
426119
426530
426877
426975
429274
431067
431396
431477
431608
432122
433093
434060
434222
434580
437199
438464
442173
442992
444158
448472
448519
449558
450680
450841
452167
453597
454347
454698
456783
458498
458624
458671
459567
459790
459933
461575
461717
462189
463701
463785
464007
465717
467746
468090
470418
470822
472814
474182
474471
476672
478392
478854
479508
480246
480420
480681
481614
481683
482281
483244
483692
484384
485391
485450
486796
488515
488728
490108
490203
490847
491474
491551
491773
493043
493812
493884
494595
495291
496783
497308
497600
499286
500005
501162
501345
501876
502916
503212
504976
507680
509368
510364
511317
512770
513328
513520
514990
517026
517354
517566
518027
520293
521992
522337
524209
524280
524336
524985
525391
525419
525461
526264
527429
527537
528124
528391
529141
530506
531652
534785
536825
537174
538992
539297
540153
540569
540842
540883
541608
542293
542575
544732
546150
546775
547241
549032
550048
551522
551845
555622
558794
559191
559609
559794
561933
564996
565725
566692
567883
568502
568752
568969
569560
569830
574392
574764
574827
574991
576624
578731
580327
582127
582352
582491
583501
583614
585929
586354
587455
589251
589893
590901
591299
596441
596740
597436
598190
599893
602705
604714
604938
605996
609687
610400
610891
610991
611165
611873
612241
613536
613644
614149
614993
616586
617978
617993
618646
618820
620138
620668
620763
620945
623225
623479
624749
626248
626825
630332
631877
633413
634301
635276
636399
641649
643339
645932
646349
647143
647542
648351
648836
649584
650144
651707
651946
652157
652315
652598
653098
654478
655852
656008
656331
658705
660610
663125
663688
663992
664786
665151
665213
665769
666906
667177
667418
667620
668070
668665
670788
670836
671995
672398
672985
673261
674681
675460
675781
676416
676955
678575
678700
678931
678954
679929
680496
680733
681819
683156
686458
688389
688829
689190
692290
692878
695146
696572
698012
700012
701374
704686
704782
705343
705907
706811
707796
708031
708494
708832
710347
713817
713998
715268
717700
718233
718577
719419
720923
721988
722236
722285
723238
723811
725376
726270
726979
727170
727757
728550
728918
730608
730625
733600
734833
736354
736373
737605
738380
743864
748294
748690
748924
751095
751308
751526
752017
752369
752383
753326
753540
755304
755738
756797
763843
764774
765496
766147
768093
769072
769112
769170
769331
769782
771924
774387
775052
775850
776062
777992
778424
778941
779333
780375
785028
785124
785487
785701
786669
787138
788820
792120
793346
793862
794825
794953
795849
796091
797697
798571
798822
800758
800859
801049
801559
802250
802322
804279
804381
804844
805058
806132
807269
808891
808990
812914
813340
814866
814981
815237
815946
816389
819496
819627
821272
824813
827118
828076
832453
833180
833936
833970
835712
836002
836168
836607
837012
837555
838192
839376
841366
841954
841983
845275
848095
848938
848959
849084
849110
849691
849864
850147
850239
851334
852055
852539
854550
854895
855954
858823
858905
858992
860596
861613
862243
865954
868315
870203
871875
873703
874048
877832
879039
880634
882674
883601
884726
884952
887663
888261
891866
893366
894129
899194
899982
900786
900821
900954
901417
901556
901805
901947
902006
906315
906344
907531
908277
908408
909671
910377
911038
911674
911989
913597
914397
915547
916350
918624
919249
921115
921765
922559
923144
923417
923819
924381
926684
927294
927760
928654
929298
929436
930605
930673
931956
933355
933438
933538
935018
935526
935578
935627
936335
937430
940053
940104
940720
941499
942299
942542
942677
948000
948715
948867
949086
949319
949864
949969
950056
951666
951810
951906
953278
954802
955728
956291
956895
956941
957006
958755
959846
960272
963021
963287
964468
964685
965051
965089
965259
968893
969898
969956
971801
971934
972033
972325
974256
974364
976496
976538
976779
977255
979507
982199
983138
987006
987096
989051
989691
989979
989984
990431
990659
990932
991369
991913
993311
994948
995046
995552
996120
996204
997261
998252
