1000
999942
996090
990239
983855
983427
981947
981578
979719
977044
976578
974774
973763
970242
962526
962437
961590
960474
958034
957623
957492
956471
956425
956414
951326
950155
947256
945031
943494
942899
942664
935927
933831
932592
929198
928998
928794
925516
923795
921568
919602
919324
919053
918600
916208
915974
907021
906192
905053
903936
903366
896313
894166
889193
888558
888285
887626
885875
883429
882384
876073
872848
869234
867272
864717
860854
860688
858745
856574
854323
844119
843724
836635
829678
829588
825557
825019
822831
822589
818489
817815
817765
817315
817029
816252
814298
811850
808899
808182
807962
799342
796129
795772
786060
785242
783373
780761
774396
773447
770576
766620
762383
762064
759312
758928
756081
754452
753098
751613
751499
748410
747640
747000
731241
729537
727727
725522
724857
723185
721217
719619
718505
717521
716880
713877
712289
711083
710290
709091
704948
703901
703136
702220
701655
699993
696927
695805
695750
695575
695248
694752
694020
693289
693037
692662
691526
690128
689050
683526
681415
681054
676934
674596
671927
671492
669535
665225
662945
661038
656891
655503
655436
648409
648402
644493
642271
638574
637406
637279
635728
635446
631520
631424
631124
627962
624525
619261
618235
617702
615214
610549
608493
606054
601657
596232
592323
590999
589798
589292
589135
586488
582439
582150
581722
580135
571890
571077
569472
562115
559725
559092
557488
552921
551813
551296
551046
550881
545724
545126
543882
543221
542149
538654
536754
533233
533130
530507
528853
527459
524595
519844
518958
516536
515583
515551
515254
514097
510526
506835
505918
500865
498605
494049
490206
489485
488878
482927
482822
482121
481068
479383
479059
478067
477113
476639
473989
473739
468243
466404
465040
462136
461304
461113
460426
460068
458541
457148
456991
456711
452718
451874
447150
445057
443127
440917
439863
438585
438465
438271
438101
435869
435021
434457
433512
432529
428298
422420
422372
420979
420307
419534
419301
418775
417823
417322
415047
409936
404291
399582
398436
396079
392362
391536
389989
387190
385595
381854
380724
375994
375834
373736
370856
370835
367733
364932
359456
355958
354123
352238
352004
350211
350186
345653
343872
341640
340049
337213
336981
336838
335476
332775
332087
330735
330308
326963
326807
324413
322712
320833
318995
318692
316562
314447
312561
312049
311190
308805
306706
303850
303404
303331
302227
301537
300983
297904
296222
293994
293556
291330
290976
287759
285861
285261
280313
277762
277709
277464
276266
266675
266596
259417
255721
253313
251988
249981
242529
242380
234508
228217
227210
226261
225626
222745
222042
220117
219524
219401
217724
216466
215529
210174
208345
205473
203840
202998
198209
198157
197359
197262
192217
187369
187217
183698
181893
177230
175343
173065
170533
168616
168143
162715
160220
159197
154723
152891
151513
150858
149657
149401
147655
147317
144408
144328
138088
138087
138036
133045
132674
131797
128427
125060
121985
120146
117350
112645
112170
109539
107370
107080
103166
102280
101462
100861
94375
93724
92839
92233
89929
87873
87183
85282
84519
81143
80797
72327
71085
69911
69176
68218
65939
64925
63633
62149
60823
59666
57784
55147
53741
53383
52401
50761
49864
49600
49262
48147
46869
44069
43651
38400
34438
32347
32118
31281
30955
30546
27584
26694
26276
25585
23138
19926
19620
19395
18589
11937
6972
2459
-1851
-1948
-2965
-5184
-7003
-9920
-10516
-11166
-14858
-16922
-18041
-19963
-21391
-21679
-22842
-24528
-26087
-28962
-29564
-30668
-33499
-34672
-35479
-45620
-48603
-50294
-53146
-55691
-57686
-63320
-63350
-65123
-65383
-66399
-67194
-70012
-73609
-74590
-76235
-76552
-77226
-78091
-83280
-83832
-92212
-93056
-96671
-98010
-100662
-100969
-105234
-106791
-108354
-108381
-113151
-115001
-115270
-116917
-119800
-124476
-125402
-125704
-128229
-128337
-129175
-135276
-137861
-138387
-140049
-140102
-144982
-147371
-148452
-154211
-160512
-160702
-160736
-162686
-165405
-166166
-169696
-171419
-171967
-173123
-176314
-176454
-177428
-178560
-179962
-179996
-186439
-186652
-187026
-187417
-190591
-194012
-194271
-197546
-199931
-200226
-200590
-201100
-202579
-204908
-205711
-209192
-215882
-216460
-219200
-220154
-228809
-228933
-229317
-229570
-235544
-238025
-240563
-242836
-243869
-244347
-244355
-247910
-250850
-253230
-253612
-254596
-255279
-258064
-260134
-263445
-264886
-264956
-265448
-266510
-270678
-272051
-275319
-275729
-277087
-280594
-282129
-282353
-284391
-285264
-289359
-291408
-291693
-296992
-297460
-297541
-299306
-300868
-303113
-305831
-306188
-306253
-308689
-309169
-310519
-311367
-312798
-318270
-318284
-318495
-318830
-320135
-323096
-324095
-324154
-325173
-326953
-333222
-333643
-335554
-335641
-338907
-342045
-346535
-347444
-348634
-351882
-351909
-352755
-352891
-352938
-353803
-354667
-359420
-360364
-360649
-361488
-362604
-362834
-364345
-366360
-367063
-367929
-369248
-371558
-372644
-377521
-377966
-383092
-384490
-385288
-385395
-386671
-389313
-391276
-393682
-394481
-395582
-396335
-400252
-401979
-402495
-403521
-404154
-410399
-419642
-423074
-424332
-427366
-428332
-435186
-435895
-438702
-442681
-443917
-445805
-449272
-450709
-454472
-454501
-456852
-460104
-460497
-462042
-464539
-464984
-465366
-465776
-465898
-474263
-476501
-476611
-478232
-478779
-481569
-483490
-483742
-485806
-487354
-491661
-491841
-491906
-494244
-495948
-496214
-500688
-501473
-504455
-505005
-505722
-509097
-509530
-511904
-519122
-520169
-521532
-523538
-523580
-524006
-526719
-528539
-529605
-533773
-535317
-537038
-537440
-539327
-540814
-544957
-546247
-547333
-547544
-548307
-550698
-551728
-554015
-556067
-557515
-559614
-560626
-566437
-566631
-571850
-572987
-573627
-573792
-574752
-576894
-577366
-577874
-577950
-585639
-586652
-588153
-591145
-591680
-593701
-593822
-597366
-599179
-600259
-601183
-607325
-608071
-609218
-609375
-610581
-611357
-612453
-613092
-614347
-614463
-615056
-629874
-633254
-634289
-635162
-637798
-638224
-639183
-641470
-642667
-645744
-647565
-647886
-649875
-650167
-651971
-654647
-655336
-658231
-659072
-659866
-660481
-663676
-665473
-667762
-668792
-671206
-671442
-671956
-674238
-677651
-680337
-682041
-685552
-691037
-694210
-695984
-697145
-697342
-701635
-704244
-707953
-708945
-709131
-711558
-721344
-726822
-730074
-732939
-733619
-734016
-734216
-738966
-739868
-741146
-743649
-753122
-755114
-756576
-759610
-762138
-762636
-762736
-762914
-765557
-765766
-767821
-776909
-777768
-778243
-778718
-781250
-782477
-783077
-787754
-791868
-791873
-797038
-799478
-800313
-801386
-802377
-802490
-803976
-804679
-805186
-805567
-805954
-807054
-810388
-812920
-815217
-816564
-818997
-822114
-822758
-822814
-823395
-827323
-829862
-830760
-831370
-832465
-833401
-834747
-834830
-835000
-835124
-836015
-836726
-836904
-838858
-840522
-840578
-847862
-851296
-852227
-855029
-856980
-858643
-863250
-866870
-871186
-876714
-877556
-878409
-888423
-888861
-888959
-892581
-896092
-900142
-900200
-901737
-904914
-909108
-915450
-917073
-918681
-920685
-920857
-924600
-927688
-928080
-935768
-935790
-937750
-938439
-939324
-940049
-940187
-940679
-941560
-943028
-944840
-945337
-947013
-948389
-949493
-952251
-954266
-958280
-961499
-966375
-969061
-969460
-969629
-972087
-972230
-973223
-974823
-976192
-978323
-978735
-979392
-981772
-981799
-982470
-986088
-987445
-989156
-991760
-994218
-996109
-999333
-999588
-999750
-999907
