10000
999968
999676
999674
999616
999130
999091
998828
998480
998467
998012
998010
997430
997076
996844
996682
996660
996408
996379
996077
996000
995330
994880
994737
994716
994066
994042
993790
993687
993520
993210
993167
992869
992681
992675
992600
992474
992433
992201
992181
992181
991459
991386
991112
991080
990933
990880
990725
990598
990446
990426
990014
989865
989572
988988
988857
988714
988590
988028
987660
987500
987093
986871
986722
986669
986358
986356
986300
986067
986032
985595
985204
985117
985063
984491
984145
983861
983859
983498
982906
982741
982656
982628
982581
982257
982234
981380
981123
980550
980442
980353
980006
979957
979030
978965
978761
978552
978499
978489
978376
977821
977759
977567
976959
976834
976689
976623
976316
976178
976016
975926
975690
975289
974566
974271
974133
974053
973991
973968
973896
973714
973620
973609
973598
973550
973405
973345
973112
973052
973034
972950
972700
972595
972513
972150
971970
971940
971934
971666
971659
971321
971179
970881
970847
970643
970519
970082
969907
969805
969736
969470
969173
968823
968798
968614
968553
968532
968083
968073
968032
967960
967877
967855
967818
967688
967420
967388
967258
967170
966884
966852
966818
966787
966685
965817
965419
964514
964478
963811
963801
963360
962807
962792
962023
961847
961189
960825
960361
959789
959303
959290
958970
958770
957734
957697
957624
957600
957305
957093
957085
956896
956672
956546
956338
956278
956108
955639
955578
955342
954973
954815
954584
954505
954431
954344
953948
953767
953514
953462
953354
953177
952855
952612
952482
952132
951920
951810
951696
951687
951573
951181
950634
950327
950257
950250
949950
949863
949767
949751
949508
948928
947572
947260
947227
947158
947132
947026
946751
946593
946584
946411
945998
945208
944904
944314
944150
943962
943923
943576
943435
943269
943158
943146
942917
942915
942606
942121
942012
941951
941816
941797
941555
941503
941453
941320
941137
940940
940830
940770
940752
940594
940471
940223
940078
939996
939897
939790
939468
939281
939265
938983
938958
938710
938655
938646
938457
938108
937833
937749
937400
937371
937199
936845
936817
936623
936522
936492
936283
936099
935248
934878
934704
934561
934555
934470
934335
934306
934207
934195
933680
933599
933514
933111
933024
932855
932670
932381
932305
932231
932216
931969
931888
931884
931378
931035
930653
930519
930446
930302
930146
930115
929523
929128
929127
929013
929012
928961
928630
928629
928313
928276
928265
927669
927654
927635
927480
927454
927075
926994
926437
926044
925926
925818
925802
925591
925577
925445
925257
924748
924649
924288
923991
923955
923833
923348
923333
923026
922872
922820
922720
922633
922453
922395
922035
921845
921602
921470
921285
921235
920981
920771
920599
920299
920140
920115
920038
919505
919345
919282
918820
918790
918722
918380
918041
918038
917979
917451
916954
916947
916132
916077
916027
915995
915941
915683
915393
915274
915159
915052
915038
914713
914687
914609
914508
914370
913762
913726
913716
913434
912877
912474
912457
911245
910988
910938
910860
910794
910775
910313
910231
910196
910137
909865
909667
909643
909530
909269
909138
909108
909030
909011
908791
908784
908777
908751
908399
908228
907751
907618
907567
907521
907406
907375
907361
907167
906847
906265
906030
906025
905968
905871
905382
904560
904245
904084
903937
903704
903697
903328
903130
902789
902673
902254
902103
901809
901511
901351
901090
900528
900518
900480
899961
899923
899601
899222
899208
898511
897875
897606
897559
897557
897482
897228
897195
897158
897138
896949
896224
896053
895774
895746
895235
895011
895009
894971
894532
894504
894258
894135
894120
894076
893866
893625
893413
893203
893191
893057
892823
892707
892583
892288
891324
891231
891157
891002
891001
890854
890600
890285
890050
889499
889412
889344
889192
888927
888822
888348
888116
887807
887579
887394
887203
887092
886935
886543
886472
886373
886233
886028
885733
885730
885684
885684
885598
885359
885353
884915
884910
884616
884521
883593
883263
883109
882979
882659
882600
882493
882227
881775
881539
881339
880909
880904
880358
880301
880294
879654
879195
878777
878546
878096
877937
877863
877111
877065
876727
876067
875744
875669
875579
875527
875218
875148
875027
874451
874362
874154
874094
873554
873450
873366
872903
872483
872458
872329
872087
872058
871960
871958
871668
871641
871565
871513
871352
870997
870797
870705
870598
870579
870577
870104
869809
869731
869418
869352
868993
868965
868934
868877
868857
868801
868703
868685
868476
868428
868222
868107
867422
867119
867106
866881
866849
866825
866804
866771
866754
866600
866510
866502
866426
866223
865940
865423
864987
864892
864491
864314
864238
864198
864020
863817
863724
863690
863003
862769
862601
862552
862442
862430
862307
862248
861926
861883
861335
861026
860848
860676
860663
860618
860606
860596
860395
860362
860217
860196
859882
859644
859035
858953
858946
858787
858764
858308
857448
857261
857226
856833
856699
856398
856221
855901
855666
855552
855248
854339
853960
853773
853657
853406
853405
853192
853072
853050
852987
852817
852754
852732
852677
852619
852470
852029
852019
851737
851629
851459
851350
851342
851178
851003
850993
850803
850746
850721
850503
850449
849768
849656
849646
849645
849421
849397
848882
848829
848745
848667
848499
848399
848250
848100
847975
847924
847729
847635
847572
847209
846879
846731
846644
846634
846465
846257
846201
845985
845532
845215
844710
844540
844391
844270
844237
843967
843839
843651
843308
843288
843194
843015
843003
842879
841959
841577
841407
841394
840949
840522
840220
840105
839763
839637
839605
839587
839321
839077
838936
838565
838335
838316
837707
837476
837215
836666
836605
835805
835764
835272
835072
834901
834513
834325
834304
834299
833937
833921
832996
832895
832659
832632
832580
832544
832120
831948
831796
831630
831616
831318
831198
831091
830971
830671
830533
830236
829770
829554
829395
829304
828995
828816
828723
828576
828179
827750
827496
827400
827260
827020
826831
826659
825794
825420
825330
825015
824586
824562
824399
824190
824188
824149
823619
823604
823545
823283
823199
823004
822887
822818
822745
822672
822639
822602
822414
822411
822209
822152
822130
821834
821716
821550
821529
821470
821423
821330
821212
820741
820434
820433
820421
820313
820139
819118
818947
818867
818536
818467
818447
818222
817809
817524
817405
817140
816974
816610
816459
816110
816071
815977
815801
814807
814644
814317
813909
813660
813442
813375
813062
812978
812654
812049
811341
811302
811173
810958
810597
810407
810198
810194
810058
810047
810006
809741
809279
809108
808968
808753
808753
808727
808251
808161
808050
807905
807750
807558
807136
806948
806815
806730
806452
806434
806336
806019
805989
805823
805735
805643
805483
805251
805168
805089
804754
804676
804645
804450
804437
804253
804061
803964
803791
803666
803564
802667
802592
802303
802063
801932
801745
801710
801607
801469
801371
801217
801132
801114
801104
800798
800708
800668
800597
800224
799720
799356
799182
798732
798454
798189
798057
797996
797683
797661
797518
797389
797336
797324
797275
797195
797109
796862
796231
795921
795566
795446
795280
795051
794612
794417
794088
794052
794001
793929
793928
793840
793833
793765
793498
793341
793329
793056
792849
792351
792050
791490
791381
791375
791112
790933
790677
790652
790361
790337
789971
789568
789390
789192
789167
789043
788799
788694
788657
788549
787981
787722
787688
787617
787136
787042
786976
786468
786328
786321
786263
786237
786175
785954
785697
785519
785357
785037
784731
784523
784495
783983
783798
783744
783662
783604
783409
783323
783262
783110
782873
782760
782363
782271
782000
781814
781753
781619
781470
780240
779474
779471
778755
778706
778651
778529
778318
778313
777760
777671
777651
777375
777212
777206
776956
775744
775729
775454
775401
775288
775137
774377
774293
774142
774018
773739
773549
773456
773299
773127
773037
773021
772847
772693
772488
772426
771754
771663
771469
771449
771357
771250
771249
770719
770562
770515
770080
769768
769714
769478
769432
769371
769261
769228
769141
768804
768782
768773
768397
767228
767133
766815
766743
766643
766630
765957
765933
765887
765771
765669
765537
765482
765287
765246
765193
765089
764922
764743
764636
764627
764367
764317
764263
764144
763908
763835
763618
763569
763561
763234
762950
762906
762557
762245
762014
761850
761807
761798
761743
761279
760999
760801
760725
760398
760357
759811
759733
759636
759392
759384
759272
759092
758756
758424
758220
758209
757948
757676
757541
757366
757239
756947
756861
756788
756757
756570
756555
756186
756110
755809
755700
755570
755551
755285
754751
754389
754311
754111
753500
753103
753015
752768
752388
752255
751574
751561
751378
751055
750937
750649
750472
750187
749879
749625
749617
749469
749431
749058
749010
748709
748573
748556
748437
748306
747989
747744
747707
747655
747543
747425
747280
747184
746658
746481
746296
746165
746065
745838
745639
745588
745219
745167
745075
744525
744262
744128
744091
743849
743707
743281
743131
743023
742849
742565
742370
742186
742138
741991
741946
741846
741695
741503
741464
740917
740733
740682
740585
740514
740275
740252
740239
740236
740026
739633
739325
739083
738885
738855
738849
738069
737710
737566
737125
736738
736592
735841
735428
734435
734368
734220
734207
734163
734145
734067
733988
733760
733666
733358
733269
733029
732538
732526
732220
732041
731367
731338
731006
730910
730669
730475
730439
729765
729755
729631
729429
729080
728988
728841
728717
728699
728602
727956
727799
727445
727347
727303
727108
726806
726633
726399
726323
726277
726074
726052
725962
725536
725384
725371
725119
725006
724613
724500
724380
724267
724141
724043
724009
723842
723377
723180
723157
723055
722990
722636
722324
722080
721833
721322
721292
721184
721052
720945
720737
720629
720476
720462
720269
720229
719927
719915
719911
719567
719282
719087
718571
718421
718191
718028
717662
717545
717048
717033
716644
716511
716175
716027
715963
715711
715150
715131
715041
714325
714079
713648
713573
713096
712570
712454
712268
712158
711876
711513
711421
711252
710816
710752
710583
710561
709936
709739
709539
709338
708655
708149
708087
708019
707851
707813
707783
707505
707485
707451
707387
707256
707194
707131
706856
706655
706651
706617
706596
706505
706349
706102
706072
706048
705942
705914
705887
705885
705836
705620
705577
705535
705534
704939
704808
704614
704249
703845
703702
703215
702985
702100
701773
701748
701542
701514
701011
700964
700776
700317
700268
700210
699854
699738
699674
699633
699416
699381
699346
699281
699162
699053
698086
698071
697852
697753
697397
697277
696799
696739
696707
696670
695741
695277
694909
694010
693818
693721
693705
693685
693136
692522
691796
691562
691532
691513
691158
691110
690812
690263
690118
689998
689984
689674
689498
689444
689418
689303
689053
688920
688815
688635
688583
688225
687834
687763
687576
687503
687351
687265
687123
687090
687007
686478
686228
685998
685656
685620
684979
684932
684896
684754
684754
684349
683578
683530
683365
683131
683035
682940
682826
682715
682647
682607
682388
682346
681871
681866
681604
681568
681242
681000
680777
680684
680345
680093
679923
679763
679542
678889
678745
678741
678464
678337
678241
677877
677571
677216
676872
676867
676794
676757
676603
676264
675660
675042
675009
674692
674440
674283
674224
674125
673785
673759
673306
673273
673261
672956
672654
672483
672447
672402
672345
672344
672265
672236
672213
671022
671004
670991
670838
670561
670483
669640
669616
669567
669463
669372
669018
668961
668518
668297
668080
668077
667829
667668
667552
667351
667218
666726
666592
666463
666319
666318
665849
665621
665454
664647
663901
663857
663494
663443
663181
662918
662661
662658
661735
661503
660933
660503
660279
660154
659949
659429
658556
658548
658392
657929
657842
657538
657389
657132
657113
657095
656905
655893
655847
655669
655373
655068
655044
654660
654556
654230
654171
653930
653813
652592
652421
652222
651987
651628
651584
651579
651460
651385
651381
651333
651082
650757
650411
650345
650290
650156
650022
649710
649688
649640
649578
649493
649483
649439
648776
648645
648549
648339
648234
648059
647023
646866
646729
646718
646698
646483
646406
646183
646040
645991
645461
645434
645199
644641
644522
644504
644459
644360
644340
644136
643900
643622
643570
643160
642742
642347
642143
641977
641302
641278
641099
640975
640901
640677
640352
640271
639893
639829
639825
639752
639514
638797
638567
637987
637677
637495
637457
637330
637218
636787
636731
636675
636273
636167
636077
635932
635734
635618
635479
635347
635203
635058
635022
634789
634771
634567
634454
634279
634216
633430
633185
633104
633050
632989
632785
632745
632603
632239
631923
631760
631721
631691
631389
631363
631060
630878
630274
630273
630224
629887
629846
629628
629508
629472
629211
628960
628869
628730
628646
628615
628571
628475
628355
627991
627909
627684
627618
627289
627161
627153
626960
626731
626157
625540
625538
625441
625418
625272
625068
624937
624776
624498
624494
624283
624243
623950
623946
623664
623616
623608
623557
623557
623490
623304
623149
623101
621166
621110
620751
620294
620196
620108
620001
619818
619404
619328
619103
618926
618890
618595
618164
617938
617931
617864
616868
616773
616200
616174
615989
615939
615440
615371
615358
615098
615084
615081
614988
614540
614085
614070
613618
613589
613509
613135
612942
612523
612373
612336
612133
611943
611910
611740
611604
611586
611577
611539
611503
611337
611322
611313
611273
611209
611058
610967
610478
610144
609828
609785
609370
609235
608847
608845
608710
608379
607901
607617
606807
606740
606529
606189
605947
605723
605284
605253
604832
604771
604621
604497
603941
603929
603897
603740
603644
603560
603274
602773
602757
602616
602316
601893
601834
601714
601244
601082
601016
600838
600587
600511
600431
600380
600078
599232
599203
598896
598859
598746
598558
598296
598133
598055
597905
597885
597856
597726
597682
597636
597437
597393
597336
596897
596837
596825
596568
596258
595817
595552
595331
595228
595182
595036
594950
594671
594547
594537
594326
594245
594178
593931
593865
593579
593398
593360
593260
593157
593052
593031
592851
592689
592684
592659
592651
592569
592564
592361
592101
591945
591908
591879
591773
591350
591136
590982
590958
590859
590808
590776
590683
590393
590301
590297
589841
589644
589423
589198
588963
588710
588582
588037
588028
587912
587861
587447
587320
587068
587004
586971
586970
586794
586231
586216
585855
585448
585005
584858
584799
584600
584579
583928
583837
583485
583433
583288
583122
583105
582843
582614
582607
582278
582229
582217
582047
582023
581982
581729
581656
581419
581398
581377
581331
580902
580865
580583
580525
580343
579970
579540
579395
579391
579369
579179
578981
578520
578356
578194
578186
578186
577457
577412
577335
576866
576584
576349
576108
576043
575929
575752
575283
575117
575048
575000
574597
574155
574022
573668
573276
573235
573207
572998
572888
572852
572760
572714
572656
572444
572174
572126
571998
571886
571835
571402
571382
571334
571176
571158
571039
570964
570870
570716
570475
570356
570024
570004
569381
569212
568337
568211
567756
567267
566784
566693
566410
566381
566222
566180
565486
565388
565294
565277
565126
564921
564834
564523
564173
564130
563992
563953
563734
563232
563222
562375
562169
561906
561884
561741
561468
561048
560960
560289
560285
559905
559881
559660
559646
559457
559192
558623
558221
557985
557856
557622
557550
557546
557413
557243
557129
557001
556839
556837
556814
556804
556627
556452
556392
555604
555299
555176
554977
554798
554627
554406
554345
554259
554050
553632
553574
553127
552942
552800
552652
552520
552245
552202
552181
551842
551463
551203
551097
550922
550823
550721
550503
549796
549425
548975
548810
548472
548321
548127
547775
547691
547669
547409
546854
546456
546059
545933
545884
545734
544448
544061
543956
543919
543845
543840
543696
543594
543514
543459
543273
542991
542935
542809
542387
542341
542316
542245
542199
542051
542041
541964
540993
540865
540660
540426
540356
540057
539851
539733
539733
539710
539479
539430
539308
539281
539181
538871
538530
538515
538400
538279
538103
537784
537747
537555
537486
537010
536407
536162
535729
535699
535663
535587
535525
535454
535421
534817
534720
534719
534610
534469
534227
533995
533986
533566
533211
533062
532892
532488
532447
532373
531915
531398
531393
531113
530628
530467
530408
530264
529960
529815
529755
529314
529106
528643
528533
528388
528337
527659
527443
527412
527289
527281
526372
526350
526250
526161
526066
525808
525548
525489
525406
525333
525204
525187
525066
525039
524485
524068
523675
523376
523246
522791
522680
522449
522412
522221
522059
521939
521806
521800
521357
520895
520858
520748
520233
520231
520070
520039
519859
519724
519528
519358
518977
518971
518882
518731
518539
518472
518281
518161
517809
517776
517684
517326
517228
517175
516904
516058
515980
515658
515459
515273
515086
514500
514325
514232
514075
514063
514037
513989
513980
513743
513696
512917
512845
512186
512135
511905
511574
511477
511394
511166
511072
510709
510541
510435
510274
510160
509971
509929
509727
509618
509615
509245
509149
508960
508793
508555
508296
508007
507952
507868
507724
507640
507622
507262
507113
506992
506835
506696
506624
506135
505717
505637
505193
504914
504833
504750
504698
504641
504558
504345
504225
504209
503785
503519
503366
503303
503192
503144
503142
502666
502376
502188
502181
501932
501819
501655
501511
501476
501119
501055
500929
500920
500817
500604
500567
500270
499214
499051
498765
498522
498266
498258
498038
498024
497994
497967
497882
497645
497348
496503
496410
496326
496235
495897
495469
495423
495138
495133
495078
494986
494890
494792
494641
494597
494544
494370
494196
494080
493850
493765
493645
493140
493129
493119
493102
493082
493072
492801
492645
492394
492025
492017
491982
491759
491738
491667
491487
491123
491050
490961
490949
490801
490697
490026
489479
489397
489185
489156
489148
489145
488853
488642
488477
488469
487797
487693
487522
487473
487231
487075
487016
486949
486858
486660
486615
486575
486305
486262
486220
486089
485929
485864
485656
485565
485464
484798
484360
484269
484190
484163
483912
483881
483505
483469
483389
483386
482578
482577
482374
481651
481549
481204
481053
480976
480809
480666
480639
480553
480435
479828
479611
479528
479440
479435
479271
479206
478857
478684
478657
478334
478109
478004
477998
477668
477510
477232
477194
477048
476783
476656
476618
476585
476319
476187
475641
475319
475068
475008
474961
474918
474444
474420
473985
473844
473653
472532
472298
472144
471565
471421
471406
471378
470972
470810
470094
469631
469268
469234
469230
469051
468886
468777
468647
468398
468347
468331
467630
467510
467377
467230
467119
466790
465819
465691
465193
465082
464906
464593
464213
463842
463388
463169
463123
462852
462659
462467
462380
462212
461886
461855
461699
461689
461099
460778
460754
460678
460582
460548
460434
460238
459821
459522
459461
458778
458022
457972
457774
457702
457632
457456
457443
457422
456231
455757
455684
455277
455232
454988
454789
454769
454764
454523
454495
454336
454307
454287
454230
454087
453919
453736
453569
453094
453089
453007
452803
452770
452670
452239
452183
451905
451879
451767
451461
451407
451319
451297
451113
451074
451063
450303
450243
450156
450078
449917
449806
449693
449543
449324
449321
449178
448902
448816
448558
448461
447488
447472
447466
447449
447336
447118
447062
446936
446864
446510
445645
445532
445472
445085
444933
444902
444775
444554
444539
444255
444223
444155
444070
444052
444014
443801
443648
443286
443133
442658
442621
442152
441892
441654
441530
441382
441029
440894
440865
440502
440262
439824
439476
439465
439435
439196
438790
438761
438654
438622
438431
438401
438400
437749
437346
437223
437100
436930
436632
436366
435791
435699
435532
435061
434794
434588
434339
434077
433085
433066
432428
432383
431254
430757
430655
430649
430482
430431
430341
430305
430215
430179
430129
430118
429935
429226
428954
428651
428636
428423
428092
427984
427924
427908
427849
427727
427468
427262
427012
426852
426817
426732
426676
426443
426070
425732
425645
425568
425279
424684
424274
424055
423366
423133
421948
421814
421605
421575
421408
421389
421226
420927
420249
419630
419212
419149
418896
418558
418505
418469
418408
418388
418341
418054
417722
417523
417219
416912
416854
416789
416130
416027
416012
415968
415895
415705
415620
415475
414904
414843
414788
414541
414528
414487
414457
414351
414224
414158
414049
413637
413456
413314
412673
412624
412539
412491
412120
411739
411429
411384
411258
411252
411132
411025
410985
410715
410574
410460
410456
409609
409562
409468
409421
409329
409251
408826
408798
408766
408659
408642
408556
408256
408232
408178
408097
407991
407638
407559
407163
407022
406664
406460
406349
406264
406261
405899
405880
405561
405253
405131
405065
404704
404618
404594
404587
404516
403971
403767
403645
403617
402895
402775
402541
402460
401981
401853
401758
401615
401522
400663
400523
400487
400290
400251
400161
399722
399581
399543
398859
398750
398748
398691
398414
397921
397880
397824
397630
397234
397224
397151
397103
397019
396868
396780
396762
396432
396311
396070
396033
395957
395825
395718
395633
395452
395296
395284
394865
394815
394794
394760
394546
394477
394393
394150
393344
393316
392745
392621
392614
392551
392546
392254
392229
392070
391956
391893
391603
391587
391488
391390
391376
391358
391318
391025
390787
390756
390557
389749
389313
389290
389138
389067
388896
388539
388480
388337
388184
388143
388124
388106
387909
387807
387677
386984
386912
386803
386185
386018
385670
384951
384313
384039
383951
383634
383628
383447
383200
382949
382937
382916
382832
382781
382641
382582
382442
382240
382235
381989
381893
381807
381703
381670
381205
381036
380936
380857
380419
380064
380031
379850
379839
379194
379065
378740
378737
378579
378506
378391
378225
378078
377888
377707
377512
377338
376362
376306
376262
375925
375923
375842
375819
375758
375701
375345
374885
374843
374811
374435
374255
374108
374028
373892
373688
373205
373153
372818
372782
372468
372328
372231
372088
371718
370265
370076
370011
369976
369842
369663
369303
369029
368763
368663
368612
368278
367982
367773
367667
367579
367420
367392
367364
367217
367032
366951
366936
366890
366741
366500
366373
366367
366326
366291
366076
366071
365734
365386
365326
365185
364861
364662
364398
364362
364234
363316
363197
362931
362921
362850
362774
362276
362180
362168
361703
361456
361141
360985
360975
360060
359942
359848
358960
358896
358755
358476
358066
358029
357634
357103
357072
357058
356891
356888
356808
356787
356709
356294
356249
356029
355386
355350
354694
354692
354452
354357
354285
353672
353385
353313
353272
353230
353212
352981
352598
351970
351883
351808
351694
351669
351520
351328
351304
350918
350543
350533
350440
350407
349398
349335
349219
349025
348550
348387
347783
347535
347120
346958
346707
346472
346130
346028
346019
345698
345236
345150
344970
344900
344763
344668
344314
344056
343982
343949
343399
343132
343042
342558
342447
342438
342400
342345
341913
341884
341674
341439
341237
341231
340985
340918
340478
340203
340182
340008
340006
339921
339823
339772
339678
339581
339172
339020
338948
338657
338508
338490
338471
338465
337813
337553
337230
336638
336539
336536
336405
336056
336010
335693
335616
335426
335416
335364
335082
335021
334759
334616
334553
334229
334097
333721
333683
333562
333540
333518
333498
332976
332368
331634
330811
330749
330226
330055
330054
329720
329658
329576
329546
329274
329195
329048
328950
328926
328584
328131
327926
327920
327588
327046
326636
326606
326458
326278
326275
326251
326129
326054
326005
325954
325393
324477
324475
323846
323651
323227
322758
322708
322386
322378
322000
321713
321469
321388
320955
320899
320695
320674
320187
320124
320059
319889
319629
319110
319092
318801
318777
318641
318400
318315
317947
317900
317799
317339
317203
317193
317012
316923
316906
316825
316227
316022
315904
315902
315557
315220
314985
314952
314892
314052
313760
313612
313509
312593
312468
312378
312101
311919
311913
311656
311405
311088
310863
310681
310161
309838
309234
309078
308958
308864
308793
308718
308707
308673
308630
308624
308523
308212
307908
307895
306976
306607
306492
306482
306091
305804
305368
305192
305147
304861
304389
304367
304348
304109
304108
304108
303886
303679
303606
303385
303373
303096
303031
302950
302871
302869
302797
302693
302462
302281
301867
301801
301800
301770
301551
301146
300522
300424
300092
299686
299522
299133
298810
298782
298467
298028
297455
297373
297370
297286
297168
297145
297138
297039
296983
296948
296747
296604
296507
296482
296189
296068
295657
295519
295513
295495
295365
294424
294295
294230
294184
294108
293737
293723
293293
292577
292280
291842
291797
291794
291779
291740
291583
291473
291440
291276
291135
290439
290258
290245
290081
289714
289629
289611
289479
289031
288920
288801
288548
288383
288206
288118
288027
287967
287845
287776
287673
287329
287280
287183
286621
286516
286437
286327
286258
286002
285362
285273
285215
284842
284832
284521
284360
284134
284083
283971
283147
282778
282701
282632
282514
282170
282111
282034
281855
281733
281468
281423
281357
281129
280961
280947
280486
279981
279916
279720
279587
279444
279411
279404
279366
279337
279324
279308
279272
279264
279232
278733
278662
277769
277105
277049
276965
276610
276096
275890
275863
275047
274533
274487
274331
274018
273723
273428
273298
273023
272827
272680
272623
272299
272164
272137
272049
271968
271682
271620
270471
270258
270149
270027
270017
269965
269392
269008
268785
268767
268686
268471
268442
268189
267432
267313
267205
267085
266951
266758
266616
266386
266012
265966
265907
265848
265457
265268
265254
265171
265090
265013
264926
264362
264308
264200
263961
263951
263865
263527
263317
263201
263070
262758
262589
262419
262303
262137
262114
262111
262031
261973
261935
261909
261739
261184
260932
260900
260586
260192
259943
259905
259790
259735
259628
259207
259153
259119
258589
258441
258179
257982
257741
257632
257122
257071
256972
256842
256604
256430
256307
256082
256076
256040
255250
254945
254899
254757
254647
254475
254106
253556
253415
252876
252822
252688
252571
251998
251766
251593
251120
250906
250594
250169
249961
249915
249394
249300
249269
248844
248785
248641
248192
248023
247891
247779
247730
247491
247454
247268
247258
246993
246871
246338
245947
245791
245674
245450
245328
245053
245049
244517
244412
244235
244069
243936
242366
242324
241119
240589
240205
240126
239998
239764
239694
239605
239446
239381
239337
238985
238837
238710
238299
237896
237804
237629
237411
237398
237372
237171
236688
236651
236629
236627
236608
235826
235743
235482
235308
234770
234640
234510
234399
234204
234187
234163
233946
233391
233304
233201
232388
232122
232039
231509
231338
230985
230970
230843
230597
230440
230355
230121
230072
229909
229906
229546
229237
229179
229142
229087
228645
228512
228053
227682
227103
226828
226640
226201
226194
226090
226061
225964
225932
225901
225786
225605
225381
225099
225034
225025
225005
224899
224856
224662
224625
223832
223556
223550
223030
222797
222713
222116
221665
221558
221533
221481
221475
221428
221268
221220
221165
220930
220804
220644
220347
220216
219788
218679
217765
217679
217610
216995
216977
216952
216683
216448
216385
216166
216080
216050
215776
215534
214957
214882
214741
214568
214563
214514
214506
214227
214216
214114
213431
213398
212461
212341
212317
212292
211991
211936
211866
211849
211739
211430
211279
210939
210603
210450
210266
210177
208873
208806
208747
208369
208199
207818
207675
207608
206949
206864
206727
206589
206486
206073
205823
205752
205651
205185
204529
204489
204356
204132
204058
203374
203271
203244
203118
203101
202794
202651
202623
202139
202041
201824
201784
201536
201286
201072
201013
201004
200939
200876
200587
200319
200291
200286
200261
199862
199415
199400
199159
198811
198176
198163
197924
197852
197648
197613
197610
197497
197475
196832
196738
196555
196184
196058
196025
195750
195598
195411
195301
195196
194707
194592
194354
194253
194008
193746
193362
193362
193057
192698
192477
192467
191390
191312
191153
191090
190982
190895
190025
189908
189815
189616
189409
189161
189130
188852
188809
188758
188604
188494
188465
188172
187603
187401
187367
187042
186970
186928
186885
186649
186566
186417
186369
186138
185984
185454
185307
185277
185088
184807
184804
184643
184611
184332
184087
183623
183547
183500
183138
183067
182909
182811
182436
182027
181450
181178
180911
180272
179935
179546
179240
179145
178435
178367
178216
177977
177771
177732
177581
177546
177328
177150
176905
176755
176677
176640
176557
176246
176179
175523
175391
175207
175089
175013
174614
174606
174563
174552
174503
174451
174309
174125
173934
173389
173380
173174
173013
173012
172615
172462
172227
171870
171631
171437
171051
170893
170557
170391
170303
170258
169896
169627
169214
168825
168730
168212
167859
167675
167184
167148
167049
166392
166296
166186
166177
166134
165747
165625
165580
165506
165304
164602
164255
164034
163596
163162
162957
162798
162391
162373
162266
162210
162141
162104
161936
161918
161889
161851
161504
161502
161274
160838
160787
160604
160550
160344
160234
160221
160115
159964
159797
159359
159227
159136
159000
158786
158466
158429
158162
157747
157663
157537
157344
157343
157248
156852
156468
156356
156333
156163
156117
156054
156021
155710
155442
155313
155101
154905
154887
154796
154650
154368
153915
153656
153598
153098
152381
152378
152364
152301
152253
152199
151892
151671
151669
151427
151285
151006
150760
150285
149931
149736
149687
149541
149410
149203
149163
148621
148041
148039
147832
147556
147521
147511
147363
147333
147205
147180
146844
146816
146489
146475
146451
146325
146199
146188
146133
146035
145811
145739
145519
145505
145482
145116
144929
144412
143990
143793
143571
143220
143176
143137
143016
142964
142498
142347
141922
141905
141808
141638
141341
141252
141146
140977
140628
140139
139953
139903
139771
139688
139576
139539
139317
139275
138599
138568
138436
138324
138170
138160
138144
138100
137555
137532
137500
137418
137406
137371
136982
136889
136653
136517
136396
136380
136283
136101
135809
135154
135064
135054
134011
133825
133746
132985
132983
132805
132509
132326
132180
132142
132024
131951
131853
131596
131595
131333
130792
130630
129831
129464
128966
128681
128521
128481
128391
128225
127901
127042
127005
126262
126242
126221
126128
126042
125520
125184
125011
124655
124506
124462
124423
124232
123129
122803
122800
122505
121755
121672
121621
121369
121248
121186
120692
120590
120375
120294
119863
119637
119454
119081
119027
118999
118895
118834
118369
118347
118125
117942
117901
116915
116724
116633
116228
116203
116082
115619
115329
115247
115206
115038
114905
114416
114401
113828
113502
113313
113191
112789
112659
112555
112350
112228
112185
112177
112173
112158
111929
111792
111671
111497
111281
111278
111085
110652
110436
110232
110164
109778
109616
109351
109269
109133
108751
108685
108472
108287
108036
107893
107842
107453
107312
107301
107120
106561
106380
106105
105960
105470
105408
105359
105339
105181
105107
104858
104794
104539
104084
103665
103306
103111
102878
102839
102818
102601
102022
101881
101809
101805
101590
101525
101100
100917
100594
100126
100044
99897
99887
99853
99261
98529
98415
97641
97637
97309
97015
96949
96260
96210
96153
95860
95575
95528
95464
95460
95278
95228
95226
95137
95080
95007
94821
94769
94759
94701
94297
94161
94061
94037
93994
93967
93924
93853
93484
93437
93113
92860
92851
92846
92803
92621
92420
92277
92265
91869
91399
91111
91056
90800
90799
90731
90084
89864
89601
89520
89107
88871
88845
88760
88589
88486
88051
87954
87600
87526
87370
87097
86732
86681
86550
86523
86462
86422
86360
86248
85988
85872
85674
85660
85568
85489
84889
84393
83792
83750
83403
83392
83258
83252
83108
83037
82774
82426
82380
81759
81559
81474
81445
81232
80437
79761
79713
79685
79451
79355
79328
79291
79175
79120
78833
78789
78758
78462
78450
78345
78141
78029
77956
77862
77757
77542
77377
77282
76917
76782
76591
76311
76141
76001
75886
75722
75656
75540
75330
75283
75265
75133
75016
74951
74884
74488
74460
74259
74040
74019
73791
73784
73743
73544
73340
73317
73256
72469
71992
71849
71768
71651
71314
70986
70800
70650
70470
70449
70447
69486
69402
69267
69132
69101
68844
68476
68374
68215
68092
67963
67934
67141
66910
66372
66337
66308
66274
66152
66093
66000
65872
65701
65430
65176
65148
65045
64843
64369
64198
63848
63573
63370
63290
63230
63133
62899
62588
62484
62419
62282
62097
62067
61871
61766
61731
61599
60198
59326
59290
59276
59253
59075
58991
58753
58582
58505
58435
57758
57571
57420
57331
56931
56677
56438
56354
55838
55713
55217
55131
54993
54056
53662
53479
52794
52642
52375
52356
51911
51548
51518
50930
50738
50506
50256
50081
50029
49942
49746
49638
49371
49330
49180
48931
48659
48412
48380
48282
47916
47847
47722
47577
47289
46959
46801
46790
46490
46320
46284
46267
46223
46125
45919
45897
45896
45839
45809
45617
45519
45369
45218
44991
44780
44717
44572
44202
44135
44125
44039
43738
43437
43116
42888
42356
41154
40985
40689
40654
40632
40588
40583
40314
40173
39684
39416
39285
38895
38826
38376
37783
37772
37686
37508
37496
36954
36659
36196
36163
35763
35570
35377
35360
35322
35245
35242
35212
35189
35166
34996
34475
34404
34096
34033
33979
33768
33053
33029
32962
32926
32783
32462
32073
31283
31238
31133
31083
31059
30802
30751
30496
30474
30386
29675
29627
29599
29542
29315
29053
28995
28986
28886
28857
28782
28744
28585
28422
28380
28320
28203
28005
27960
27931
27806
26398
26328
25975
25792
25635
25573
25290
25011
24782
24738
24710
24710
24652
24060
23613
23379
23316
23275
22510
22383
22050
22015
21959
21871
21563
21406
21294
21285
21191
21047
21029
20903
20523
20355
20165
20152
20069
19758
19600
19547
19400
18897
18724
18657
18610
18566
18390
18358
18265
18021
17857
17792
17232
17188
16756
16445
16241
16148
16091
16065
15994
15880
15723
15669
15525
15461
15453
15308
14804
14649
14562
14474
14148
14071
13622
13413
12947
12260
12232
11865
11119
10653
10238
10118
9987
9969
9895
9408
9319
8705
8606
8570
8330
8329
8128
8077
7536
7064
6974
6574
6502
6366
6241
6220
6031
5960
5760
5747
5270
5225
5011
4677
4513
4389
4298
3664
3632
3356
3293
3042
2834
2818
2367
2313
1455
1368
1316
631
483
416
347
292
282
267
105
-198
-478
-489
-775
-814
-1116
-1279
-1316
-1320
-1410
-1534
-2502
-2761
-2939
-2992
-3034
-3415
-4360
-4408
-4493
-4591
-4914
-4995
-5441
-5470
-5496
-5812
-5885
-6062
-6081
-6153
-6346
-6681
-6692
-7040
-7049
-7349
-7367
-7449
-7726
-7747
-7754
-7833
-8118
-8317
-8645
-8802
-8888
-8894
-9164
-9267
-9324
-9370
-9405
-9540
-9767
-9972
-10192
-10206
-10241
-10571
-10871
-10885
-10918
-10978
-11163
-11170
-11247
-11261
-11288
-11486
-12005
-12021
-12334
-12389
-12641
-12674
-12686
-12724
-13607
-13807
-13904
-14266
-14695
-15137
-15251
-15332
-15468
-15930
-16022
-16143
-16294
-16502
-16570
-16605
-16748
-16819
-16994
-17597
-17655
-17743
-17935
-18252
-18295
-18349
-18381
-18692
-18908
-18955
-18964
-19004
-19320
-19359
-19393
-19515
-19754
-19805
-19953
-20144
-20665
-20729
-20912
-20936
-21000
-21139
-21313
-21565
-21738
-21779
-22293
-22353
-22728
-22762
-22938
-23204
-23238
-23829
-23990
-24279
-24397
-24433
-24657
-24756
-25034
-25265
-25304
-25322
-25620
-25634
-25924
-26002
-26065
-26185
-26221
-26414
-26445
-26564
-26679
-26787
-26980
-27114
-27387
-27439
-27452
-27607
-27661
-27770
-27956
-27957
-28054
-28212
-28340
-28455
-28784
-29326
-29489
-29577
-29631
-29677
-29682
-29718
-29800
-29801
-30218
-30259
-30296
-30553
-30585
-30928
-31766
-31798
-32305
-32374
-32643
-33039
-33182
-33505
-33519
-33607
-33640
-33711
-33739
-33928
-34008
-34031
-34167
-34450
-34726
-34869
-34935
-35426
-35511
-35545
-35546
-35679
-36323
-36549
-36613
-36650
-36693
-36823
-36913
-36924
-36961
-36984
-37280
-37581
-37929
-38059
-38331
-38440
-38721
-38818
-38820
-38874
-38924
-39016
-39065
-39559
-39626
-39824
-39929
-39989
-40245
-40267
-40644
-40745
-40801
-40908
-40981
-41232
-41267
-41292
-41296
-41311
-41416
-41552
-41611
-41616
-41958
-42061
-42065
-42258
-42412
-42748
-43511
-43584
-44009
-44096
-44235
-44567
-44607
-44632
-44694
-44837
-46210
-46315
-46601
-46885
-47056
-47153
-47331
-47695
-47698
-47710
-48133
-48235
-48401
-49103
-49123
-49395
-49740
-49769
-49814
-49875
-50021
-50340
-50435
-50481
-50672
-50757
-51042
-51430
-51464
-51648
-51850
-51891
-51923
-52176
-52395
-52449
-52728
-52755
-52772
-52844
-52919
-53510
-53773
-53963
-54457
-54546
-54659
-54853
-55372
-55374
-55532
-55775
-56214
-56666
-57209
-57451
-57520
-57903
-58019
-58127
-58431
-58476
-58820
-58877
-59079
-59143
-59275
-59425
-59588
-59768
-59808
-59888
-60029
-60128
-60459
-60526
-60546
-60650
-61259
-61557
-61616
-61691
-61735
-61952
-61961
-62284
-62733
-62900
-62911
-63359
-63416
-63485
-63797
-63851
-64072
-64168
-64278
-64327
-64334
-64362
-64459
-64653
-64689
-64756
-64796
-64848
-64860
-64876
-64988
-65445
-65642
-65738
-65882
-65927
-66206
-66408
-66445
-66832
-66974
-67145
-67494
-67607
-67826
-67874
-67954
-67977
-68351
-68784
-68827
-69151
-69192
-69662
-69695
-70507
-70563
-70888
-71436
-71509
-71702
-71887
-71939
-72104
-72144
-72449
-72929
-73122
-73161
-73345
-73410
-73706
-73833
-73839
-74137
-74336
-74428
-74713
-74791
-75103
-75212
-75680
-76034
-76101
-76104
-76384
-76400
-76429
-76653
-76815
-77245
-77444
-77828
-78088
-78185
-78409
-78527
-78707
-79048
-79565
-79680
-79941
-80060
-80255
-80279
-80413
-80611
-80811
-80933
-81099
-81101
-81305
-82319
-82588
-82632
-82772
-82819
-82888
-82905
-83323
-83473
-83559
-83861
-84113
-84310
-84369
-84457
-84766
-84968
-85012
-85453
-85628
-85897
-85976
-86473
-86772
-86874
-87171
-87371
-87560
-88107
-88299
-88316
-88562
-88695
-88704
-89330
-89342
-89351
-89426
-89554
-89844
-90002
-90229
-90929
-91644
-91908
-91914
-92027
-92109
-92146
-92626
-93067
-93241
-93808
-93873
-94205
-94336
-94355
-94428
-94519
-94665
-94872
-94906
-95119
-95304
-95353
-95520
-96018
-96033
-96057
-96174
-96210
-96264
-96366
-96438
-96518
-96560
-96631
-96912
-97828
-97891
-97923
-98122
-98426
-98683
-98697
-99386
-99614
-99774
-99915
-100342
-100487
-100552
-100733
-100821
-100933
-101349
-101667
-101688
-101756
-101775
-101789
-101876
-101956
-102406
-102565
-102685
-102740
-102950
-102968
-102969
-103436
-103731
-103760
-104062
-104191
-104242
-104265
-104951
-105748
-105759
-105988
-107031
-107334
-107359
-107973
-108031
-108092
-108247
-108396
-109025
-109409
-109449
-109484
-109559
-110008
-110314
-110450
-110466
-110585
-111144
-111531
-111764
-111943
-112003
-112279
-112322
-112356
-112568
-112874
-113177
-113254
-113293
-113398
-113411
-113474
-113900
-114178
-114245
-114444
-114939
-115061
-115290
-116019
-116169
-116374
-116855
-117208
-117242
-117382
-117476
-117746
-118190
-118383
-118407
-118579
-118808
-118814
-119020
-119671
-119975
-120307
-120534
-120944
-120965
-121044
-121300
-121577
-121595
-121720
-121973
-122099
-122215
-122317
-122360
-122544
-122677
-122702
-122820
-123090
-123276
-123423
-123806
-123946
-124071
-124181
-124392
-124586
-124687
-125019
-125067
-125087
-126366
-126552
-126562
-126788
-127008
-127009
-127208
-127452
-127769
-127801
-127886
-127977
-128006
-128285
-128372
-128896
-128929
-129028
-129279
-129329
-129428
-129501
-129818
-130400
-130402
-130898
-131102
-131381
-131495
-132269
-132297
-132333
-132482
-132711
-132876
-133184
-133497
-133553
-133676
-133950
-134047
-134344
-134415
-134747
-135158
-135335
-135460
-135521
-135624
-136455
-136565
-136675
-136768
-136929
-137084
-137500
-137524
-137576
-137736
-137749
-137891
-138025
-138175
-138253
-138469
-138519
-138653
-138842
-139001
-139099
-139272
-139743
-139915
-140391
-140883
-141143
-141400
-141671
-141829
-142064
-142910
-142987
-143053
-143206
-143500
-144231
-144257
-144472
-145097
-145111
-145849
-145918
-146401
-146434
-146867
-146888
-147205
-147229
-147517
-147758
-147907
-147942
-148273
-148581
-148585
-149120
-149232
-149546
-149614
-149802
-150037
-150372
-150419
-150628
-151149
-151424
-151718
-151896
-152009
-152041
-152682
-152718
-152777
-153201
-153407
-153599
-153615
-153658
-153863
-154206
-155170
-155209
-155211
-155360
-155548
-155715
-156101
-156346
-156905
-157146
-157410
-157698
-157750
-157868
-157910
-157910
-158710
-158830
-158862
-158867
-159366
-160223
-160337
-160417
-160429
-160694
-160874
-161233
-161392
-161701
-161828
-161898
-162064
-162328
-162351
-162354
-162637
-162943
-163487
-164479
-164603
-164615
-165310
-165409
-165622
-165896
-166130
-166142
-166448
-166564
-166932
-167471
-167849
-167949
-167956
-168148
-168186
-168308
-168582
-168592
-168655
-168757
-168900
-168972
-169162
-169211
-169218
-169297
-169738
-169776
-169821
-169881
-169963
-170013
-170028
-170219
-170558
-170692
-170824
-170912
-171074
-171164
-171241
-171263
-171327
-171360
-171688
-171806
-171872
-171981
-172715
-172734
-172823
-172861
-173148
-173324
-173343
-173465
-173542
-173693
-173768
-173878
-174613
-174615
-175478
-176032
-176186
-176189
-176219
-176262
-176873
-177012
-177049
-177119
-177249
-177471
-177523
-177820
-178234
-178331
-178863
-178995
-179039
-179080
-179240
-179504
-179618
-179699
-179773
-180212
-180297
-180350
-180439
-180503
-181493
-181683
-181910
-182126
-182362
-182433
-182539
-182548
-182570
-182980
-183444
-183456
-183869
-183940
-184117
-184139
-184200
-184293
-184331
-184681
-184720
-184772
-184856
-185000
-185151
-185221
-185259
-185359
-185783
-186063
-186620
-186650
-186671
-186762
-186801
-186803
-186810
-186924
-186949
-187159
-187195
-187879
-187959
-187972
-188566
-188638
-188695
-188847
-189093
-189362
-189819
-190149
-190532
-190826
-190951
-190974
-191132
-191168
-191303
-191718
-192348
-192497
-192934
-193194
-193206
-193655
-193713
-193830
-193926
-194117
-194151
-194345
-194595
-194799
-194832
-194932
-195472
-195492
-195716
-195972
-196112
-196859
-197082
-197244
-197309
-197907
-198031
-198113
-198332
-198648
-198808
-199286
-199469
-199492
-199842
-199940
-200136
-200472
-201017
-201135
-201139
-201291
-202080
-202143
-202155
-202731
-202929
-203409
-203437
-203599
-204032
-204531
-204765
-204947
-205202
-205456
-205716
-205864
-205894
-205927
-205985
-206284
-206305
-206489
-206525
-206794
-207185
-207383
-207506
-207761
-207893
-208116
-208553
-208594
-209168
-209270
-209681
-210058
-210237
-210469
-210934
-210981
-211112
-211167
-211318
-211328
-211626
-211977
-212231
-212372
-212537
-212548
-212597
-212761
-212958
-213085
-213090
-213374
-213411
-213810
-213992
-214130
-214144
-214328
-214508
-214658
-214702
-214830
-214858
-214939
-215018
-215415
-215523
-215550
-215574
-215711
-215931
-216057
-216296
-216408
-216539
-216563
-216576
-216947
-217129
-217285
-217389
-217444
-217506
-217871
-218119
-218828
-218994
-219526
-219720
-219737
-220196
-220221
-220340
-220750
-221024
-221050
-221569
-221605
-221786
-221820
-221902
-221991
-222209
-222370
-222548
-222656
-222734
-222809
-222912
-222947
-222952
-223171
-223440
-223696
-223986
-224019
-224351
-224804
-224948
-225063
-225287
-225376
-225476
-225658
-225660
-225754
-225833
-226006
-226051
-226216
-226543
-226590
-226654
-226734
-227025
-227461
-227534
-227767
-227768
-227931
-228242
-228517
-228935
-229453
-229554
-229614
-229743
-229955
-230016
-230178
-230300
-230701
-230860
-230902
-230930
-230966
-231097
-231141
-231155
-231256
-231355
-231718
-231812
-232732
-232817
-232827
-232992
-233266
-233361
-233765
-233869
-234432
-234681
-234924
-235100
-235261
-235978
-236408
-236435
-236842
-236995
-237198
-237683
-237725
-237867
-237896
-238423
-238501
-238537
-239644
-239655
-239712
-239853
-240178
-240238
-240336
-240398
-240877
-240972
-240993
-240998
-241289
-241553
-241634
-241669
-241681
-241723
-241946
-242008
-242119
-242193
-242408
-242506
-243059
-243061
-243480
-243848
-243923
-244067
-244397
-244569
-244718
-245054
-245195
-245269
-245493
-246154
-246199
-246250
-246428
-246715
-246745
-247023
-247358
-247945
-248092
-248389
-248400
-248410
-248543
-248602
-248808
-249114
-249184
-249238
-249388
-249436
-249652
-249725
-249787
-250286
-250853
-251083
-251579
-251890
-251945
-252004
-252195
-252249
-252560
-252570
-252817
-252974
-253075
-253256
-253313
-253424
-253526
-253693
-253831
-253995
-254200
-254415
-254626
-255130
-255446
-255589
-255748
-255762
-255979
-256422
-256578
-256608
-256689
-256756
-256784
-256871
-257204
-257224
-258359
-258534
-258647
-258691
-259024
-259795
-259806
-259962
-260457
-260552
-260715
-260842
-261758
-261775
-261901
-262127
-262220
-263051
-263287
-264280
-264467
-264548
-264669
-264744
-264756
-264881
-264942
-264966
-264966
-265288
-265652
-265737
-265773
-266093
-266150
-266539
-266650
-267115
-267573
-267741
-268196
-268557
-268840
-268849
-269332
-269746
-269892
-270093
-270544
-271210
-271498
-272014
-272106
-272224
-272270
-272690
-273033
-273296
-273357
-273440
-274264
-274587
-274864
-274986
-275142
-275437
-275642
-275735
-275776
-275807
-275832
-275907
-275975
-276025
-276086
-276118
-276348
-276383
-276672
-276692
-276868
-277070
-277168
-277265
-277437
-278041
-278196
-278296
-278299
-278668
-278903
-279279
-279314
-279432
-279445
-279487
-279706
-279963
-280255
-280467
-280468
-280546
-280576
-280612
-280799
-280831
-280917
-281005
-281163
-281221
-281440
-281454
-281635
-281950
-281952
-282528
-282605
-282734
-282861
-282894
-283283
-283409
-283671
-283880
-283959
-284327
-284337
-284391
-284551
-285373
-285940
-285950
-286023
-286096
-286563
-286737
-286845
-286913
-286919
-287013
-287079
-287444
-287597
-287637
-287872
-288555
-288575
-289257
-289755
-290134
-290343
-290699
-290730
-290847
-291000
-291261
-291455
-291812
-291858
-291865
-291992
-292086
-292434
-292715
-294401
-294432
-294698
-294753
-294804
-294953
-295039
-295103
-295257
-295412
-295727
-295810
-295821
-295877
-296029
-296229
-296690
-296699
-297145
-297367
-297483
-297639
-297733
-298022
-298174
-298444
-298510
-298770
-298876
-298931
-298979
-298990
-299332
-299545
-299872
-300033
-300037
-300242
-300646
-300950
-301373
-301708
-301765
-301830
-302489
-302722
-303094
-303329
-303575
-303846
-304196
-304714
-304887
-304909
-304956
-305046
-305782
-306476
-306506
-306613
-306675
-306703
-306947
-307118
-307711
-307821
-307853
-308540
-308553
-308566
-308566
-308671
-308774
-309218
-309251
-309483
-309554
-309984
-310403
-310516
-310671
-310687
-310996
-311106
-311153
-311217
-311482
-311564
-311574
-311715
-311854
-312456
-312666
-313116
-313390
-313396
-313648
-313844
-314797
-314998
-315139
-315264
-315418
-315440
-315446
-315653
-316001
-316629
-316978
-317014
-317105
-317279
-317422
-317441
-317566
-317594
-317721
-317772
-318113
-318340
-318344
-318727
-318762
-319043
-319411
-319513
-319733
-320129
-320807
-320939
-321432
-321567
-321634
-321805
-321819
-321987
-322211
-322222
-322577
-322737
-322828
-323192
-323194
-323486
-323956
-324351
-324709
-325194
-325263
-325358
-325675
-325733
-325756
-325786
-325795
-326087
-326263
-326269
-326615
-327039
-327107
-327202
-327395
-327552
-327759
-327899
-327915
-327920
-328217
-328287
-328778
-328847
-328961
-329190
-329208
-330011
-330489
-330714
-330789
-330861
-330880
-331034
-331420
-331573
-332398
-332847
-332946
-332971
-333061
-333102
-333346
-333482
-333726
-334248
-334325
-334559
-334618
-334974
-335544
-335622
-336134
-336297
-336522
-336624
-336925
-337640
-337782
-338033
-338461
-338598
-338954
-339185
-339817
-340178
-340699
-340830
-340836
-341265
-341410
-341416
-341671
-341776
-342096
-342542
-342710
-342939
-343110
-343255
-343310
-343468
-343485
-343607
-343959
-343996
-344237
-344400
-344405
-344545
-344637
-344764
-344829
-344858
-344894
-344934
-346159
-346311
-346438
-346673
-347386
-347541
-348091
-348771
-349193
-349353
-349381
-349398
-349398
-349510
-349613
-349748
-350107
-350381
-350500
-350635
-350918
-351185
-351645
-351943
-352056
-352227
-352338
-352445
-352630
-352661
-352790
-352816
-353048
-353121
-353341
-353594
-353881
-353890
-353992
-354801
-354901
-355002
-355047
-355644
-356220
-356300
-356567
-356622
-356674
-356874
-357300
-357358
-357654
-358294
-358663
-358730
-359189
-359770
-360279
-360569
-360655
-360996
-361030
-361188
-361200
-361369
-361501
-361724
-362154
-362668
-362716
-362800
-363558
-363694
-363725
-363728
-363936
-364030
-364073
-364434
-365218
-365237
-365304
-365666
-365700
-365918
-366030
-366352
-366484
-366666
-367271
-367320
-367452
-367591
-367801
-368193
-368422
-369027
-369204
-369360
-369460
-369562
-369647
-369699
-370311
-370742
-370946
-371141
-371178
-371251
-371433
-371661
-371684
-372234
-372348
-372538
-372670
-372817
-372988
-373019
-373081
-373564
-373707
-373729
-373750
-373967
-374179
-374638
-374699
-375225
-375570
-375766
-375886
-376426
-377239
-377403
-377464
-377508
-377632
-377638
-377658
-377833
-377967
-378024
-378242
-378312
-378339
-378677
-379139
-379277
-379317
-379433
-379498
-379558
-379664
-379817
-380409
-380465
-380558
-380713
-380819
-380985
-381122
-381171
-381267
-381520
-381764
-381864
-382086
-382865
-383008
-383154
-383203
-383217
-383386
-383829
-383963
-384348
-384412
-384428
-384836
-384991
-385006
-385016
-385082
-385188
-385477
-385855
-386047
-386324
-386570
-386589
-386602
-386616
-386665
-386889
-387083
-387401
-387480
-387538
-387614
-387900
-388039
-388252
-388344
-388779
-388875
-388951
-389141
-389361
-389485
-389616
-389753
-389980
-390137
-390168
-390294
-390475
-391228
-391254
-391307
-391309
-391360
-391820
-391971
-392429
-392467
-392802
-393054
-393225
-393483
-393539
-393575
-393649
-393724
-393850
-393864
-394396
-394963
-395776
-395776
-395871
-395918
-396216
-396482
-396629
-397083
-397301
-397684
-397729
-397733
-397878
-397905
-397959
-398276
-398298
-398642
-398744
-398835
-398860
-398935
-398941
-398968
-399162
-399231
-399264
-399394
-399672
-399862
-400096
-400132
-400331
-400345
-400834
-400978
-401217
-401383
-401691
-402154
-402393
-402473
-402955
-403097
-403441
-403827
-403911
-404048
-404416
-404708
-404851
-404903
-405286
-405622
-405660
-405667
-405744
-405922
-406035
-406257
-406483
-406525
-406896
-407228
-407230
-407439
-407877
-407996
-408373
-408374
-408452
-408692
-409370
-409472
-409541
-409645
-409858
-410039
-410155
-410403
-410586
-410992
-411260
-411494
-411700
-411773
-411807
-412143
-412493
-412556
-413155
-413162
-413255
-413315
-413478
-413759
-413823
-413907
-414148
-414205
-414371
-414488
-414562
-414939
-415066
-415368
-415484
-415484
-415568
-415822
-416040
-416297
-416385
-416417
-416676
-417009
-417392
-417405
-417434
-417518
-417585
-417689
-417696
-417774
-417911
-417982
-418326
-418339
-418457
-418499
-419245
-419846
-420053
-420402
-420663
-420869
-421077
-421134
-421296
-421630
-421757
-422077
-422262
-422297
-422731
-423240
-423331
-423393
-423547
-423755
-423852
-423891
-424063
-424132
-424135
-424246
-424367
-424776
-424870
-425259
-425315
-425500
-425631
-426397
-427435
-427475
-427480
-427777
-427982
-428240
-428694
-428825
-428859
-428948
-429163
-429307
-429324
-429773
-429803
-430105
-430110
-430345
-430596
-430748
-430798
-431611
-431667
-431758
-432372
-432532
-432542
-432700
-433796
-433834
-434063
-434070
-434131
-434855
-435110
-435485
-435573
-435728
-436076
-436077
-436104
-436191
-436403
-436493
-436503
-436709
-436820
-436909
-437105
-437130
-437295
-437530
-437674
-437762
-437993
-438835
-439037
-439079
-439152
-439325
-439388
-439719
-439870
-439937
-440099
-440228
-440545
-440630
-440701
-440790
-440822
-440914
-440946
-441016
-441575
-441676
-441731
-441741
-441831
-442319
-442517
-442555
-442622
-442625
-442820
-443166
-443265
-443350
-443737
-443886
-443926
-444079
-444241
-444402
-444457
-444633
-444651
-444923
-444964
-445266
-446087
-447068
-447238
-447303
-447502
-447548
-447705
-447825
-447825
-447896
-448119
-448311
-448313
-448354
-448492
-449048
-449136
-449155
-449175
-449663
-449691
-449901
-449931
-450484
-450515
-450842
-450917
-451247
-451275
-451333
-451433
-451485
-451790
-451892
-452172
-452209
-452377
-452420
-452497
-452666
-452787
-453024
-453427
-453756
-453902
-453913
-453947
-453988
-454223
-454509
-454835
-454930
-455489
-456043
-456188
-456375
-456521
-456596
-456726
-456789
-456891
-456892
-456982
-457034
-457343
-457489
-457569
-458214
-458339
-458353
-458393
-458757
-458791
-459051
-459618
-459628
-459666
-460147
-460203
-460385
-460581
-461245
-461427
-461636
-461825
-462474
-462619
-462867
-463174
-463272
-463289
-463422
-463603
-463986
-464114
-464299
-464611
-464722
-464836
-464853
-464878
-465040
-465602
-465615
-466781
-467525
-467576
-467816
-468083
-468169
-468303
-468398
-468598
-468618
-468626
-468912
-469132
-469261
-469552
-469734
-469999
-470392
-470552
-470794
-471864
-472183
-472312
-472366
-472409
-472715
-472961
-473008
-473026
-473114
-473116
-473632
-473987
-474223
-474307
-475152
-475254
-475360
-475487
-475525
-475571
-475886
-476475
-476556
-476834
-476910
-476917
-477249
-477446
-477943
-477954
-478129
-478393
-478466
-478600
-478610
-478963
-479626
-479702
-479862
-480039
-480661
-481135
-481427
-481452
-481456
-481511
-481554
-481592
-481793
-481901
-482038
-482176
-482386
-482466
-483209
-484110
-484255
-485193
-485259
-485362
-485448
-485462
-485528
-485678
-486220
-486454
-486783
-486895
-486906
-486976
-487005
-487436
-487530
-487562
-487603
-487739
-487785
-487947
-488220
-488425
-488748
-489018
-489156
-489410
-489455
-489737
-489810
-490082
-490614
-491492
-492140
-492278
-492370
-492508
-492511
-492535
-492756
-492887
-492998
-493212
-493330
-493703
-493820
-493879
-494270
-494498
-494729
-495010
-495249
-495296
-495349
-495385
-495580
-495581
-495590
-495663
-495699
-495717
-495855
-495971
-496070
-496723
-497138
-497333
-497411
-497419
-497476
-497604
-497778
-497907
-498221
-498311
-498341
-499012
-499014
-499292
-499424
-499453
-499514
-499665
-499938
-499950
-499999
-500077
-500179
-500621
-500704
-501060
-501259
-501510
-501935
-502024
-502303
-502382
-502441
-502445
-502519
-502712
-502944
-503157
-503213
-503331
-503390
-503583
-503667
-503910
-504075
-504145
-504156
-504319
-504384
-504892
-505032
-505070
-505290
-505355
-505769
-505784
-505813
-506023
-506141
-506235
-506304
-506411
-507060
-507219
-507302
-507482
-507563
-507626
-507677
-507887
-507995
-508160
-508217
-508237
-508461
-508632
-508823
-508995
-509057
-509422
-509439
-509570
-509700
-510097
-510144
-510301
-510614
-510651
-510836
-510941
-511119
-511615
-511736
-511812
-511839
-512000
-512024
-512065
-512169
-512289
-512577
-512811
-512909
-512910
-513010
-513703
-514033
-514286
-514730
-514754
-515050
-515828
-516299
-516570
-516584
-516618
-516808
-517131
-517266
-517386
-517688
-518106
-518188
-518216
-518344
-518428
-518459
-518775
-518899
-518919
-519064
-519138
-519229
-519385
-519595
-519766
-519830
-520514
-520723
-520754
-520988
-521191
-521550
-521737
-521870
-522010
-522300
-522402
-522473
-522830
-523345
-523355
-523497
-523722
-523814
-523822
-523950
-524405
-524624
-524869
-525793
-525898
-526106
-526158
-526439
-526772
-526810
-526885
-528611
-528642
-529109
-529717
-529924
-529995
-530112
-530148
-530334
-530448
-530745
-530984
-530996
-531042
-531643
-531810
-532006
-532085
-532158
-532391
-532500
-533070
-533239
-533479
-533653
-533870
-534125
-534223
-534444
-534932
-534935
-535290
-535311
-535633
-536185
-536334
-536570
-536759
-536982
-537151
-537656
-537705
-537948
-538229
-538428
-538838
-538897
-538910
-539047
-539841
-539976
-539982
-540313
-540384
-540462
-540879
-540967
-541588
-541708
-542008
-542170
-542276
-542795
-542842
-542846
-542872
-543208
-543273
-543886
-544145
-544462
-544596
-544732
-544747
-544775
-545204
-545614
-545722
-545848
-545896
-545979
-546066
-546283
-546308
-546484
-546699
-546826
-546828
-546924
-547327
-547851
-547962
-548049
-548109
-548263
-548635
-548994
-549019
-549192
-549422
-549465
-549623
-549653
-549906
-550023
-550091
-550258
-550527
-550556
-550842
-551291
-551308
-551582
-551786
-551879
-552169
-552267
-552854
-553287
-553977
-554456
-554558
-554596
-554716
-554717
-554911
-555351
-555769
-556002
-556289
-556331
-556354
-556926
-556980
-556986
-557035
-557144
-557992
-558085
-558683
-558689
-558792
-558795
-558945
-559080
-559180
-559295
-559301
-559308
-559578
-559795
-560030
-560072
-560339
-560518
-560669
-560842
-560871
-561184
-561217
-561281
-561358
-561426
-561799
-562118
-562283
-562343
-562388
-562680
-562710
-562893
-563159
-563255
-564140
-564415
-564529
-564776
-564925
-564951
-565002
-565087
-565190
-565198
-565309
-565383
-565491
-565512
-565792
-566039
-566061
-566434
-566876
-567589
-568005
-568632
-569102
-569136
-569578
-569996
-570947
-571052
-571265
-571347
-571725
-571763
-571793
-571837
-572065
-572458
-572483
-573186
-573370
-573708
-573890
-573947
-574056
-574074
-574259
-574388
-574540
-574552
-574576
-574818
-574892
-575059
-575069
-575150
-575830
-575951
-576166
-576248
-576655
-576971
-577103
-577109
-577282
-577370
-577381
-577441
-577442
-577510
-578041
-578747
-579022
-579398
-579729
-580162
-580399
-580876
-580921
-580991
-581019
-581389
-581749
-581858
-582068
-582317
-582450
-582617
-582673
-583003
-583150
-583343
-583437
-583468
-583491
-583535
-583536
-583606
-583788
-584356
-584369
-584776
-585119
-585286
-585368
-585446
-585703
-585720
-585847
-586958
-587405
-587522
-587959
-588158
-588497
-588532
-588593
-588648
-588845
-588875
-589063
-589177
-589539
-589787
-589964
-590019
-590279
-590349
-590560
-590880
-591165
-591463
-591999
-592519
-592599
-592653
-592880
-592944
-593708
-593961
-594189
-594416
-594672
-594696
-594796
-595728
-595788
-595842
-596047
-596423
-596985
-597100
-597302
-597591
-597765
-598015
-598031
-598278
-598287
-598323
-598517
-598596
-598655
-598732
-599086
-599160
-599189
-599231
-599235
-599386
-599526
-599541
-599555
-599606
-599664
-600116
-600635
-601080
-601192
-601386
-601642
-601643
-601842
-602458
-603111
-603322
-603383
-603576
-603610
-603830
-603944
-604213
-604724
-604732
-605045
-605317
-605639
-606144
-606402
-606553
-606621
-606682
-607475
-607598
-607828
-607884
-608229
-608799
-609151
-609660
-609822
-609864
-610493
-610569
-610698
-610731
-610762
-610924
-610984
-611060
-611252
-611345
-611538
-611539
-611567
-611640
-612112
-612122
-612421
-612737
-612744
-612943
-613157
-613338
-613399
-613409
-613514
-613754
-613808
-613927
-614056
-614132
-614141
-614369
-614479
-614569
-614685
-614713
-614779
-615021
-615058
-615170
-615222
-615363
-615462
-616144
-616299
-616645
-616697
-616722
-616977
-617070
-617204
-617523
-617572
-617772
-617978
-618615
-618957
-619395
-619647
-619683
-619686
-619765
-619785
-619846
-619922
-620175
-620918
-620952
-621268
-621645
-621815
-621986
-622083
-622231
-622266
-622479
-622558
-622561
-622629
-622854
-622897
-622902
-622906
-622978
-623061
-623813
-624023
-624170
-624554
-624809
-624831
-624879
-625206
-625310
-625492
-625548
-625695
-625890
-625930
-627280
-627398
-627622
-628047
-628174
-628187
-628491
-628500
-628912
-628983
-629084
-629175
-629508
-629514
-629524
-630179
-630563
-630772
-630823
-630884
-631037
-631062
-631078
-631169
-631334
-631676
-632057
-632325
-632363
-632392
-632491
-632827
-632912
-633184
-633242
-633279
-633330
-633521
-633530
-633618
-633645
-633653
-633999
-634361
-635284
-635616
-635710
-636081
-636349
-636618
-637044
-637055
-637077
-637148
-637198
-637319
-637707
-637864
-637929
-638401
-638515
-638684
-638801
-638875
-638962
-638964
-639011
-639129
-639456
-639623
-639698
-639755
-639790
-639867
-639968
-640245
-640607
-640712
-640763
-640867
-640885
-641041
-641278
-641445
-642022
-642027
-642121
-642242
-642441
-642620
-642965
-643758
-643912
-643994
-644301
-644422
-644995
-645105
-645329
-645358
-645389
-645450
-645488
-645496
-645599
-646021
-646118
-646147
-646481
-647354
-647388
-647454
-647774
-647939
-647997
-648001
-648809
-649173
-649774
-649937
-650000
-650249
-650290
-650693
-650726
-650816
-650899
-651321
-651597
-652148
-652469
-652508
-652787
-653071
-653189
-653371
-653614
-653819
-653885
-654079
-654150
-654501
-654625
-655002
-655061
-655373
-655718
-655951
-656353
-656471
-656722
-656953
-657098
-657251
-657395
-657538
-657936
-658209
-659203
-659542
-659808
-659898
-660073
-660225
-660286
-660355
-660403
-660525
-661062
-661309
-661316
-661329
-661400
-661655
-661790
-661805
-661888
-662280
-662392
-662593
-662710
-663076
-663128
-663326
-663759
-663911
-663934
-663965
-663980
-664441
-664751
-664784
-664813
-664814
-665026
-665053
-665266
-665558
-665582
-665806
-666390
-666719
-667094
-667231
-667261
-667282
-667499
-667959
-668130
-668157
-668284
-668329
-668475
-668744
-668773
-668958
-668970
-669180
-669463
-669603
-669831
-670417
-670438
-670602
-670622
-670647
-670760
-670786
-670841
-670938
-671080
-671226
-671297
-671642
-671683
-671793
-672120
-672220
-672303
-672442
-672452
-672879
-673351
-673707
-673841
-673976
-674111
-674115
-674294
-674440
-674662
-675062
-675094
-675143
-675428
-675507
-675514
-675805
-675853
-675906
-676113
-676185
-676281
-676840
-676898
-676962
-676979
-677473
-677510
-677732
-678131
-678232
-678565
-678585
-678768
-678826
-678863
-679395
-679642
-680315
-680363
-680426
-680441
-680498
-680593
-680689
-680968
-681014
-681308
-681414
-681440
-681466
-681566
-681862
-682010
-682231
-682232
-682241
-682329
-682427
-682539
-682705
-682785
-682823
-682838
-683259
-683361
-683409
-683573
-683617
-683627
-684093
-684142
-684159
-684396
-685152
-685272
-685327
-685428
-685466
-685664
-685748
-685847
-685970
-686183
-686360
-686673
-686739
-686830
-687015
-688051
-688093
-688525
-688637
-688694
-688930
-688988
-689155
-689314
-689417
-689488
-689865
-690002
-690009
-690053
-690119
-690286
-690310
-690500
-690723
-690837
-691103
-691325
-691461
-691486
-692249
-692942
-693372
-693859
-694237
-694438
-694472
-694479
-694823
-695184
-695197
-695279
-695318
-695432
-695522
-695601
-695622
-695676
-695971
-696239
-696475
-696486
-696797
-696980
-697024
-697293
-697614
-697727
-698151
-698456
-698807
-699460
-699486
-699505
-699644
-699796
-699816
-699953
-700142
-700699
-700772
-701007
-701018
-701151
-701157
-701377
-701448
-701546
-701558
-701576
-701734
-701745
-701990
-702279
-702369
-702652
-702907
-703040
-703104
-703125
-703592
-703744
-703899
-704267
-704346
-704409
-704615
-704707
-705110
-705701
-705960
-706010
-706162
-706198
-706514
-706668
-706680
-706870
-707143
-707189
-707322
-707351
-707452
-707452
-707478
-707581
-708044
-708305
-708391
-708494
-708883
-709608
-709623
-709790
-709871
-710042
-710461
-710645
-710732
-711186
-711274
-711412
-711499
-711584
-711751
-711804
-711841
-711843
-711913
-712066
-712563
-713064
-713079
-713224
-713379
-713482
-713745
-713755
-713881
-714975
-714981
-715236
-715294
-715391
-715595
-715809
-715889
-716019
-716339
-716434
-716532
-716537
-716543
-716873
-716915
-717002
-717460
-717535
-717569
-717900
-718045
-718189
-718598
-718741
-719262
-719667
-719819
-720029
-720446
-720515
-720569
-720582
-720856
-720898
-720928
-721136
-721748
-721774
-722144
-722515
-722609
-722897
-723115
-723206
-723562
-723575
-723763
-723791
-723810
-724500
-724528
-724556
-724557
-724708
-724996
-725355
-725562
-725573
-725780
-726049
-726177
-726635
-726674
-726818
-727203
-727501
-727572
-727599
-727758
-727814
-727862
-727866
-727940
-728208
-728614
-728938
-729007
-729049
-729125
-729139
-729213
-729315
-729356
-730427
-730442
-730476
-730885
-730921
-731338
-731366
-731591
-731645
-731683
-731743
-731789
-731814
-731865
-731923
-731954
-732248
-732435
-732741
-732793
-732832
-732977
-733085
-733157
-733329
-733600
-733679
-733777
-734048
-734224
-734450
-735584
-735725
-735771
-735775
-735832
-735878
-736234
-736245
-736443
-736974
-736998
-737289
-737306
-737585
-737788
-738269
-738497
-738818
-739006
-739067
-739145
-739168
-740191
-740448
-740479
-740504
-740793
-741118
-741294
-741881
-742187
-742702
-742739
-743015
-743088
-743108
-743118
-743135
-743296
-743467
-743869
-743898
-743918
-744336
-745372
-745384
-745407
-745423
-745614
-745866
-745968
-746106
-746163
-746223
-746257
-746725
-746785
-746877
-747282
-747396
-747449
-747658
-747698
-747829
-747891
-748076
-748523
-748557
-748622
-748668
-748808
-749227
-749574
-749755
-750288
-750423
-750569
-750725
-750870
-750878
-751357
-751580
-751585
-751780
-752187
-752206
-752398
-752873
-752906
-753102
-753318
-753509
-753754
-754206
-754905
-754927
-754950
-755016
-755123
-755200
-755218
-755332
-755557
-755821
-755845
-755935
-755954
-756135
-756502
-757007
-757225
-757234
-757252
-757500
-757609
-757954
-758057
-758215
-758790
-758835
-758998
-758999
-759037
-760060
-760228
-760385
-760622
-760690
-760927
-760996
-761084
-761325
-761358
-761390
-761509
-761532
-761822
-761834
-762192
-762387
-762477
-762655
-762997
-763057
-763098
-763436
-763469
-763584
-763594
-763685
-763758
-763762
-764084
-764143
-764297
-764374
-764545
-764935
-764964
-765280
-765427
-765897
-766520
-766625
-766959
-766978
-767177
-767448
-767635
-767682
-767772
-767824
-767848
-768131
-768201
-768544
-769043
-769232
-769327
-769359
-769592
-769622
-769630
-769686
-769813
-769911
-770144
-770332
-770587
-770614
-770787
-770878
-771282
-771443
-771658
-771946
-771971
-772039
-772147
-772436
-772641
-773008
-773109
-773118
-773259
-773510
-773736
-773742
-773895
-774898
-775286
-775721
-775910
-776059
-776135
-776176
-776254
-776770
-776795
-776823
-777310
-777605
-777847
-777976
-778012
-778117
-778149
-778239
-778499
-778563
-778727
-778808
-779082
-779488
-779545
-780041
-780099
-780137
-780211
-781251
-781373
-781529
-781553
-782337
-782422
-782484
-782537
-782542
-782583
-782699
-782912
-782992
-783072
-783509
-784211
-784365
-784368
-784488
-784490
-784630
-784803
-784846
-785058
-785387
-785540
-785560
-785681
-786415
-786748
-787043
-787305
-788160
-788357
-788398
-789144
-789637
-789998
-790065
-790201
-790347
-790801
-790927
-791095
-791112
-791135
-791529
-791566
-791729
-791778
-792220
-792615
-792698
-792984
-793072
-793500
-793546
-793679
-793706
-793914
-793936
-794160
-794296
-794783
-795226
-795259
-795329
-795362
-795397
-795564
-796462
-796584
-796607
-796656
-796884
-797525
-797548
-797572
-797613
-797691
-797822
-797957
-798128
-798261
-798507
-798624
-799033
-799457
-799844
-800198
-800335
-800418
-800467
-801480
-801507
-801687
-801844
-802539
-802844
-802929
-803053
-803092
-803145
-803188
-803345
-803537
-803766
-804483
-804483
-804513
-804574
-804632
-804853
-805012
-805101
-805165
-805340
-805602
-805643
-806212
-806610
-806792
-806845
-806859
-806966
-807079
-807282
-807436
-807492
-807559
-807953
-808113
-808338
-808788
-808790
-809040
-809398
-810085
-810387
-810752
-810936
-811163
-811418
-811549
-812006
-812648
-812740
-812830
-812900
-812934
-813056
-813150
-813367
-813697
-813722
-814135
-814149
-814431
-814800
-815405
-815596
-815651
-815672
-816050
-816217
-816227
-816429
-817239
-817542
-817630
-817805
-818185
-818387
-818401
-818421
-818473
-818726
-818800
-818829
-819062
-819191
-819601
-819685
-819844
-820119
-820172
-820227
-820284
-820536
-820581
-820648
-821292
-821701
-821712
-821742
-821896
-822113
-822132
-822376
-822413
-822417
-822718
-822810
-822850
-822921
-823269
-823355
-823430
-823776
-824234
-824743
-825022
-825876
-826306
-826556
-826641
-826798
-826939
-827075
-828159
-828760
-829209
-829338
-829463
-829478
-829551
-830009
-830141
-830487
-830505
-830590
-830760
-830840
-831883
-832214
-833280
-833498
-834138
-834450
-834808
-834816
-834938
-835675
-835909
-835963
-836381
-836387
-836632
-837150
-837497
-837755
-837788
-838259
-838862
-838930
-839114
-839232
-839235
-839313
-839858
-839970
-840190
-840286
-840401
-841268
-841584
-841805
-841937
-841976
-842050
-842196
-842408
-842879
-843214
-843226
-843400
-843665
-844367
-844446
-844912
-845886
-846290
-846368
-846459
-846493
-846731
-847264
-847630
-848109
-848149
-848150
-848373
-848598
-848688
-848803
-849036
-849385
-849594
-849761
-849787
-850575
-850584
-850609
-851010
-851063
-851547
-851600
-851753
-852103
-852241
-852540
-852623
-852714
-852807
-852971
-853025
-853433
-853628
-853676
-853806
-854253
-854360
-854606
-854613
-854881
-854946
-855733
-855871
-855957
-856013
-856252
-856721
-856795
-856890
-857004
-857066
-857669
-858066
-858114
-858116
-858206
-858513
-858721
-859215
-859334
-859362
-859456
-859766
-859932
-859939
-860004
-860039
-860218
-860288
-860930
-861658
-861786
-861800
-861942
-861978
-862425
-863463
-863599
-863757
-863847
-864207
-864278
-864402
-864896
-865173
-865181
-865218
-865342
-865411
-865466
-865752
-865806
-865951
-866073
-866448
-866566
-866611
-867032
-867175
-867497
-867652
-867693
-868124
-868149
-868271
-868548
-868692
-868857
-868859
-868907
-868920
-869140
-869194
-869358
-869387
-869739
-869861
-870779
-870792
-870917
-871456
-871571
-871685
-872193
-872349
-872435
-872797
-872843
-873872
-874077
-874080
-874598
-874613
-874641
-874658
-874672
-874984
-875501
-875501
-875554
-875803
-876068
-876192
-876291
-876392
-876696
-877078
-877130
-877283
-877358
-877410
-877460
-877519
-877735
-877885
-878116
-878401
-878421
-878446
-878584
-878915
-878938
-879122
-879300
-879417
-879657
-879672
-879715
-880160
-880207
-880259
-880287
-880985
-881533
-881771
-881797
-881850
-881895
-881929
-881997
-882005
-882053
-882138
-882176
-882722
-882742
-882753
-882988
-883562
-883580
-883653
-883689
-884075
-884373
-884528
-884643
-884775
-884953
-885050
-885311
-885357
-885589
-885689
-885725
-885815
-886216
-886426
-886537
-886905
-887050
-887105
-887163
-887478
-887702
-887743
-888014
-888019
-888104
-888220
-888336
-888763
-888771
-888848
-889170
-889402
-889543
-889894
-889916
-890251
-890614
-890872
-890978
-891125
-891175
-891454
-891482
-892032
-892074
-892173
-892291
-892338
-892347
-892432
-892559
-892820
-893064
-893304
-893491
-893661
-893720
-893885
-894134
-894406
-894447
-894550
-894660
-894693
-894787
-895042
-895248
-895729
-895798
-895811
-896228
-896282
-896473
-897131
-897632
-898812
-899288
-899364
-899569
-900081
-900412
-900429
-900555
-900952
-901343
-901406
-902059
-902224
-902316
-902480
-902626
-902666
-903135
-903202
-903332
-903554
-903630
-903646
-903890
-903910
-904112
-904140
-904188
-904306
-904354
-904766
-904917
-905026
-905190
-905330
-905405
-905436
-905479
-905843
-905844
-905849
-905914
-906182
-906249
-906369
-906520
-906570
-906679
-906791
-906907
-907209
-907437
-908010
-908073
-908170
-908195
-908469
-908784
-908889
-909091
-909214
-909407
-909408
-909561
-909654
-909907
-909996
-910138
-910172
-910220
-910240
-910302
-910356
-910784
-910852
-910925
-911139
-911189
-912777
-912882
-913188
-913214
-913238
-914209
-914720
-915011
-915208
-915348
-915533
-915838
-915882
-916086
-916239
-916394
-916744
-916879
-917136
-917380
-917483
-917618
-917810
-917959
-917975
-918026
-918288
-919136
-919149
-919359
-919718
-919864
-922361
-922574
-922657
-922731
-923004
-923066
-923245
-923349
-923543
-923546
-923968
-923987
-924216
-924223
-924308
-924480
-924723
-925103
-925189
-925507
-925564
-925605
-925699
-925838
-925839
-926008
-926090
-926136
-926195
-926487
-926502
-926584
-926783
-927088
-927559
-928046
-928137
-928177
-928189
-928197
-928383
-928651
-928723
-929276
-929544
-929800
-929881
-929947
-929971
-930008
-930153
-930418
-930713
-931206
-931920
-932446
-932705
-932830
-932997
-933027
-933153
-934053
-934458
-934751
-934941
-935005
-935392
-935452
-935459
-937036
-937316
-937742
-937893
-937938
-938272
-938292
-938311
-938869
-939339
-939531
-939693
-939761
-939880
-940023
-940141
-940146
-940431
-940579
-940677
-940718
-940958
-940960
-941013
-941021
-941638
-941690
-941726
-941766
-941965
-942091
-942419
-942484
-942496
-942507
-942665
-942850
-943158
-943593
-943766
-943805
-943855
-944192
-944645
-944653
-944703
-945075
-945640
-945830
-945959
-945969
-946029
-946068
-946446
-946526
-946777
-946893
-947068
-947131
-947303
-947485
-947878
-948018
-948024
-948557
-948921
-949013
-949261
-949471
-949535
-949698
-949730
-949739
-949872
-950057
-950103
-950148
-951222
-951302
-951444
-951826
-951928
-952275
-952383
-952691
-952839
-952979
-953118
-953386
-953450
-953488
-953649
-953820
-954006
-954287
-954320
-954446
-954646
-954734
-954898
-955320
-955522
-956472
-956765
-957014
-957069
-957102
-957186
-957433
-957500
-957749
-957861
-958243
-958340
-958498
-958661
-958811
-959328
-959434
-959681
-960340
-960517
-960532
-961197
-961285
-961638
-961852
-962146
-962150
-962244
-962567
-964172
-964389
-964744
-965014
-965221
-965487
-965516
-965647
-965719
-966113
-966178
-966205
-966291
-966496
-966598
-966639
-966942
-967090
-967192
-967253
-967517
-967839
-968168
-968258
-968273
-968438
-968592
-969273
-969356
-969380
-969403
-969736
-969888
-970185
-970353
-970582
-970639
-970974
-971329
-971785
-971843
-971874
-971900
-972180
-972290
-972474
-972761
-972826
-972905
-972975
-973031
-973240
-973304
-973313
-973393
-973493
-973952
-974036
-974232
-974290
-974354
-974462
-974479
-974593
-974680
-974691
-974989
-975639
-975957
-976160
-976284
-976308
-976396
-976414
-976573
-976639
-976667
-976698
-977036
-977122
-977389
-977653
-977826
-977945
-977981
-978496
-978591
-978734
-978774
-978804
-978887
-979525
-979610
-980209
-980487
-980906
-980974
-981246
-981284
-981288
-981310
-981743
-982465
-983119
-983175
-983216
-983269
-983857
-984303
-984505
-984779
-984881
-985341
-985674
-985688
-986014
-986085
-986261
-986300
-986327
-986440
-986441
-986797
-986901
-986902
-987114
-987455
-987913
-988007
-988314
-988327
-989555
-989713
-989714
-990343
-991509
-991550
-992057
-992197
-992449
-992451
-992539
-992595
-992680
-992695
-993147
-993197
-993281
-993310
-993359
-993483
-993523
-993624
-993666
-993980
-994485
-995191
-995707
-996009
-996253
-997246
-997618
-997855
-998070
-998897
-998958
-999288
-999432
-999471
