10000
0
177
326
392
512
597
874
1076
1176
1177
1546
1576
1602
1603
1803
2115
2233
2243
2300
2415
2550
2584
2604
3110
3354
3533
3671
3704
3820
3834
3934
4018
4206
4291
4370
4404
4453
4456
4475
4546
4789
4914
4967
4972
5328
5351
5372
5406
5453
5476
5664
5753
5800
5925
6140
6144
6285
6307
6429
6431
6442
6500
6531
6581
6820
6888
6943
6958
7150
7158
7201
7266
7286
7314
7373
7377
7539
7650
7689
7810
7908
7930
7953
8229
8378
8424
8511
8529
8538
8638
8833
8843
8892
8978
9021
9252
9352
9395
9409
9412
9603
9751
9880
9888
9972
10058
10224
10643
10842
10998
11155
11292
11388
11691
11745
12117
12242
12293
12465
12557
12761
12773
12782
13017
13265
13273
13404
13472
13527
13574
13584
13756
13812
13854
13922
14043
14052
14074
14132
14181
14225
14325
14349
14377
14504
14652
15000
15082
15086
15103
15168
15203
15255
15278
15522
15650
15711
15942
16160
16265
16429
16473
16473
16529
16596
16703
16778
16821
17265
17474
17536
17690
17717
17778
17935
18274
18374
18469
18482
18684
18704
18856
19101
19212
19347
19392
19577
19683
19728
19755
19787
19872
20206
20292
20335
20341
20444
20504
20698
20756
20815
20822
20857
20930
20962
21029
21039
21045
21063
21108
21132
21177
21239
21525
21540
21569
21599
21613
21624
21732
21842
21901
22006
22039
22103
22116
22145
22207
22335
22456
22473
22506
22583
22592
22671
22673
22706
22746
22750
22771
22816
23004
23140
23413
23455
23456
23529
23596
23649
23895
23940
24027
24051
24103
24210
24264
24341
24347
24384
24415
24423
24632
24871
25016
25202
25307
25653
25736
26052
26186
26251
26297
26369
26418
26618
26689
26700
26824
26835
26874
26923
27110
27147
27155
27204
27226
27334
27440
27475
27488
27538
27547
27733
27810
27824
28029
28193
28262
28402
28404
28445
28700
28731
28822
28837
28930
28981
29167
29302
29314
29393
29420
29445
29483
29582
30034
30165
30241
30437
30899
30952
31149
31358
31381
31546
31615
31644
31681
32111
32286
32457
32572
32606
32635
32693
32731
32824
32832
32984
33422
33545
33600
33605
33651
33706
33750
33774
33971
34101
34135
34165
34427
34572
34621
34679
34762
35007
35141
35374
35381
35446
35597
35625
36226
36239
36297
36498
36767
36873
37103
37203
37351
37519
37698
38058
38073
38074
38173
38219
38279
38289
38494
38761
38843
38931
39038
39090
39113
39284
39393
39442
39454
39610
39672
39676
39852
39951
40024
40086
40112
40156
40268
40336
40347
40522
40541
40558
40600
40643
40661
40679
40844
40845
41090
41208
41302
41460
41550
41611
41665
41826
41897
42015
42024
42042
42087
42112
42161
42319
42326
42376
42474
42477
42692
42775
42872
42874
42880
42947
43050
43204
43215
43246
43371
43395
43415
43540
43590
43762
43886
44014
44038
44160
44174
44255
44337
44346
44738
44826
44919
44988
45028
45038
45423
45476
45781
45865
45896
45902
45907
46001
46034
46056
46065
46087
46112
46153
46209
46233
46589
46591
46624
46697
46826
46832
46910
46981
47009
47071
47081
47097
47106
47359
47577
47593
47788
47964
47975
48096
48107
48120
48427
48632
48763
48780
48781
48842
48880
48914
49061
49152
49493
49561
49648
49717
49795
49818
49885
49896
49909
49931
50201
50283
50425
50557
50689
50709
50726
50798
50944
51011
51143
51165
51226
51236
51245
51585
51632
51676
51780
51967
52167
52321
52329
52414
52421
52444
52613
52817
53061
53134
53261
53285
53298
53345
53377
53396
53494
53742
53765
54095
54175
54217
54247
54363
54386
54443
54534
54598
54805
54821
54849
54941
54987
55021
55041
55056
55069
55083
55114
55184
55467
55499
55521
55605
55705
55714
55723
55737
55893
56022
56286
56582
56649
56766
56778
56894
56983
56986
57017
57112
57271
57416
57430
57571
57615
57657
57670
57701
57713
57763
57866
57943
58197
58222
58335
58342
58469
58544
58608
58743
58793
58907
58948
59132
59482
59555
59789
59857
59867
59953
60140
60172
60270
60472
60477
60570
60662
60769
60777
60909
60918
60923
60928
61130
61174
61343
61403
61422
61604
61669
61801
61836
61924
61992
62094
62265
62305
62344
62438
62705
62981
63028
63405
63504
63583
63651
63663
63919
64186
64220
64295
64304
64314
64413
64576
64717
64719
64732
64753
64753
64794
64796
64915
64927
64947
65276
65289
65517
65547
65563
65779
65906
66033
66075
66109
66127
66182
66252
66325
66339
66600
66645
66771
66911
66941
67490
67502
67566
67642
67652
67695
67707
67987
68022
68202
68262
68306
68489
68503
68565
68617
68667
68841
68848
68875
68895
69028
69041
69053
69231
69250
69539
69545
69619
69689
69869
69930
70191
70398
70489
70500
70587
70637
70658
70875
71079
71095
71219
71283
71324
71459
71460
71626
71654
72035
72125
72151
72433
72500
72652
72678
72801
72815
72862
72926
72935
72968
72982
73059
73215
73229
73237
73292
73302
73433
73625
73686
73805
73910
74132
74293
74342
74428
74435
74497
74770
74770
74780
74824
74849
74896
74999
75107
75171
75329
75460
75461
75668
75842
75956
76125
76268
76293
76346
76377
76419
76436
76571
76689
76734
76795
76799
76841
77023
77056
77121
77658
77672
77843
78265
78389
78490
78507
78666
78716
78869
78984
79004
79293
79308
79443
79461
79496
79702
79796
80056
80420
80437
80530
80742
80759
80840
80898
80938
81003
81182
81334
81399
81454
81471
81599
81855
81864
81919
81999
82056
82268
82352
82422
82435
82481
82604
82770
82915
83055
83147
83266
83347
83421
83714
83815
83817
83921
84063
84157
84200
84263
84382
84555
84722
84760
84819
84853
84881
84962
84997
85020
85200
85241
85264
85524
85777
85940
86000
86052
86134
86160
86190
86209
86310
86440
86517
86657
86679
86699
86704
86747
86892
86957
87112
87131
87225
87293
87321
87324
87387
87416
87567
87595
87910
87930
88072
88251
88360
88389
88650
88734
88793
88796
88835
88876
88926
88967
88999
89187
89216
89225
89234
89361
89452
89502
89737
89821
89924
89929
89992
90027
90039
90047
90109
90228
90301
90309
90340
90426
90613
90690
90705
90708
90923
90973
90988
91079
91087
91178
91521
91602
91667
91800
91855
91860
91974
92041
92054
92166
92181
92466
92495
92499
92607
92616
92926
93031
93129
93355
93552
93722
94005
94055
94103
94304
94315
94433
94644
94803
94901
95004
95007
95196
95790
95837
95861
95992
96079
96328
96454
96480
96561
96793
96852
97063
97123
97125
97197
97216
97294
97296
97380
97910
97948
97959
97996
98128
98136
98138
98445
98702
98708
98718
98747
98762
98946
98972
99024
99037
99098
99107
99114
99174
99215
99383
99383
99414
99545
99697
99879
100014
100126
100199
100359
100605
100643
101011
101037
101070
101154
101273
101373
101581
101970
101976
102272
102381
102429
102458
102476
102590
102653
102787
102975
103045
103060
103079
103237
103331
103388
103463
103678
103738
104003
104014
104072
104092
104121
104210
104389
104502
104523
104547
104684
104822
104868
104893
104938
105030
105061
105119
105169
105174
105201
105457
105470
105600
105710
105759
105928
106025
106041
106182
106218
106228
106285
106317
106320
106446
106472
107034
107091
107255
107271
107357
107525
107603
107603
107782
107793
107947
108054
108082
108145
108146
108153
108372
108435
108488
108569
108965
109028
109100
109164
109173
109448
109857
110175
110222
110288
110558
110562
110803
110845
110852
110950
111083
111098
111210
111282
111457
111600
111895
111924
112047
112085
112499
112590
112678
112741
112834
113061
113240
113260
113346
113495
113577
113738
113861
113898
113904
113915
113945
114193
114254
114394
114396
114465
114618
114674
114764
114897
114928
114967
115198
115417
115590
115703
115737
115763
115763
115797
115854
115913
115915
115950
115988
115990
115998
116010
116078
116086
116228
116302
116384
116414
116582
116585
116592
116608
116865
116913
116924
116927
117002
117122
117288
117509
117545
117636
117748
117959
118032
118139
118177
118233
118368
118468
118708
118801
119036
119090
119105
119129
119522
119584
119748
119799
119882
119895
120004
120079
120115
120144
120279
120340
120464
120688
120708
120722
120956
120991
121082
121134
121168
121171
121622
121855
122131
122289
122478
122620
122644
122660
122663
122766
122933
123088
123105
123172
123524
123771
123873
123928
124131
124181
124228
124325
124441
124670
124738
124793
124808
124809
124822
124950
125039
125083
125094
125100
125288
125564
125719
125766
125816
125838
125868
125875
125920
125938
126260
126567
126677
126705
126893
126908
127117
127394
127589
127598
128145
128211
128216
128306
128380
128493
128511
128692
128704
128796
128800
128804
128842
128913
129278
129299
129336
129482
129514
129520
129573
129794
129911
130044
130121
130187
130215
130253
130283
130312
130543
130628
130718
130793
130832
131097
131183
131254
131361
131420
131465
131557
131600
131658
131659
131767
131917
131950
132271
132799
132862
132880
133046
133127
133280
133295
133338
133437
133443
133539
133548
133927
133946
133986
134134
134438
134717
134889
134974
135014
135112
135207
135526
135606
135644
135737
135794
135846
136098
136165
136199
136298
136389
136496
136621
136647
136816
136851
136854
137016
137049
137128
137217
137236
137640
137675
137718
137842
137848
137870
138005
138014
138040
138113
138322
138497
138499
138587
138713
138761
138811
138933
139138
139269
139278
139454
139467
139520
139603
139625
139646
139811
139894
139991
140099
140119
140318
140318
140421
140499
140584
140588
140602
140634
140644
140655
140687
140711
140862
140868
140921
140960
140964
140992
141178
141287
141354
141377
141438
141499
141662
141867
141905
141940
141949
142017
142061
142143
142220
142275
142386
142428
142700
142989
143017
143303
143312
143443
143448
143545
143572
143577
143698
143819
143819
143953
144003
144138
144190
144249
144295
144315
144466
144491
144527
144640
144713
144730
144881
145067
145090
145277
145400
145943
146296
146520
146581
146587
146611
146616
146920
147123
147367
147598
147649
147760
148053
148095
148243
148357
148451
148637
148641
148641
148650
148872
148895
149041
149088
149281
149437
149442
149466
149472
149516
149549
149748
149816
149896
149935
150092
150217
150273
150344
150381
150424
150534
150644
150676
150800
150922
150995
151022
151027
151036
151095
151103
151264
151331
151465
151661
151772
151828
151970
151974
152041
152205
152345
152362
152394
152485
152747
152854
152932
152941
153044
153049
153221
153222
153338
153577
153661
153874
153995
154195
154516
154523
154612
154817
154860
154901
154916
154975
155030
155093
155120
155213
155227
155265
155282
155406
155502
155568
155606
155793
155978
156010
156063
156076
156092
156277
156396
156644
156975
157007
157121
157146
157350
157450
157531
157541
157673
157781
157782
157836
157840
157915
158172
158204
158394
158431
158592
158604
158665
158678
158897
158997
159081
159094
159137
159240
159327
159526
159600
159674
159683
159903
159914
160173
160178
160267
160275
160318
160355
160420
160551
160654
160785
160788
160812
160944
161003
161051
161267
161318
161509
161579
161758
161797
162009
162050
162120
162596
162637
162663
162667
162676
162914
163210
163314
163667
163789
163791
163914
163973
164035
164048
164062
164099
164192
164321
164348
164368
164660
164856
165008
165111
165132
165297
165394
165423
165438
165648
165794
165839
165996
166214
166234
166264
166359
166377
166411
166544
166639
166658
166780
166807
166845
166850
166908
166984
167030
167107
167239
167368
167370
167463
167520
167593
167633
167783
167933
168021
168033
168118
168144
168152
168173
168258
168297
168322
168487
168612
168954
168991
169196
169205
169265
169279
169388
169455
169502
169650
169712
169726
169841
169874
170009
170013
170085
170182
170217
170254
170353
170588
170707
170781
170886
171085
171341
171514
171573
171577
171620
171641
171825
171841
171845
172056
172457
172527
172595
172682
173118
173195
173375
173515
173569
173710
173731
173868
174061
174204
174224
174263
174338
174415
174483
174538
174612
174704
174766
174775
174924
175041
175042
175375
175464
175512
175585
175739
175790
175897
175949
176016
176093
176113
176123
176233
176321
176478
176600
176643
176643
176781
176960
177238
177255
177301
177325
177352
177558
177566
177608
177660
177684
177723
177998
178076
178236
178274
178280
178411
178472
178546
178552
178643
178746
178770
178889
178918
178944
179017
179236
179246
179314
179463
179529
179653
179721
179724
179732
179751
180233
180400
180409
180445
180675
180777
180793
180800
180848
180949
181098
181181
181422
181560
181602
181618
181688
181888
181966
182042
182231
182324
182451
182525
182554
182646
182687
182812
183034
183165
183238
183249
183257
183509
183678
183749
184064
184343
184457
184524
184648
184726
184766
184814
184848
185040
185190
185241
185256
185397
185525
185747
185807
185832
185875
185911
185957
186150
186197
186198
186237
186278
186300
186344
186399
186405
186560
186577
186597
186650
186678
186703
186950
186984
187266
187348
187541
187571
187698
187796
187904
188058
188164
188266
188556
188601
188647
188717
188826
188968
189030
189186
189188
189210
189279
189305
189429
189441
189532
189652
189674
189792
190270
190291
190503
190788
190807
190855
191006
191150
191247
191271
191370
191565
191689
191700
191719
191743
191898
192170
192229
192258
192286
192386
192525
192712
192828
192922
192937
192971
192989
193083
193203
193300
193324
193470
193566
193567
193572
193658
193686
193728
193750
193866
193898
193989
194069
194175
194201
194208
194558
194566
194597
194685
194889
194986
195062
195128
195242
195588
195713
195723
195903
195994
195997
196174
196199
196295
196309
196364
196366
196486
196599
196668
196851
196937
197073
197132
197218
197235
197393
197432
197472
197563
197720
197773
198064
198122
198369
198377
198543
198578
198840
198943
199060
199074
199176
199466
199577
199624
199667
199784
199795
199799
199825
199893
199902
199930
200235
200483
200629
200648
201044
201093
201485
201601
201631
201869
202098
202292
202320
202485
202809
202888
202996
203020
203086
203164
203203
203264
203523
203603
203650
203664
203688
203864
203928
203978
204085
204094
204102
204187
204212
204247
204353
204443
204492
204549
204576
204585
204820
204858
204909
204930
205494
205695
206027
206033
206096
206126
206153
206215
206258
206346
206452
207192
207210
207310
207391
207554
207591
207865
207967
208009
208019
208096
208158
208190
208531
208641
208675
208701
208785
208908
208988
209017
209018
209054
209327
209483
209490
209608
209930
209935
210133
210285
210307
210359
210450
210604
210675
210815
210831
211166
211417
211610
211643
211703
211792
211807
211911
212196
212208
212391
212415
212576
212661
212817
212917
212919
212944
212961
212994
213184
213211
213400
213422
213592
213725
213983
214135
214156
214332
214355
214474
214510
214518
214521
214522
214537
214546
214722
215020
215081
215131
215156
215221
215235
215312
215494
215618
215683
215929
215970
216005
216012
216067
216122
216381
216469
216633
216660
216695
216705
216796
216871
216961
217153
217297
217493
217575
217622
218447
218453
218496
218551
218564
218696
218857
218864
218886
218965
219045
219151
219343
219433
219518
219559
219560
219759
219822
219881
219922
220046
220094
220384
220429
220665
220715
220980
221023
221221
221255
221335
221398
221512
221525
221533
221771
221784
221828
221889
222105
222139
222309
222633
222989
223147
223243
223266
223275
223288
223325
223491
223533
223666
223761
223933
224025
224159
224163
224284
224317
224707
224812
224972
225033
225255
225297
225507
225531
225686
225901
226076
226098
226119
226253
226474
226670
226776
226891
226984
226989
227008
227326
227530
227757
227862
228348
228548
228639
228773
228825
228960
229092
229238
229302
229377
229462
229463
229572
229623
229826
229855
229911
230023
230058
230096
230283
230382
230553
230635
230671
230804
230881
230980
231171
231201
231350
231379
231500
231938
232090
232253
232273
232281
232427
232565
232669
232704
232707
232761
232784
232907
233068
233110
233263
233285
233323
233436
233497
233661
233720
233818
233909
233989
234180
234262
234522
234558
234632
234635
234655
234674
234748
234775
234848
234862
234863
234889
235177
235183
235215
235319
235372
235402
235678
235692
235755
235774
235830
235930
235951
236146
236181
236289
236346
236429
236464
236558
236580
236674
236798
236860
236929
237007
237016
237079
237124
237169
237264
237270
237323
237398
237604
237682
237898
237933
237949
238207
238219
238295
238443
238532
238575
238581
238817
238957
239101
239125
239165
239221
239314
239336
239401
239527
239550
239627
240008
240034
240084
240141
240384
240389
240677
240718
240884
240951
240969
241004
241024
241083
241146
241210
241267
241270
241319
241583
241694
241709
241748
241760
241840
242037
242102
242601
242610
242621
242708
242763
242864
242883
243006
243293
243341
243399
243443
243567
243576
243653
243803
243988
244049
244340
244347
244446
244512
244614
244907
245149
245438
245712
245818
245936
245994
246018
246145
246371
246378
246428
246723
246794
246911
247212
247247
247349
247358
247462
247514
247712
247714
247722
247745
247795
247912
247999
248305
248346
248380
248431
248540
248605
248736
248780
248955
249037
249082
249348
249424
249588
249766
249877
249962
249992
249999
250030
250068
250286
250324
250395
250412
250582
250623
250735
250967
251164
251294
251326
251403
251888
251965
252073
252137
252148
252424
252618
252637
253064
253144
253606
253722
253969
254115
254134
254140
254180
254202
254329
254446
254796
255066
255162
255303
255390
255541
255619
255628
255681
255710
255799
255813
255852
255857
256111
256163
256458
256524
256650
256662
256678
256724
256902
256980
257078
257190
257439
257546
257751
257788
257809
257909
257951
257953
258000
258305
258401
258614
258664
258668
258727
258817
258890
259029
259084
259261
259335
259585
259674
259744
259770
259831
259849
259851
259900
259958
260030
260106
260298
260375
260631
260671
260676
260726
260744
260905
260934
260982
261103
261162
261178
261213
261286
261428
261444
261574
261733
261870
262054
262075
262140
262358
262420
262423
262480
262600
262643
262644
262823
262853
262892
263265
263419
263767
263855
263874
264361
264449
264576
264589
264625
264716
264847
264852
265234
265698
265779
265780
266123
266162
266279
266295
266511
266589
266764
266952
267049
267163
267191
267322
267400
267407
267475
267480
267586
267682
267763
267800
267807
267861
267886
267942
268031
268235
268347
268402
268585
268850
268855
268948
269020
269034
269044
269066
269207
269472
269591
269684
269686
269726
269918
269921
269950
270159
270353
270361
270773
270854
270863
271126
271272
271300
271372
271399
271423
271474
271536
271644
271779
272061
272132
272419
272476
272515
272617
272645
272757
272785
272888
273014
273099
273295
273342
273530
273635
273667
274104
274108
274113
274174
274329
274388
274647
274752
274815
274826
274846
274901
274952
275124
275381
275702
275739
275910
275951
276330
276633
276666
276676
276734
276769
276900
277168
277304
277345
277523
277566
277603
277614
277755
277836
277914
277922
278147
278402
278515
278536
278673
278678
278684
278716
278777
278811
278987
279004
279151
279168
279168
279174
279231
279489
279580
279615
279696
279989
280151
280190
280285
280326
280453
280656
280751
280770
280812
280929
280931
281100
281169
281189
281200
281224
281409
281748
281824
281930
281959
281961
282035
282066
282120
282166
282512
282582
282583
282695
282863
283027
283052
283165
283205
283253
283400
283452
283495
283540
283565
283599
283699
283741
283749
283781
283934
284016
284111
284137
284152
284289
284382
284393
284453
284556
284634
284637
284672
284723
284744
284747
285089
285440
285496
285535
285637
285707
285865
285888
285939
286034
286140
286149
286232
286303
286486
286493
286589
286706
286838
286862
286908
287202
287281
287284
287348
287371
287415
287426
287648
287751
287900
287904
287985
288003
288011
288051
288113
288117
288252
288273
288520
288533
288561
288633
288677
288762
288846
288965
288996
289067
289169
289301
289330
289381
289423
289676
289724
289765
289816
289966
290218
290283
290334
290359
290393
290408
290427
290540
290658
290728
290884
291003
291078
291200
291264
291293
291576
291755
291967
292039
292065
292316
292448
292623
292645
292661
292794
292880
292923
292965
293063
293259
293426
293506
293627
293698
293801
294145
294191
294511
294658
294672
294688
294928
294949
295124
295278
295424
295551
295572
295673
295712
295902
296002
296067
296165
296281
296471
296503
296627
296688
296726
296878
297245
297383
297484
297577
297818
298021
298038
298110
298165
298244
298315
298324
298360
298412
298626
298631
298660
298688
298870
298922
299038
299127
299269
299345
299359
299460
299524
299602
299899
299901
300031
300104
300302
300381
300546
300596
300667
300975
301232
301292
301306
301776
301975
302023
302388
302446
302477
302564
302629
302677
302686
302716
302869
302910
303161
303162
303178
303646
303649
303802
303839
304012
304039
304117
304454
304489
304516
304540
304689
304694
304743
304953
305071
305188
305196
305270
305509
305679
305817
305817
305842
305862
305883
305897
306132
306211
306356
306370
306411
306484
306557
306668
306676
306788
306806
306919
306958
307128
307338
307505
307536
307753
307880
308398
308471
308546
308689
309106
309155
309178
309228
309256
309537
309718
309867
309907
309915
310013
310323
310380
310461
310515
310729
310826
310845
310886
310967
311025
311436
311811
311880
311969
312008
312112
312230
312315
312341
312391
312635
312660
312725
312908
313104
313324
313345
313353
313457
313589
313752
313841
313846
313878
313959
314292
314669
314762
314795
314878
315019
315207
315236
315312
315410
315590
315641
315741
315765
316002
316175
316278
316302
316390
316730
316801
316807
316825
316996
317000
317008
317120
317412
317479
317560
317606
317627
317694
317728
317740
317834
318078
318284
318290
318381
318491
318520
318566
318615
318719
318781
318826
318949
318956
318973
319154
319289
319300
319397
319458
319561
319681
319696
319722
319843
319878
319926
320047
320109
320155
320214
320214
320273
320297
320504
320571
320574
320733
320849
321108
321171
321316
321363
321529
321760
321806
321816
321956
322009
322073
322270
322322
322410
322487
322489
322568
322712
322838
323114
323275
323303
323522
323529
323559
323615
323884
323985
324004
324007
324157
324315
324372
324464
324533
324614
324688
324715
324883
325018
325159
325388
325434
325710
326293
326301
326611
326767
327277
327516
327618
327745
327760
328078
328531
328543
328625
328783
328826
328891
329329
329493
329544
329909
330146
330238
330270
330313
330357
330404
330426
330480
330572
330583
330595
330599
330744
330888
330931
330974
331016
331058
331142
331168
331170
331323
331481
331588
331607
331634
331757
332175
332410
332425
332468
332483
332694
332778
332845
332857
333038
333183
333243
333296
333319
333539
333557
333631
333644
333801
333840
333947
333965
334089
334244
334349
334407
334456
334607
334620
334647
334650
334707
334849
334992
335022
335077
335106
335156
335204
335211
335414
335764
335820
335915
335944
336079
336127
336173
336182
336190
336292
336347
336454
336513
336537
336549
336765
336882
337033
337107
337167
337216
337266
337303
337340
337376
337385
337699
338039
338149
338182
338244
338246
338272
338451
338574
338697
338772
338928
338970
339262
339279
339312
339328
339395
339470
339673
339721
339912
339974
340063
340081
340171
340239
340279
340311
340432
340504
340555
340657
340698
340721
340795
341043
341092
341118
341196
341251
341282
341404
341420
341445
341453
341515
341855
341885
341887
341894
342048
342331
342383
342568
342623
342889
342897
342956
343066
343277
343379
343388
343497
343544
343753
343797
343805
343811
343833
343875
343878
343908
343958
344021
344054
344100
344137
344156
344226
344251
344315
344398
344504
344605
344635
344814
344832
344909
345097
345295
345551
345603
346766
346863
346869
346979
346994
347156
347215
347384
347766
347951
348044
348049
348058
348075
348291
348369
348404
348487
348717
348791
348962
349297
349397
349538
349548
349640
349751
349791
349857
349995
350031
350569
350635
350780
350858
350871
350959
350979
351326
351330
351489
351805
351807
351908
352003
352444
352508
352605
352849
352907
353052
353260
353272
353275
353278
353314
353463
353737
353828
353913
354089
354110
354111
354166
354172
354325
354327
354360
354511
354567
354634
354685
354845
354851
354855
354863
354927
354935
355340
355413
355491
355583
355650
355762
355869
356073
356240
356322
356450
356617
356647
356700
356759
356870
357096
357113
357176
357367
357469
357715
357858
358089
358132
358154
358183
358238
358364
358431
358459
358512
358515
358543
358579
358661
358741
358770
358792
358841
358873
358965
359054
359110
359116
359228
359341
359379
359720
360040
360057
360077
360331
360359
360393
360556
360691
360727
360740
360908
361046
361336
361489
361558
361822
361851
361892
362074
362290
362464
362514
362713
362884
362983
363423
363571
364573
364603
364623
364630
364700
364761
364767
364850
364853
364945
364949
365001
365195
365229
365336
365356
365361
365437
365569
365578
365867
365978
366051
366256
366288
366503
366705
366728
366787
367070
367093
367093
367140
367313
367495
367634
367745
367813
367934
368143
368149
368164
368175
368203
368264
368317
368332
368534
368549
368723
368731
368810
368887
369018
369019
369103
369237
369314
369514
370030
370090
370273
370328
370370
370738
370739
370968
370998
371036
371070
371200
371348
371668
371689
371701
371825
371967
372040
372071
372085
372338
372502
372778
373218
373684
373707
373744
373801
373830
373871
374139
374240
374249
374465
374490
374599
374803
374933
374977
375151
375344
375423
375449
375504
375543
375591
376168
376249
376322
376336
376404
376638
376830
377255
377352
377489
377527
377538
377598
377949
377989
378186
378216
378252
378261
378413
378755
378776
378803
378899
378903
378974
378976
379032
379107
379161
379203
379360
379467
379713
379756
379811
379975
380218
380328
380377
380740
380831
380849
380865
380874
381012
381413
381545
381628
381686
381776
381794
381807
381855
381886
381888
382007
382039
382039
382110
382152
382182
382399
382596
382644
382762
382801
382833
382837
382901
383256
383275
383705
383732
383735
383741
383960
384024
384098
384164
384232
384351
384426
384582
384595
384625
384765
384780
384817
385206
385261
385304
385359
385364
385624
385823
385831
386016
386026
386119
386142
386213
386264
386283
386369
386390
386435
386438
386510
386567
386849
386990
387067
387225
387361
387391
387468
387634
387684
388083
388129
388183
388333
388494
388496
388566
388679
388785
388921
389229
389268
389296
389366
389389
389412
389614
389814
389857
389908
390061
390114
390305
390376
390803
390877
390911
390979
391011
391034
391170
391212
391460
391543
391554
391587
392017
392137
392157
392240
392411
392580
392717
392962
392985
393171
393176
393457
393597
393603
393680
393840
394118
394227
394290
394321
394522
394558
394665
394685
394806
394896
395024
395098
395122
395342
395427
395472
395868
396050
396220
396239
396336
396428
396440
396556
396712
396719
396785
396785
396924
397076
397084
397225
397363
397493
397527
397533
397677
397712
397728
397750
397769
397770
397913
397972
398011
398218
398433
398663
398876
399119
399208
399385
399462
399534
399545
399619
399757
399820
399847
399920
399922
399956
400180
400203
400236
400349
400617
400728
400776
400932
400939
401323
401353
401377
401580
401673
401732
401982
402099
402246
402305
402334
402380
402416
402478
402488
402560
402572
402759
402931
402933
402968
402989
403121
403263
403455
403622
403770
403793
403806
404029
404281
404495
404524
404606
404613
404815
404821
404833
404914
404942
405097
405212
405238
405317
405333
405359
405434
405525
405600
405700
405718
405749
405768
405775
405792
405895
406091
406158
406245
406414
406553
406629
406772
406915
406921
406971
406984
407020
407205
407244
407457
407567
407639
407759
407890
407911
408043
408125
408166
408214
408261
408592
408795
408852
409212
409745
409789
409902
410085
410139
410282
410314
410670
410870
410906
410920
410977
411070
411139
411207
411229
411325
411637
411676
411775
412035
412045
412100
412189
412189
412207
412347
412404
412635
412766
412782
412786
412806
412831
412907
412973
413016
413197
413306
413342
413348
413444
413478
413592
413681
413859
413983
414022
414369
414412
414413
414457
414462
414704
414717
414857
414859
414975
415108
415147
415273
415408
415428
415464
415544
415828
416096
416099
416261
416401
416448
416524
416748
416858
417033
417298
417672
417753
417884
417910
418048
418177
418201
418325
418353
418359
418500
418527
418594
418616
418645
418944
418967
419029
419087
419088
419469
419920
419955
419998
420161
420172
420175
420415
420478
420548
420668
420704
420765
420914
421034
421104
421124
421262
421275
421316
421373
421382
421490
421601
421615
421687
421802
421818
421825
421859
422085
422133
422252
422282
422413
422551
422692
422707
423113
423118
423181
423315
423363
423383
423678
423685
423861
423967
424137
424148
424154
424283
424286
424328
424336
424428
424676
424760
424846
424893
424976
425077
425245
425325
425340
425566
425587
425716
425817
425849
425904
425923
425972
425985
426046
426260
426614
426815
426984
427106
427118
427144
427342
427414
427541
427819
427917
427928
427942
428224
428235
428317
428554
428766
428809
428970
429139
429350
429370
429510
429623
429759
429762
429785
430268
430648
430769
430776
430844
430879
431010
431191
431420
431473
431563
431645
431713
431715
431968
432040
432111
432165
432318
432406
432872
432916
432984
433053
433116
433530
433680
433762
434110
434307
434338
434363
434434
434497
434616
434781
434869
435019
435095
435332
435481
435601
435651
435723
435870
435919
436082
436097
436190
436271
436418
436544
436568
436629
436641
436798
436863
437060
437159
437175
437424
437478
437880
437934
437937
438252
438270
438355
438448
438484
438625
438673
438783
438926
439018
439034
439049
439105
439302
439382
439524
439527
439720
439742
439745
439809
439877
439911
439925
439926
440017
440042
440077
440086
440172
440239
440308
440508
440620
440773
440989
441064
441092
441336
441503
441566
441806
441853
442157
442338
442461
442648
442648
442748
442796
442873
442935
442980
443038
443129
443134
443336
443570
443616
443716
443988
444177
444198
444357
444442
444446
444509
444723
444723
444846
444859
444914
444971
445030
445538
445584
445672
446121
446201
446411
446473
446546
446552
446589
446660
446685
446756
446772
446851
446888
446957
447199
447450
447735
447767
447797
447949
448262
448432
448526
448552
448724
448725
448863
449067
449075
449225
449390
449490
449635
449705
450058
450081
450240
450271
450291
450436
450502
450518
450862
451022
451099
451419
451429
451446
451548
451670
451682
451864
451886
451951
452002
452040
452064
452171
452247
452266
452351
452360
452404
452543
452585
452813
452972
452996
453044
453070
453098
453163
453269
453290
453314
453347
453424
453563
453631
453653
453700
453748
453782
453892
453933
454049
454066
454263
454356
454676
454815
454938
454980
455085
455164
455188
455189
455253
455299
455388
455502
455549
455694
455794
455906
456024
456083
456170
456190
456289
456681
456851
456864
456919
456966
457008
457059
457351
457413
457474
457561
457718
457761
457998
458150
458247
458717
458744
458893
459005
459055
459114
459262
459738
459749
459790
459800
459817
460048
460152
460538
460546
460552
460583
460764
460831
460881
460932
460954
461107
461171
461181
461205
461216
461268
461289
461452
461551
461574
461735
461922
462255
462309
462317
462329
462383
462474
462552
462566
462584
462653
462759
462871
463145
463170
463418
463546
463555
463629
463646
463759
464044
464045
464085
464440
464488
464533
464670
464693
465031
465101
465125
465168
465237
465266
465359
465586
465652
465659
465812
465845
465935
465938
466148
466239
466279
466289
466510
466564
466592
466671
466818
467007
467028
467056
467113
467273
467505
467640
468048
468083
468203
468356
468403
468409
468425
468468
468573
468610
468701
468793
468824
469059
469143
469252
469322
469708
469763
469774
469951
470006
470029
470103
470114
470369
470484
470498
470555
470625
470679
470958
471194
471194
471360
471556
471655
471663
471688
471844
471876
471966
472011
472146
472208
472357
472367
472469
472481
472543
472685
472688
472825
472837
473171
473187
473239
473327
473523
473735
474133
474201
474207
474215
474366
474601
474649
474662
475023
475437
475457
475488
475667
475879
475884
476057
476095
476382
476499
476519
476549
476612
476613
476816
476984
477036
477091
477180
477195
477373
477523
477628
477789
477856
477860
477956
477960
478017
478021
478030
478105
478438
478459
478610
478749
478781
478805
478890
478960
479162
479250
479382
479405
479409
479446
479544
479550
479581
479861
479876
479959
479960
479965
480006
480119
480220
480253
480676
480813
480838
480855
481154
481227
481227
481277
481326
481401
481515
481569
481619
481643
481770
481775
481812
482039
482154
482209
482219
482431
482660
482704
482824
483092
483252
483415
483456
483457
483504
483595
483695
483710
483776
483825
483998
484008
484099
484114
484153
484327
484335
484457
484550
484584
484669
484716
484757
484761
485024
485099
485149
485234
485293
485334
485357
485556
485616
485668
485706
485716
485988
486123
486197
486306
486547
486582
486877
486990
487248
487331
487463
487521
487620
487739
487749
487813
487901
488074
488124
488133
488186
488230
488267
488363
488641
488678
488735
488782
488854
488944
488958
489033
489064
489066
489146
489167
489193
489200
489213
489305
489339
489774
489875
489995
489995
490038
490083
490113
490201
490250
490254
490254
490345
490366
490372
490377
490548
490909
491024
491109
491330
491355
491368
491560
491658
491714
491748
492023
492037
492086
492241
492959
492961
493051
493081
493299
493344
493367
493441
493470
493501
493657
493936
494078
494241
494247
494501
494504
494569
494752
494992
495207
495279
495303
495305
495406
495568
495655
495706
495770
495838
495963
496113
496129
496131
496376
496405
496481
496501
496669
496836
496905
497158
497215
497215
497233
497272
497357
497452
497601
497775
497776
497781
498164
498226
498426
498586
498665
498690
498799
498900
498907
499024
499277
499519
499536
499915
500116
500123
500275
500302
500367
500426
500522
500543
500602
500794
500799
500861
500911
500917
500938
501067
501152
501177
501682
501960
502057
502098
502137
502303
502389
502565
502610
502947
503013
503043
503372
503541
503602
503694
503696
503798
504518
504523
504642
504657
504765
504866
504991
505543
505633
505639
505649
505665
505706
505752
505784
505842
505858
505869
505967
505984
506321
506465
506609
506691
506738
506891
506952
506969
507120
507214
507231
507281
507302
507367
507447
507464
507528
507610
507679
508328
508893
508994
509048
509064
509108
509249
509346
509547
509722
509875
509913
509927
509968
510067
510128
510267
510383
510557
510674
510902
510923
511012
511129
511214
511247
511267
511348
511488
511568
511617
511621
511675
511829
511850
511905
511916
512055
512105
512149
512158
512306
512420
512456
512601
512623
512639
512706
512722
512801
512805
513011
513042
513273
513287
513307
513409
513626
513665
513784
513868
513884
513893
514013
514361
514393
514495
514500
514643
514872
515063
515353
515411
515426
515551
515652
515791
515797
515905
515986
516115
516141
516163
516330
516331
516394
516545
516695
516724
516783
516792
517247
517265
517339
517438
517545
517650
517752
517813
517874
517901
518176
518367
518388
518471
518624
518981
518997
519023
519167
519228
519257
519298
519455
519915
520463
520606
520676
520686
520734
520776
520812
521203
521224
521401
521426
522020
522032
522092
522103
522110
522259
522279
522301
522338
522356
522536
522664
522685
522708
522808
522955
522986
523620
523954
523991
524009
524179
524244
524254
524328
524384
524594
524671
525118
525384
525471
525476
525613
525641
525799
525825
525837
525984
525990
526008
526020
526051
526096
526111
526233
526304
526352
526477
526564
526812
526847
526951
526981
527018
527342
527355
527419
527443
527469
527876
527913
527924
527988
528127
528326
528406
528785
529135
529140
529170
529227
529234
529323
529507
529522
529555
529641
529700
529977
530043
530194
530310
530368
530414
530455
530661
530686
530704
530717
530760
530804
531049
531305
531789
531994
532008
532157
532232
532247
532440
532495
532508
532649
532721
532745
533187
533316
533740
533755
533792
533885
533929
533929
533966
533977
534056
534088
534225
534306
534319
534478
534648
534662
534672
534749
534771
534797
534889
534913
535049
535102
535150
535185
535244
535258
535319
535455
535666
535721
535738
535995
536001
536019
536203
536324
536370
536421
536883
536981
537076
537182
537312
537322
537334
537433
537470
537617
537651
537688
537877
537965
537998
538041
538083
538263
538390
538518
538522
538566
538627
538710
538772
538842
538910
539105
539162
539510
539666
539698
540026
540026
540133
540258
540335
540362
540421
540463
540563
540599
540682
540727
540832
540837
540881
540927
541142
541199
541200
541269
541377
541416
541481
541532
541675
541679
541710
541780
541916
542016
542043
542151
542186
542215
542308
542352
542418
542461
542497
542607
542688
542689
543326
543327
543644
543742
543895
544030
544108
544332
544363
544453
544474
544574
544583
544794
544862
544956
545020
545125
545226
545228
545253
545312
545318
545358
545586
545599
545683
545751
545811
545817
546279
546300
546314
546343
546361
546367
546397
546774
546906
547014
547086
547162
547339
547422
547446
547447
547475
547481
548063
548119
548268
548276
548531
548578
548750
548757
548913
549071
549131
549269
549439
549535
549584
549630
549777
549831
549840
549989
550259
550269
550617
550703
550778
550818
550939
550947
551079
551298
551305
551357
551436
551486
551497
551500
551753
551774
551955
551985
552038
552040
552050
552059
552837
552847
553061
553096
553111
553195
553413
553439
553493
553496
553583
553622
553683
553767
553878
553903
554223
554250
554408
554410
554516
554768
554936
555066
555093
555113
555757
555835
555961
555962
556041
556103
556146
556156
556179
556224
556405
556437
556631
556632
556777
556878
557023
557089
557138
557251
557323
557367
557415
557433
557693
557770
557897
557935
557944
558242
558285
558331
558561
558663
558780
558924
559053
559184
559353
559564
559651
559672
559907
560062
560130
560183
560494
560657
560766
560785
560816
560841
560851
560936
561090
561128
561163
561313
561362
561456
561492
561663
561718
561910
562022
562044
562095
562197
562281
562295
562349
562425
562427
562459
562499
562554
562713
562980
563078
563245
563254
563372
563461
563497
563545
563606
563659
563989
564012
564077
564163
564255
564340
564352
564454
564551
564648
564764
564774
565061
565094
565110
565205
565397
565460
565507
565622
565622
565764
565777
565952
566191
566207
566266
566315
566451
566452
566490
566956
566976
567006
567191
567262
567554
567568
567763
567784
567895
568140
568227
568531
568534
568535
568602
568717
568829
568905
569171
569378
569400
569652
569696
569696
569915
569974
570003
570075
570189
570271
570328
570433
570441
570473
570564
570882
570902
570926
570931
570931
570934
570982
571203
571232
571287
571343
571431
571463
571509
571686
571746
571830
571913
571918
572053
572079
572290
572444
572669
572743
572753
572973
573159
573413
573471
573476
573518
573627
573706
573739
573854
573879
573923
573938
573944
574026
574113
574160
574262
574405
574444
574493
574615
574693
574868
574959
574965
575027
575154
575155
575398
575418
575641
575731
575939
576003
576037
576105
576146
576174
576189
576204
576223
576244
576397
576409
576456
576579
576583
576583
576634
576638
576641
576827
576904
576911
577002
577076
577263
577312
577603
577950
578020
578032
578249
578362
578528
578563
578693
578717
578822
578862
579067
579088
579136
579221
579483
579800
579933
579941
580020
580135
580261
580310
580336
580446
580610
580620
580653
581152
581184
581196
581258
581282
581335
581602
581629
581925
581983
581993
582152
582241
582586
582648
582978
583041
583087
583201
583427
583456
583612
583631
583756
583764
584003
584194
584207
584271
584277
584507
584646
584670
584691
584820
584907
584927
585145
585174
585366
585411
585448
585456
585456
585466
585500
585918
585961
585998
586139
586263
586352
586387
586421
586739
586871
586897
587254
587423
587463
587519
587558
587708
587801
587911
587959
588017
588017
588063
588081
588098
588387
588534
588615
588789
588941
589061
589077
589182
589184
589217
589251
589259
589292
589372
589737
590093
590194
590358
590556
590651
590838
590925
591288
591289
591783
592112
592139
592140
592388
592479
592514
592743
592843
592845
592985
593027
593089
593200
593289
593347
593799
593916
593917
594028
594093
594266
594277
594409
594411
594506
594528
594816
594976
595093
595103
595155
595220
595256
595266
595354
595461
595496
596007
596046
596161
596206
596353
596491
596512
596687
596707
596730
596758
596982
597005
597160
597164
597326
597442
597505
597582
597612
597630
597863
597882
598013
598092
598166
598189
598195
598330
598449
598645
598695
598864
598918
598937
598971
598995
599344
599408
599425
599432
599522
599582
599814
600016
600055
600158
600354
600358
600502
600538
600576
600809
600831
600874
600890
601105
601132
601296
601415
601517
601919
601963
602467
602690
602834
602976
603039
603262
603279
603326
603475
603628
604131
604218
604401
604476
604510
604546
604571
604726
604803
604978
604986
605094
605299
605301
605384
605516
605522
605575
605590
605593
605626
605665
605716
605789
605920
606000
606156
606218
606278
606315
606418
606427
606520
606582
606749
606767
606847
606853
606936
606980
606994
607137
607200
607210
607296
607306
607363
607443
607607
607637
607661
607708
607725
607832
608033
608037
608187
608205
608354
608358
608393
608597
608646
608692
608715
608834
608896
608927
609136
609235
609255
609273
609400
609403
609411
609426
609431
609543
609613
609689
609797
609821
610202
610236
610325
610376
610678
610984
610988
610996
611101
611243
611295
611356
611356
611384
611534
611721
611788
611908
611918
611990
612267
612375
612424
612573
612809
612872
612886
612919
613167
613194
613209
613463
613577
613650
613846
613858
614165
614397
614654
614701
614739
614773
614793
614824
614860
615009
615022
615123
615133
615162
615371
615560
615600
615679
615971
616023
616061
616066
616181
616204
616262
616428
616527
616589
616652
616720
616864
616900
616952
616958
617040
617263
617339
617417
617438
617499
617539
617573
617631
617803
617820
617855
617929
617999
618191
618202
618426
618610
618757
618778
618839
619017
619019
619092
619319
619642
619672
619689
619777
619920
619952
620006
620008
620127
620129
620519
620562
620851
620868
620884
620937
620950
620956
620964
621030
621129
621162
621167
621243
621285
621402
621508
621572
621740
621784
621890
622015
622028
622331
622466
622516
622526
622584
622690
622822
622830
622854
622962
623034
623073
623101
623126
623175
623193
623571
623660
623870
624065
624077
624129
624172
624311
624486
624489
624636
624726
624805
625092
625101
625278
625314
625462
625579
625652
625784
625898
626094
626261
626455
626517
626772
626844
626941
627059
627382
627418
627432
627444
627516
627529
627532
627546
627858
628019
628181
628239
628414
628457
628550
628580
628586
628635
628953
629148
629206
629301
629439
629745
629909
629924
630154
630308
630440
630486
630487
630930
631131
631161
631373
631544
631614
631624
632232
632628
632695
632712
632920
633024
633247
633419
633889
633906
633930
633963
633965
634184
634308
634322
634328
634345
634847
634879
634914
635078
635095
635156
635278
635287
635490
635646
635673
635863
635943
636071
636089
636241
636317
636349
636447
636460
636475
636747
636750
636878
636912
637019
637085
637177
637183
637272
637303
637319
637525
637553
637584
637597
637603
637802
637804
637837
637842
637982
638044
638217
638230
638269
638303
638432
638522
638601
638642
638661
638713
638896
638910
638988
639039
639167
639227
639367
639520
639578
639589
639716
639734
639869
640210
640408
640632
640763
640786
640863
640902
640926
640935
641000
641085
641257
641392
641617
641674
641840
642233
642267
642382
642471
642549
642906
642995
643039
643157
643193
643388
643457
643535
643777
644131
644348
644375
644412
644442
644457
644552
644557
644793
644837
644896
644904
644909
645432
645467
645480
645579
645627
645741
645859
645939
645971
646073
646356
646365
646472
646559
646592
646608
646731
646844
646886
646922
647091
647142
647283
647487
647577
647711
647889
648036
648332
648732
648815
649006
649029
649227
649459
649505
649511
649608
649620
649780
649825
649905
650113
650462
650492
650511
650624
650625
650781
651006
651009
651042
651170
651181
651370
651437
651523
651552
651637
651813
651984
652010
652203
652211
652260
652468
652501
652512
652533
652709
652816
652878
652899
653143
653184
653340
653366
653432
653496
653623
653648
653818
654090
654175
654207
654355
654367
654430
654475
654566
654705
654882
654979
654991
654997
655024
655144
655277
655405
655512
655581
655760
655798
655850
655873
655900
656070
656155
656171
656423
656452
656518
656528
656588
656680
656769
657089
657398
657403
657427
657479
657520
657549
657596
657630
657844
657862
657889
657968
658032
658167
658197
658264
658276
658309
658380
658487
658825
658868
658946
659034
659162
659240
659466
659596
659771
659803
659834
659865
660055
660300
660440
660493
660516
660703
660757
660989
661369
661403
661461
661553
661885
662077
662083
662195
662207
662219
662421
662422
662486
662554
662692
662720
662787
662903
662932
662944
663045
663073
663178
663200
663299
663346
663706
663758
663965
664135
664141
664191
664415
664511
664551
664666
664692
664741
664803
664804
664804
665272
665388
665596
665713
665766
665854
665985
666309
666314
666316
666418
666433
666531
666594
666656
666686
666782
666859
666969
667075
667207
667211
667241
667287
667326
667479
667480
667557
667638
667663
667758
667822
667898
667931
667958
668008
668016
668476
668617
668780
668912
669197
669260
669271
669425
669453
669471
669548
669651
669914
669916
669950
670180
670388
670533
670572
670593
670669
670672
670834
670836
670928
671062
671096
671116
671143
671192
671221
671293
671676
671779
671792
672114
672206
672384
672490
672563
672580
672684
672797
673042
673055
673167
673315
673340
673386
673428
673441
673446
673526
673542
673545
673565
673583
673824
673863
674026
674081
674270
674328
674350
674475
674643
674830
674984
675166
675301
675347
675352
675359
675416
675452
675706
675725
675841
675897
675919
676337
676493
676650
677158
677291
677330
677615
677734
677901
677924
678002
678075
678077
678100
678365
678417
678418
678533
678559
678866
678883
678986
679049
679241
679336
679394
679535
679676
679790
679805
680010
680079
680621
680693
680962
680964
681257
681596
681613
681909
681951
681978
682000
682196
682208
682285
682481
682530
682683
682722
683246
683302
683334
683684
683730
683732
683873
683894
683907
684047
684137
684252
684314
684364
684387
684395
684521
684530
684535
684615
684646
685126
685225
685267
685269
685317
685433
685784
685901
685957
685988
686153
686232
686244
686319
686410
686826
687082
687208
687252
687287
687323
687483
687511
687514
687796
687939
687947
687977
688069
688078
688209
688697
688852
689086
689109
689126
689140
689195
689288
689676
689687
689694
689698
689888
689951
690016
690019
690051
690177
690221
690316
690462
690568
690575
691037
691429
691496
691516
691642
691653
691695
691754
692111
692164
692240
692386
692446
692478
692571
692667
692759
692819
693016
693115
693130
693327
693380
693424
693456
693503
693554
693627
693744
693812
693818
693880
694069
694076
694234
694315
694403
694506
694578
694786
694948
695091
695093
695105
695169
695297
695324
695468
695542
695666
695756
695843
695949
696388
696502
696552
696554
696563
696665
696803
696889
697025
697120
697187
697192
697211
697345
697546
697691
697732
697822
697910
697936
698098
698227
698254
698385
698511
698581
698701
698781
698930
699036
699037
699308
699418
699603
699751
699943
699952
700005
700083
700412
700503
700624
701183
701280
701289
701357
701417
701468
701562
701563
701781
701788
701807
701854
701862
701955
701990
702015
702048
702107
702183
702540
702543
702747
702774
702904
702969
703031
703097
703122
703124
703172
703213
703356
703426
703530
703636
703844
703935
703968
703969
704132
704236
704362
704630
704679
704856
705025
705045
705091
705172
705199
705298
705326
705343
705447
705448
705480
705650
705670
705698
705712
705861
705894
705966
705994
706033
706096
706186
706284
706349
706454
706526
706570
706616
706629
706633
706653
706678
707167
707238
707267
707310
707561
707633
707834
707925
708044
708050
708063
708095
708137
708288
708353
708364
708388
708389
708606
708613
708726
708748
708781
708996
709044
709108
709155
709247
709351
709479
709676
709779
709808
709850
710076
710167
710333
710498
710669
710899
711075
711217
711275
711313
711431
711612
711818
711924
711931
712188
712257
712344
712363
712561
712568
712697
712784
712867
712945
712957
712981
713030
713047
713094
713289
713318
713325
713360
713425
713461
713524
713724
713897
714070
714331
714370
714392
714465
714639
714641
714669
714762
714852
715047
715280
715315
715418
715448
715471
715495
715568
715625
715868
715964
716014
716026
716072
716084
716219
716404
716604
716663
716719
716820
716889
716890
717063
717132
717167
717266
717424
717562
717628
717737
717808
717899
718079
718088
718376
718394
718403
718568
718580
718712
718948
718952
719192
719222
719240
719366
719380
719713
719715
719883
720089
720140
720160
720260
720285
720358
720477
720578
720606
720746
720782
720956
721119
721121
721173
721308
721687
721700
721709
721837
721928
721950
722057
722081
722151
722251
722253
722253
722388
722432
722698
722853
723170
723337
723368
723380
723398
723594
723818
723820
723929
723961
724030
724061
724142
724190
724227
724269
724395
724429
724565
724655
724733
724864
724920
724927
725113
725231
725481
725502
725581
725858
726219
726221
726452
726512
726625
726660
726737
726802
726893
726897
726921
726967
727093
727115
727117
727130
727198
727265
727487
727554
727636
727670
727857
728006
728047
728082
728300
728316
728483
728607
728676
728756
728758
728931
728947
729001
729512
729525
729731
729740
729844
729913
729963
730248
730451
730557
730643
730674
730766
730805
730885
730963
731402
731513
731649
731666
731814
731865
731891
731892
731914
732021
732213
732427
732470
732689
732776
732786
732833
732855
732915
732928
732978
733058
733064
733085
733187
733190
733257
733918
734097
734157
734299
734323
734445
734751
734800
734880
734880
734917
734919
735520
735534
735634
735685
735746
735790
736224
736434
736632
736643
736699
736883
736968
737016
737113
737186
737187
737216
737275
737520
737552
737636
737720
737733
737952
738028
738032
738123
738221
738240
738293
738485
738496
738559
738661
738799
738818
738852
738911
739098
739183
739268
739271
739560
739574
739798
739870
740216
740226
740488
740525
740654
740682
740829
740855
741012
741140
741226
741277
741303
741404
741424
741622
741681
741739
741785
741854
742071
742155
742198
742213
742222
742332
742462
742529
742529
742543
742720
742727
742762
742768
742883
742911
743020
743256
743317
743322
743447
743460
743525
743575
743596
743735
743738
743797
743966
743998
744073
744097
744296
744394
744533
744556
744614
744737
744763
744871
744963
745060
745118
745237
745254
745369
745519
745715
745849
746500
746526
746560
746596
746618
746875
747089
747224
747312
747438
747530
747549
747604
747844
747952
747959
747978
748054
748055
748068
748358
748470
748480
748820
748865
748906
748940
749009
749137
749179
749319
749603
749699
749708
749892
749975
749996
749998
750037
750092
750139
750213
750351
750403
750543
750571
750581
750608
750637
750709
750766
750810
750863
750885
750894
750895
751123
751166
751328
751552
751683
751688
751871
751947
751995
752203
752262
752386
752446
752516
752793
752908
752917
752939
752974
752982
753117
753153
753375
753428
753662
753776
753811
754125
754164
754175
754356
754367
754405
754430
754544
754630
754662
754703
754712
754789
755033
755100
755300
755421
755635
755719
755751
755804
755839
755850
755881
756008
756082
756339
756397
756472
756523
756576
756604
756646
756674
756800
756809
756924
757246
757513
757599
757627
757838
757918
757995
757997
758171
758280
758473
758534
759037
759382
759442
759458
759509
759616
759619
759841
759871
760044
760050
760102
760213
760332
760380
760481
760584
760624
760691
760765
761115
761202
761264
761275
761355
761377
761577
761594
761596
761627
761760
761876
762179
762449
762543
762617
762821
763028
763213
763250
763621
763681
763790
763797
763802
764268
764330
764351
764438
764612
764765
764798
764825
764979
765156
765191
765225
765326
765470
765517
765644
765727
765776
765894
765907
766180
766385
766526
766613
766662
766726
766823
766837
766912
766913
767002
767181
767183
767251
767279
767284
767314
767407
767555
767592
767797
767836
767910
767928
768237
768494
768513
768530
768622
768810
768868
769020
769156
769195
769304
769449
769455
769544
769770
769829
769919
769949
770165
770172
770280
770325
770541
770603
770793
770907
770921
770997
770997
771210
771322
771439
771462
771549
771773
771780
772015
772020
772057
772155
772325
772333
772380
772404
772510
772697
772739
772766
772789
772796
773042
773171
773225
773397
773407
773439
773486
773752
773887
773989
774018
774148
774185
774207
774437
774448
774632
774694
774703
774723
774797
774840
774860
774964
774979
775047
775222
775365
775591
775643
775666
775803
775856
775979
775985
776083
776179
776295
776302
776525
776533
776551
776643
776894
776959
777118
777200
777359
777399
777399
777417
777428
777480
777554
777620
777625
777852
777874
777899
778008
778076
778130
778202
778228
778331
778625
778768
778825
778990
779051
779409
779472
779577
779610
779661
779799
779870
780004
780059
780065
780079
780435
780474
780500
780521
780680
780751
780868
780879
780928
781148
781200
781250
781585
781707
781805
781863
781926
781931
782044
782052
782239
782309
782358
782411
782447
782497
782501
782556
782602
782653
782789
782989
783020
783212
783225
783332
783372
783374
783421
783441
783606
783766
783781
783843
783951
783963
784106
784151
784231
784465
784489
784491
784733
785115
785232
785361
785495
785540
785714
785993
786083
786134
786140
786288
786388
786466
786510
786559
786607
786615
786629
786634
786646
786648
786715
786798
786869
786937
787311
787441
787457
788153
788437
788444
788610
788626
788661
788826
788869
788982
789069
789098
789169
789174
789222
789226
789273
789504
789544
789575
789609
789609
789695
789723
789848
789867
789910
789964
790104
790113
790307
790545
790562
790572
790584
790606
790649
790696
790705
790754
790914
790930
791087
791092
791139
791247
791248
791304
791401
791648
791714
791800
791805
792073
792211
792303
792309
792384
792387
792503
792531
792578
792772
792782
792843
792854
792952
793003
793200
793337
793422
793462
793564
793708
793731
794225
794248
794299
794623
794669
794694
794754
794874
794949
795080
795233
795735
795900
796238
796286
796352
796403
796436
796523
796554
796608
796688
796915
796964
797182
797270
797332
797343
797360
797583
797633
797639
797647
797648
797731
797739
798003
798024
798054
798128
798482
798591
798878
798930
798947
799172
799226
799506
799604
799946
800158
800242
800284
800383
800464
800608
800825
800994
801020
801131
801135
801161
801173
801281
801447
801743
802315
802343
802524
802730
802819
802825
802862
802878
803021
803059
803131
803260
803291
803329
803351
803425
803611
803726
803816
803926
804174
804230
804364
804421
804560
804799
804866
804934
804943
805094
805209
805271
805420
805659
805785
805895
805932
806176
806260
806506
806617
806663
806931
806940
807140
807217
807345
807397
807474
807608
807657
807750
807799
807970
807974
808000
808076
808228
808297
808381
808429
808546
808592
808634
808642
808835
808938
808951
809179
809299
809418
809439
809546
809903
809926
809979
809997
810039
810062
810107
810297
810443
810627
810674
810770
810810
810978
811188
811308
811369
811603
811791
811820
811910
812041
812176
812187
812190
812268
812327
812580
812677
812743
813092
813262
813303
813400
813415
813421
813455
813549
813574
813708
813735
813801
813882
813921
814033
814114
814119
814176
814277
814293
814298
814315
814573
814765
814809
814910
814998
815419
815438
815835
815998
816195
816275
816340
816384
816398
816400
816537
816586
816629
816697
816875
817270
817442
817514
817602
817632
817646
817791
817936
818077
818146
818336
818436
818466
818575
818824
818895
819116
819188
819299
819319
819621
819706
819842
819925
820006
820311
820368
820508
820509
820637
820816
820842
820940
821125
821142
821357
821441
821444
821505
821710
821844
821932
822028
822139
822207
822319
822334
822455
822525
822541
822562
822611
822888
822945
822967
822996
823067
823097
823103
823273
823341
823413
823414
823522
823572
823680
823744
823751
823912
823937
824012
824052
824091
824129
824235
824330
824674
824710
824766
824959
824972
825008
825082
825178
825468
825569
825577
825606
825659
825919
826309
826320
826357
826373
826593
826667
826669
826797
826812
826936
826940
827167
827328
827483
827534
827559
827580
827585
827707
827744
827818
828021
828057
828074
828143
828202
828250
828416
828542
828560
828674
828688
828724
828754
828788
828867
829069
829209
829216
829321
829325
829347
829402
829419
829579
829603
829846
829854
829966
830232
830376
830440
830508
830606
830616
830640
830652
830797
830876
830940
831042
831202
831342
831347
831390
831474
831578
831636
831737
831904
832153
832206
832214
832294
832337
832440
832453
832534
832615
832626
832663
832690
832745
832787
832828
833054
833107
833382
833393
833452
833630
833737
833783
833921
834216
834217
834243
834336
834369
834426
834569
834808
835071
835213
835283
835504
835725
835729
835777
835927
835940
835962
836060
836079
836418
836573
836597
836772
837115
837177
837471
837529
837540
837560
837841
838020
838037
838084
838176
838203
838209
838294
838516
838542
838554
838639
838646
838789
838937
838944
838999
839048
839069
839175
839267
839463
839944
839966
840063
840124
840124
840186
840209
840372
840425
840613
840818
840864
840888
840962
841193
841241
841265
841331
841365
841439
841946
841958
842057
842275
842324
842387
842424
842444
842461
842539
842582
842747
842831
842886
843135
843259
843294
843309
843422
843640
844040
844328
844365
844530
844613
844692
844797
844928
844992
845185
845228
845362
845474
845667
845681
845917
845941
845987
846097
846104
846158
846161
846230
846250
846301
846313
846358
846435
846476
846541
846659
846720
846931
847162
847186
847212
847220
847325
847503
847615
847707
847810
848008
848037
848037
848115
848283
848300
848304
848336
848490
848860
849052
849122
849266
849334
849393
849660
849702
849964
850016
850211
850261
850283
850356
850365
850469
850520
850735
850803
850911
851017
851124
851333
851348
851421
851756
851762
851802
852022
852060
852097
852156
852350
852370
852582
852588
852599
852649
852696
852759
852886
852900
852926
852995
853037
853129
853260
853340
853374
853470
853543
853676
853950
853981
854008
854011
854049
854113
854327
854348
854366
854514
854677
854769
854952
854969
855533
855657
856108
856159
856287
856343
856447
856583
856630
856749
856791
856880
856986
856991
857063
857193
857210
857359
857372
857489
857494
857558
857738
857849
857877
857918
857985
858039
858084
858115
858186
858331
858379
858423
858447
858550
858563
858741
858794
858831
858913
859016
859052
859409
859486
859494
859533
859554
859557
859686
859694
859803
860066
860256
860267
860281
860360
860557
860559
860592
860593
860631
860913
861117
861264
861305
861382
861420
861555
861571
861594
861644
861678
861690
861693
861801
861839
861880
861894
861935
862007
862121
862129
862305
862332
862369
862555
862714
862954
863016
863038
863233
863347
863402
863413
863718
863765
863794
863869
863871
863876
863902
864040
864047
864063
864298
864522
864595
864905
865003
865037
865110
865144
865174
865278
865338
865557
865711
865918
865948
866137
866237
866270
866363
866394
866440
866458
866506
866514
866561
866819
867221
867512
867622
867656
867678
867706
867776
867797
867820
867846
867875
867945
867982
868174
868177
868241
868311
868384
868447
868493
868579
868982
869067
869078
869274
869305
869353
869420
869422
869523
869528
869797
869804
869809
869825
869951
869970
870148
870407
870513
870783
870801
870814
870827
871197
871226
871288
871316
871537
871555
871688
871839
871920
872036
872054
872245
872268
872396
872591
872641
872770
872841
872976
873068
873226
873305
873429
873467
873772
873936
874217
874258
874440
874460
874508
874637
874721
874797
875070
875339
875404
875419
875432
875440
875571
875634
875645
875719
875786
875913
876000
876133
876208
876434
876489
876684
876692
876782
876835
876942
877024
877446
877604
877649
877793
877892
877956
878125
878146
878186
878207
878321
878326
878380
878666
878765
878854
878905
878966
879051
879089
879163
879230
879315
879448
879745
879848
880068
880246
880261
880358
880448
880563
880630
880802
880824
880879
880894
881050
881265
881672
881748
881782
882009
882042
882077
882279
882456
882619
882762
882777
882908
882929
882950
882960
882976
883031
883088
883192
883395
883484
883617
883951
884027
884034
884098
884125
884266
884323
884768
884786
884867
884920
885080
885088
885121
885219
885260
885271
885422
885505
885636
885681
885732
885821
886346
886385
886402
886741
886777
886870
886998
887033
887150
887247
887364
887929
887961
887978
888056
888133
888185
888246
888334
888490
888735
888851
888868
888889
889138
889150
889390
889629
889669
889758
889863
889898
889948
890127
890232
890299
890423
890448
890591
890673
891028
891093
891273
891287
891306
891503
891526
891559
891813
892053
892146
892175
892320
892418
892464
892472
892566
892584
892594
892618
892647
892722
892932
893000
893238
893261
893423
893457
893514
893702
893872
894015
894016
894109
894266
894270
894333
894465
894471
894620
894639
895372
895400
895565
895577
895759
895902
895932
895983
896322
896555
896638
896786
896939
896991
897045
897060
897278
897321
897379
897568
897595
897687
897861
897873
897905
897961
898260
898316
898401
898440
898543
898741
898829
898849
898965
899088
899103
899469
899482
899532
899560
899595
899647
899728
899731
899751
899836
899915
900029
900040
900061
900091
900176
900226
900300
900399
900424
900445
900759
900839
901032
901098
901152
901169
901343
901607
901760
901794
901814
901844
902086
902413
902474
902557
902626
902689
902798
902807
902983
903361
903418
903461
903526
903552
903598
903607
903797
903865
904039
904068
904073
904118
904304
904630
904936
905017
905018
905187
905302
905427
905485
905545
905612
905734
905787
906054
906180
906195
906204
906229
906250
906476
906508
906729
906740
906790
906962
907166
907206
907282
907302
907350
907350
907363
907702
907878
907948
907953
907988
907990
908072
908101
908130
908155
908157
908213
908283
908301
908337
908360
908385
908432
908554
908602
908638
908670
908776
908984
909004
909108
909245
909296
909533
909880
910597
910668
910945
911078
911094
911198
911335
911371
911584
911920
912082
912246
912246
912260
912319
912391
912455
912464
912666
912676
912697
912724
912831
912892
912922
912994
913144
913394
913507
913603
913631
913786
913813
913842
913939
913984
914111
914148
914221
914236
914404
914454
914464
914504
914653
914693
914768
914770
914776
914894
914937
914969
915007
915018
915098
915111
915210
915212
915604
915608
915732
915878
915910
916037
916054
916121
916200
916446
916492
916688
916730
916734
916931
917116
917210
917909
917956
918008
918161
918234
918236
918415
918605
918700
919010
919059
919453
919504
919558
919785
919825
919859
919899
919930
920016
920079
920248
920372
920534
921153
921179
921231
921283
921338
921497
921577
921704
921707
921801
921820
921857
921863
921918
921939
921942
922143
922265
922273
922609
922769
922770
922805
923016
923020
923073
923074
923095
923101
923279
923293
923577
923588
923938
924015
924028
924039
924178
924245
924260
924271
924295
924325
924352
924676
924693
924768
924795
925296
925345
925346
925353
925376
925473
925513
925543
925599
925672
925752
925962
926095
926126
926166
926271
926309
926364
926442
926482
926669
926935
927012
927137
927138
927183
927345
927433
927537
927584
927672
927692
927720
927785
927943
927971
928072
928116
928141
928273
928290
928309
928330
928429
928553
928583
928779
928991
929400
929517
929592
929680
929837
929885
930049
930053
930084
930233
930329
930380
930569
930624
930672
930736
930747
930821
930862
930956
930968
931081
931124
931213
931271
931383
931395
931419
931540
931543
931550
931894
931938
932102
932187
932199
932239
932338
932392
932423
932518
932575
932737
932828
933061
933076
933134
933265
933601
933763
933965
934110
934247
934325
934404
934506
934510
934589
934601
934629
934671
934726
934811
934920
934939
935086
935105
935177
935177
935210
935268
935276
935360
935528
935534
935572
935612
935765
936115
936289
936304
936508
936598
936678
936769
937116
937128
937307
937470
937539
937740
937785
937805
937878
938065
938132
938197
938206
938306
938451
938538
938558
938621
938716
938959
939088
939430
939654
939851
939893
939922
939955
940073
940196
940323
940337
940384
940390
940420
940910
940916
940929
941316
941551
941649
941938
942048
942149
942214
942467
942627
942714
942789
942803
942910
942968
942992
943173
943302
943326
943360
943414
943530
943576
943590
943697
943716
943852
943873
944215
944299
944462
944614
944636
944650
944701
944737
945055
945075
945175
945379
945506
945585
945681
945872
945899
945908
946487
946490
946507
946548
946551
946588
946677
946686
946955
946988
947111
947150
947234
947469
947688
947896
947956
948017
948232
948302
948377
948627
948717
948785
948975
949052
949262
949322
949504
949552
949664
949810
949925
950035
950066
950098
950112
950176
950254
950421
950470
950599
950746
950782
951204
951242
951308
951330
951615
951743
951809
951912
952004
952039
952189
952219
952302
952389
952405
952738
952741
952754
952757
952784
952940
953015
953025
953164
953233
953245
953256
953278
953584
953775
953841
953884
953937
954065
954167
954220
954333
954587
954691
954862
954973
955031
955121
955194
955301
955372
955423
955713
955753
955871
955932
955958
955992
956165
956222
956314
956456
956478
956509
956514
957004
957046
957159
957244
957295
957352
957527
957584
957746
957752
957797
957822
957871
958068
958206
958256
958304
958373
958375
958412
958509
958520
958526
958529
958568
958617
958830
958996
959230
959327
959367
959372
959491
959750
959771
959983
960040
960231
960442
960612
960708
960897
960899
961205
961222
961388
961448
961530
961689
961794
961821
961883
961920
962173
962313
962352
962405
962414
962421
962431
962563
962866
962872
962915
963100
963112
963130
963193
963306
963312
963459
963722
963724
963929
964219
964263
964386
964465
964552
964554
964604
964657
964677
964729
964926
965067
965123
965158
965298
965378
965706
965968
965980
966062
966120
966505
966603
966632
966733
966776
966782
966818
966996
967668
967806
967815
967873
967985
968005
968016
968101
968132
968300
968516
968522
968641
968704
969027
969069
969452
969516
969543
969705
969755
969769
969827
970009
970023
970069
970320
970360
970401
970452
970453
970536
970643
970762
970765
970808
970862
970912
971090
971428
971722
971897
971898
971901
971921
972011
972126
972200
972222
972480
972532
972723
972802
972812
972846
972861
972937
972945
972991
973029
973039
973052
973145
973260
973296
973642
973663
973715
973811
973994
974087
974236
974342
974489
974498
974683
974730
974779
974850
975089
975120
975151
975297
975562
975713
975737
975757
975935
976068
976094
976108
976193
976226
976262
976333
976398
976472
976579
976688
976773
976890
977125
977295
977366
977433
977672
977715
977939
977951
977972
978194
978203
978238
978406
978419
978427
978448
978457
978652
978974
979073
979234
979497
979624
979673
979721
979789
979791
979796
979868
980020
980076
980100
980122
980228
980259
980311
980336
980366
980373
980379
980581
980609
980696
980758
980779
980831
980873
981088
981121
981124
981135
981467
981535
981559
981761
981919
982070
982075
982230
982717
982719
982873
982951
983222
983354
983378
983549
983635
983720
983725
983787
983801
983823
983846
983870
983873
983956
984188
984279
984301
984450
984476
984543
984568
984867
984972
985020
985170
985193
985295
985363
985481
985706
985849
985933
985993
986019
986240
986241
986569
986667
986725
986726
986769
986771
986930
987034
987173
987194
987196
987217
987239
987264
987341
987495
987497
987510
987585
987625
987656
987831
987834
987834
987949
988153
988182
988256
988271
988338
988369
988398
988530
988551
988587
988588
988589
988591
988691
988701
988730
988882
988954
989035
989270
989333
989371
989410
989592
989600
989629
989631
989695
989804
989838
989863
990050
990157
990184
990295
990494
990662
990677
990724
991222
991227
991245
991443
991479
991520
991588
991697
991876
991920
991927
992052
992064
992377
992406
992458
992839
993096
993139
993141
993278
993435
993544
993681
993878
993936
994121
994277
994348
994378
994585
994619
994831
994922
995341
995356
995363
995422
995594
995732
995741
995830
995837
996009
996097
996222
996269
996269
996294
996380
996413
996694
996740
996787
996809
996911
996929
997075
997102
997236
997341
997422
997597
997680
997747
997877
997894
998002
998014
998065
998188
998319
998339
998443
998859
998954
998980
999149
999162
999310
999576
999616
999741
999784
