1000
474
661
930
1810
2226
3095
3312
5403
6036
6394
6589
10919
12372
12465
12631
13182
13434
13900
14492
15157
17386
19527
20122
20494
20870
21155
21467
23471
23549
25538
26919
27439
27665
28179
28288
28562
28645
30062
32186
33021
33143
33659
33842
35320
36234
37007
37658
38180
38256
38559
39526
39633
40221
41451
43915
45960
47287
47790
48217
48273
48894
48943
51216
51632
52930
52987
53198
55054
55259
57308
57511
57772
60324
61756
62126
62249
64635
65034
67661
67851
68588
69955
70024
70039
70528
72440
72534
73530
74807
74828
75542
76100
76483
77818
77899
77937
78360
78866
79869
80862
80950
82026
82397
84870
86815
88043
89459
90411
94953
96389
98938
99399
99493
99573
99713
101055
102597
103956
105453
105583
105868
106023
108348
108705
110674
110936
111049
112014
113751
113920
114603
114695
116165
116542
116605
118708
118753
118892
119731
119770
119828
123106
125124
126531
128806
128948
132619
132709
133454
134447
134885
135823
137512
138065
139112
142636
144313
145090
146574
147856
148783
154925
155923
156653
161659
162227
163547
163782
165379
166572
167412
168169
173288
174302
174592
174659
175704
178192
178510
179850
181238
184738
184861
188543
188755
190505
192186
192476
192529
192880
193473
194808
195653
196194
196719
196904
197260
197528
197779
198257
201281
202027
202560
202600
204178
204364
204798
205048
206290
206468
206647
207378
209775
209937
211503
212526
213478
213582
214779
215755
216023
216432
216900
218543
220959
221956
225155
229238
229776
231469
231644
231662
232445
234597
235512
236674
237052
237733
243670
245219
245672
247542
247840
248130
252563
253109
253536
253682
253709
253848
253868
254284
255762
255845
256942
256953
260738
262387
262955
263556
263688
264312
265160
265706
266326
267314
267997
268658
270449
270673
271699
272046
274729
275484
276095
276869
278173
279083
279179
279180
279660
280114
281373
282141
283204
283713
284476
285892
289862
290227
290855
292422
293057
293371
293728
295010
295554
295557
299844
299901
300080
300339
300657
301777
304019
304625
304997
305589
306957
307317
307863
309727
311703
312865
313490
314234
316664
316924
317279
319172
319890
320508
323104
323696
323842
329440
329703
330693
330910
334297
334309
337538
338797
338965
339055
339687
340822
340880
342994
343271
344074
344609
345399
345910
347158
348481
348643
348835
349779
351366
353016
353079
354423
354648
355166
355635
356061
356492
358163
358527
358539
359376
360094
360387
361393
362862
363393
364028
367056
370239
370297
371410
371536
372007
373468
375458
375686
376645
378268
378568
379871
380253
380760
380942
383385
384525
385364
387147
387272
387375
387404
390036
392164
394426
394873
396086
396339
399302
399710
401434
401792
405189
406784
408430
411327
411354
411440
411953
412590
413505
414164
414837
416309
418159
419105
419130
419657
420188
421244
422298
422856
424863
425064
425631
425844
426491
426604
426785
426844
427205
428470
430605
430916
430991
431946
433232
434636
435314
436140
437872
438615
441082
443716
443770
444277
444387
446528
447474
447692
447962
448841
454670
460651
461333
462187
462801
465562
465939
469216
469954
470569
471489
471876
473151
474728
475849
475859
476029
476040
476487
476741
478419
478925
479534
480183
480537
481195
483913
484078
484301
484354
484832
484950
485814
487383
487707
488181
488230
489530
491294
491528
492922
493588
494958
498975
502033
503223
503351
505511
506066
506669
508290
508507
509361
509750
510401
510545
510667
510673
511184
511196
512971
513763
514407
515781
517416
517900
518228
521357
521384
522662
523571
523613
527502
528360
530875
530973
531039
531317
532800
533291
533292
533745
534962
535170
536225
537124
538881
539217
541673
544170
544937
545904
546551
547846
549106
549385
552315
552780
555029
555787
557357
558040
558216
558509
559274
559921
560106
560137
560677
561712
563120
563775
565173
565740
566277
566337
566421
566595
569468
569580
569836
572608
573077
574619
574662
575050
575383
576979
577560
578097
579434
580673
580971
581729
582745
584780
587002
588053
588212
588484
589651
590510
592177
592807
593679
593957
595713
595803
596318
597402
597696
597889
600077
601631
601633
601855
602465
604179
604879
606168
607098
607818
608072
608699
608943
609083
609374
609549
610732
614406
614593
616769
616773
617121
617434
619520
620003
620146
621293
621375
621579
622475
624011
624229
624790
626459
626773
628452
630031
631568
631870
635505
635854
635926
635941
636914
637698
639255
640379
641938
641946
644246
644482
645389
646851
648070
648210
649213
649259
649478
650245
651331
652048
652074
652526
653064
654741
655821
657040
659835
661095
662209
662515
665603
669340
669560
672002
672166
673013
679892
680281
681012
681342
681395
681681
681823
682725
682924
685112
687623
691398
694320
697211
697871
698018
698794
699552
701279
703343
703550
703847
704413
707034
707064
707111
709249
709881
710448
710558
715232
715312
715827
715923
718666
719988
720093
720152
722570
722651
722793
727024
729991
730203
731192
732093
733551
734193
734431
735012
735628
735722
736355
737563
738086
739829
740199
740552
741093
741315
742294
743457
744538
744813
746428
748032
749085
749731
752216
752357
753073
753545
755159
755243
756256
757307
758129
758494
760373
761352
761870
762907
763420
764608
765555
765559
766425
770219
770252
770403
771209
771732
771917
772487
773929
774440
775042
775513
777045
777715
777934
779066
779382
779874
780387
780531
781836
782235
782941
785008
787530
789825
791468
795584
796837
797516
797531
797887
798781
799055
800103
801426
801553
802508
803937
803943
804825
806195
806639
808326
808398
809656
814044
814646
816622
819611
820091
820359
820995
821494
822456
823068
823851
824126
824659
826494
827113
827301
828176
828711
829459
830060
830153
831544
834117
834568
835215
836051
839098
840575
841098
844118
844453
845931
846062
846887
848069
848141
850626
850947
852392
853862
854349
858253
859953
860756
861160
861273
862132
863221
866165
866652
867038
867740
867779
868324
868777
869574
871433
872554
873427
873455
874117
876687
877023
877743
878256
878697
879964
881542
881559
882147
882795
883207
883535
884625
885797
886856
887638
889092
889993
890083
890142
890732
890799
891538
891589
891795
895096
898676
900279
900913
901474
902121
902675
903989
905894
906427
907815
907910
908073
908795
909960
910770
914325
914371
921643
923132
923618
924330
925978
928148
928903
929247
933150
934750
934845
940645
941395
941478
942375
942712
942843
943202
943843
944046
944348
944452
946350
947027
947322
948386
949005
949285
950075
950221
951325
951393
951485
952695
953593
955716
956134
958134
958756
960003
960844
960872
961121
961339
963341
964735
965968
965975
967238
968115
969811
970161
970161
973784
974288
974947
975178
976193
976374
977201
979472
979564
979636
979787
979842
983290
983373
984648
984961
985218
986004
986877
987496
987911
988935
993032
993630
994354
995903
996151
998398
998583
999296
999960
