100
23842
32640
61388
74475
79617
113506
125234
131568
138035
151164
167330
193129
201915
216177
224215
231481
237208
238014
242496
244529
252121
255659
259233
265645
266218
282646
304640
332543
349121
356226
363067
365017
373647
383728
384956
388600
397249
408139
430867
445172
456463
460133
474152
481753
487904
490220
502603
538390
541627
543126
546999
560792
570331
571565
591840
592342
602557
612261
612319
626771
630395
638516
653690
653735
670910
675471
680340
682072
684797
691544
691642
693114
694046
715424
717474
729747
737782
749268
765221
766352
794882
810886
828641
838819
838822
848716
865131
870771
877449
880138
881934
883589
898606
900814
905161
912384
912815
945935
984104
998394
