100
10257
12162
13934
23154
46927
77996
91615
106936
108636
110158
128308
142713
149632
167173
183998
185613
188978
212545
218594
222303
222900
231601
252794
279060
286607
286808
287873
291062
307419
310971
318217
319684
322352
332584
335252
347719
378112
378248
395322
403133
412220
424632
437740
445956
448682
465421
478766
480553
487145
489537
499062
515231
516005
543888
546109
568410
587038
591690
593417
604609
618637
637249
646189
646240
647474
658924
661138
661229
663312
665175
665326
666672
669126
675222
696353
699694
725762
732340
736492
741323
762165
787529
792288
794315
819665
819668
821921
830754
831624
844436
846408
856804
868597
868854
892393
894178
935443
976620
993773
997648
