10000
16
197
317
488
515
638
695
998
1085
1255
1284
1343
1351
1425
1614
1672
1876
1955
2111
2144
2404
2773
2784
2894
2977
3105
3264
3335
3342
3362
3478
3595
3615
3620
3840
3887
4221
4403
4428
4550
4582
4855
4870
4941
5429
5665
5697
5736
5854
5915
5987
6036
6270
6511
6600
6763
6850
7028
7037
7204
7432
7627
8007
8291
8426
8443
8596
8752
8794
8885
8914
8979
8997
9127
9131
9199
9223
9275
9529
9589
9611
9745
9747
9781
9881
9899
9939
10037
10335
10339
10339
10446
10497
10576
10610
10612
10726
10826
11269
11304
11493
11515
11721
11743
11764
11890
11939
11946
11994
12095
12106
12179
12542
12544
12552
12558
12571
12574
12623
12684
12711
12751
12866
12907
12911
12951
13082
13128
13190
13355
13370
13391
13432
13448
13455
13512
13560
13841
14031
14076
14224
14487
14639
14693
14778
14860
14958
15141
15233
15302
15425
15667
15708
15748
15804
15890
15993
16175
16578
16683
16722
16806
16830
16903
16951
17001
17057
17082
17182
17218
17246
17719
17722
18059
18164
18316
18499
18576
18855
18978
19000
19062
19313
19317
19381
19389
19445
19662
19707
19709
19726
19740
19798
19871
19896
19960
20005
20063
20073
20312
20474
20566
20761
20798
20922
20994
21076
21185
21240
21331
21442
21585
21616
21693
21710
21713
21770
21789
21818
21849
21875
21876
22214
22379
22389
22401
22516
22519
22602
22677
22892
22956
22958
22962
22993
22998
23010
23021
23048
23177
23391
23479
23634
23774
24064
24210
24265
24334
24550
24625
24721
24727
25003
25182
25261
25281
25514
25539
25562
25731
25748
25847
25848
25919
25942
25972
26200
26594
26611
26913
27051
27253
27257
27324
27505
27617
27763
27958
27974
28059
28060
28171
28848
28855
28970
29030
29146
29330
29407
29424
29491
29560
29674
29870
30172
30190
30425
30442
30452
30468
30633
30754
30810
30820
30832
30885
31048
31206
31292
31317
31387
31442
31514
31598
31722
31853
31862
32044
32048
32058
32112
32313
32469
32540
32612
32662
32772
32794
32809
32857
32859
32905
32970
33058
33346
33352
33389
33550
33565
33866
33911
34074
34144
34152
34270
34402
34412
34470
34491
34503
34587
34665
34723
34838
34851
34867
35019
35472
35492
35614
35630
35648
35968
35998
36222
36229
36362
36439
36753
36843
37000
37021
37059
37149
37213
37316
37436
37725
38169
38296
38300
38324
38327
38497
38504
38580
38594
38604
38810
38822
38897
38917
39058
39183
39443
39448
39631
39792
39820
39898
40186
40204
40320
40363
40395
40406
40427
40527
40548
40594
40628
40713
40730
40891
40951
40998
41130
41167
41200
41222
41227
41239
41516
41538
41567
41569
41603
41823
41966
42011
42182
42245
42247
42285
42368
42492
42792
42811
42943
42962
42963
43171
43177
43207
43245
43456
43490
43513
43628
43647
43891
44136
44221
44527
44575
44690
44755
44885
44910
45073
45175
45204
45299
45385
45442
45568
45578
45633
45684
45755
45826
45885
45897
46002
46066
46197
46277
46282
46316
46387
46561
46606
46727
46816
46956
46986
47002
47255
47351
47383
47488
47521
47647
47804
47817
47840
47906
47996
48000
48069
48143
48466
48557
48623
48731
48785
48846
49033
49258
49265
49319
50085
50090
50374
50464
50512
50516
50636
50708
50832
51119
51454
51854
51988
51996
52082
52176
52182
52243
52277
52555
52680
52828
53009
53118
53119
53214
53216
53238
53656
53803
53803
53804
53958
54215
54465
54751
54760
54804
54879
54886
54904
55007
55065
55299
55337
55617
55663
55667
55797
55970
56072
56246
56388
56491
56811
56818
56827
56966
57128
57268
57592
57820
57899
58111
58115
58118
58180
58292
58302
58318
58441
58535
58550
58557
58660
58699
58716
58885
58954
58974
59541
59555
59616
59638
59668
59780
59925
59930
60020
60362
60522
60673
61012
61176
61199
61219
61356
61498
61515
61658
61720
61872
61929
62013
62040
62213
62419
62499
62547
62704
63059
63086
63143
63160
63216
63542
63583
63642
63746
63946
64227
64283
64556
64708
64748
64769
64911
65014
65077
65223
65236
65283
65344
65377
65410
65453
65463
65742
65849
66009
66094
66223
66260
66299
66354
66431
66568
66837
66921
66923
67062
67165
67242
67306
67693
67801
67902
67951
67978
68007
68122
68151
68177
68371
68379
68418
68427
68505
68603
68838
68954
69036
69332
69366
69626
69964
70061
70151
70177
70263
70264
70266
70268
70330
70389
70401
70409
70657
70673
70758
70860
71305
71311
71320
71332
71412
71476
71533
71617
71699
71862
71925
71937
72130
72226
72329
72626
72730
73058
73087
73314
73315
73370
73440
73442
73581
73647
73973
74124
74175
74228
74254
74324
74361
74378
74384
74598
74763
75086
75316
75363
75481
75518
75613
75621
75881
75997
76006
76103
76109
76125
76208
76246
76337
76371
76399
76477
76597
76798
76868
76967
77233
77250
77252
77270
77271
77593
77676
77712
78112
78144
78315
78380
78417
78574
78660
78664
79026
79094
79276
79300
79366
79641
79798
79884
79929
80086
80128
80170
80190
80565
80648
80811
80983
81029
81109
81144
81221
81313
81399
81886
81890
81894
81963
81969
82003
82091
82146
82157
82168
82412
82429
82513
82592
82620
82730
82731
82848
82940
82984
82991
83044
83267
83329
83532
83551
83636
83753
83834
84110
84150
84161
84171
84254
84300
84322
84396
84488
84516
84528
84541
84628
84658
84708
84737
84905
84990
85060
85078
85093
85111
85180
85261
85360
85427
85578
85610
85770
85858
85946
85955
85965
86174
86332
86671
86923
86959
87241
87539
87591
87648
87651
87707
87716
87736
87985
88082
88195
88233
88455
88465
88804
88806
88848
88979
89114
89162
89384
89580
89611
89687
89789
90135
90175
90220
90305
90541
91041
91187
91407
91448
91489
91576
91788
91842
91958
92027
92124
92208
92271
92383
92489
92535
92645
93075
93317
93359
93384
93443
93519
93570
93659
93830
94005
94020
94039
94397
94430
94520
94660
94718
94726
94853
94974
95002
95035
95101
95115
95184
95186
95329
95361
95421
95464
95489
95500
95745
95766
95894
95915
95958
95980
96154
96200
96228
96436
96466
96852
97100
97353
97455
97516
97610
97659
97752
98527
98534
98581
98607
98662
98846
99014
99059
99246
99488
99513
99553
99588
99604
99665
99718
99718
99807
99821
99894
100000
100292
100568
100590
100717
100764
100842
100890
100929
100933
100969
101014
101025
101114
101120
101303
101470
101578
101711
101810
102025
102205
102237
102330
102438
102546
102613
102640
102672
102731
102857
102962
102998
103072
103077
103306
103343
103393
103424
103572
103623
103786
103928
104006
104201
104210
104261
104392
104494
104498
104546
104639
104694
104740
104767
104981
105256
105383
105424
105552
105649
105729
105845
105884
105896
105924
105960
106015
106420
106617
106717
106746
107334
107402
107471
107506
107558
107626
107760
107887
107939
108035
108073
108087
108104
108240
108410
108661
108748
108797
108871
108968
108984
109139
109245
109277
109310
109315
109341
109383
109567
109683
109951
110037
110068
110138
110339
110366
110377
110569
110627
110674
110682
110793
110833
110891
110959
111042
111315
111373
111399
111796
111949
112094
112176
112328
112352
112373
112493
112573
112617
112795
112931
113003
113115
113209
113564
113882
113937
114210
114408
114410
114468
114474
114517
114785
115016
115050
115054
115160
115181
115188
115284
115339
115384
115442
115447
115512
115631
115723
115754
115764
115799
115806
116191
116258
116403
116880
117160
117232
117267
117371
117536
117570
117621
117644
117752
117882
118050
118067
118148
118172
118179
118294
118311
118329
118470
118543
118619
118747
118953
119090
119276
119553
119553
119919
119985
120014
120077
120103
120213
120427
120492
120569
120741
120852
120921
120941
121014
121273
121315
121373
121379
121436
121522
121613
121641
121815
121817
122006
122054
122070
122107
122138
122174
122204
122207
122220
122664
122707
122718
122860
122957
123124
123217
123237
123238
123500
123576
123631
123685
123689
123710
123984
123999
124015
124053
124068
124127
124178
124213
124224
124313
124316
124398
124442
124509
124528
124660
124985
125201
125289
125297
125420
125539
125730
125739
125785
125915
126029
126182
126246
126307
126317
126502
126553
126651
126678
126915
127150
127207
127272
127333
127408
127506
127725
127781
127801
127886
127887
127890
127904
127964
128025
128214
128307
128579
128728
128891
129000
129026
129056
129109
129233
129234
129253
129442
129447
129505
129508
129835
129891
129956
130144
130201
130206
130286
130289
130322
130330
130458
130593
130781
130851
131345
131443
131542
131676
131747
131895
131935
132040
132256
132267
132333
132370
132437
132491
132602
132613
132853
132991
133056
133122
133156
133317
133423
133453
133560
133705
133744
133892
133976
134150
134158
134188
134194
134301
134364
134605
134649
134681
134852
134859
134901
134921
135034
135168
135200
135238
135251
135433
135499
135505
135579
135706
135760
135954
135960
136071
136100
136148
136211
136316
136321
136467
136501
136656
136685
136716
136731
136758
136803
136926
137017
137115
137160
137581
137664
137823
137885
137996
138193
138329
138376
138556
138561
138913
139066
139083
139112
139165
139208
139568
139569
139611
139695
139845
139878
139935
139962
139963
140148
140243
140500
140510
140560
140936
141133
141390
141411
141473
141648
141657
141686
141792
142020
142153
142189
142331
142704
142762
143096
143155
143245
143336
143457
143517
143692
143774
143809
143844
144008
144054
144132
144279
144327
144367
144644
144653
144889
144938
144943
145025
145174
145206
145209
145212
145393
145423
145479
145592
145610
145803
145886
145980
146263
146344
146530
146539
146547
146617
146773
146817
146832
146893
146920
146925
147202
147287
147378
147450
147486
147638
147701
147793
147843
147852
148084
148431
148456
148644
148681
148695
148814
148943
149157
149168
149274
149412
149436
149448
149491
149771
149831
149944
150015
150057
150062
150254
150434
150522
150545
150622
150791
150816
150928
150930
150955
151216
151407
151584
151608
151648
151672
151708
151728
151885
151931
151963
151998
152026
152047
152089
152104
152250
152271
152298
152335
152462
152630
152633
152683
152696
152707
152768
152777
152882
153111
153291
153358
153458
153549
153786
153829
153955
154206
154286
154297
154326
154362
154430
154477
154552
154653
154757
154773
154916
154919
154929
155038
155137
155137
155204
155264
155300
155400
155508
155518
155562
155713
155738
155869
155944
155983
156015
156113
156308
156379
156460
156737
156765
156848
157187
157341
157400
157541
157567
157592
157685
157761
157774
157824
157941
158018
158024
158114
158165
158190
158226
158231
158314
158314
158443
158500
158653
158674
158830
158949
159454
159662
159704
159755
160003
160126
160201
160309
160387
160387
160555
160585
160668
160679
160715
160723
160739
160830
160854
161008
161061
161215
161290
161318
161435
161560
161771
161805
161819
161848
161948
162219
162415
162690
162761
162854
162928
162959
162963
163384
163719
163727
163740
163981
163991
164276
164423
164470
164572
164707
164835
165017
165131
165180
165264
165271
165367
165890
165966
166105
166211
166264
166267
166330
166638
166695
166716
166831
166974
167069
167403
167906
168005
168077
168183
168305
168342
168413
168569
168640
168645
169064
169103
169300
169484
169557
169569
169613
169768
169818
169830
169984
169991
170029
170060
170124
170138
170396
170421
170497
170693
170770
170900
170990
171060
171152
171177
171189
171441
171485
171549
171574
172114
172140
172177
172281
172307
172389
172549
172621
172858
173214
173226
173258
173375
173916
174049
174153
174323
174341
174504
174522
174636
174680
174692
174768
174782
174813
174863
175081
175168
175243
175439
175502
175703
175781
175835
175898
175991
176080
176325
176361
176409
176448
176656
176683
176685
176798
177135
177323
177465
177477
177565
177750
177781
178081
178197
178550
178565
178676
178768
178842
178944
178951
179116
179138
179277
179464
179467
179673
179709
179807
179852
179860
179908
180002
180073
180093
180150
180237
180332
180363
180632
180668
180692
180734
180872
180921
181039
181051
181199
181281
181330
181345
181375
181460
181753
181852
181922
181998
182176
182213
182263
182406
182434
182468
182582
182587
182664
182738
182801
182963
182985
183064
183065
183119
183166
183268
183333
183411
183559
183601
183601
183806
183932
184036
184067
184080
184302
184325
184494
185181
185468
185728
185759
185979
186201
186247
186333
186383
186540
186638
186657
186667
186872
186878
187017
187050
187456
187465
187478
187626
187732
187844
187865
187893
187938
188050
188265
188353
188357
188362
188431
188468
188586
188705
188735
188826
189345
189442
189473
189732
189813
189834
189937
190015
190214
190532
190551
190633
190763
190856
190882
190924
191067
191213
191320
191343
191389
191421
191594
191611
191701
191805
191846
191902
192024
192092
192106
192158
192225
192265
192461
192520
192580
192791
192834
192943
193037
193276
193514
193816
193818
193885
194105
194226
194260
194370
194423
194479
194585
194598
194638
194839
195008
195171
195520
195521
195605
195675
195748
196131
196286
196376
196410
196412
196714
196725
196794
196797
196904
197078
197208
197438
197498
197520
197590
197641
197656
197697
197885
197888
197920
198013
198081
198095
198132
198159
198248
198485
198486
198637
198698
198727
198728
198817
198891
198913
198928
198935
198958
198963
199199
199321
199324
199394
199401
199409
199486
199529
199549
199611
199644
199651
199786
199834
199888
199934
199944
200088
200108
200160
200177
200259
200337
200363
200366
200455
200706
200781
200899
200909
200914
201510
201572
201698
201972
202028
202082
202202
202331
202340
202354
202454
202558
202718
202852
202874
202883
202959
202960
203062
203132
203150
203155
203163
203211
203290
203480
203561
203751
203786
203868
203898
203970
204138
204165
204346
204380
204400
204467
204554
204578
204788
204901
205055
205126
205282
205322
205389
205435
205487
205497
205498
205519
205719
205859
205986
206187
206351
206359
206498
206592
206643
206689
206738
206901
206957
207039
207091
207136
207200
207243
207283
207315
207431
207518
207858
207924
207998
208168
208324
208457
208574
208602
208698
208774
208908
209234
209284
209405
209457
209562
209609
209710
209738
209750
209781
210054
210085
210306
210336
210414
210826
210922
211023
211047
211407
211451
211489
211511
211555
211605
211824
211834
211840
211935
211962
212161
212367
212409
212449
212464
212598
212653
212698
212807
212919
212929
213096
213234
213259
213284
213322
213430
213482
213531
213544
213622
213752
213924
214187
214232
214259
214336
214461
214581
214728
214783
214829
214991
215005
215133
215188
215329
215392
215528
215783
215795
215905
215950
216412
216426
216441
216517
216609
216632
216646
216654
216716
216986
217097
217304
217323
217525
217549
217607
217609
217620
217695
217769
218047
218153
218174
218182
218266
218360
218455
218516
218604
218710
218770
219150
219297
219354
219694
219748
219762
219849
219851
219877
219950
220119
220181
220226
220425
220476
220498
220608
220608
220693
221002
221117
221325
221577
221649
221730
221741
221742
221749
222004
222175
222225
222253
222600
222745
222746
222796
223024
223122
223253
223314
223325
223336
223466
223644
223690
223758
224008
224153
224284
224428
224446
224496
224520
224683
224841
225171
225230
225267
225301
225399
225548
225572
225780
225858
225865
225891
225943
226042
226203
226204
226530
226610
226735
226743
226827
226843
226942
226963
227159
227374
227376
227412
227447
227475
227489
227501
227576
227588
227668
227789
227805
227859
227934
228326
228463
228469
228519
228553
228751
228943
229089
229180
229255
229330
229341
229513
229704
229728
229984
230036
230249
230464
230509
230572
230664
230687
230808
230817
230904
230935
230968
231144
231184
231359
231388
231457
231955
232040
232277
232320
232346
232597
232623
232761
232788
232833
232877
232947
233133
233140
233347
233384
233419
233825
233888
233969
234104
234179
234238
234388
234435
234500
234513
234819
235053
235219
235353
235649
235729
235983
236029
236055
236239
236431
236441
236487
236656
236693
236702
236704
236711
236756
236757
237225
237267
237356
237590
237621
237964
238208
238262
238316
238605
238727
238736
238772
238828
238843
238924
239032
239107
239142
239190
239227
239251
239279
239529
239605
239717
239827
239834
239863
239945
240191
240238
240576
240661
240725
240758
240764
240877
240885
240929
240974
241015
241062
241173
241278
241313
241324
241412
241446
241516
241638
241715
241756
242054
242112
242233
242284
242340
242393
242417
242575
242618
242738
242758
242813
242854
242956
243069
243115
243129
243275
243301
243424
243425
243451
243498
243588
243770
243775
243936
243986
244070
244288
244330
244597
244755
244919
245026
245092
245199
245439
245524
245557
245630
245717
245858
245875
246038
246067
246219
246296
246366
246462
246524
246613
246622
246704
246801
246863
247331
247399
247419
247509
247677
247697
247751
247946
248262
248374
248494
248550
248578
248782
248822
248952
248964
249002
249085
249146
249292
249392
249517
249611
249666
249918
249923
250130
250144
250212
250713
250821
250883
250914
251096
251120
251135
251196
251201
251286
251371
251837
251913
251920
251921
252082
252219
252240
252284
252295
252428
252429
252463
252864
253226
253334
253360
253393
253465
253568
253569
253580
253601
253685
253839
253896
253917
254185
254247
254348
254621
254631
254640
254855
255162
255165
255245
255268
255296
255444
255672
255731
255919
255941
255949
255980
256147
256410
256439
256537
256568
256619
256703
256706
256800
256906
257050
257052
257079
257178
257219
257234
257368
257378
257400
257405
257437
257639
257740
257743
257988
258105
258295
258563
258646
258733
259136
259297
259324
259345
259471
259552
259574
259806
259842
260015
260056
260156
260492
260814
260886
260961
261046
261358
261591
261658
261964
261996
262061
262083
262170
262319
262385
262388
262390
262569
262591
262682
262687
262822
262859
262967
263024
263105
263146
263223
263311
263325
263434
263437
263458
263471
263521
263678
263925
264096
264131
264405
264542
264603
264651
264695
264753
264849
264874
264920
264938
265254
265272
265296
265529
265667
265747
265759
265787
265831
265896
265908
266000
266049
266066
266074
266222
266301
266335
266444
266452
266532
266690
266766
266806
266808
266813
266886
267165
267345
267444
267447
267633
268024
268568
268853
268893
269124
269326
269651
269689
269822
269928
270057
270585
270700
270771
270929
270946
270982
271160
271172
271222
271297
271421
271470
271535
271739
271778
271874
271885
272195
272253
272304
272395
272475
272510
272588
273054
273056
273326
273347
273673
273723
274053
274298
274435
274480
274565
274708
274713
274866
274953
274969
274983
275021
275058
275100
275118
275149
275329
275455
275472
275472
275488
275665
275760
275798
276047
276105
276182
276193
276212
276291
276448
276565
276575
276608
276694
276730
276847
276851
276863
277177
277235
277646
277693
277808
277828
278019
278210
278378
278423
278438
278527
278534
278554
278590
278596
278713
278727
278987
279219
279235
279265
279302
279352
279373
279426
279461
279568
279987
280072
280283
280308
280467
280614
280620
280691
280730
280829
280912
281169
281203
281754
281828
281862
281917
282019
282119
282173
282205
282421
282590
282595
282806
282878
282945
283111
283125
283177
283233
283233
283266
283323
283485
283815
283824
284078
284178
284201
284205
284226
284395
284396
284427
284501
284657
284755
284808
284875
284969
285086
285092
285113
285307
285392
285759
285790
285968
285982
286210
286328
286487
286509
286776
286876
286906
286986
286999
287212
287286
287292
287358
287368
287449
287513
287573
287602
287637
287642
287663
287808
288264
288538
288559
288584
288983
289039
289091
289214
289235
289256
289266
289278
289287
289519
289646
289741
289869
289946
289978
290064
290114
290177
290305
290645
291149
291409
291432
291460
291482
291506
291727
291912
292052
292158
292184
292189
292197
292326
292425
292430
292454
292898
292900
293166
293260
293264
293271
293290
293345
293520
293896
293911
293952
294159
294238
294260
294373
294568
294815
294853
294909
294940
294962
295025
295269
295314
295525
295549
295741
295755
296022
296180
296415
296520
296549
296716
296820
297049
297181
297256
297463
297602
297604
297606
297832
298058
298117
298151
298179
298208
298214
298574
298593
298618
298745
298791
298936
299025
299075
299158
299257
299604
299660
299738
299902
299979
300011
300231
300342
300455
300482
300485
300672
300719
300777
300908
300943
300959
301232
301304
301305
301350
301508
301521
301533
301613
301811
301824
301897
302114
302173
302320
302354
302698
302699
302791
302859
302878
303043
303134
303392
303471
303478
303667
303761
303787
303800
303840
304057
304128
304129
304360
304402
304564
304738
304834
304841
304851
305018
305115
305163
305759
306048
306092
306159
306166
306304
306336
306337
306604
306607
306624
306661
306665
306726
306891
306964
307086
307133
307316
307333
307919
307952
307999
308601
308656
308704
308751
308780
308800
308932
309055
309361
309380
309388
309403
309440
309707
309711
309778
309797
310002
310204
310311
310420
310721
310959
311027
311229
311247
311356
311357
311431
311453
311480
311560
311657
311806
311847
311902
311910
311942
311952
312267
312282
312355
312360
312429
312495
312518
312525
312530
312637
312671
312697
312843
312901
313060
313065
313085
313155
313350
313396
313547
313604
313836
314102
314176
314245
314505
314506
314567
314862
314912
315459
315688
315772
315817
315945
316136
316208
316269
316340
316394
316542
316751
316853
316947
316990
317186
317392
317469
317527
317533
317693
317697
317854
318029
318070
318301
318532
318763
318961
318985
319002
319089
319198
319291
319448
319634
319723
319793
319812
319872
320195
320226
320274
320437
320741
321081
321151
321305
321513
321565
321887
321922
322054
322067
322268
322317
322346
322630
322630
322867
322960
322961
322980
323066
323166
323190
323381
323400
323440
323460
323814
323899
324070
324144
324232
324281
324392
324664
324696
324772
324819
324839
325016
325027
325092
325345
325369
325474
325554
325561
325566
325801
325866
325936
325982
326029
326117
326553
326651
326669
327027
327178
327300
327344
327687
327713
327765
327780
327784
328056
328108
328196
328367
328419
328464
328522
328527
328584
328792
328871
329107
329144
329252
329268
329343
329359
329520
329555
329568
329571
329631
329669
329669
329681
329804
329998
330049
330063
330087
330293
330324
330396
330420
330757
331066
331087
331088
331347
331366
331421
331515
331569
331593
331618
332161
332348
332510
332609
332705
332977
333009
333102
333119
333216
333311
333388
333425
333545
333680
333883
333911
333972
333992
334082
334111
334251
334260
334310
334360
334436
334559
334782
334827
334846
335125
335152
335215
335302
335534
335568
335704
335795
335843
335879
335895
336051
336138
336323
336380
336478
336486
336495
336600
336604
336699
336742
337052
337079
337129
337362
337409
337471
337709
337768
337772
337988
338053
338445
338554
338725
339267
339301
339669
339721
339794
340013
340207
340274
340284
340340
340351
340360
340384
340389
340445
340475
340515
340706
340997
341117
341148
341300
341419
341427
341521
341528
341582
341689
341815
341854
341878
342008
342101
342135
342152
342168
342309
342379
342546
342846
342860
342889
342964
343265
343282
343316
343419
343590
343605
343711
343749
343874
344063
344083
344136
344148
344162
344333
344418
344572
344690
344713
344744
344771
344918
344965
345042
345113
345194
345282
345323
345484
345487
345744
345754
345786
345847
345947
346155
346291
346480
346600
346630
346971
347028
347032
347091
347136
347309
347357
347481
347493
347523
347538
347543
347574
347759
347819
347903
347946
348126
348167
348278
348295
348403
348429
348483
348618
348763
348843
348986
349028
349048
349093
349093
349186
349314
349340
349367
349410
349504
349537
349662
349701
349785
349810
349865
349868
349934
349985
350113
350119
350232
350291
350332
350339
350387
350498
350545
351119
351390
351486
351552
351738
351745
351905
351930
352204
352496
352505
352520
352550
352645
352789
352980
353190
353273
353501
353572
353651
353701
353861
353967
353985
354067
354188
354221
354278
354289
354422
354532
354725
354875
354878
354885
354933
355314
355333
355405
355417
355535
355570
355844
355860
356024
356068
356194
356236
356270
356363
356392
356539
356592
356603
356730
356747
356817
356834
356910
357060
357096
357151
357184
357227
357254
357330
357342
357524
357739
357986
358121
358215
358259
358453
358456
358724
358801
358955
359041
359161
359206
359219
359234
359247
359264
359438
359701
359736
359781
359812
359889
359900
359906
359997
360005
360015
360173
360230
360503
360548
360652
360826
360833
360945
361037
361049
361176
361209
361280
361449
361501
361506
361542
361872
361922
361932
362054
362092
362346
362365
362522
362618
362819
362903
362942
363027
363079
363112
363138
363170
363193
363236
363266
363284
363284
363424
363459
363680
363768
363785
363830
363938
364117
364162
364319
364381
364419
364453
364509
364790
365071
365086
365387
365735
365740
365787
365911
365921
365932
365970
365994
366031
366047
366090
366268
366284
366664
366688
366763
366836
366841
366843
366879
366893
367011
367056
367215
367300
367314
367487
367504
367573
367663
368051
368060
368142
368211
368227
368757
368899
368924
369008
369093
369141
369158
369174
369196
369216
369311
369311
369314
369567
369617
369662
369768
369943
370332
370442
370485
370514
370656
370656
370714
370866
371076
371105
371122
371132
371241
371260
371287
371523
371557
371657
371730
371740
371775
371876
371911
372090
372354
372403
372524
372586
372625
372640
372661
372897
372932
373130
373163
373242
373265
373350
373478
373628
373730
373901
374004
374132
374369
374412
374575
374600
374700
375041
375106
375188
375343
375398
375693
375743
375769
375784
375809
376084
376274
376347
376464
376823
377116
377404
377456
377463
377536
377564
377600
377665
377685
377780
377799
377804
377836
378220
378253
378331
378338
378399
378588
378595
378744
378815
378993
379027
379058
379171
379248
379281
379343
379417
379418
379459
379580
379905
379929
380001
380205
380258
380285
380423
380492
380601
380663
380756
380832
380873
381195
381294
381341
381405
381548
381708
381748
381775
381994
382032
382076
382226
382320
382326
382387
382389
382407
382410
382427
382567
382632
382678
382750
382831
382869
382885
382979
383027
383053
383092
383239
383251
383322
383410
383454
383555
383756
383918
384037
384060
384189
384293
384621
384643
384735
384750
384813
384891
384920
384957
384958
385154
385247
385254
385289
385297
385348
385663
385740
385753
385829
385900
386073
386160
386299
386308
386347
386399
386514
386528
386552
386624
386634
386655
386668
386677
386816
386826
386954
386987
387017
387741
387829
388385
388445
388741
388747
388811
388852
389073
389082
389128
389565
389572
389858
389894
390085
390187
390272
390332
390751
390785
390925
391004
391128
391294
391533
391641
391767
391962
391991
392003
392649
392767
392848
392874
392919
392923
392973
393180
393182
393260
393312
393320
393407
393503
393536
393567
393713
393752
393960
393978
394030
394284
394314
394663
394754
394878
394980
395062
395141
395172
395175
395191
395338
395420
395447
395457
395478
395510
395646
395797
395798
395801
395867
395871
395945
395955
396113
396276
396285
396337
396344
396604
396673
396763
396781
396953
396969
397050
397068
397302
397371
397408
397487
397496
397542
397568
397615
397636
397637
397736
397812
397897
398112
398168
398202
398260
398397
398406
398441
398492
398531
398536
398757
398771
398842
398891
398997
399032
399072
399080
399309
399323
399396
399411
399504
399521
399605
399688
399721
399792
399889
399897
399900
400108
400266
400335
400386
400397
400522
400606
400687
400693
400972
401015
401252
401398
401553
401753
401754
401756
401781
401882
402018
402078
402157
402315
402635
402636
402727
402766
403298
403320
403773
403780
403953
404002
404185
404298
404548
404637
404672
404691
404861
405163
405172
405347
405476
405649
405674
405713
406087
406140
406241
406310
406594
406664
406720
406823
406984
407065
407081
407143
407207
407213
407283
407366
407557
407588
407615
407664
407737
407833
407884
407998
408071
408111
408195
408319
408357
408371
408430
408486
408517
408662
408670
408728
408756
408766
408797
408827
408834
408938
408984
409103
409245
409337
409423
409547
409785
409829
409845
409899
410284
410523
410524
410547
410630
410643
410684
410762
410810
410870
410873
410963
411035
411076
411120
411244
411311
411346
411434
411475
411509
411512
411601
411637
411757
411804
411948
412599
412874
412936
413074
413254
413407
413456
413670
413703
413898
413926
413961
414024
414272
414310
414371
414447
414509
414569
414831
414840
414967
415078
415123
415269
415291
415384
415402
415583
415602
415696
415842
415985
416017
416313
416412
416510
416518
416725
416883
416954
416995
417308
417327
417355
417360
417513
417720
417730
417972
418044
418360
418638
418666
418856
418860
419244
419252
419275
419314
419319
419377
419453
419511
419604
419723
419838
419845
419970
420004
420005
420083
420462
420468
420468
420481
420524
420668
420753
421053
421100
421309
421336
421441
421494
421610
421744
421767
422279
422432
422434
422447
422451
422600
422718
422795
422878
422982
423040
423057
423062
423133
423181
423204
423409
423448
423461
423489
423644
423667
423700
423792
424071
424077
424154
424304
424360
424528
424587
424634
424666
424755
424947
425069
425108
425139
425147
425289
425335
425342
425455
425572
425618
425646
425656
425898
425941
426023
426041
426042
426195
426216
426549
426659
426813
426953
427041
427043
427048
427106
427153
427165
427209
427658
427690
427722
427823
427823
427830
428424
428559
428658
428668
428706
428879
428995
429257
429506
429506
429628
429650
429661
429713
430002
430099
430325
430640
430687
430960
431012
431172
431229
431423
431439
431537
431729
431765
431850
432027
432056
432572
432666
432685
432762
432768
432968
433106
433282
433414
433504
433582
433620
433690
433728
433739
433872
433955
433976
434019
434151
434259
434365
434415
434419
434553
434653
434665
434956
434976
435135
435146
435342
435442
435499
435559
435630
435703
435710
435766
435781
435842
436194
436543
436584
436792
436813
437117
437117
437347
437598
437672
437697
437893
437968
438035
438125
438601
438655
439004
439046
439090
439096
439102
439298
439308
439325
439358
439387
439460
439484
439484
439526
439696
439871
439891
439907
439936
439972
440040
440090
440175
440372
440391
440412
440440
440468
440493
440697
440735
440934
440985
441020
441274
441626
441769
441769
441849
441928
441955
441985
442047
442049
442227
442232
442257
442271
442476
442507
442702
442793
442802
442860
443149
443406
443458
443624
443659
443662
443669
443794
443862
444170
444242
444355
444382
444745
444923
445014
445369
445655
445689
445804
446057
446273
446314
446440
446532
446554
446682
446845
446931
446960
446992
447001
447054
447132
447298
447301
447317
447332
447412
447472
447570
447654
447790
447884
448086
448218
448223
448250
448284
448294
448388
448802
448889
449036
449181
449228
449394
449452
449665
450092
450239
450486
450570
450769
450894
450917
451247
451262
451432
451610
451637
451663
451718
451739
451751
451949
451953
452012
452305
452403
452470
452523
452725
452746
453244
453336
453369
453547
453680
453714
453787
453821
453866
454037
454129
454209
454229
454303
454441
454514
454549
454556
454760
454883
455043
455043
455075
455143
455228
455233
455367
455468
455483
455671
455672
455730
455913
455925
455956
456183
456203
456761
456864
456865
456868
456912
456985
457312
457406
457598
457639
457679
457716
457903
457990
458092
458108
458572
458876
458973
459007
459171
459324
459343
459390
459418
459801
459807
459882
460093
460145
460166
460174
460266
460332
460467
460532
461205
461289
461346
461425
461468
461581
461728
461783
461815
461939
461990
462030
462217
462226
462287
462338
462371
462377
462502
462682
462830
462860
462936
462975
463097
463098
463134
463171
463275
463300
463587
463613
463832
463890
464192
464260
464272
464435
464480
464482
464497
464534
464585
464649
464744
464850
464886
464966
465038
465053
465088
465390
465472
465481
465620
465720
465835
465847
465898
466043
466129
466249
466544
466642
466820
466997
467044
467144
467198
467378
467472
467485
467546
467558
467571
467613
467785
467827
467839
467946
468051
468185
468340
468557
468673
468715
468978
469224
469412
469482
469590
469702
469760
469793
470013
470099
470237
470269
470387
470414
470603
470779
471106
471136
471547
471594
471623
471815
471927
472117
472183
472211
472305
472332
472449
472500
472705
472787
472849
472921
473322
473519
473521
473534
473579
473626
473658
473704
473878
473946
473979
474035
474070
474182
474264
474563
474697
474757
474832
474887
475139
475154
475199
475298
475469
475556
475695
475731
475783
475852
476072
476275
476359
476379
476383
476484
476620
476667
476849
476854
476881
477133
477259
477600
477849
478037
478085
478106
478228
478308
478309
478538
478607
478658
478665
478689
478696
478773
478866
478870
479090
479314
479331
479448
479518
479528
480015
480102
480153
480328
480397
480431
480438
480452
480654
481162
481169
481212
481305
481321
481569
481578
481647
481656
481669
481725
481788
481830
481869
481949
482013
482066
482221
482259
482352
482397
482439
482685
482753
482811
482954
483091
483276
483338
483397
483412
483490
483530
483590
483592
484029
484093
484094
484146
484315
484343
484394
484430
484515
484562
484681
484804
484915
485119
485133
485179
485180
485281
485316
485340
485356
485438
485450
485543
485614
485701
485711
485717
485787
485858
485952
485986
485996
486023
486054
486151
486196
486529
486535
486551
486614
486764
486791
486913
487191
487223
487357
487427
487452
487639
487935
487985
487998
488394
488449
488893
489069
489158
489237
489261
489596
489628
489658
489737
489816
489816
489983
490162
490260
490292
490328
490382
490832
490853
490965
491011
491185
491432
491448
491457
491507
491708
491711
491753
491758
491781
491824
491898
491965
492162
492168
492227
492330
492343
492442
492540
492845
492885
492887
492891
493144
493245
493294
493350
493374
493497
493802
493908
493973
493977
493990
494345
494424
494611
494640
494688
494929
495026
495105
495142
495424
495554
495585
495700
495894
495976
496007
496065
496171
496345
496365
496413
496461
496568
496605
496828
496907
496938
496959
497239
497398
497439
497458
497581
497800
497822
497824
497866
497890
497901
497915
497916
497933
498516
498709
498718
498758
498820
498933
499016
499093
499197
499428
499478
499520
499520
499814
500111
500123
500306
500425
500426
500495
500593
500667
500816
500945
500972
500980
501132
501214
501283
501307
501394
501665
501896
501929
501946
501953
502156
502195
502201
502227
502445
502497
502535
502573
502595
502642
502702
502794
502802
502804
502842
502864
502919
502986
503146
503169
503431
503472
503551
503557
503943
503956
504007
504121
504203
504397
504455
504487
504532
504644
505236
505252
505300
505318
505500
505533
505579
505653
505662
505701
505773
505843
505946
506065
506147
506212
506266
506520
506552
506826
506940
507037
507130
507217
507270
507384
507390
507601
507738
507828
507845
507962
507973
508018
508181
508232
508318
508337
508586
508628
508691
508707
508760
508832
508906
509124
509240
509394
509442
509477
509745
509804
509858
509914
509953
510081
510096
510519
510659
510727
510763
510825
510876
511064
511219
511377
511395
511411
511525
511613
511685
511691
511698
511878
511893
511950
512032
512121
512145
512363
512404
512420
512841
512849
512911
513212
513312
513344
513353
513494
513561
513839
513890
513892
513936
513969
514224
514384
514644
514837
515033
515236
515263
515367
515406
515428
515495
515599
515655
515776
515840
515911
516029
516155
516276
516302
516400
516433
516653
516668
516678
516873
516948
516949
516962
516981
517436
517472
517538
517568
517587
517852
517862
517891
517914
517977
518442
518469
518476
518524
518698
518712
519232
519371
519436
519842
520000
520004
520189
520222
520403
520423
520631
520682
520816
521023
521049
521123
521190
521485
521555
521573
521740
521951
521965
521986
522034
522041
522145
522175
522205
522354
522446
522454
522508
522513
522585
522754
522807
523017
523250
523289
523451
523478
523658
523722
523788
523993
524046
524100
524138
524216
524296
524315
524498
524608
524650
524685
524992
525153
525306
525414
525458
525490
525624
525705
525871
526130
526150
526194
526223
526267
526433
526485
526815
526859
526863
526930
527545
527546
527625
527783
527806
527993
528340
528370
528385
528428
528470
528654
528867
529109
529226
529258
529374
529479
529480
529619
529824
529832
530053
530056
530070
530148
530237
530361
530380
530450
530460
530848
530871
530884
531063
531064
531208
531244
531414
531511
531524
531611
531611
531696
531741
531751
531812
531852
531857
532015
532378
532379
532409
532623
532701
532742
532783
532804
532867
533036
533081
533092
533227
533422
533437
533926
533929
533941
533971
534158
534664
534721
535022
535264
535376
535405
535408
535490
535493
535620
535691
535984
536035
536119
536121
536235
536271
536457
536502
536595
536692
536868
536926
536963
537036
537064
537091
537394
537657
537663
537670
537715
537736
537747
537763
537772
537802
537803
537985
537987
538111
538140
538315
538340
538429
538532
538532
538651
538784
538932
539025
539091
539216
539239
539595
539637
539663
539677
539822
539858
540225
540226
540318
540433
540492
540587
540667
541061
541138
541482
541630
541731
542021
542144
542180
542421
542491
542588
542695
542756
543045
543071
543083
543209
543280
543361
543509
543564
543646
543766
543812
543942
543961
543992
544055
544196
544206
544312
544396
544795
544802
544992
545088
545129
545197
545384
545387
545524
545554
545954
546035
546154
546208
546253
546297
546429
546471
546512
546642
546705
546712
546763
546871
547056
547111
547182
547417
547430
547468
547512
548007
548016
548021
548071
548148
548190
548199
548291
548294
548304
548325
548395
548397
548437
548936
548937
549202
549207
549407
549524
549545
549631
549696
549707
549758
549874
549993
550365
550373
550540
550639
550734
550825
551341
551365
551382
551459
551512
551544
551688
552073
552184
552197
552287
552297
552327
552351
552485
552579
552616
552637
552685
552720
552793
552803
552863
552925
553081
553116
553146
553216
553665
553702
554039
554405
554478
554539
554619
554636
554646
554659
554746
554842
555167
555279
555281
555433
555471
555477
555516
555675
555687
555988
556043
556051
556114
556129
556164
556216
556346
556421
556437
556573
556769
556817
556856
556869
556950
557199
557273
557432
557582
558003
558019
558095
558134
558218
558331
558345
558429
558660
558697
558725
558843
558870
558950
558959
558968
559134
559269
559342
559496
559977
559987
559994
560034
560073
560262
560265
560268
560430
560482
560490
560534
560534
560566
560637
560956
561294
561383
561402
561564
561695
561739
561756
562026
562051
562147
562166
562371
562424
562477
562505
562548
562718
562743
562754
562898
563021
563056
563151
563253
563369
563494
563552
563655
563729
563811
563894
563996
564003
564072
564250
564367
564587
564876
565025
565113
565116
565210
565257
565409
565455
565481
565586
565701
565792
565801
566096
566106
566152
566153
566168
566394
566422
566645
566759
566789
566808
566842
567047
567244
567320
567391
567464
567608
567697
567722
567767
568138
568155
568348
568419
568494
568598
568659
568677
568699
568754
568827
568837
569050
569084
569161
569440
569484
569494
569704
569780
569863
569875
569883
569946
570394
570423
570551
570611
570700
570892
570969
570972
570991
571004
571040
571048
571079
571255
571320
571394
571463
571500
571514
571544
571623
571645
571648
571657
571762
571812
572046
572069
572086
572193
572259
572501
572554
572690
572727
572864
573002
573058
573082
573355
573377
573401
573696
574047
574099
574100
574118
574120
574192
574320
574653
574660
574685
574690
574743
574838
574894
574970
575067
575216
575265
575300
575331
575368
575388
575414
575854
575996
576041
576087
576110
576193
576225
576244
576574
576670
576787
576873
576887
576889
577399
577452
577458
577469
577508
577674
577915
577917
578087
578293
578313
578588
578697
579059
579065
579131
579285
579402
579445
579517
579519
579567
579761
579851
580076
580106
580449
580457
580462
580500
580666
580686
580957
580967
581040
581102
581399
581460
581468
581525
581554
581589
581702
582026
582027
582037
582045
582210
582458
582489
582879
582943
583184
583391
583399
583569
583576
583722
583800
583853
583902
583950
583961
583973
584015
584120
584140
584260
584495
584760
584919
584978
584990
584994
585093
585116
585193
585468
585630
585678
585705
585917
585959
585995
586027
586048
586158
586160
586183
586191
586261
586393
586419
586586
586942
586942
587118
587262
587345
587399
587545
587979
588241
588310
588494
588636
588826
589222
589547
589835
589850
589943
590143
590169
590261
590307
590335
590365
590385
590392
590463
590554
590629
590645
590856
590928
590951
590986
591076
591257
591303
591318
591388
591398
591548
591557
591653
591837
592217
592269
592328
592341
592352
592492
592626
592630
592649
592675
592790
592834
592836
592897
592975
593201
593232
593260
593348
593352
593493
593534
593620
593710
593788
593801
593802
593910
594064
594170
594200
594312
594510
594772
594843
595088
595161
595257
595352
595506
595609
595720
595772
595819
596089
596149
596209
596315
596411
596482
596546
596557
596678
596752
596782
596894
596967
596982
597040
597050
597181
597257
597552
597726
597795
597887
598022
598175
598252
598326
598393
598409
598463
598541
598588
598685
598695
598832
598914
598998
599045
599172
599224
599254
599315
599358
599439
599601
599975
600070
600084
600100
600107
600131
600196
600399
600502
600553
600633
600633
600697
601124
601149
601179
601469
601594
601731
601853
601963
602178
602204
602373
602381
602428
602456
602503
602853
602924
603161
603195
603269
603325
603456
603512
603514
603624
603640
603725
603778
603824
603842
603906
603952
603963
604343
604363
604480
604604
604637
604704
604718
604878
604885
604885
604903
604931
604939
605049
605097
605216
605243
605415
605628
605797
606007
606151
606500
606715
606760
606898
606953
607162
607203
607230
607409
607432
607447
607568
607585
607707
607744
607845
607859
607994
608113
608213
608287
608533
608749
608753
608871
609482
609525
609608
609700
609742
609786
610096
610260
610309
610420
610479
610634
610682
610749
610755
611078
611237
611344
611512
611518
611553
611646
611878
611965
611970
611998
612357
612468
612478
612580
612832
612895
613137
613246
613249
613262
613341
613351
613452
613498
613548
613578
613638
613642
613668
613670
613685
613737
613763
613863
613867
613940
613987
614007
614012
614164
614534
614546
614602
614975
615234
615261
615300
615334
615395
615422
615452
615539
615681
615705
615865
615957
615972
616008
616029
616057
616077
616232
616245
616405
616547
616595
616597
616632
616812
616965
617068
617102
617165
617179
617220
617244
617325
617518
617522
617576
617634
617734
617937
618101
618172
618177
618288
618290
618311
618343
618423
618785
619123
619174
619326
619625
619631
619823
619833
619909
620099
620100
620283
620472
620561
620597
620642
620720
620768
620999
621251
621271
621603
621874
622133
622167
622426
622535
622730
622861
622996
623195
623204
623345
623594
623613
623963
623984
624071
624142
624442
624501
624536
624637
624643
624914
624974
624975
625585
625625
625844
625932
625952
626186
626507
626538
626626
626697
626700
627267
627323
627426
627465
627539
627557
627614
627625
627626
627673
627921
627925
627936
627960
628040
628058
628166
628351
628515
628603
629128
629163
629287
629351
629617
629739
629810
629852
630488
630511
630540
630544
630670
630695
630738
630773
630918
630947
631047
631182
631334
631378
631404
631592
631597
631606
631808
631861
631979
632119
632206
632334
632448
632558
632673
632694
632773
632781
632785
632814
632903
632947
632956
633139
633277
633302
633323
633489
633512
633518
633739
633804
633886
633947
633988
634006
634112
634115
634317
634323
634425
634458
634499
634648
634853
634858
634979
635353
635437
635540
635625
635640
635742
635806
636039
636039
636087
636165
636190
636195
636398
636398
636456
636532
636595
636601
636603
636694
636846
636954
637112
637181
637398
637435
637445
637456
637566
637712
637737
637953
638158
638208
638399
638491
638557
638731
638862
638947
639086
639184
639222
639357
639420
639452
639596
639673
639692
639757
639953
640034
640299
641040
641109
641120
641133
641281
641371
641409
641505
641558
641667
642041
642150
642161
642194
642582
642642
642647
642697
642717
642778
642810
642960
643014
643358
643537
643723
643763
643930
644038
644063
644121
644187
644201
644328
644565
644760
644932
645042
645168
645211
645412
645503
645537
645583
645812
645858
645863
645925
646038
646098
646227
646382
646536
646613
646640
646642
646654
646657
646729
646780
646834
647304
647335
647706
647914
647934
648194
648237
648381
648623
648974
649060
649117
649139
649522
649530
649531
649724
649740
649956
650070
650119
650158
650341
650361
650390
650428
650458
650463
650535
650796
650800
650993
651030
651043
651087
651111
651213
651519
651666
651901
651959
652042
652144
652169
652190
652327
652359
652466
652689
652728
652920
652931
652982
653012
653052
653172
653375
653377
653413
653542
653660
653756
654198
654437
654618
654696
654925
654951
654996
655282
655579
655992
656003
656050
656172
656197
656220
656266
656418
656443
656575
656575
656827
656836
656896
656916
656947
656979
657197
657227
657292
657311
657451
657580
657687
658022
658192
658306
658497
658611
658719
658734
658757
658919
659120
659175
659254
659326
659351
659463
659536
659569
659831
659932
659983
660106
660200
660220
660255
660301
660303
660403
660410
660520
660587
660656
660657
660698
660782
660976
661164
661207
661266
661512
661512
661609
661700
661729
661950
661970
661991
662094
662141
662218
662219
662504
662666
662693
662778
662848
663000
663029
663350
663397
663538
663552
663601
663813
663905
664076
664216
664254
664280
664282
664318
664508
664545
664673
664949
665072
665210
665266
665309
665524
665547
665591
665741
665890
665928
665940
665957
665992
666163
666318
666500
666520
666577
666614
666708
666725
666850
666885
666912
666945
667058
667171
667379
667415
667474
667621
667621
667700
667870
667966
668015
668074
668174
668240
668283
668349
668460
668509
668712
668939
669054
669383
669482
669663
669665
669696
669700
669769
669770
669819
669927
669937
669947
669968
670277
670292
670492
670698
670964
671119
671146
671172
671247
671250
671285
671300
671428
672156
672320
672404
672526
672553
672585
672594
672776
672790
672823
672895
672931
672996
673019
673020
673266
673377
673475
673690
673739
673777
673914
674330
674414
674448
674483
674560
674561
674657
674776
674788
674899
674901
674971
675156
675204
675364
675508
675659
675715
675793
675824
675962
676014
676081
676096
676152
676163
676241
676515
676720
676892
676951
677049
677148
677313
677329
677473
677750
677968
678033
678051
678278
678305
678393
678444
678621
678634
678742
678909
679024
679091
679129
679270
679525
679609
679983
680027
680069
680144
680209
680212
680261
680294
680314
680390
680414
680421
680517
680710
680720
680722
680986
681239
681248
681377
681400
681818
681858
682045
682098
682187
682484
682634
682716
682764
682849
682873
682904
682933
683147
683148
683170
683356
683473
683565
683954
684074
684152
684376
684409
684488
684494
684574
684812
684814
684930
684970
685011
685157
685189
685235
685293
685306
685369
685503
685519
685524
685655
685808
685822
685844
685907
686009
686017
686068
686079
686431
686556
686611
686627
686859
686859
686885
686977
687051
687078
687254
687336
687387
687395
687454
687458
687494
687513
687515
687548
687661
687698
687854
687960
688148
688162
688198
688227
688470
688514
688534
688798
688830
688997
689090
689121
689203
689345
689412
689479
689578
689719
689750
690085
690205
690294
690444
690514
690595
690775
690963
691036
691077
691080
691279
691337
691352
691599
691624
691667
691834
691865
692182
692213
692397
692438
692555
692673
692924
692974
693010
693227
693309
693416
693542
693776
693796
693824
694124
694291
694313
694373
694389
694618
694768
694831
694852
694972
695031
695091
695115
695127
695130
695132
695192
695336
695517
695553
695638
695656
695955
695979
696080
696182
696232
696383
696434
696516
696558
696672
696676
696734
696750
696874
697010
697457
697647
697761
697835
697913
697923
697971
698067
698160
698194
698241
698316
698331
698386
698684
698883
698928
699121
699236
699280
699363
699388
699394
699450
699561
699571
699602
699868
700323
700443
700458
700663
700664
700786
700855
700888
701077
701141
701204
701214
701216
701234
701369
701424
701560
701611
701666
701723
701779
701808
702383
702644
702833
702891
702919
702961
703144
703209
703275
703400
703677
703692
703700
704148
704247
704259
704295
704364
704626
704730
704854
704923
704995
705073
705391
705455
705506
705523
705659
705740
705834
705956
705957
706091
706285
706331
706444
706769
706856
706874
706893
706928
706965
707048
707120
707126
707141
707252
707278
707323
707343
707415
707443
707495
707504
707540
707634
707701
707722
707728
707819
708154
708170
708227
708367
708424
708793
708942
708959
709122
709138
709287
709358
709360
709386
709398
709473
709533
709731
709823
709894
709981
710072
710448
710691
710698
710741
710917
710922
710939
711035
711039
711081
711205
711354
711473
711514
711525
711584
711589
711641
711797
711844
711847
711991
712012
712017
712215
712304
712437
712497
712529
712632
712760
712805
713091
713179
713273
713291
713328
713537
713538
713633
713856
713890
714081
714187
714277
714391
714414
714482
714522
714775
714924
715080
715322
715337
715546
715554
715668
715703
715703
715776
715867
716127
716187
716228
716442
716462
716469
716505
716863
716907
716965
716990
717195
717250
717297
717593
717606
717638
717679
717694
717813
717944
718031
718108
718124
718190
718306
718350
718351
718365
718403
718452
718518
718576
718683
718690
718830
719017
719051
719090
719178
719283
719592
720031
720158
720218
720453
720661
720785
720836
720848
720977
720997
721010
721225
721266
721284
721316
721348
721354
721420
721435
721446
721570
721627
721786
721893
721933
721974
722236
722310
722361
722548
722569
722572
722577
722681
722776
722886
722910
722979
722995
723091
723126
723142
723182
723210
723234
723256
723258
723281
723342
723460
723480
723726
723746
723844
723882
723946
723961
723985
724079
724176
724179
724191
724283
724355
724564
724694
724771
724967
725214
725234
725240
725250
725306
725443
725905
726117
726310
726417
726518
726574
726633
726836
726917
727081
727132
727359
727403
727448
727449
727702
727805
727815
727840
727888
727954
727966
728251
728320
728394
728405
728531
728640
728837
729042
729104
729402
729419
729481
729578
729652
729658
729749
729891
730023
730053
730148
730303
730314
730491
730842
730972
731024
731076
731163
731169
731270
731610
731708
731859
731951
732070
732185
732223
732281
732465
732525
732564
732648
732731
732776
732842
732991
732999
733071
733084
733290
733335
733502
733597
733599
733880
733934
734092
734111
734197
734266
734305
734324
734359
734487
734545
734554
734592
734755
734770
734776
734792
734814
734844
735074
735126
735413
735516
735690
735698
735839
736005
736051
736104
736161
736185
736292
736396
736411
736522
736562
736648
736658
736674
736743
736807
736911
736916
737071
737072
737141
737159
737222
737281
737362
737465
737654
738007
738028
738067
738124
738129
738255
738273
738442
738524
738564
738583
738622
738822
738953
739151
739286
739404
739699
739733
739774
739835
739871
739993
740264
740460
740479
740575
740742
740798
740875
741007
741040
741064
741065
741108
741489
741696
741739
741867
741899
741926
741936
741943
742185
742506
742757
742772
742797
742851
742970
743118
743303
743342
743415
743618
743667
743711
743782
743883
743970
743979
743997
744114
744115
744414
744430
744475
744625
744664
744770
744806
744821
745002
745019
745042
745079
745196
745413
745451
745497
745591
745597
745631
745872
745960
745960
746038
746104
746243
746434
746483
746722
746772
746827
747042
747170
747216
747282
747338
747375
747639
747659
747802
747890
747907
748032
748043
748197
748239
748262
748452
748592
748858
748883
748956
749018
749037
749066
749303
749373
749412
749473
749570
749665
749683
749807
749810
749822
749943
750083
750100
750120
750222
750260
750295
750418
750475
750759
750846
750908
750937
751034
751307
751329
751381
751641
751660
751661
751841
751934
752047
752098
752236
752380
752483
752489
752529
752581
752758
752820
752913
753075
753123
753166
753175
753186
753328
753385
753762
753801
753837
753840
753868
753905
754098
754315
754412
754476
754510
754553
754599
755194
755276
755308
755394
755434
755468
755504
755561
755618
755621
755625
755689
755759
755811
755902
756060
756075
756159
756270
756589
756659
756993
757199
757479
757534
757585
757822
757927
757952
758067
758166
758572
759186
759193
759317
759551
759646
759657
759682
759745
759832
760134
760237
760481
760654
760682
760711
760855
760953
761050
761072
761210
761273
761310
761505
761533
761604
761639
761749
761979
762034
762216
762509
762546
762563
762601
762604
762813
762901
762903
762914
762915
762960
763017
763083
763097
763249
763299
763385
763694
763702
763745
763880
763883
764278
764375
764378
764443
764461
764495
764614
764689
764942
765046
765118
765310
765361
765428
765489
765696
765832
765882
765934
765980
765997
766242
766244
766380
766427
766465
766499
766545
766939
767044
767071
767075
767083
767339
767340
767474
767682
767738
767929
767949
767965
768013
768077
768125
768149
768168
768210
768213
768454
768587
768700
768722
768802
768849
768907
768976
768979
769039
769089
769157
769184
769234
769297
769302
769513
769653
769668
769890
769899
769950
770033
770416
770474
770497
770570
770712
770771
771117
771135
771245
771287
771378
771683
771733
771809
771854
771885
771931
771966
772149
772241
772423
772424
772453
772676
772720
772821
772880
773207
773362
773413
773469
773483
773983
773996
774073
774210
774227
774228
774291
774323
774482
774483
774530
774781
774886
775126
775139
775174
775215
775381
775465
775495
775508
775588
775691
775718
775780
776231
776231
776434
776489
776581
776611
776739
777071
777088
777162
777195
777207
777279
777395
777396
777426
777589
777760
777801
777933
777973
778065
778123
778295
778623
778744
778779
778836
778886
778968
779018
779186
779485
779608
780125
780281
780364
780593
780599
780779
780881
781338
781374
781450
781507
781959
782317
782340
782387
782454
782469
782537
782550
782734
782878
782902
782980
783121
783257
783380
783406
783518
783524
783624
783682
783917
784003
784304
784414
784452
784508
784657
784659
784903
784961
785045
785052
785117
785251
785295
785353
785460
785538
785830
785917
785918
786345
786421
786730
786996
787053
787096
787102
787218
787661
787700
787711
787743
787923
787973
788006
788132
788199
788203
788240
788318
788357
788420
788602
788697
788735
788907
788915
789382
789428
789466
789488
789651
789659
789667
789750
789887
789924
789985
790231
790346
790497
790605
790847
790912
790951
790968
791051
791148
791298
791509
791561
791572
791598
791637
791920
792089
792260
792412
792480
792521
792559
792602
792630
792634
792640
792668
792731
793344
793405
793414
793437
793449
793537
793763
794001
794011
794048
794236
794349
794383
794481
794483
794553
794615
794689
794736
794758
794860
795185
795272
795335
795367
795371
795520
795526
795595
795673
795726
795835
795949
796046
796093
796125
796139
796190
796512
796656
796759
796999
797024
797499
797606
797645
797692
797747
797811
798045
798082
798089
798219
798361
798407
798828
798857
799269
799325
799467
799523
799657
799674
799739
799754
799798
799859
799939
800509
800582
800810
801383
801491
801493
801573
801596
801752
801783
801830
801980
802032
802078
802146
802231
802432
802526
802553
802595
802644
802686
802754
802796
802828
802845
802852
802860
802929
803103
803274
803319
803341
803405
803871
803988
804098
804106
804112
804307
804399
804412
804596
804628
804750
805253
805293
805451
805458
805671
805778
805997
806023
806092
806135
806165
806189
806285
806310
806315
806385
806453
806685
807012
807046
807159
807317
807364
807439
807591
807688
807968
808076
808114
808142
808217
808231
808307
808327
808385
808415
808445
808461
808973
809051
809136
809334
809568
809633
809904
810016
810210
810289
810308
810465
810604
810982
811184
811518
811590
811618
811664
811811
811878
812064
812332
812511
812737
812831
812837
812889
812910
813053
813125
813437
813518
813547
813617
813733
813736
813767
814024
814081
814089
814456
814582
814644
814653
814714
814737
814760
814773
814893
814953
814985
815019
815101
815134
815178
815187
815191
815571
815573
815727
815992
816004
816066
816129
816202
816219
816398
816412
816416
816419
816839
816848
816908
816995
816996
817085
817092
817190
817199
817313
817377
817457
817620
817727
817804
817976
818036
818115
818120
818238
818345
818428
818447
818460
818487
818707
818814
818837
818871
818965
819131
819450
819460
819709
819924
819934
819961
820171
820279
820341
820447
820627
820816
820817
821011
821086
821114
821186
821216
821238
821303
821452
821468
821627
821753
821772
821809
821885
821969
822211
822340
822607
822620
822847
823073
823073
823123
823125
823458
823560
823635
823760
823971
824019
824078
824085
824104
824121
824158
824213
824216
824286
824336
824347
824480
824544
824593
824666
824678
824685
825014
825286
825336
825471
825693
825785
825854
825859
825869
825961
826114
826184
826355
826706
827186
827263
827457
827474
827484
827516
827540
827674
827691
827828
827929
828420
828521
828578
828581
828586
828621
828730
828878
829003
829029
829100
829206
829446
829622
829633
829689
829689
830139
830744
830750
831051
831163
831286
831329
831350
831364
831656
831956
831971
831997
832105
832378
832540
832734
832983
832999
833298
833438
833635
833668
833671
833690
833886
833968
834001
834046
834193
834439
834521
834525
834607
834663
834740
835099
835136
835151
835213
835224
835238
835413
835696
835825
835927
836134
836171
836281
836379
836467
836603
836691
836924
837046
837194
837475
837623
837624
837633
837634
837925
838307
838446
838545
838550
838599
838601
838641
838865
838978
839032
839038
839049
839229
839270
839316
839683
839913
839974
840050
840195
840290
840295
840590
840675
840847
840877
841142
841200
841201
841355
841408
841493
841546
841575
841797
841897
841932
841970
842002
842044
842237
842278
842482
842646
842813
842815
842969
843030
843051
843420
843439
843779
844164
844210
844243
844263
844306
844364
844456
844459
844672
844737
844768
844870
845136
845346
845399
845564
845590
845956
846140
846754
846760
846812
846930
847007
847023
847035
847139
847144
847154
847264
847274
847586
847703
847750
847935
848127
848197
848442
848479
848513
848529
848609
848774
848845
848965
848968
849020
849203
849418
849536
849581
849715
849752
849788
849797
849812
849853
849919
850159
850177
850193
850275
850393
850397
850490
850676
850697
850725
851053
851126
851156
851265
851319
851367
851509
851591
851956
852002
852036
852074
852146
852198
852371
852548
852644
852674
852694
852778
852834
853100
853108
853120
853189
853368
853444
853567
853667
853758
853781
853840
853856
853869
853871
853893
853971
854092
854598
854604
854650
854655
854674
854711
854879
854950
854981
855099
855259
855259
855376
855491
855787
855803
855847
855964
855970
855993
856032
856085
856132
856164
856172
856251
856350
856352
856458
856493
856582
856697
856796
856960
857066
857190
857306
857402
857426
857457
857483
857522
857537
857714
857729
857778
857843
858001
858059
858083
858322
858383
858530
858591
858678
858687
858849
858883
858895
859128
859167
859279
859448
859527
859542
859571
859756
859970
860001
860029
860037
860178
860282
860718
861019
861122
861208
861222
861228
861384
861517
861558
861632
861719
861804
861807
861858
862210
862287
862372
862411
862490
862547
862743
862896
862901
862986
863082
863149
863277
863410
863696
863729
863754
863788
863840
863887
863961
864030
864285
864286
864300
864316
864355
864460
864559
864730
864756
864856
864872
864909
865195
865271
865319
865333
865516
865663
865680
865966
866031
866044
866140
866157
866163
866309
866606
866632
866722
866947
867049
867399
867406
867659
867945
867996
868141
868432
868643
868920
868965
869322
869352
869419
869571
869611
869702
869734
869772
869924
869955
870007
870125
870186
870503
870554
870564
870581
870725
871084
871143
871288
871400
871456
871706
871747
871882
872290
872372
872495
872573
872629
872669
872701
872942
872959
873066
873169
873580
873581
873708
873816
873865
873882
873897
874021
874170
874241
874242
874244
874513
874904
874957
875148
875158
875223
875228
875350
875613
875614
875675
875918
876079
876140
876219
876286
876337
876390
876410
876475
876540
876547
877045
877053
877118
877137
877415
877437
877530
877707
877749
877780
877828
877904
877944
877946
878026
878041
878075
878147
878339
878492
878502
878505
878666
878850
878874
878950
879095
879098
879223
879271
879356
879436
879457
879466
880014
880036
880215
880643
880744
880873
881008
881032
881131
881134
881184
881223
881282
881310
881375
881425
881547
881567
881732
881766
881791
881985
882045
882058
882136
882185
882227
882485
882519
882605
882743
882757
882853
882854
882956
883363
883489
883602
883641
883681
883780
883870
883967
883972
884054
884061
884290
884330
884339
884354
884369
884522
884573
884606
884870
885040
885228
885289
885441
885625
885688
885719
885820
885852
885856
885899
885943
886037
886331
886339
886437
886464
886605
886613
886625
887156
887182
887201
887325
887425
887500
887582
887615
887677
887711
887951
888023
888048
888059
888090
888120
888277
888507
889071
889191
889209
889274
889408
889500
889689
889900
889940
889952
889978
889991
890088
890241
890432
890495
890522
890606
890717
890882
891173
891193
891276
891336
891556
891560
891664
891692
891703
891979
891980
892214
892287
892349
892407
892446
892505
892511
892766
892869
892979
893015
893074
893295
893636
893724
893984
894432
894566
894813
894846
895075
895221
895230
895274
895561
895808
895964
896044
896082
896293
896308
896383
896488
896588
896736
896785
896949
896952
897007
897135
897178
897276
897496
897628
897658
897673
897741
897758
897798
897810
897915
897953
898014
898147
898195
898297
898561
898579
898585
898628
898727
898817
898846
898965
898981
899401
899421
899461
899613
899681
899762
900177
900406
900696
900707
900787
900834
901070
901100
901120
901177
901813
901814
901889
902009
902127
902389
902534
902584
902726
902786
902875
902998
903037
903057
903139
903192
903203
903228
903236
903414
903464
903579
903820
903987
904023
904111
904299
904322
904597
904616
904656
904699
904705
905016
905060
905068
905141
905199
905201
905221
905256
905268
905278
905293
905437
905442
905456
905524
905621
905681
905735
905875
906009
906191
906335
906357
906528
906544
906569
906766
907073
907081
907261
907434
907457
907499
907552
907627
907690
907701
907722
907770
907787
908033
908073
908200
908296
908497
908600
908732
908855
909049
909170
909178
909220
909237
909325
909326
909345
909712
909890
909905
909963
909989
910036
910220
910223
910262
910416
910455
910482
910823
910956
911286
911297
911363
911566
911679
911806
911890
911902
912333
912343
912360
912368
912767
912803
912831
912978
912997
913170
913305
913383
913464
913527
913538
913583
913612
913865
913869
913915
914211
914228
914257
914337
914573
914784
914856
914926
915056
915168
915304
915391
915490
915581
915697
915715
915839
915983
916067
916103
916357
916453
916507
916793
916914
917031
917061
917412
917482
917626
917639
917797
917830
917864
917896
917988
918080
918113
918118
918272
918298
918320
918472
918513
918601
918635
918646
918779
918803
918907
919043
919301
919311
919555
919563
919642
919740
919872
919875
919905
919908
920086
920322
920328
920349
920403
920486
920730
921025
921029
921125
921242
921450
921769
921931
921994
922017
922035
922071
922104
922107
922119
922177
922259
922330
922427
922440
922444
922715
922749
922908
922919
923171
923226
923457
923530
923623
923648
923699
923711
923791
923806
924013
924042
924193
924210
924279
924284
924294
924343
924470
924604
924681
924718
924756
924874
924918
924997
925032
925058
925076
925097
925262
925311
925342
925583
925587
925742
925866
925930
925955
925991
926182
926196
926370
926486
926752
926938
927018
927090
927204
927372
927613
927654
927760
927803
927831
927844
928047
928062
928140
928178
928314
928615
928715
928793
928882
929053
929258
929508
929698
929810
929946
929991
930153
930167
930228
930396
930617
930820
930897
930998
931059
931211
931378
931475
931617
931635
931656
931681
931797
932059
932204
932256
932313
932321
932435
932440
932460
932526
932562
932573
932853
933024
933117
933307
933539
933550
933617
933702
934027
934061
934165
934414
934420
934519
934561
934856
934987
935042
935047
935100
935120
935225
935493
935551
935690
935724
935804
936021
936050
936148
936167
936339
936410
936445
936590
936591
936616
936635
936706
936746
936874
936923
937135
937192
937310
937359
937397
937407
937495
937712
937830
937989
937994
938010
938131
938400
938662
938662
938763
938833
938897
939121
939137
939184
939274
939369
939487
939718
939810
939839
940248
940303
940389
940455
941039
941105
941236
941435
941605
941627
941636
941931
941947
942399
942444
942578
942627
942700
942826
942857
942886
942906
943038
943213
943234
943355
943446
943615
943619
943633
943694
943794
943851
943899
943916
943963
944054
944076
944093
944194
944302
944468
944677
944727
944922
944946
945042
945147
945700
945773
946000
946013
946311
946586
946617
946820
946871
947151
947161
947254
947438
947444
947540
947990
948010
948120
948272
948345
948378
948494
948559
948599
948653
948664
948688
948732
948806
948810
948891
948910
948923
949364
949590
949638
949679
950074
950083
950389
950536
950615
950660
950666
950929
950941
951221
951409
951629
951681
951840
951865
952033
952117
952438
952464
952541
952648
952670
952685
952771
952960
953062
953103
953122
953137
953190
953201
953235
953246
953270
953363
953438
953445
953477
953508
953683
953969
954083
954094
954323
954406
954612
954624
954631
954809
954858
954871
954905
955118
955145
955212
955257
955314
955617
955667
955756
955799
956189
956305
956354
956443
956489
956507
956607
956866
956991
957031
957132
957156
957207
957300
957322
957454
957458
957560
957758
957803
957925
958082
958345
958637
958702
959044
959072
959125
959321
959408
959421
959523
959628
959630
959666
959705
959809
959929
960087
960268
960343
960416
960505
960515
960552
960555
960561
960658
960664
960760
960864
960937
960944
960978
961050
961058
961233
961329
961344
961480
961516
961608
961737
961953
962261
962319
962397
962675
963167
963209
963552
963670
963690
963693
964291
964407
964501
964541
964568
964802
964891
964974
965066
965325
965334
965348
965378
965499
965589
965683
965694
965795
966036
966062
966135
966166
966242
966258
966301
966312
966416
966417
966688
966842
966864
967018
967148
967510
967626
967722
967791
967798
967925
968053
968086
968100
968162
968377
968505
968821
968914
969026
969065
969077
969207
969284
969463
969504
969516
969613
969837
969857
969860
969872
970001
970046
970079
970198
970370
970440
970441
970495
970690
970698
970722
970770
970871
970970
970994
971041
971228
971276
971304
971330
971536
971657
971658
971681
972040
972157
972222
972248
972501
972632
972732
972769
972834
972913
973184
973184
973212
973236
973312
973406
973458
973473
973507
973603
973605
973610
973613
973630
973659
973845
973863
973910
973940
974164
974172
974184
974216
974476
974477
974557
974661
974838
974908
975006
975090
975202
975252
975287
975367
975374
975899
975900
975911
976025
976194
976229
976239
976308
976400
976835
976943
977064
977162
977171
977221
977234
977300
977744
977926
977981
978177
978218
978506
978527
978610
978678
978713
978793
978815
978900
978975
979611
979629
979678
979692
979799
979814
980072
980158
980182
980320
980396
980409
980415
980584
980763
980888
981027
981480
981623
981883
981906
981936
981990
982032
982095
982200
982306
982424
982511
982550
982582
982639
982641
982794
982890
982909
982959
982994
983099
983270
983499
983571
983655
983662
983715
983820
983903
983938
983944
984127
984142
984262
984285
984333
984387
984437
984457
984723
984804
985072
985082
985405
985445
985591
985611
985707
985777
985822
985881
985933
986004
986057
986133
986145
986145
986186
986206
986383
986444
986568
986596
986705
986792
986951
987055
987060
987245
987621
987681
987701
987718
987720
987927
987965
988163
988347
988352
988421
988445
988488
988574
988710
988845
988847
988848
988881
989018
989078
989417
989507
989552
989679
989802
989929
990191
990442
990447
990479
990824
990830
990987
991215
991308
991315
991321
991346
991503
991504
991567
991847
992127
992545
992547
992566
992774
992956
993000
993016
993099
993181
993266
993301
993354
993653
993837
993845
993866
993928
994017
994018
994094
994098
994301
994491
994575
994641
994694
995003
995141
995252
995350
995430
995603
995668
995785
995810
995913
995916
995974
996111
996175
996227
996259
996270
996376
996530
996535
996546
996632
996706
996739
996971
997048
997136
997144
997155
997294
997363
997381
997722
997899
997908
997973
998203
998235
998585
998618
998786
998796
998871
998960
999085
999228
999352
999379
999701
999962
