1000
850
1909
3593
4222
4333
5425
5453
6600
8083
9194
10524
12036
13265
14517
15531
17026
18910
19809
20475
20699
21080
24341
25565
26022
26461
27239
28433
28870
30356
31031
33535
35413
37446
37834
39558
39951
40151
41263
43075
46231
46856
47387
47953
48366
48439
48944
49040
50345
51000
51267
51569
51601
52163
52583
52863
53497
54506
56302
56455
57082
58624
60696
62547
63021
63484
67368
68056
68935
69097
69988
71452
72228
75459
75702
77260
79303
80277
80374
84443
84918
86280
86639
88268
88781
89049
90116
90385
90413
92880
92901
92998
94102
94373
96132
96629
96844
97986
99670
102956
103366
103823
104713
105207
105731
106242
106346
108832
109434
109954
112501
114762
116633
117374
119205
119587
123111
123512
123731
124205
124691
125353
126453
128113
128353
128700
130262
132318
132958
133866
134119
135292
135570
135704
136665
137366
137500
137536
138005
138394
143158
146525
148178
148475
150169
150661
152762
153798
153806
154198
154259
155064
155327
157025
157423
158240
159660
161329
161697
161808
162922
164253
164300
167019
167040
171584
172061
172147
174608
175001
175912
177050
177306
178344
179226
180985
181132
181876
182417
183700
185923
186054
186504
187124
187199
187282
188875
189426
190928
191347
191675
192206
192786
193201
193388
193946
194164
197249
198650
201365
202478
202646
206220
206863
208151
208520
210523
210608
212127
212610
213485
213839
215209
216487
217076
218663
219206
222321
222961
223550
223732
224665
226303
227659
228748
230229
231539
231606
232520
232797
233109
235505
236238
236795
237986
240564
242366
244051
244429
249940
250261
251128
251385
251600
252301
252548
253979
254269
254580
254934
255224
256350
257785
263662
264967
265666
270350
270551
271744
272275
272431
274398
274593
275183
277335
280228
280801
281175
282015
282964
283835
284374
289071
290189
291047
292236
293018
293455
293466
294191
294925
295652
300410
300775
301078
301613
303342
303974
305933
307613
308958
309040
309288
309852
310147
310389
310600
311948
313431
314646
315340
315367
316044
316077
316687
317265
317821
319511
319912
320116
323117
323165
324739
324824
324844
326819
329718
329865
331534
332506
332562
337807
338061
338374
341202
342188
342651
342762
343699
344784
344976
346356
346726
346970
347111
348446
349015
350461
350619
350810
351426
352097
354261
354930
355261
356146
356204
356948
358004
358222
358536
359152
359746
360194
360979
363445
365596
367718
369909
370093
371369
371984
373046
373918
374699
378118
379096
379110
379524
379826
380555
381359
382541
382858
383331
384475
387510
387817
388536
388565
388722
390400
390759
391065
391900
392607
393504
393659
394248
396229
396251
397325
398172
399310
400939
401414
402098
402651
403155
403812
405027
405585
406485
406972
407258
408489
409973
410312
410852
414657
415590
416708
417170
417372
417379
417879
418118
418280
419352
419419
419696
420351
422501
422878
423202
424253
424968
426753
427248
427579
429092
429506
429602
429797
432532
432960
435525
435978
438446
439028
439089
439759
439832
440986
441635
441933
443021
446633
446793
447638
448645
449119
449254
449409
449957
453430
454274
454286
454595
454695
454719
454911
456060
456544
458452
458601
458709
458964
460854
461522
462060
462857
462874
463025
464394
465360
465442
465704
466370
466681
468953
470514
470529
471595
471693
472926
473331
473646
474358
474959
475038
476298
476714
477372
477382
478383
478831
479034
481471
481988
482397
482589
482680
483170
483854
484890
486371
486948
487914
488205
490011
491404
491467
494393
495278
495356
496293
497948
498391
499290
500351
501136
501152
504143
506311
507417
507663
507723
507771
509252
510164
510347
510577
511625
512166
512608
514463
516465
517421
518205
519641
520125
521623
523568
525278
526590
529298
531421
531608
533069
533482
533496
533555
536685
536727
536754
537006
539628
540822
541220
543255
545580
546143
548658
548904
549371
554791
557071
557543
558476
558581
558661
559126
560360
560817
560863
560877
562478
563339
566827
569541
569558
569880
571345
572143
572325
574675
574689
575161
575457
575934
576582
577145
578005
578279
579048
579301
579360
580027
580078
580669
581025
584301
584702
585772
587398
587517
587636
588597
590754
592263
593400
594281
595227
595643
596052
598515
598654
599342
600950
601642
603078
604081
604926
607426
607560
607679
608443
608528
608919
608986
611071
612210
612302
613225
614392
614438
614758
615770
617321
617523
618593
620625
622003
622843
624431
625658
625886
625982
626043
627325
628606
629067
629393
629792
629908
630718
631429
631940
631945
632382
633502
634505
635114
635278
635942
636298
636496
637811
637853
638616
642922
645640
646317
646506
646831
647220
648222
649054
649059
649585
649846
651695
651817
654374
655877
656043
657291
658770
659188
659628
660015
660471
660536
662421
663568
664415
665065
666639
668216
668508
669803
671296
671536
672518
672801
672903
678191
680431
684339
684974
685230
685489
686725
688252
688316
689120
689509
691686
691929
697394
697598
697640
697663
700152
701918
702979
704112
705995
706231
707054
707246
707785
712047
712506
712792
713114
713221
713605
715985
717541
717572
718860
721928
721933
724159
725131
726819
731050
731301
732992
735412
737039
740852
741140
741203
741649
741762
741842
741914
743156
743921
744840
745276
748338
748396
748761
748821
748915
749981
750898
752300
753831
754984
755807
755902
756269
757023
757322
757419
758285
758445
761926
761927
762952
764444
772065
773010
773201
777743
779104
781427
782926
783217
784363
785347
788925
789014
792353
792537
793678
793776
796446
798504
799909
800138
800610
800864
801242
801368
801483
801592
802466
803013
803613
805705
806770
808761
809837
810435
810715
811260
812512
813667
814266
814294
815537
816888
817414
818358
819009
819120
820104
820752
820784
821005
822317
822353
824456
825692
829566
830375
831795
832760
835904
836604
837066
837480
837616
837909
840902
841434
842003
843589
845015
846495
847270
847354
847484
848301
849074
853607
857683
858640
859223
861446
861693
861938
864644
865969
866452
866471
866736
867422
867655
871074
872133
873420
873893
874841
875211
878375
878593
879079
879138
879645
881450
882553
882778
882894
883528
884433
884457
885606
886637
886770
889924
890854
891506
893399
894207
894240
894693
896095
898181
898870
901880
904743
905475
906596
909925
910649
911762
912223
912724
919128
919341
920703
921583
921926
922272
922398
922992
923649
926818
929267
929630
929891
931263
932753
932775
932897
933324
933356
933970
935169
935715
936844
936941
937971
937994
938682
939536
940026
940335
940938
942462
943160
943237
943345
944275
945984
946301
949482
950500
952045
952758
952940
953747
956827
958172
959279
961165
962145
963996
964277
966033
967244
968143
970060
970477
972900
975061
975364
976474
976504
980696
981316
981394
981956
984185
984200
985246
985435
987263
987404
987852
987955
987977
988071
988272
989945
991336
991690
991868
992941
994016
994214
998533
998585
999584
