10000
-999833
-999774
-999000
-998714
-998585
-998458
-998224
-998209
-997888
-997771
-997254
-996929
-996922
-996673
-996580
-996417
-996342
-996325
-996086
-996014
-995967
-995854
-995565
-995525
-995522
-995224
-995141
-994786
-994748
-994516
-994441
-994378
-994366
-994127
-994124
-993971
-993820
-993487
-993258
-992772
-991916
-991755
-991717
-991454
-991083
-991033
-991023
-990883
-990857
-990628
-990524
-990306
-990064
-989698
-989676
-989592
-989509
-989201
-989197
-989147
-989022
-989022
-988926
-988601
-988336
-987866
-987756
-987381
-987270
-987109
-986584
-986291
-986156
-985710
-985050
-984904
-984809
-984698
-984325
-984292
-984168
-984075
-983832
-983499
-983386
-983049
-982968
-982435
-982311
-982275
-982250
-981180
-981148
-981133
-981039
-980792
-980791
-980514
-980328
-979998
-979832
-979760
-979670
-979651
-979501
-979072
-978720
-978487
-977506
-977505
-977329
-976975
-976828
-976751
-976669
-976425
-976390
-976212
-976085
-975957
-975680
-975618
-975556
-975507
-975335
-975229
-974799
-974597
-974589
-974351
-974044
-973796
-973730
-973621
-973571
-973092
-972971
-972333
-971974
-971658
-971626
-971514
-970429
-970276
-970115
-969848
-969645
-969386
-969269
-968949
-968931
-968690
-968464
-968410
-968163
-967565
-967532
-967493
-967356
-967132
-967014
-966883
-966846
-966710
-965966
-965722
-965650
-965602
-965325
-965300
-965188
-965089
-965055
-964836
-964632
-964410
-963723
-963456
-963297
-963264
-963163
-963123
-962979
-962809
-962798
-962597
-962372
-962299
-962197
-961746
-961696
-961465
-961190
-961136
-961123
-960848
-960719
-960072
-960069
-960016
-959935
-959887
-959869
-959172
-959045
-958389
-958310
-958271
-957314
-957146
-956936
-956863
-956823
-956697
-956678
-956571
-956421
-956205
-955952
-955896
-955750
-955512
-955336
-955267
-954792
-954732
-954467
-954322
-953945
-953887
-953565
-953406
-953406
-952926
-952782
-952237
-952009
-951907
-951876
-951803
-951764
-951661
-951543
-951409
-951139
-950637
-950593
-950519
-950182
-949874
-949551
-949336
-949242
-949028
-949004
-948839
-948648
-948620
-948508
-948363
-948309
-948266
-948042
-947945
-947939
-947908
-947848
-947812
-947790
-947758
-947651
-947539
-947485
-947461
-947437
-947431
-947226
-947217
-946876
-946799
-946276
-945874
-945730
-945695
-945518
-945427
-945142
-945125
-944965
-944663
-944530
-944377
-943969
-943947
-943884
-943877
-943587
-943581
-943572
-943433
-943299
-943227
-943088
-943045
-942998
-942982
-942883
-942882
-942684
-942652
-942399
-942102
-941914
-941913
-941879
-941786
-941702
-941550
-941545
-941517
-941280
-941183
-940909
-940827
-940341
-940266
-940132
-940013
-939230
-939024
-938870
-938870
-938458
-937790
-937712
-937646
-937472
-937111
-936781
-936524
-936388
-935676
-935340
-935051
-934945
-934938
-934711
-934364
-934261
-933684
-933621
-933128
-932225
-932189
-932186
-931872
-931806
-931706
-931695
-931250
-931238
-931120
-931015
-930445
-930428
-930360
-930254
-929203
-928818
-928743
-928677
-928116
-927936
-927814
-927789
-927692
-927470
-927362
-927244
-926969
-926912
-926884
-926872
-926842
-926643
-926529
-926514
-926455
-926288
-925860
-925742
-925558
-925521
-924880
-924770
-924716
-924622
-924507
-924129
-923573
-923347
-922819
-922460
-922384
-922000
-921925
-921889
-921360
-920484
-920373
-920358
-920076
-919871
-919820
-919673
-919493
-919444
-919046
-918682
-918527
-917906
-917805
-917706
-917673
-917339
-916923
-916586
-916366
-915989
-915781
-915746
-915727
-915052
-914816
-914640
-914130
-913995
-913949
-913727
-913429
-913286
-912967
-912901
-912501
-912263
-912088
-911832
-911820
-911807
-911738
-911549
-910992
-910223
-910058
-909800
-909776
-909773
-909557
-909490
-909380
-909266
-909177
-908975
-908448
-908292
-907853
-907824
-906627
-906426
-906366
-906240
-906137
-905936
-905852
-905758
-905548
-905518
-905167
-905106
-905093
-905030
-904959
-904564
-904542
-904457
-904112
-904025
-903932
-903854
-903804
-903561
-902779
-902753
-902726
-902387
-902342
-902303
-902277
-902227
-902121
-902090
-901824
-901464
-901445
-901334
-901266
-901256
-901021
-900956
-900914
-900489
-900402
-899788
-899333
-899115
-898491
-898447
-898267
-898076
-897949
-897920
-897787
-897780
-897317
-897079
-897051
-896856
-896687
-896501
-896485
-896467
-896335
-896278
-896053
-895930
-895878
-895876
-895766
-895310
-895192
-894975
-894818
-894591
-894396
-894390
-894290
-894177
-893838
-893798
-893508
-893445
-893371
-893171
-892825
-892647
-892048
-892001
-891810
-891574
-891573
-891198
-891017
-890588
-890406
-890382
-890206
-890177
-889911
-889776
-889667
-889646
-889438
-889423
-889337
-888946
-888716
-888588
-888209
-888094
-887652
-887469
-887465
-887070
-886954
-886899
-886168
-886160
-886150
-886042
-885766
-885412
-885197
-884808
-884726
-884627
-884525
-884470
-883849
-883701
-883634
-883469
-883187
-883013
-882936
-882688
-882100
-881814
-881619
-881522
-881414
-881335
-880899
-880790
-880673
-880672
-880494
-880449
-880333
-880156
-880124
-879606
-879430
-879341
-879094
-878675
-878591
-878391
-878211
-877446
-877273
-876970
-876747
-876360
-876164
-875827
-875610
-875610
-875560
-875383
-874687
-874555
-874278
-874092
-874086
-873897
-873686
-873480
-873458
-872894
-872793
-872588
-872440
-872397
-872199
-872041
-871935
-871925
-871857
-871746
-871636
-871623
-871615
-871417
-871369
-870874
-870845
-870648
-870643
-870571
-870253
-870035
-869959
-869946
-869887
-869587
-869540
-869515
-869342
-869279
-868796
-868635
-868615
-868577
-868577
-868543
-868539
-868491
-868305
-867857
-867753
-867716
-867555
-867517
-867431
-867407
-867124
-867103
-867072
-866794
-865653
-865359
-864858
-864561
-864461
-864320
-864289
-864273
-864156
-863992
-863942
-863851
-863762
-863296
-862852
-862617
-862435
-862005
-861603
-861310
-861310
-861055
-860414
-859530
-859386
-859140
-859110
-858922
-858759
-858464
-858346
-858270
-857946
-857656
-857491
-857438
-857258
-857196
-857109
-857018
-857014
-856947
-856712
-856616
-856184
-856068
-855928
-855813
-855371
-855342
-855313
-855091
-854744
-854628
-854368
-854070
-853700
-853328
-853044
-853009
-852736
-852609
-852580
-852570
-852548
-852479
-852406
-852052
-851875
-851708
-851585
-851290
-850726
-850435
-850307
-850167
-850103
-850083
-849860
-849611
-849372
-848936
-848643
-848531
-848366
-848349
-848267
-848245
-848145
-847580
-847270
-847260
-846935
-846568
-846301
-846071
-845865
-845593
-845496
-845287
-844967
-844925
-844725
-844624
-844598
-844371
-844322
-844224
-844214
-844074
-843965
-843953
-843866
-843763
-843642
-843357
-842950
-842236
-842004
-841979
-841830
-841767
-841744
-841525
-841518
-841505
-841494
-841220
-840935
-840655
-840162
-839368
-839152
-838628
-838280
-838073
-837596
-837330
-836880
-836652
-836596
-836439
-836142
-835682
-835332
-835239
-835177
-834826
-834720
-834510
-834291
-834266
-834242
-833778
-833682
-833653
-833545
-833492
-833437
-833385
-833230
-833139
-833074
-832915
-832688
-832486
-832468
-832234
-831743
-831555
-831449
-831339
-830784
-830727
-830676
-830658
-830610
-830506
-830439
-830420
-830066
-829985
-829979
-829912
-829890
-829664
-829396
-829176
-829169
-828843
-828555
-828481
-828474
-828263
-827781
-827768
-827393
-826794
-826634
-826477
-826456
-826266
-826265
-826094
-825944
-825863
-825731
-825156
-825010
-824802
-824627
-824206
-823945
-823816
-823713
-823563
-823049
-822778
-822730
-822646
-822333
-821682
-821183
-821070
-821008
-820899
-820705
-820499
-820037
-819953
-819689
-819559
-819547
-819303
-819091
-819073
-819062
-818909
-818766
-818418
-818364
-818226
-818142
-817966
-817770
-817692
-817589
-817564
-817309
-817104
-817094
-817047
-816818
-816791
-816565
-816424
-816399
-816367
-816366
-816184
-815722
-815629
-815421
-814594
-814295
-814283
-814075
-813845
-813741
-813697
-813655
-813631
-813304
-813274
-813231
-813208
-812893
-812448
-812275
-811965
-811841
-811592
-811472
-811344
-810817
-810460
-810330
-810154
-810104
-809965
-809840
-809825
-809805
-809763
-809761
-809353
-808994
-808602
-808438
-808120
-807914
-807882
-807790
-807558
-807486
-807421
-807402
-807124
-807096
-807013
-806925
-806829
-806699
-806602
-806575
-805879
-805827
-804895
-804891
-804404
-804361
-804138
-803916
-803641
-803442
-803410
-803139
-803069
-803027
-802759
-802578
-802383
-802107
-801877
-801840
-801666
-801610
-801200
-801191
-800960
-800954
-800882
-800484
-800436
-800313
-800195
-800171
-800165
-799995
-799630
-798993
-798695
-798286
-798163
-798043
-797339
-796933
-796743
-796625
-796552
-796534
-796534
-796336
-796321
-796056
-796041
-795859
-795846
-795697
-795607
-795499
-795371
-795027
-794243
-793967
-793860
-793501
-793411
-793014
-792829
-792764
-792601
-792242
-792186
-792135
-792108
-791949
-791713
-791607
-791462
-791113
-790882
-790834
-790828
-790498
-790450
-790028
-789923
-789767
-789740
-789716
-789552
-789461
-789041
-788845
-788729
-788533
-788481
-787848
-787752
-787488
-787449
-787326
-787324
-787005
-786450
-786381
-786135
-786103
-786008
-785989
-785855
-785663
-785518
-785515
-785281
-785033
-784991
-784595
-784279
-784059
-783955
-783465
-783373
-783095
-783031
-783020
-782907
-782677
-782550
-782240
-782218
-782051
-781859
-781552
-781408
-781024
-780742
-780458
-779901
-779890
-779865
-779172
-778889
-778819
-778413
-777399
-777298
-776722
-776396
-776393
-776193
-776093
-776083
-775975
-775930
-775880
-775850
-775797
-775715
-775462
-775453
-775383
-775216
-774819
-774685
-774589
-774259
-774044
-773961
-773405
-773229
-772950
-772783
-772605
-772365
-772340
-772295
-772208
-772125
-772101
-771969
-771628
-771394
-771291
-771242
-771049
-771048
-771047
-770955
-770556
-770400
-769636
-769165
-768793
-768307
-768109
-767990
-767728
-767633
-767259
-766837
-766794
-766319
-766120
-766103
-766016
-765448
-765375
-765294
-765255
-764919
-764621
-764326
-764218
-764062
-763471
-763149
-762911
-762889
-762567
-762563
-762292
-762045
-762030
-761761
-761424
-761343
-761275
-761250
-761059
-761017
-760647
-760566
-760255
-760089
-759717
-759183
-759104
-759008
-758982
-758892
-758841
-758666
-758186
-757988
-757904
-757789
-757504
-757478
-757456
-757299
-757096
-757029
-756466
-756459
-756407
-756328
-756271
-756205
-755616
-755302
-755165
-755105
-755041
-754707
-754577
-754566
-754510
-754408
-753978
-753567
-753264
-752639
-752588
-752276
-751553
-751522
-750860
-750721
-750536
-750273
-750230
-749983
-749953
-749922
-749788
-749482
-749481
-749085
-748896
-748882
-748369
-748254
-748177
-748041
-747756
-747708
-747638
-747458
-747356
-747254
-747205
-747067
-746828
-746752
-746668
-746654
-746538
-746476
-746286
-745981
-745881
-745656
-744923
-743752
-743642
-743628
-743424
-743032
-743022
-742689
-742560
-742468
-742394
-742263
-741760
-741424
-741272
-741261
-741055
-741007
-740956
-740849
-740439
-740289
-740184
-740175
-740166
-740114
-739875
-739631
-739325
-739247
-738921
-738876
-738766
-738563
-738510
-738376
-738265
-738257
-738017
-737622
-737561
-737467
-737424
-737328
-737232
-736965
-736844
-736504
-736331
-736264
-736214
-736068
-735847
-735627
-735528
-735225
-735017
-734550
-734388
-734186
-733996
-733878
-733697
-733586
-733550
-733519
-733451
-733432
-733094
-732859
-732818
-732208
-731959
-731937
-731560
-731300
-730980
-730620
-730612
-730586
-730495
-730266
-730172
-730114
-730078
-729899
-729884
-729871
-729799
-729643
-729465
-729432
-729339
-729277
-729161
-729003
-728973
-728911
-728795
-728633
-728093
-727628
-727202
-726730
-726697
-725671
-725408
-723875
-723667
-723585
-723558
-723548
-723382
-723336
-723326
-722954
-722306
-722160
-721970
-721926
-721799
-721701
-721545
-721498
-721445
-721332
-721249
-720901
-720712
-720233
-720182
-720138
-719728
-719588
-719478
-719120
-719005
-718932
-717799
-716899
-716530
-716473
-716040
-716010
-715950
-715830
-715577
-714656
-714141
-714134
-713981
-713689
-713426
-713359
-713158
-713035
-712961
-712776
-712549
-712413
-712407
-712191
-712077
-711679
-711481
-711380
-711137
-711075
-711031
-710654
-710217
-709984
-709961
-709950
-709917
-709710
-709677
-709371
-709189
-708639
-708534
-708468
-708405
-708304
-707664
-707601
-707418
-707366
-707230
-706725
-706687
-706453
-706380
-705740
-705352
-705142
-705142
-704977
-704803
-704104
-703882
-703779
-703521
-703100
-702475
-702380
-702342
-702120
-701901
-701816
-701145
-699544
-699452
-699113
-699009
-698819
-698793
-698710
-698675
-698308
-697979
-697803
-697581
-697370
-696911
-696867
-696093
-695732
-695658
-695585
-695252
-695245
-695211
-694996
-694976
-694868
-694741
-694730
-694401
-694209
-694020
-693567
-693489
-693391
-693258
-693050
-692501
-692501
-691967
-691775
-691682
-691641
-691639
-691539
-691222
-691161
-690755
-690731
-690595
-690058
-689898
-689676
-688661
-688378
-687696
-687514
-687423
-687416
-687099
-686817
-686656
-686469
-686455
-685638
-685487
-685256
-685230
-685100
-684939
-684741
-684650
-684426
-684380
-684299
-684032
-683969
-683771
-683553
-683451
-683124
-682820
-682743
-682710
-682708
-682516
-682194
-682169
-682141
-681922
-681920
-681741
-681431
-681104
-681053
-680243
-679369
-678541
-678459
-678129
-677939
-677843
-677681
-677611
-677563
-677502
-677322
-677307
-677262
-677024
-676927
-676894
-676502
-676414
-676080
-675939
-675829
-675739
-675635
-675365
-675355
-675259
-675231
-674948
-674841
-674775
-674774
-674471
-673831
-673572
-673536
-673462
-673452
-673080
-673016
-672613
-672515
-672343
-672089
-671935
-671531
-671528
-671478
-671368
-671363
-670798
-670544
-670278
-670274
-669594
-669135
-669044
-668975
-668824
-668417
-667964
-667803
-667769
-667701
-667597
-667382
-667253
-667099
-667087
-666983
-666523
-666482
-666450
-666230
-666145
-665776
-665528
-665072
-664997
-664861
-664505
-664328
-664246
-664046
-664000
-663910
-663886
-663486
-663177
-663064
-663022
-662699
-662650
-662595
-662456
-662224
-662191
-662130
-662096
-661437
-661403
-661293
-661289
-661112
-661002
-660962
-660814
-660770
-660732
-660397
-660115
-659774
-659615
-659179
-658514
-658490
-658128
-657931
-657899
-657664
-657653
-657410
-657260
-656893
-656779
-656730
-656662
-656411
-656187
-655955
-655425
-655014
-654957
-654877
-654869
-654631
-654631
-654617
-654453
-654235
-653816
-653778
-653592
-653411
-653370
-653084
-652993
-652874
-652440
-651844
-651675
-651491
-651365
-651195
-651013
-650909
-650894
-650850
-650728
-650617
-650418
-650059
-649720
-649480
-649019
-648702
-648498
-648308
-647836
-647788
-647139
-646925
-646367
-646326
-646135
-646063
-645654
-645053
-644882
-644832
-644759
-643616
-643575
-643450
-643019
-642994
-642840
-642837
-642721
-642655
-642626
-641820
-641691
-641602
-641310
-641279
-641064
-640571
-640255
-640075
-639947
-639764
-639460
-639249
-638885
-638207
-638169
-638160
-637842
-637362
-637182
-636614
-635821
-635438
-635332
-634846
-634761
-634625
-633796
-633647
-633583
-633562
-633367
-633175
-633093
-632940
-632682
-632563
-632407
-631820
-631706
-631688
-631404
-631120
-631111
-630884
-630744
-630664
-630649
-630532
-630466
-630373
-630212
-629201
-629047
-628609
-628542
-627990
-627933
-627749
-627479
-627458
-627456
-627292
-626871
-626713
-626253
-626130
-626036
-626035
-625973
-625819
-625389
-625314
-625058
-624714
-624485
-624171
-624105
-623874
-623731
-623706
-623571
-622866
-622539
-622322
-622048
-621937
-621641
-621637
-621315
-621166
-620755
-620562
-620410
-619918
-619617
-619549
-619458
-618789
-618688
-618432
-618321
-618256
-618225
-618096
-618091
-618047
-617847
-617823
-617822
-617760
-617738
-617170
-617073
-616427
-616155
-615317
-615127
-615053
-614933
-614930
-614854
-614831
-614830
-614584
-614572
-614132
-613999
-613810
-613654
-613616
-613518
-613354
-613005
-612999
-612994
-612685
-612617
-612613
-612403
-612191
-611676
-611625
-611542
-611309
-611209
-611095
-610620
-610556
-610511
-610244
-610102
-609037
-608930
-608916
-608647
-608588
-608408
-608275
-608190
-607573
-607564
-607273
-607132
-606616
-606232
-605472
-605270
-605110
-604876
-604745
-604694
-604497
-604341
-604226
-604052
-603548
-603464
-603447
-603323
-603301
-602587
-602374
-601450
-601283
-601227
-601045
-600863
-600655
-600041
-599752
-599622
-599607
-599491
-599344
-599102
-599064
-599055
-599014
-598962
-598899
-598142
-598106
-598049
-597899
-597527
-597507
-597389
-596563
-596264
-595925
-595781
-595640
-595121
-594797
-594372
-594277
-594241
-594232
-593567
-593452
-593221
-593120
-592901
-592894
-592771
-592573
-592325
-592183
-592000
-591909
-591205
-591063
-591056
-590942
-590583
-590555
-590243
-590015
-589726
-589511
-589436
-589076
-588826
-588779
-587902
-587821
-587690
-587674
-587273
-587265
-587213
-587106
-586770
-586612
-586490
-586145
-586047
-586007
-585848
-585705
-585482
-585239
-585078
-584710
-584523
-584509
-584249
-583501
-583464
-582948
-582856
-582278
-581651
-581443
-581154
-581023
-581020
-580608
-580330
-580251
-580193
-580133
-579448
-579208
-579160
-578389
-577976
-577824
-577810
-577703
-577641
-577254
-577179
-576914
-576763
-576598
-576588
-576586
-576555
-576466
-576375
-576215
-575656
-575572
-575532
-575466
-575265
-574380
-574193
-573947
-573560
-573537
-573434
-572956
-572627
-572445
-572286
-572000
-571844
-571554
-571443
-571322
-571320
-571235
-571042
-570965
-570754
-570688
-570321
-570271
-570256
-570045
-569574
-569251
-569236
-569213
-568895
-568799
-568678
-568260
-568222
-568081
-568014
-567846
-567065
-566853
-566309
-566277
-566162
-566132
-566042
-566003
-565970
-565913
-565753
-565664
-565422
-564884
-564869
-564350
-564325
-563490
-563416
-563409
-563122
-562648
-562458
-562246
-562198
-561760
-561202
-561009
-560875
-560764
-560542
-560209
-560122
-559782
-559773
-559763
-559660
-559575
-558706
-558662
-558564
-558311
-558112
-557719
-557540
-557520
-557476
-557411
-557057
-556912
-556886
-556838
-556806
-555977
-555921
-555841
-555307
-555231
-555223
-554927
-554699
-554476
-554422
-554396
-554273
-553527
-553374
-552765
-552744
-552715
-552210
-551867
-551737
-551528
-551474
-551413
-551198
-551184
-550868
-550774
-550567
-550285
-550029
-549433
-549428
-548558
-548443
-548256
-548201
-548133
-547925
-547905
-547794
-546691
-546653
-546573
-546463
-546447
-546075
-546042
-544768
-544758
-544642
-544142
-543996
-543886
-543874
-543802
-543785
-543520
-543331
-543001
-542946
-542471
-542373
-542278
-542037
-541984
-541913
-541655
-541601
-541450
-540913
-540842
-540698
-540392
-540287
-540222
-540198
-540004
-539972
-539883
-539746
-539454
-539142
-538679
-538057
-537941
-537809
-537622
-537320
-537064
-537011
-536971
-536926
-536451
-536142
-536000
-535963
-535786
-535701
-535436
-535425
-535068
-534989
-534748
-534584
-534302
-534242
-534137
-534030
-534017
-533649
-533639
-533377
-533331
-533015
-532533
-532227
-532125
-531927
-530991
-530938
-530372
-530056
-529617
-529007
-528239
-528223
-528194
-528114
-527950
-527810
-527562
-527540
-527421
-527367
-527316
-527273
-526939
-526843
-526832
-526514
-526397
-526075
-526068
-526022
-525739
-525689
-525610
-525479
-525134
-524942
-524806
-524747
-524502
-524441
-524351
-524243
-524050
-523987
-523485
-523382
-523354
-523181
-523041
-522814
-522653
-522495
-522234
-521933
-521820
-521210
-521193
-521120
-520441
-520402
-520300
-520187
-519999
-519614
-519605
-519550
-519368
-519291
-519249
-519248
-519191
-519112
-518989
-518776
-518705
-517883
-517564
-517286
-517233
-517155
-517080
-515985
-515351
-515344
-515163
-515030
-514349
-513958
-513941
-513769
-513632
-513514
-513161
-513149
-513114
-512699
-512622
-512516
-512497
-512457
-512110
-512025
-511943
-511819
-511790
-511533
-511027
-510692
-510527
-510159
-510118
-509972
-509789
-509707
-509700
-509598
-509559
-508701
-508669
-508614
-508578
-508440
-507956
-507625
-507579
-507350
-507290
-507089
-507073
-506825
-506679
-506375
-506288
-505892
-505836
-505624
-505537
-505536
-505512
-505466
-504872
-504463
-504184
-504036
-504016
-503930
-503812
-503791
-503651
-503630
-503270
-502778
-502157
-501807
-501758
-501714
-501701
-501114
-501083
-501065
-500714
-500686
-500247
-499904
-499534
-499434
-499349
-498933
-498916
-498904
-498783
-498773
-498736
-498522
-498434
-498393
-498314
-498277
-498256
-498215
-497751
-497715
-497664
-497538
-497505
-497190
-497129
-496530
-496475
-496396
-495992
-495594
-495542
-495525
-495479
-495465
-495428
-495108
-494743
-494689
-494461
-494256
-494078
-493889
-493751
-493682
-493515
-493359
-493286
-493146
-493063
-493044
-492750
-492727
-492167
-491798
-491535
-491248
-490772
-490547
-490437
-490307
-490305
-490254
-490121
-489963
-489871
-489284
-489191
-488881
-488874
-488436
-488399
-487977
-487857
-487456
-487216
-487204
-487195
-486578
-486008
-485857
-485788
-485686
-485494
-485362
-485259
-485023
-484524
-484413
-483849
-483399
-483075
-482910
-482776
-482541
-482214
-481558
-481506
-481391
-481042
-480750
-480388
-480172
-480156
-479852
-479835
-479770
-479281
-479210
-479188
-478931
-478780
-478265
-477579
-477443
-477308
-477290
-477204
-477131
-476934
-476786
-476742
-476711
-476103
-475994
-475832
-475721
-475721
-475633
-475532
-475414
-475357
-475081
-474889
-474797
-474604
-474398
-474185
-474164
-473853
-473621
-473346
-473311
-473186
-473154
-472750
-472629
-472161
-471952
-471489
-470864
-470861
-470574
-470340
-470279
-470268
-469754
-469342
-468829
-468675
-468389
-467836
-467691
-467608
-467537
-467075
-466894
-466885
-466849
-466784
-466477
-466356
-466193
-466035
-465975
-465858
-465718
-465682
-465181
-464732
-464709
-464558
-464384
-463999
-463653
-463563
-463552
-463213
-462874
-462736
-462661
-462611
-462490
-462375
-462256
-461885
-461826
-461787
-461786
-461363
-461206
-461185
-461031
-461020
-460952
-460521
-460240
-460013
-459949
-459679
-459584
-459349
-459192
-459041
-458897
-458712
-458420
-458266
-458003
-457970
-457831
-457365
-457062
-456897
-456650
-456635
-456506
-456496
-456466
-456413
-456337
-456177
-456107
-456085
-455989
-455977
-455933
-455929
-455546
-455533
-455490
-454980
-454244
-454165
-453764
-453639
-453315
-452711
-452474
-451992
-451466
-451204
-451141
-451112
-450898
-450689
-450671
-450629
-450389
-450298
-450259
-450230
-450070
-449336
-449022
-448751
-448698
-448450
-448425
-448170
-448157
-448141
-448126
-447859
-447798
-447725
-447095
-447078
-446925
-446607
-446247
-446164
-446093
-445931
-445681
-445376
-445306
-444866
-444758
-444571
-444396
-444391
-443845
-443773
-443326
-443066
-442873
-442860
-442398
-442194
-442140
-440606
-440459
-440352
-439866
-439850
-439664
-439653
-439239
-438809
-438788
-438702
-438544
-438436
-438151
-438042
-437806
-437602
-437538
-437407
-436723
-436241
-436034
-435657
-435174
-435104
-434995
-434798
-434348
-433706
-433599
-433477
-433416
-433320
-432783
-432640
-432627
-432563
-432469
-432349
-431800
-431380
-430833
-430797
-430737
-430596
-430361
-430356
-430275
-430137
-430084
-429904
-429264
-428986
-428942
-428461
-428359
-428298
-428159
-428081
-428023
-427627
-427443
-427237
-427229
-427152
-426960
-426767
-426691
-426612
-426587
-426458
-426100
-425977
-425918
-425607
-425553
-425419
-425409
-425204
-425191
-425030
-424404
-424297
-423755
-423682
-423245
-422640
-422238
-422167
-422113
-422044
-421609
-421399
-421380
-421370
-421309
-421260
-421166
-421074
-420728
-420725
-420670
-420466
-420455
-420315
-420071
-420070
-419463
-419389
-419336
-419209
-419153
-419118
-418777
-418548
-417624
-417395
-416937
-416783
-416647
-416631
-416623
-416515
-416436
-416381
-415721
-415670
-415625
-415148
-414986
-414898
-414859
-414429
-414168
-414138
-413953
-413924
-413782
-413602
-413600
-413580
-413240
-413065
-413045
-412955
-412865
-412789
-412786
-412691
-412448
-412332
-412222
-412216
-412028
-411621
-410956
-410871
-410106
-409980
-409932
-409818
-409563
-409539
-409521
-409036
-408604
-408454
-408423
-408295
-408264
-408225
-408187
-408075
-407951
-407907
-407741
-407440
-406920
-406825
-406536
-406506
-405866
-405864
-405679
-405132
-404982
-404868
-404761
-404668
-404506
-404249
-404068
-403366
-403355
-403317
-403209
-402890
-402616
-402538
-402284
-402280
-402032
-401788
-401235
-401039
-400873
-400843
-400668
-400527
-400357
-400027
-399709
-399700
-399514
-399505
-399364
-399002
-398824
-398556
-398464
-398367
-397864
-397777
-397753
-397687
-397637
-397500
-397236
-396912
-396840
-396735
-396664
-396223
-395933
-395730
-395451
-395070
-394727
-394546
-394461
-393947
-393909
-393716
-393682
-393647
-393422
-393392
-393217
-393216
-392880
-392808
-392728
-392671
-392591
-392259
-391806
-391795
-391676
-391347
-391130
-391045
-389785
-389705
-389578
-389522
-389329
-388616
-388561
-388505
-388374
-388326
-387932
-387765
-386940
-386806
-386544
-386411
-386401
-386235
-385650
-385330
-385296
-384999
-384491
-384472
-384460
-383579
-383428
-383018
-382763
-382345
-382343
-382335
-382297
-382243
-382117
-381598
-381500
-380460
-379643
-379553
-379487
-379396
-379245
-379125
-378929
-378880
-378760
-378520
-378520
-378078
-377889
-377569
-377524
-377328
-377096
-377086
-377065
-377065
-376969
-376596
-376543
-376498
-376486
-376440
-376329
-376270
-375903
-375899
-375541
-375485
-375237
-374707
-374537
-374016
-373783
-373702
-373211
-373128
-372884
-372543
-372508
-372475
-371770
-371770
-371717
-371716
-371681
-371670
-371537
-371520
-371433
-371424
-370999
-370776
-370373
-370228
-369874
-369806
-369629
-369612
-369605
-369495
-369403
-369364
-369191
-369186
-368731
-368382
-368360
-368272
-368178
-368145
-367931
-367129
-367118
-366516
-366276
-366170
-366074
-365818
-365735
-365735
-365693
-365120
-364899
-364567
-364492
-363503
-363457
-363139
-362705
-362252
-361999
-361993
-361869
-361866
-361569
-361292
-361284
-360956
-360938
-360828
-360409
-359998
-359866
-359560
-359481
-359446
-359432
-359342
-359278
-358959
-358677
-358579
-358337
-357866
-357771
-357680
-357091
-356896
-356708
-356126
-356066
-356037
-355590
-355542
-355456
-355454
-355214
-355045
-354789
-354621
-354334
-354269
-353453
-353238
-353057
-352336
-352290
-352061
-352052
-351886
-351789
-351698
-351350
-351301
-351159
-350956
-350766
-350672
-350656
-350104
-349333
-349071
-349036
-348511
-348351
-347436
-347221
-347198
-347114
-346988
-346807
-346568
-346465
-346443
-346126
-345808
-345777
-345767
-345732
-345586
-345501
-345154
-344939
-344855
-344826
-343964
-343884
-343658
-343184
-343128
-343110
-342978
-342745
-342694
-342593
-341751
-341745
-341575
-341068
-340979
-340947
-340640
-340608
-340523
-340132
-340045
-339869
-339244
-339229
-339206
-339187
-338696
-338669
-338644
-337650
-337017
-336983
-336808
-336303
-336264
-335757
-335755
-335580
-335272
-335074
-334867
-334656
-334617
-334489
-334022
-333734
-333618
-333506
-333377
-332644
-332619
-332558
-332555
-332390
-332375
-332117
-331959
-331928
-331753
-331714
-331575
-331508
-331017
-330678
-330558
-330347
-330261
-330213
-330009
-329937
-329860
-329849
-329717
-329575
-329378
-329193
-329137
-328849
-328671
-328597
-328353
-328038
-327867
-327770
-327430
-327234
-327066
-326909
-326875
-326862
-326800
-326761
-326654
-326495
-326287
-326278
-325818
-325438
-325305
-325255
-324713
-324711
-324683
-324616
-324544
-324450
-324337
-324029
-323750
-323674
-323274
-323252
-323191
-323190
-322170
-321901
-321771
-321551
-321326
-321071
-320773
-320737
-320722
-319955
-319444
-319402
-319380
-319194
-319052
-319019
-318533
-318176
-317916
-317436
-317411
-317069
-316928
-316739
-316720
-316638
-316560
-316528
-316516
-316217
-316040
-315428
-315175
-315072
-315042
-314934
-314825
-314745
-314066
-313871
-313864
-313787
-313573
-313302
-313082
-312961
-312952
-312762
-312457
-312420
-312318
-312275
-312258
-311925
-311825
-311797
-311557
-311478
-311252
-311135
-310627
-310504
-310483
-310456
-310429
-310317
-309624
-309539
-309461
-309400
-308539
-308474
-308132
-307852
-307618
-307616
-307256
-307083
-306861
-306809
-306741
-306523
-306419
-306193
-306191
-305895
-305538
-305533
-305070
-304804
-304695
-304682
-303852
-303724
-303099
-302725
-302594
-302544
-302300
-302186
-302074
-301500
-301097
-301005
-300986
-300551
-300386
-300379
-300345
-299956
-299800
-299720
-299537
-299269
-298880
-298721
-298720
-298628
-298433
-298251
-298042
-298020
-297981
-297960
-297868
-297770
-297058
-296896
-296885
-296656
-296502
-296490
-296460
-296385
-296384
-296353
-296149
-296095
-295843
-295647
-295440
-295218
-294688
-294637
-294634
-294555
-294310
-294240
-294222
-294075
-293520
-293480
-293178
-293004
-292930
-292448
-292067
-291964
-291544
-291123
-290788
-290780
-290682
-290570
-290523
-290204
-290161
-290116
-290103
-290069
-289832
-289640
-289530
-289414
-289378
-289306
-288839
-288347
-287859
-287802
-287693
-287417
-287324
-287174
-286651
-286340
-285888
-285484
-285463
-285418
-285172
-285111
-284901
-284860
-284663
-284555
-284538
-284030
-283887
-283875
-283800
-283786
-283559
-283269
-283148
-282812
-282801
-282754
-282662
-282655
-282639
-282088
-282054
-281823
-281316
-281264
-281157
-280905
-280821
-280483
-280382
-279774
-279683
-279544
-279265
-279021
-278031
-277535
-277492
-277439
-277309
-277109
-277048
-276564
-275586
-275573
-275101
-275049
-275022
-274982
-274806
-274524
-274210
-274057
-273869
-273799
-273730
-273707
-273683
-273600
-273479
-273446
-273433
-273390
-273116
-272754
-272731
-272172
-272104
-271920
-271893
-271806
-271670
-271401
-271398
-271133
-271105
-271090
-271048
-271013
-270993
-270924
-270880
-270606
-270514
-270475
-270276
-269985
-269981
-269949
-269799
-269792
-269736
-269689
-269640
-269501
-269115
-268964
-268747
-268417
-268336
-267923
-267798
-267347
-267069
-265830
-265603
-265563
-265388
-265283
-265224
-265067
-265028
-264991
-264783
-264646
-264141
-264126
-263593
-263482
-263298
-263005
-262770
-262708
-262653
-262580
-262493
-262384
-262358
-262151
-262144
-262133
-262081
-261907
-261812
-261734
-261322
-261287
-261240
-261222
-260999
-260977
-260939
-260657
-260325
-260250
-260022
-260005
-260001
-259985
-259936
-259708
-259702
-259655
-259515
-259438
-259248
-259065
-258840
-258742
-258460
-258372
-258362
-258040
-257718
-257566
-257436
-257317
-257050
-257000
-256646
-256609
-256376
-256098
-256014
-255644
-255613
-255528
-255313
-255201
-255169
-255161
-255084
-255041
-254875
-254683
-254444
-254342
-253903
-253383
-253195
-253028
-252974
-252863
-252606
-252475
-252475
-252292
-252133
-251997
-251899
-251152
-250757
-250710
-250687
-250237
-250237
-250050
-249926
-249730
-249384
-248953
-248548
-248228
-248110
-247935
-247928
-247912
-247885
-247805
-247765
-247725
-247721
-247613
-247567
-247447
-247122
-246962
-246880
-246246
-245682
-245586
-245581
-245373
-245359
-245341
-244891
-244848
-244449
-244170
-244006
-243629
-243213
-243080
-242922
-242850
-242743
-242523
-242068
-241816
-241576
-241458
-241242
-240783
-240722
-240124
-240119
-239604
-239468
-238998
-238969
-238893
-238795
-238599
-238429
-238387
-238271
-238212
-238206
-237880
-237853
-237802
-237798
-237742
-237508
-237430
-237391
-237388
-237060
-236859
-236775
-236282
-236197
-236172
-236168
-235465
-235246
-234492
-234380
-234129
-234001
-233540
-233495
-233204
-232950
-232858
-232784
-232740
-231937
-231380
-231289
-231176
-231140
-230907
-230704
-230438
-230105
-229750
-229259
-229245
-228911
-228745
-228667
-228203
-227860
-227839
-227559
-227468
-227376
-227242
-227015
-226657
-226606
-226275
-226221
-225997
-225625
-225431
-225099
-224993
-224050
-223914
-223802
-223782
-223735
-223599
-223532
-223289
-223248
-223205
-223194
-222947
-222359
-222235
-222221
-222056
-221749
-221657
-221347
-221303
-221208
-221200
-221047
-220985
-220929
-220833
-220719
-220712
-220599
-220527
-219888
-219860
-219808
-219459
-219285
-219109
-219082
-218929
-218914
-218643
-218610
-218569
-218491
-217945
-217940
-217781
-217448
-217137
-217104
-217016
-216944
-216899
-216610
-216156
-216046
-215824
-215568
-215419
-214215
-214213
-214115
-214061
-214019
-213907
-213773
-213600
-213598
-213519
-213233
-213225
-213122
-212795
-212300
-212228
-211835
-211466
-211465
-211159
-210475
-210396
-210336
-210238
-210137
-209871
-208888
-208689
-208527
-208478
-208375
-208169
-207981
-207766
-207640
-207326
-207126
-207034
-206895
-206763
-206510
-206437
-206065
-205377
-205184
-205173
-204979
-204727
-204629
-204598
-204418
-204131
-204067
-203936
-203901
-203900
-203562
-203365
-203356
-203337
-203202
-203156
-203105
-202998
-202931
-202807
-202704
-202371
-201838
-201280
-201167
-201143
-201082
-200798
-200561
-200554
-200448
-200300
-200088
-199573
-199484
-199390
-199349
-199266
-199256
-199162
-197498
-197416
-197210
-197032
-196817
-196273
-196161
-195416
-195381
-195330
-194308
-194206
-194095
-193990
-193506
-193227
-193126
-193115
-192412
-192389
-192247
-192218
-192030
-191856
-191853
-191834
-191538
-191506
-191410
-191273
-191239
-191178
-191087
-191085
-190854
-190840
-190622
-190598
-190111
-190090
-189931
-189626
-189611
-189389
-189213
-188991
-188694
-188671
-188328
-188279
-188139
-187352
-187342
-187252
-187194
-186998
-186487
-186292
-186218
-186197
-185848
-185839
-185762
-185751
-184965
-184849
-184808
-184807
-184592
-184509
-184433
-184348
-183986
-183889
-183847
-183400
-182952
-182835
-182700
-182533
-182331
-182074
-181866
-181663
-181099
-180205
-180124
-179956
-179376
-179252
-179141
-178991
-178923
-178826
-178723
-178623
-178443
-178304
-177657
-177634
-177235
-177203
-177146
-177040
-176641
-176521
-176019
-175846
-175786
-175777
-175728
-175606
-175437
-175421
-175188
-175148
-175145
-174427
-174310
-174231
-174133
-174088
-174031
-173974
-173861
-173533
-173494
-173464
-173379
-172990
-172912
-172757
-172703
-172477
-172403
-172363
-172122
-172078
-171940
-171816
-171691
-171623
-171343
-171196
-170009
-169461
-169255
-169055
-168788
-168621
-168451
-168271
-168099
-167668
-167560
-167526
-167409
-167404
-167336
-167120
-167119
-166739
-166610
-166499
-166260
-165724
-165663
-165626
-165620
-165548
-165233
-165233
-165084
-164675
-164140
-164028
-164019
-163778
-163746
-163640
-163631
-162907
-162446
-162275
-162226
-162138
-161985
-161961
-161625
-161371
-161040
-160893
-160820
-160499
-160478
-159604
-159471
-159221
-159118
-159113
-158827
-158727
-158726
-157675
-157446
-156614
-156156
-155823
-155563
-154998
-154935
-154740
-154445
-154233
-153973
-153943
-153595
-153515
-153445
-153321
-153268
-152859
-152827
-152806
-152433
-152230
-151235
-151193
-150847
-150814
-150558
-150351
-150170
-149761
-149681
-148947
-148869
-148556
-148028
-147939
-147734
-147700
-147699
-147625
-147622
-147531
-147499
-147499
-147475
-147307
-147134
-147127
-146921
-146486
-146111
-146007
-145837
-145752
-145596
-145498
-145384
-145349
-145263
-145221
-144939
-144405
-144319
-144019
-144017
-143762
-143356
-143342
-142946
-142829
-142671
-142470
-142246
-142183
-141998
-141836
-141215
-141126
-140553
-140506
-140446
-140152
-140020
-139924
-139877
-139476
-139296
-138986
-138935
-138576
-138392
-137985
-137874
-137695
-137065
-137023
-136982
-136854
-136839
-136764
-136526
-136373
-136298
-136245
-135974
-135916
-135855
-135830
-135584
-135303
-135207
-134878
-134796
-134628
-134328
-134326
-134044
-133911
-133720
-133688
-133434
-133312
-133116
-133062
-132941
-132663
-132642
-132300
-131928
-131773
-131731
-131725
-131341
-131228
-131208
-131070
-130566
-130189
-130066
-129689
-129576
-129557
-129421
-129358
-128970
-128967
-128900
-128893
-128822
-128806
-128735
-128376
-128325
-128170
-127805
-127784
-127658
-127503
-127394
-126978
-126947
-126871
-126792
-126722
-126668
-126393
-126094
-125967
-125870
-125298
-125047
-124923
-124531
-124418
-124410
-124321
-124079
-124000
-123930
-123755
-123669
-123599
-123596
-123304
-123179
-123060
-122770
-122731
-122690
-122614
-122018
-121884
-121755
-121578
-121454
-121130
-121032
-120990
-120777
-120524
-120325
-119896
-119756
-119635
-119333
-119116
-118669
-118354
-117766
-117647
-117604
-117404
-117188
-116433
-115431
-115375
-115314
-114656
-114416
-114337
-114291
-114225
-113853
-113780
-113685
-113674
-113530
-113479
-113103
-112574
-112345
-112154
-111975
-111851
-111754
-111532
-111415
-111360
-110850
-110714
-110700
-110595
-110582
-110522
-110486
-110402
-109992
-109554
-109340
-109340
-109291
-109206
-108971
-108730
-108557
-108448
-108154
-108113
-108080
-107998
-107884
-107491
-107397
-106664
-106305
-106192
-105775
-105757
-105607
-105576
-105383
-105259
-105224
-105138
-105102
-105057
-105051
-104224
-104090
-103555
-103503
-103384
-103270
-103171
-103085
-102746
-102366
-101975
-101949
-101920
-101832
-100988
-100985
-100840
-100824
-100756
-100731
-100401
-100201
-100019
-99903
-99560
-99474
-99467
-99458
-99442
-99129
-98777
-98768
-98586
-98475
-98431
-97825
-97590
-97234
-97048
-96987
-96682
-96349
-96315
-96276
-96078
-96009
-95771
-95143
-94987
-94552
-94123
-93936
-93813
-93762
-93509
-93217
-93070
-93056
-92615
-92549
-92542
-92162
-91933
-91867
-91756
-91647
-91578
-91473
-91413
-91352
-91276
-91192
-90951
-90910
-90829
-90748
-90736
-90688
-90616
-90566
-90280
-90232
-90119
-90008
-89769
-89602
-89053
-88835
-88584
-88180
-88109
-87667
-87618
-87615
-87013
-87012
-86756
-86722
-86525
-85722
-85704
-85684
-85580
-84582
-84563
-84022
-83839
-83786
-83616
-83350
-82658
-82566
-82203
-82018
-81714
-81474
-81417
-81327
-79827
-79781
-79684
-79590
-79406
-79278
-78352
-78262
-78226
-77923
-77888
-77820
-77704
-76789
-76767
-76620
-76564
-76239
-75728
-75593
-75551
-75107
-74845
-74652
-74600
-73733
-73721
-73432
-72149
-72070
-71621
-71277
-71253
-71170
-70961
-70510
-70475
-70378
-70042
-70022
-69574
-69411
-69398
-68981
-68943
-68785
-68682
-68356
-67973
-67906
-67452
-67324
-67309
-66904
-66870
-66574
-66514
-66433
-66370
-66317
-66245
-66093
-65830
-65710
-65709
-65635
-65350
-64782
-64672
-63978
-63777
-63643
-63547
-63278
-63226
-63129
-63062
-63008
-62891
-62879
-62854
-62772
-62679
-62569
-62284
-62130
-61665
-61447
-61034
-60877
-60823
-60737
-60714
-60324
-60216
-60066
-59461
-59255
-59206
-58977
-58924
-58508
-58314
-58107
-58039
-57737
-57473
-57275
-57268
-56954
-56774
-56772
-56619
-56233
-56193
-56005
-55738
-55734
-55601
-55360
-54685
-54368
-54358
-54168
-54063
-53813
-53737
-53723
-53454
-53327
-53287
-52532
-52457
-52407
-52387
-51928
-51889
-51786
-51560
-51529
-51455
-51346
-50835
-50706
-50485
-50393
-50378
-50219
-50115
-49696
-49475
-49294
-49092
-49051
-48915
-48040
-48015
-47727
-47568
-47562
-47548
-47536
-47527
-47508
-47336
-47193
-47154
-47135
-47091
-46690
-46570
-46547
-46441
-46395
-46036
-46017
-45296
-45200
-44790
-44520
-43925
-43872
-43513
-43225
-43096
-42729
-42045
-41965
-41946
-41735
-41573
-41257
-40960
-40886
-39515
-39246
-38614
-38347
-38341
-38220
-38114
-37707
-37210
-37079
-37077
-37030
-36944
-36922
-36841
-36651
-36430
-36349
-36171
-35976
-35622
-35425
-34263
-33975
-33914
-33875
-33605
-33486
-32972
-32898
-32761
-32735
-32705
-32239
-31611
-31583
-30836
-30542
-30123
-30105
-30000
-29850
-29382
-29367
-29347
-29290
-29262
-28587
-28443
-28430
-28420
-28285
-27942
-27812
-27716
-27546
-27536
-27442
-27241
-27150
-26957
-26803
-26672
-26595
-26591
-26462
-26197
-25978
-25935
-25882
-25870
-25621
-24971
-24943
-24920
-24478
-23996
-23743
-23560
-23231
-22724
-22659
-22557
-22425
-22205
-22196
-21809
-21711
-21476
-21337
-21300
-21049
-20964
-20842
-20795
-20755
-20501
-20460
-20099
-20011
-19813
-19723
-19563
-19547
-19206
-18893
-18626
-18562
-18422
-18001
-17976
-17678
-17492
-17383
-17299
-16928
-16882
-16790
-16603
-16441
-16321
-16132
-15821
-15784
-15677
-15478
-14733
-14578
-14508
-14450
-13934
-13924
-13908
-13769
-13678
-13331
-13173
-12708
-12125
-11944
-11343
-11342
-10922
-10733
-10324
-10319
-10268
-10157
-9896
-9609
-9566
-9430
-8675
-8428
-8199
-7313
-7259
-7105
-6761
-6728
-6517
-6287
-6049
-5966
-5903
-5501
-5245
-4796
-3781
-3643
-3469
-3386
-3359
-3177
-3068
-2874
-2756
-2641
-2481
-2424
-2359
-2115
-2000
-1731
-1457
-1347
-1300
-1207
-1203
-939
-934
-783
-709
-553
-135
-60
342
346
429
496
688
759
769
841
885
1273
1298
1548
1576
1600
1734
1934
2105
2143
2516
2565
2666
2719
2877
2943
3093
3519
3582
3592
3671
3841
4067
4090
4386
4448
4492
4571
4603
4872
4995
5040
5293
5681
5802
5812
5883
5934
6387
7200
7262
7267
7298
7671
7910
8039
8860
9030
9178
9342
9393
9889
10119
10497
10621
10667
10718
11198
11340
11365
11506
11617
11716
11834
12546
12633
12720
12829
13343
13690
13905
13935
14378
14636
14671
14696
14726
15052
15310
15365
15734
15858
16143
16292
16346
17670
17843
18002
18520
18548
18667
18687
18704
18828
18842
18868
19178
19350
19397
19578
19794
20003
20038
20196
20505
20817
20955
21038
21566
21696
21731
21743
22112
22217
22550
22607
22799
22902
23203
23359
23394
23836
23856
23865
24089
24115
24237
24581
24761
24846
25098
25283
25285
25317
25427
25455
25630
25673
25769
25774
25800
25894
26353
26554
26612
26821
26854
26855
26927
27137
27182
27423
27869
27900
27906
28151
28302
28413
28425
28686
28790
29059
29217
29240
30078
30436
30613
31229
31344
31441
31578
32344
32487
32591
32712
33315
33507
34031
34106
34141
34170
34465
35037
35078
35244
35453
35563
35620
35772
36266
36287
36321
36363
36560
36616
36733
36921
37140
37405
37506
37767
37928
37975
38100
38131
38885
39311
39368
39396
39704
40432
40452
40586
40622
40711
40729
41274
41433
41601
41668
41883
42083
42248
42269
42672
43031
43206
43495
43583
43612
44917
45184
45525
45537
45590
45787
46083
46312
46361
46844
46891
46891
47104
47124
47244
47254
47512
47612
47754
47770
47946
48697
48914
48952
49132
49264
49706
50191
50778
51053
51076
51208
51344
52272
52330
52536
52552
52667
52824
53426
53450
53464
53578
53686
53739
53761
54093
54123
54170
54339
54577
54617
54996
55040
55083
55185
55467
55536
55617
55676
55862
56241
56411
56426
56656
56799
57130
57329
57994
58000
58059
58080
59046
59421
59728
59764
59768
59901
60147
60376
60973
61086
61321
62936
62949
63014
63051
63317
63384
63402
63696
63781
64003
64018
64054
64116
64348
64892
65095
65215
65259
65365
65636
65704
65712
65891
65965
66030
66130
66165
66193
66644
66656
66697
66816
66827
67331
67560
67612
67785
67921
68007
68235
68270
68364
68648
68796
69550
69909
70019
70048
70071
70525
70878
71195
71216
71384
71736
71947
71949
72029
72128
72136
72289
72327
72772
73112
73285
73351
73433
73519
73554
73834
74032
74421
74473
74632
74786
74904
75177
75177
75809
75811
75938
76615
76647
77224
77257
77403
77605
77641
77830
78008
78098
78155
78431
78683
78751
79005
79101
79576
79649
79707
79827
79942
80043
80324
80634
80807
80839
80843
81000
81137
81170
81322
81342
81634
81652
81690
81890
81998
82040
82656
82909
82993
83118
83141
83337
83345
83525
84116
84661
84826
85149
85176
85293
85325
85783
85884
86035
86149
86390
86805
86835
87530
87659
87673
88006
88263
88431
88435
88515
89020
89074
89573
89617
89920
90411
90828
90853
90941
91440
91755
92360
92375
92728
92985
93155
93169
93317
93678
93907
93931
93998
94100
94233
94258
94565
94733
94782
95026
95175
95289
95601
95629
95645
95836
95971
96015
96027
96148
96206
96307
96392
96422
96428
96661
96706
97179
97182
97829
97913
98134
98294
98334
98515
98972
99029
99249
99284
99322
99529
99667
100370
100400
100454
101536
101593
101747
102170
102564
102647
103659
103789
103868
103870
103969
104082
104304
104526
104554
104672
105129
105147
105693
105889
106062
106091
106195
106454
107199
107675
107707
107738
108090
108124
108252
108583
108847
108939
108957
108991
109060
109199
109361
110004
110312
110332
110466
110860
111029
111183
111556
112837
112853
113328
113497
113920
114444
114483
114679
114989
115423
115765
115902
115970
116240
116315
116845
116957
117010
117032
117088
117319
117421
117822
117935
118099
118157
118215
118519
118611
118684
119038
119851
119873
119965
120841
121208
121860
122119
122380
122803
122919
122995
123060
123158
123198
123335
123371
123612
124364
124470
124762
124817
125049
125177
125420
125744
126097
126338
126483
126947
127113
127120
127971
128110
128162
128253
128386
128887
129028
129680
129790
130213
130277
130429
130518
130994
131013
131395
131489
131514
131517
131526
131837
132003
132046
132231
132583
132619
132670
132782
133038
133811
134072
134296
134695
135453
135553
135588
135810
135869
136782
137502
137616
137860
137894
138063
138119
138449
138561
139032
139378
140152
140260
140583
140654
140793
141908
142496
142531
142559
142625
142964
143003
143257
143402
143608
143644
143791
143983
144097
144192
144445
144587
144607
144683
144692
144877
145530
145841
146019
146116
146225
146263
146402
146634
146987
147015
147289
147314
147796
147899
147912
148713
148989
149076
149113
149219
149237
149446
149693
150056
150075
150189
150546
150627
150751
150931
151120
151621
151773
151776
152056
152123
152308
152475
152577
152634
152748
153358
153534
153845
154199
154199
154402
154518
154557
154657
154901
155064
155456
155749
156108
156632
156642
156874
157059
157394
157596
157601
157625
158070
158088
158093
158264
158644
158952
159220
159535
159603
159604
159666
159973
160283
160383
160416
160498
160506
160642
160655
160705
160963
161377
161491
161705
162354
162670
162880
162982
164001
164035
164280
164437
164521
164594
164648
164971
165103
165116
165182
165215
165368
165616
165626
165787
166124
166180
166326
166369
166701
166823
166985
167093
167343
167735
167775
168128
168166
168313
168545
168547
168693
168762
168780
168793
168970
169317
169368
169678
169778
170207
170497
170568
170658
170838
171235
171238
171592
171880
171900
171935
171946
172096
172590
172646
172673
172833
172949
173523
173820
173880
173978
174167
174273
174436
174457
174582
174619
174853
174911
174935
175245
175372
175423
175517
175611
175709
175797
176061
176167
176364
176365
176672
176706
176820
177103
177348
177391
177468
177662
177983
178116
178654
179510
180122
180126
180163
180670
180795
180849
181086
181167
181564
181625
182291
182447
182483
182656
182666
182678
182707
182875
183186
183230
183350
183358
183567
183943
184458
184784
184837
185025
185143
185998
186186
186205
186268
186315
186409
186539
186659
186814
186905
186939
187027
187533
187627
187982
188182
188195
188201
188787
189045
189533
189714
190345
190386
190447
190905
191305
191793
191914
192340
192839
192917
193024
193151
193266
193567
193679
194096
194189
194529
194782
195001
195312
195534
195580
195720
195807
196220
196239
196467
196857
197111
197123
197179
197560
197587
198011
198279
198555
198681
198689
198893
199136
199194
199299
199528
199660
199674
199769
200058
200092
200685
201103
201171
201449
201841
202009
202031
202310
202598
202871
203048
203227
203364
203635
203792
204767
204931
205107
205410
205419
205923
206028
206055
206124
206137
206228
206284
206287
206316
206642
206862
206868
206870
206901
207045
207206
207281
207426
207832
207961
208236
208362
208662
208739
209290
209664
209863
209870
210006
210495
210665
210854
210855
210952
211021
211062
211080
211388
211494
211597
212503
212588
212726
212738
212811
212986
213076
213256
213282
213438
213549
214160
214306
214403
214642
214716
215122
215337
215465
215561
216021
216127
216409
216550
216611
216612
216686
217228
217236
217361
217564
217640
217815
217829
218012
218309
218730
219104
219210
219221
219288
219334
219386
219490
219517
219635
219679
220166
220268
220809
220887
221525
222041
222168
222744
222967
223045
223481
223531
224064
224232
224353
224660
224769
224805
225020
225313
225541
225622
225817
225926
226358
226411
226650
226871
227007
227052
227294
227468
227803
228093
228147
228237
228602
229779
229810
229983
230493
230620
230862
230916
231065
231094
231829
231831
232266
232378
232663
233030
233224
233325
233441
233546
233557
233567
233743
233772
233865
233916
234153
234262
234533
234814
234964
235018
236408
236489
236548
236629
236646
236972
237011
237083
237955
238009
238097
238112
238180
238378
238575
238934
239045
239153
239202
239276
239312
239579
239601
239700
239843
239873
240051
240076
240093
240268
240290
240463
240908
241491
241592
241714
242043
242412
242489
242571
242759
242899
242929
243066
243345
243431
243605
243702
243719
243927
244288
244349
244760
246437
246448
246559
246593
246658
246967
246970
247460
247489
247497
247640
247776
247873
248005
248223
248541
248647
248755
248844
248914
249090
249157
249366
249805
249872
249892
250137
250230
250248
250298
250372
250647
250689
250752
250831
250927
251216
251287
251373
251727
251949
252015
252156
252272
252321
252537
252908
252975
253021
253063
253291
253355
253650
253892
254083
254251
254739
254766
255130
255182
255331
255729
255892
256419
256498
256632
257080
257086
257612
258629
259020
259058
259107
259200
259567
259633
259993
260109
260253
260344
260440
260708
261407
261652
261898
262620
262730
262791
262821
262951
263108
263829
264222
264259
264671
264703
264986
265063
265125
265196
265525
265535
265571
265891
266240
266373
266413
266478
266649
266656
266679
266935
267152
267216
267469
267554
267558
267877
267947
268171
268184
268391
268574
268986
269073
269168
269310
269370
269416
269539
269559
269616
269618
269679
270794
271243
271337
271914
272369
272422
272622
273134
273402
273409
273421
273485
273516
273558
274264
274447
274789
275113
275140
275189
275366
275416
275554
275734
275748
275822
276096
276128
276280
276578
276664
276799
276984
277553
277625
277654
277803
278008
278017
278263
278269
278507
278581
278722
279198
279402
279405
279671
279810
279949
280416
280585
280673
280743
280806
280917
281393
281608
281617
281655
281731
281797
282129
282219
282372
282581
282593
283193
283731
283782
284076
284284
284355
284802
284885
285116
285158
285231
285712
285736
286354
286763
286764
287106
287577
287669
287831
287998
288279
288393
288818
289940
290465
290525
290530
290571
290626
291110
291377
291481
291537
291693
292287
292375
292612
292718
292838
293089
293089
293301
293575
294096
294185
294228
294339
294448
294560
294589
294631
294782
294802
294927
295247
295641
295715
295844
295872
295950
296040
296112
296228
296422
296735
296950
298257
298356
298602
298626
298749
298811
298878
298970
299220
299394
299508
299563
299765
300293
300671
300967
301136
301489
301873
301912
301976
302142
302306
302378
302459
303157
303503
303851
303861
304163
304368
304379
304443
304502
304504
304658
304798
304820
304950
305082
305237
305358
305360
305830
305862
305904
307154
307356
307371
307584
308176
308246
308312
308418
309010
309060
309087
309253
309445
309720
310053
310128
310128
310308
310563
310571
310817
311277
311440
311497
311506
311567
311689
311781
312323
312463
312809
312948
313167
313808
313846
313934
313973
314189
314253
314423
314462
314465
314540
315322
315339
315443
315951
315996
316171
316394
316521
316531
316661
316775
317180
317296
317471
317493
317909
318064
318734
319160
319230
319593
319636
320025
320111
320149
320229
320529
320848
321576
321612
321967
322055
322204
322311
322419
322472
322524
322621
323157
323203
323326
323367
323487
323955
324182
324491
324801
324865
325019
325572
325643
326046
326339
326432
326701
326846
327355
327549
327778
327826
327885
328009
328197
328228
328292
328380
328589
328688
328762
328791
328845
329838
329877
329985
330052
330128
330135
330177
330201
330250
330268
330509
330747
331043
331291
331360
331500
331525
331541
331588
331741
332281
332514
332582
332682
333575
333817
333894
333998
334402
334815
334892
334900
334906
334907
335052
335135
335151
335549
336103
336141
336318
336364
336457
336487
336693
336910
337182
337266
337724
338016
338110
338186
338288
338389
338621
338796
338866
338975
339446
339600
339623
339670
339895
340050
340234
340239
340509
340574
340821
341052
341086
341180
341367
341469
341575
341726
341953
341981
342067
342143
342306
342307
342394
342435
342639
343222
343318
343340
343521
343975
343986
344011
344276
344682
345237
345428
345826
345935
346072
346149
346196
346324
346545
346566
346893
347109
347860
347949
348079
348207
348805
348852
349815
349919
349958
350181
350263
350477
350545
350566
350812
350950
350997
351172
351364
351473
351602
351691
351720
351745
352687
353014
353182
353183
353316
353466
353541
353777
354021
354052
354063
354434
354541
354806
354844
354890
355051
355357
355590
356222
356327
356427
356588
357076
357480
357537
357839
357845
358097
358149
358158
358221
358449
358475
358743
358815
358830
358884
358945
358976
359029
359272
359699
359810
359968
360693
360863
361733
361748
361883
362040
362070
362261
362408
362411
362745
362773
363911
364011
364137
364311
364414
364507
364560
364574
364595
365217
365963
366001
366199
366323
366650
367258
367644
367830
368108
368124
368471
368548
368690
368743
368826
368869
368891
369212
369220
369308
369368
369415
369435
369684
369736
370000
370436
370689
370839
370940
371017
371072
371515
371515
371743
371940
372208
372437
372778
372997
373563
373601
373642
374372
375200
375325
375376
375733
375806
376344
376426
376527
376882
376892
377268
377320
377616
377718
377827
377934
378075
378324
379033
379177
379250
379854
379866
379943
380250
380512
380546
380551
380714
380729
380756
380805
380971
381175
382090
382218
382265
382501
382653
383194
383223
383514
383529
383631
383642
383642
383693
383902
383999
384018
384670
384791
384948
385215
385246
385357
385561
385781
385787
385857
385886
386355
386369
386419
386587
386620
387350
387389
387483
388073
388162
388178
388333
388665
388919
389410
389798
390024
390380
390399
390437
390468
390854
391557
391577
391725
391773
391966
392311
392345
392565
392596
393197
393458
393509
393738
393826
394185
394359
394361
394727
394948
395098
395265
395610
395637
395853
396135
396625
396716
397027
397166
397469
397499
397528
397531
397691
397822
397868
398236
398333
399025
399079
399141
399246
399691
399764
400621
400921
400943
401310
401480
401722
401797
401958
402332
402398
402622
402990
403140
403642
403822
403990
404139
404145
404172
404197
404234
405034
405226
406208
406332
406396
406408
406594
406609
406624
406650
406691
406766
406857
406864
407110
407218
407251
407255
407549
407562
408170
408323
408336
408555
408693
408941
409014
409451
409619
409638
410003
410101
410206
410234
410426
410558
410586
410796
410970
411063
411504
411627
411647
411699
411805
411909
412051
412133
412369
412429
412712
412764
412951
413153
413381
413422
413463
413524
413705
413932
413950
413984
414173
414250
414546
414567
414650
415067
415536
415664
416535
416536
416698
416742
416985
417024
417825
417857
417965
417980
418283
418634
418661
418856
418993
419103
419439
419646
419824
420727
420917
421214
421235
421313
421638
421775
422381
422431
422723
422956
423182
423219
423629
424049
424224
424586
424734
424748
425016
425167
425263
425967
426049
426132
426196
426203
426547
426782
426789
427030
427116
427186
427460
427899
427948
428525
428571
428838
428947
429145
429163
429633
429678
429766
430331
430778
430860
430881
431086
431204
431227
431752
431766
431801
431908
432496
432609
432677
432798
432817
433027
433303
433328
433335
434106
434483
434537
434952
435324
435416
435517
435532
435926
436028
436124
436162
436331
436628
436824
437079
437113
437192
437369
437401
437698
437784
437794
438168
438284
438411
438588
438800
438843
438854
438867
438994
439005
439054
439386
439756
440136
440820
441043
441053
441459
441546
441901
441941
442157
442257
442319
442678
443229
443308
443528
443638
443969
443979
444591
445099
445131
445174
445221
445460
445497
445588
445664
446208
446324
446417
446445
446488
446930
447037
447507
447891
449041
449263
449338
449468
449812
449815
450250
451111
451210
451538
451593
451661
451904
452056
452222
452352
452463
452646
452794
453380
453433
454421
454499
454517
454587
454758
454777
454899
455909
455933
455998
456290
456776
457565
457615
457912
457998
458319
458325
458357
458385
458463
458661
458854
458900
459234
459545
459742
460153
460520
460525
460550
460858
461325
461880
462459
462852
462866
462968
462992
463024
463030
463195
463877
463948
464459
464621
464633
465545
466733
466881
467312
467589
467601
467683
467836
467879
468413
468454
468576
468583
468603
468667
468692
468773
468940
469016
469067
469210
469431
470107
470161
470616
470682
470821
471067
471169
471307
471322
471376
471470
471947
472268
472618
472706
473010
473287
473350
473358
473367
473620
473621
473630
473796
473925
474090
474213
474609
474659
474739
474757
474843
474884
475982
476244
476457
476496
476577
476669
476671
476922
477204
477287
477487
477653
478320
478711
478765
478896
478951
479008
479188
479218
479474
479645
479955
479972
480125
480188
480304
480334
480595
480614
480725
480871
481326
481444
481446
481747
481769
481907
482376
482512
482749
483236
483730
484207
484442
484954
484958
485025
485574
485660
485773
486261
486693
487103
487156
487430
487987
488079
488364
488371
488394
489485
489842
489911
489915
490069
490106
490333
490418
490784
490865
490913
491097
491199
491211
491297
491391
491417
491806
491931
492915
492917
492965
492979
493450
494236
494438
494696
494775
495005
495059
495230
495281
495607
495689
495691
495845
495939
496003
496985
497093
497196
497930
497972
498094
498119
498568
499029
499115
499428
499711
499938
500588
500765
500830
500843
501302
501353
501820
502037
502132
502156
502365
502615
503023
503173
503326
503781
503880
503904
504060
504297
504392
504609
504694
505021
505535
505868
506045
506145
506189
506234
506244
506307
506893
507235
507366
507566
507922
508139
508242
508665
508731
509019
509172
509256
509584
509649
509856
509928
510012
510080
510182
511306
511318
511498
511690
511834
511891
511964
512107
512109
512177
512348
512357
512491
512524
512607
512613
512674
512867
513299
513345
513447
513511
514235
514396
514635
514652
514736
515106
515127
515804
516034
516245
516336
516387
516425
516455
516515
516538
516549
516552
516650
516801
516820
516848
516872
517283
517432
518597
518613
518702
518732
518768
518831
519043
519084
519287
519317
519322
519654
519723
519750
519832
520038
520137
520300
520327
520347
520815
520860
521265
521305
522046
522094
522195
522210
522528
522800
523018
523086
523207
523529
523605
523748
523862
523863
523967
523969
524281
524349
524408
524521
524602
524631
524646
524769
524983
525318
526089
526241
526280
527013
527490
527534
527718
527836
528136
529219
529659
529761
529860
530062
530181
530502
530851
530917
531005
531040
531066
531241
532109
532154
532281
532816
532984
533008
533669
534093
534117
534262
534526
534685
534810
534826
534868
535311
535628
535674
535710
535813
536101
536307
536927
537019
537095
537108
537259
537269
537425
537511
537557
537903
538245
538333
539028
539184
539235
539384
539399
539416
539424
539630
539746
540068
540479
540507
540735
540910
541313
541602
541784
541851
541990
542142
542195
542336
542720
542737
542923
542944
542994
543105
543280
543927
544094
544157
544894
544908
545509
545795
545888
546027
546030
547532
547603
547992
548411
548741
548802
548821
548933
549108
549319
549431
549665
550291
550496
550543
551060
552003
552059
552821
553115
553153
553233
553467
553472
553659
553999
554295
554539
554731
554732
554753
554905
555454
555508
555802
555863
556298
556944
557006
557038
557618
557760
557914
558307
558414
558525
558906
559084
559089
559413
559586
559643
560049
560111
560146
560734
560755
560842
560858
560986
561050
561202
561303
561872
562430
562456
562529
562586
562911
563036
563096
563229
563486
563613
563656
563883
563951
564194
564200
565122
565134
565263
565296
565368
565497
565638
565726
566017
566213
566284
566347
566436
566558
566563
566686
567130
567175
567228
567417
567773
568272
568372
568384
568400
568521
568611
569429
569433
569460
569558
569573
569968
570235
570435
570500
570516
570574
570576
570610
570869
571107
571273
571374
571445
571620
571746
571837
571855
572563
572660
572709
573328
573422
573623
574129
574338
574590
574721
575093
575257
575413
575600
576014
576328
576448
576643
576708
577160
577530
577584
578020
578195
578210
578351
578508
578607
578964
579017
579069
579554
579871
579902
580013
580249
580284
580472
580861
580892
580936
581452
581674
581907
581909
583255
583274
583596
584309
584442
584842
584889
584950
585199
585229
585251
585362
585702
586219
586331
586605
586713
586913
586954
587168
587282
587364
587607
587873
588305
588366
588482
588563
588652
589143
589233
589379
590190
590190
590466
590837
591574
591644
591859
592005
592077
592115
592639
592672
592978
593030
593063
593232
593272
593356
593382
593445
593906
593960
594112
594121
594262
594395
594444
594909
595036
595081
595185
595263
595508
595657
595983
596052
596093
596354
596551
596596
596667
597440
598255
598451
598717
598751
599192
599389
600298
600381
600404
600516
600519
600617
600852
600944
601326
601622
601658
601750
601787
601943
602347
602915
603142
603347
604008
604343
604429
604519
604528
604602
604881
604891
605240
605270
605272
605449
605956
606577
606627
606747
606789
606923
607294
607534
607567
607775
607970
608078
608149
608217
608370
608495
608624
608706
608714
608750
608793
609181
609198
609209
609268
609369
609388
609442
609446
609774
609895
610667
611756
611875
612048
612063
612221
612566
613196
613231
613319
614010
614058
614085
614160
614575
614615
614677
614876
615413
615743
616126
616499
616595
616601
616675
617244
617415
617613
617659
618092
618126
618492
619280
619901
620115
620143
620212
620224
620368
620927
621220
621908
622049
622155
622172
622208
622210
622328
622381
622533
622636
623044
623435
623457
623493
623699
623858
623894
624018
624300
624774
624815
625131
625182
625298
625386
625796
626027
626137
627080
627285
627538
627875
628070
628323
628422
628507
628751
628806
628947
628963
629128
629140
629229
629279
629333
629356
629553
629612
629629
629913
630068
630081
630380
630568
630793
630795
631523
631678
631903
632751
632842
632950
632960
633397
633853
633973
634008
634338
634357
634674
634723
635113
635452
635887
635989
636011
636042
636221
636356
636453
636957
636968
636978
637118
637160
637260
637892
637930
638076
638770
639137
639556
639706
639903
639925
640231
640278
640448
640884
640885
640910
641192
641196
641202
641238
641906
641934
642259
642374
642559
642573
643027
643120
643486
643761
643793
643928
644039
644358
644516
644604
644663
644738
644741
645104
645470
645694
645766
645945
646153
646191
646380
646464
646627
647379
647389
647389
647472
647845
647937
648436
648438
648477
648783
649432
649947
650006
650011
650464
650541
650541
650574
650632
650658
650722
650907
651077
651164
651224
651852
652276
652519
652540
652580
652689
652961
653142
653201
653414
653631
653706
654084
654170
654287
654335
654477
654593
654823
654876
654909
654945
655166
655508
655545
655628
655837
655907
656077
656090
656280
656330
656417
656654
656696
656804
657261
657290
657426
657450
657815
658035
658146
658224
658618
658882
658965
659002
659074
659107
659220
659333
659497
659957
660431
660456
660462
660492
660841
660842
661028
661173
661289
661893
662396
662519
662895
662905
663099
663125
663132
663514
664087
664379
664565
664677
664708
664912
665175
665194
665460
665846
665890
666119
666435
666512
666627
666652
666975
667053
667093
667215
667455
668264
668458
668700
668860
669043
669904
670001
670587
671190
671404
671629
671765
671983
672093
672749
672858
673152
673157
673237
673375
673622
673663
673910
674096
674263
674373
674491
675489
675568
676020
676066
676115
676343
676707
676981
677148
677200
677234
677474
677731
677852
677906
677947
678182
678269
678421
678475
678476
678826
679393
679705
679778
679987
680229
680484
680638
680694
680729
680828
680876
680984
681060
681375
681423
681622
681739
682381
682490
682911
682953
683125
683357
683510
683548
684065
684080
684120
684221
684400
684585
684629
684680
684947
685389
685495
685981
686339
686638
686701
686714
686799
686979
687118
687468
687676
687755
687948
688114
688303
688438
688485
688762
689146
689436
689500
689688
689736
689972
690019
690054
690066
690066
690286
690510
690534
690551
691053
691451
691530
691798
691802
691888
691911
691923
691990
692558
692733
692850
692855
694011
694304
694429
694450
694457
694751
694856
694909
695203
695400
695456
695731
695957
696084
696185
696186
696608
696713
696834
697222
697378
697609
697650
697979
698142
698285
698398
698464
699591
699892
700218
700462
700697
701123
701156
701194
702042
702100
702120
703540
704438
704566
704635
704987
705110
705348
705676
705975
706222
706345
706762
706765
706813
706818
706928
706985
707262
707442
707624
707643
707700
707871
708070
708180
708317
708363
708368
708458
708714
708734
709060
709081
709395
709546
710118
710373
710445
710776
710928
711112
711245
711669
711766
711920
712308
712530
712611
712748
713017
713029
713131
713202
713294
713312
713460
713685
713687
714069
714209
714313
714408
714462
714559
714894
714937
714965
715385
715501
715558
715628
715944
716096
716180
716409
716606
716731
716997
717226
717296
717413
717495
717605
717729
717792
717895
718184
718346
718432
718526
718708
719110
719256
719968
720129
720355
720621
720753
720991
721247
721418
721436
721820
722397
722924
722945
723730
723742
724038
724335
724726
724919
725612
725656
725825
725864
726045
726253
726411
726514
726852
726910
727211
727376
727568
727606
728095
728479
728515
728616
728704
728802
729005
729102
729421
729422
729438
729720
730031
730153
730488
730489
730588
730650
730691
730986
731287
731755
731833
732074
732186
732367
732777
732914
733050
733094
733113
733505
734018
734194
734363
734513
734631
734687
735196
735204
735213
735817
735826
735873
735958
736197
736432
736563
736735
737098
737482
737556
737800
738498
738555
738843
738873
739385
739565
739650
739904
739946
740003
740333
740387
740540
740639
740772
741178
741230
741246
741286
741287
741637
741742
741767
742018
742529
742810
742886
743271
743379
743783
743799
744894
745403
745591
745600
745863
745921
745957
746038
746241
746355
746689
746733
746818
746955
747073
747102
747257
747301
747393
747429
747444
747520
747549
748071
748079
748248
748872
748961
749028
749373
749530
749545
749729
749905
750094
750127
750214
750223
750357
750436
750487
750627
751374
751561
752114
752246
752376
752450
753084
753182
753562
753635
753807
753893
754191
754215
754612
754660
754669
754799
754832
755356
755381
755596
755654
755715
755849
756131
756293
756608
756709
757179
757247
757261
757280
757726
757948
757952
758188
758650
758681
759091
759258
759379
759413
759476
759617
759667
760064
760190
760325
760950
761133
761249
761486
761491
761601
761984
762218
762255
762659
762759
762805
762941
763021
763169
763389
763700
763819
764070
764556
764838
764857
764906
765650
765726
766049
766840
766907
767369
767778
768470
768552
769217
769708
769776
770005
770012
770073
770109
770443
770527
770745
770835
770917
771065
771396
771438
771748
772399
772532
772626
772653
772710
773347
773619
773687
773756
774109
774141
774393
774415
774811
774922
774971
775514
775614
775809
775900
775952
775987
776089
776141
776404
776741
776805
777219
777311
778052
778097
778238
778314
778483
778626
778806
778829
779310
779566
779952
780342
780637
780647
782245
782501
782552
782839
782945
783033
783258
783289
783425
783426
783639
783657
783757
783951
784237
784550
784585
784665
784697
784706
784718
784751
785068
785377
785391
785742
785753
786109
786189
786521
786540
786676
786790
786804
787246
787394
787705
787749
787925
787932
788028
788105
788280
788303
788752
788976
789080
789266
789430
790020
790111
790221
790291
790391
790632
790722
790864
791067
791236
791604
791655
791708
792025
792055
792074
792204
792257
792800
792875
792894
793043
793199
793329
793495
793547
793701
793795
794015
794085
794238
794328
794407
795004
795101
795196
795739
795812
795820
796029
796148
796250
796309
796473
797019
797020
797270
797565
797633
797742
797896
798571
798605
798786
798943
799323
799459
799531
799684
799741
799756
799813
800834
801304
801539
801562
801935
802030
802165
802168
802315
802450
802592
803050
803149
803250
803519
803592
803965
804047
804182
804403
804593
805331
805471
805513
805721
805792
805913
806080
806799
807061
807401
807414
807500
807656
808021
808054
808162
808410
808828
809064
810109
810179
810202
810276
810397
810449
810527
810721
810840
810917
810979
811161
811282
811714
811816
812599
812860
813008
813171
813381
813646
813825
814175
814206
814245
815018
815060
815104
815118
815295
815428
815429
815800
816015
816152
816239
816417
816486
816562
817011
817155
817178
817260
817515
818122
818387
818639
819360
819627
819962
820055
820403
820541
820788
821356
821448
821598
821879
822136
822262
822371
822497
822682
822753
823310
823341
823591
823683
824150
824256
824387
824488
824932
824978
825018
825112
825682
825864
825919
826884
826936
827085
827359
827795
827891
828502
828597
828674
829050
829257
829445
829681
829805
829817
829859
831205
831362
831618
831654
831672
831761
831788
832009
832070
832200
832285
832299
832579
832834
833029
833111
833460
833756
833804
833839
834517
834602
835466
835738
835921
835952
835981
836385
836591
836740
837296
837379
837456
837648
838077
838085
838126
838785
838809
838936
838943
838962
839128
839272
839275
840214
840350
840769
840788
840886
840952
841368
841458
841539
841727
842176
842192
842668
842711
842747
842982
843161
844135
844365
844631
844699
845078
845304
845408
845423
845450
845511
845644
845825
845844
846197
846401
846591
846607
846661
846940
847065
847168
847815
848672
848957
849169
849760
849963
849987
850019
850177
850466
850476
850681
850866
851133
851225
851300
851465
851503
851609
851715
851781
851815
852539
852562
852722
852869
853126
854102
854136
854398
854600
854651
854666
854972
855202
855341
855619
855686
855882
856153
856178
856254
856402
856466
856960
857066
857192
857225
857240
857316
857457
857468
857943
858125
858464
858474
858523
858935
859218
859770
859797
859928
859962
860476
860720
860822
861296
861344
861863
861958
862074
862097
862113
862180
862551
862570
862693
862853
863066
863683
863937
864393
864426
864729
864757
864856
864949
865042
865403
865631
865816
865975
866013
866416
866448
866615
867041
867215
867261
867293
867497
867782
867803
867870
867905
867997
868051
868339
868578
869039
869220
869306
869352
869382
869484
869525
869752
870266
870281
870628
870642
871160
871796
871828
872337
872499
872513
872517
873379
873444
873719
873846
873970
874087
874192
874308
874512
874950
875027
875102
875425
875538
875538
875568
875886
875927
876016
876236
876440
876620
876814
876850
876885
877079
877283
877407
877511
877905
878153
878700
879129
879224
879589
879780
879870
879889
880189
880264
880266
880298
880329
880440
880571
880698
881063
882230
882411
882579
882857
883647
883667
883798
883876
884188
884602
884636
884684
884953
885114
885243
885291
885647
885696
885768
885907
886424
886466
886673
886998
887829
887927
888075
888214
888229
888659
888804
889221
889264
890389
890426
890959
891241
891587
891819
891965
892555
892567
892645
892718
892862
892950
893024
893050
893102
893258
893334
893520
894436
894579
894674
894822
895036
895341
895402
895835
895891
896066
896390
896638
897260
897420
897588
897616
898185
898222
898520
898703
898759
899015
899156
899325
899507
899509
900115
900166
900271
900546
900987
901087
901358
901935
901967
902000
902100
902105
902241
902281
902597
902667
902674
903236
903304
903310
903415
903419
903432
903556
903628
903785
904178
904297
904321
904822
905018
905094
905372
905881
905894
905953
906104
906229
906419
906481
906758
907403
907462
907666
907702
907781
908063
908332
908490
908692
908842
908958
908993
909163
909185
909371
909538
909682
910536
910566
910689
910750
910945
911263
911427
911957
912131
912510
912664
912992
914329
914801
914834
914928
915025
915033
915099
915277
915344
915425
915547
915556
915674
915768
915844
916121
916547
916683
917306
917383
917805
917886
918037
918270
918347
918388
918592
918670
918799
919312
920052
920502
921290
921441
921524
921888
922305
922353
922468
922830
922907
923302
923525
924147
924379
924709
925184
925250
925350
925903
926035
926195
926320
926682
926791
926861
926909
927191
927443
927704
927742
928115
928520
928554
928652
928767
928770
929025
929069
929146
929574
929596
929860
929885
929920
930047
930320
930325
931518
931631
931696
931833
931953
932027
932129
932774
932812
932830
933121
933558
933871
934086
934451
934678
934700
934709
935118
935578
935715
935825
935891
936074
936144
936370
936442
937015
937044
937241
937553
937745
938043
938284
938293
938354
938738
939465
939723
939823
939837
939879
940124
940216
940475
941009
941106
941298
941335
941419
941595
941825
942346
942351
942370
942697
942727
943814
943854
943922
944035
944748
945055
945084
945204
945332
945593
945723
945803
946238
946285
946548
946883
947030
947655
947782
947962
948033
948085
948274
948357
948499
948758
948990
949094
949151
949708
949718
949756
949793
949863
950177
950331
950394
950412
950697
950922
951061
951646
951923
952208
952697
953059
953336
953461
953917
954190
954214
954538
955168
955183
955197
955477
955515
955767
955995
956283
956685
956729
957035
957167
957328
957369
957531
957535
957829
957946
958181
958460
958658
958975
959126
959417
959625
959637
959873
959877
960336
960608
961082
961284
961346
961562
961652
961689
961842
962235
962515
962563
962773
963022
963042
963485
963923
964137
964487
964709
965474
965527
965585
965604
965614
965708
966135
966754
966888
967395
967464
967485
967939
967974
968346
968958
969031
969195
969280
969365
969495
969584
969906
970412
970458
970480
971174
971209
971359
971498
971525
972221
972278
972429
972466
973148
973301
973349
973487
974040
974066
974608
974661
974844
974892
975044
975126
975222
975458
975805
976078
976940
976944
977078
977296
978115
978481
979261
980138
980254
980411
980786
980869
980914
980995
981161
981523
981632
981644
981696
981996
982033
982196
982232
982380
982544
982584
983012
983355
983544
983566
983569
983891
984459
984853
984892
984916
985080
985125
985206
985520
985844
986150
986176
986257
986383
986384
986422
986616
986694
986951
987506
988332
988437
988511
988780
988895
988899
989039
989346
989614
989716
989743
989783
990444
990530
990734
991097
991205
991517
991679
991997
992173
992444
992527
992578
992728
992918
993445
993900
993970
994053
994326
994473
994688
995202
995597
995859
996270
996304
996477
996798
996847
996964
997146
997275
997387
997592
998028
998317
998343
998848
999097
999165
999562
999988
