1000
361
1187
5636
6087
7321
8636
9126
10398
10750
12012
12857
12978
13155
13606
15305
15875
18145
18683
20062
20189
20381
21910
25375
26074
28078
28178
28268
28511
29504
29738
31837
34715
34837
34904
36698
36712
39407
41029
41805
42716
46136
46605
47846
48232
48443
50343
51383
51551
51914
52752
52942
52956
55112
57177
57195
57548
58619
59929
60969
64904
64934
65638
66716
67496
69292
70257
71024
71804
72339
76814
77376
77447
78051
78708
78782
79149
82145
83853
85859
87795
89078
89661
91357
91564
92628
92691
97803
98455
98834
99381
99543
102349
102560
102761
102894
104164
104199
104398
106406
106753
112489
113099
117339
117747
119144
119162
119363
120481
120823
123120
123489
123641
123725
124733
124888
125469
126474
127083
130822
131078
131694
131711
132975
133743
133753
134435
135555
137562
137695
138043
138356
139965
140240
141951
146276
150332
151095
152488
153272
153412
153561
154330
155506
155857
156637
157285
157646
157893
158092
158247
159528
159956
160241
163090
164038
166680
167737
168791
169128
169778
172040
172061
172550
173421
173701
179062
180385
181676
182782
182837
183298
183624
184319
184662
185117
186293
187382
187385
187755
188715
189613
190039
190231
190563
191999
192872
192982
193232
195717
196647
196897
196977
196986
200686
201415
202532
202637
203030
204106
204283
205055
208018
208044
209597
210611
211127
212353
212654
214134
214645
214842
215497
215781
216135
216773
218976
219264
219920
219944
222890
224230
224714
225663
226326
228167
229099
229255
229612
229965
230216
230561
231392
232346
234755
236470
237113
237412
237750
238366
238730
238835
239934
241669
241716
242057
242132
243996
244467
244950
247208
248669
250180
251177
252983
254093
254669
256914
258287
259070
260345
260724
261428
261746
262217
262297
262319
264891
265139
267832
268200
271996
272942
274221
275489
275646
276380
276787
276906
278419
279191
279882
280908
282671
284128
285120
286180
286395
288751
289082
290625
291035
292523
292733
294813
296018
297399
299238
300705
300822
301315
302084
302130
303628
304206
304829
306916
310819
310956
311907
312040
312368
312531
313790
314342
317599
320897
322957
323307
323794
324217
324504
325283
325710
326323
326915
327018
327541
327937
328046
328395
330360
330365
330681
332427
333523
333588
333733
335143
340080
341564
341968
341999
342023
343653
344472
345140
345990
346078
349098
349296
349896
350540
351376
353985
354125
355372
355707
355877
356742
357369
360570
363082
364451
365742
365921
366716
368602
368793
370174
374644
376039
376548
377262
378600
380908
381828
382286
383122
383547
384986
386407
386480
389538
389761
390886
393771
394845
395659
397223
397994
398009
399105
399381
399772
403918
403931
405194
405369
405610
407253
409121
409136
410104
411253
412892
413182
414016
414323
414401
414756
415209
416316
416516
416748
416790
417586
418178
420800
423078
425005
425769
426442
426700
426811
427221
431113
433004
433512
434242
434298
434430
434493
434591
435243
437688
437780
440104
440690
441321
441525
443140
444734
444919
445869
446691
447398
449010
450072
452818
453166
453450
453468
454797
457542
458046
458155
458299
460208
461481
461565
462817
464189
464548
464777
465183
466715
469031
469158
470183
471155
477508
478261
479160
479392
479797
480789
481226
482563
482681
482700
482831
483713
484210
484322
485181
485471
487259
488168
488518
490458
492364
492955
494150
494265
494536
495463
495624
496200
496427
497539
499171
499548
499958
500002
501908
503367
504021
504024
504951
505972
507091
510821
510958
512512
514699
518533
519678
519757
520659
520732
520940
521751
523840
524084
527340
528013
528382
528832
531367
531538
531792
531975
532909
535293
536182
537756
538622
540029
541221
541246
542231
542561
545120
547001
547249
548921
549282
551887
553491
554232
554852
554989
557626
559007
559603
560375
560722
560803
561687
563719
565790
568908
569272
569545
570650
571290
571379
573529
575701
576443
578076
579896
581083
582091
584735
585600
586198
586888
586911
588245
588280
588371
589158
590297
591256
592828
592940
593274
595591
596285
596552
596960
598333
598435
599625
600153
602428
605433
605969
606148
606456
607312
608311
608540
608874
608964
610092
612738
613059
613156
613512
613785
615475
615513
616469
616889
617303
618776
619339
619675
621404
622388
622473
624156
625516
625575
626646
626908
626983
627027
627881
628161
629210
630346
632838
633466
634155
635226
635239
635938
636289
638406
638582
638976
639567
640698
641255
643915
644545
644678
648775
649197
650587
652143
652294
653763
655350
656915
657029
657434
657451
657902
658445
659004
659026
660296
660354
660483
661378
662197
664720
668281
668407
669093
671297
671594
671906
672071
675509
675572
676528
677190
678077
681118
683338
683912
684011
684379
685706
686147
686259
686839
688954
689780
689813
690014
691661
692662
693291
695306
695967
696523
697200
698738
699454
702139
702912
703787
705266
705543
706644
707402
708819
709706
710269
710571
711383
712763
713050
714261
714324
717215
718612
718639
720784
720844
721125
721566
721866
721953
722090
722650
722720
725936
727276
730530
731125
733281
734861
735892
736265
738670
740196
744395
744706
744974
744977
747000
748101
748809
750456
750712
751167
751938
753144
753371
754974
757114
758607
759241
759322
760813
761164
762452
762775
764298
765046
767671
769596
770895
775392
776291
777870
778769
778941
779451
780881
781251
781794
781923
783591
784319
785601
786124
786762
786975
787064
789556
790135
791424
792981
793141
793280
794654
795488
796920
796931
797467
798705
798839
801392
801499
802659
804712
805778
805885
809004
809355
809369
810898
811483
811521
812776
814727
814937
815057
817130
817472
818661
819977
820355
821118
821139
826059
826228
827774
827954
828247
828514
830601
830737
830893
831570
832200
832270
835186
837063
837083
838762
838857
840093
842287
842554
844141
844360
846309
846356
846655
848678
850449
850588
852459
853130
853371
854720
855853
860125
860474
862207
863150
865607
865847
866516
866912
867828
868220
868462
870183
870489
871560
871864
872085
872128
872695
872741
873155
873167
874424
874673
876828
877505
878408
879526
880727
880841
882368
882389
882476
882817
883176
884981
887689
888757
889744
890117
890335
890337
891058
892890
893753
894753
896247
898520
902126
903500
904513
904842
905670
905819
905866
906270
907065
907127
908602
908642
909462
909948
910125
910184
910810
914114
914866
916411
916917
917556
918465
919358
920537
921203
921457
922055
923249
924707
924899
930025
930733
931071
933883
934349
936016
936628
938818
939034
939858
940713
941890
941946
942115
942487
943614
946712
946914
946980
948129
951489
953427
957316
957799
959099
960381
962345
963464
964543
965095
966948
968507
968873
968887
970916
974852
976107
977366
977407
977894
978220
978857
979258
980744
981664
982504
982949
983814
986093
987152
987531
987935
988000
989025
989648
991369
991843
994433
994471
995263
995380
996799
998102
998906
999601
999865
