100
895
24273
30610
32572
38523
49824
56011
57925
62046
77963
79463
89063
97977
110519
136946
140476
142768
147114
155908
156771
162014
162716
174164
182335
188581
192723
214169
229948
240213
250343
260893
269894
272383
290735
299264
314629
329772
336457
341843
373179
395469
396080
401422
415402
465552
469235
483166
490924
494987
497286
510124
514286
520298
536858
543750
554510
556135
559401
565951
566406
586341
590371
596420
619264
620710
622982
625682
633635
640177
663109
690265
692970
721790
728196
737534
772033
782911
792755
794231
811997
833767
852928
865259
866274
871006
891220
898640
899597
907920
910573
914426
932593
939153
940028
951983
963352
977963
984699
988246
991514
