1000
81
1726
1732
2217
5124
7719
8441
8610
10189
10357
12333
13985
14499
16610
17137
18546
19501
20750
22219
22720
23601
24703
25152
28124
28237
29917
31837
33038
33523
36482
36873
37410
38082
39640
40058
41288
41607
43684
43937
44025
44799
44974
45237
45699
46758
47099
47256
47982
49443
50703
51086
51858
53162
54287
54519
55389
55532
56819
56834
57903
59553
59867
61484
62514
64462
65753
70108
70170
70981
71942
72889
73694
74412
74782
77729
80498
81638
81866
82539
82944
83582
85579
86407
86504
86857
87213
88126
89633
90900
91775
92581
93708
94892
95144
95211
96770
97062
97121
97880
99014
99079
100025
101514
103844
105456
106067
106488
107078
110852
110977
113015
114300
114574
114886
115500
117734
117846
118673
120078
122852
123115
123251
123377
123424
123718
125509
127081
128345
128587
129032
129774
130919
131225
131825
132913
134311
135522
138652
139611
140108
140608
142072
142143
144580
145233
146473
148680
149801
150619
150695
151504
152642
157574
159777
160157
160294
161296
163527
163883
164660
166412
167494
168554
168711
169861
170109
170445
171575
172718
172856
174049
175863
176711
177445
177550
179958
180646
181455
183575
184511
184978
185760
186388
186446
187113
191465
191607
192756
194671
195728
196057
196526
197749
198229
200692
202128
203650
204000
204970
205919
205970
206906
207918
207980
208262
209483
211527
213093
216540
218808
220714
222764
223943
225341
226497
228890
230387
230959
233254
234075
237852
238354
240419
241795
241956
242370
244220
245860
247196
248402
250364
251764
252861
255008
255171
256614
257010
258419
259205
259366
259746
259776
260078
260885
261196
261246
262494
263094
263434
263592
265504
265911
266190
267157
267337
267834
268292
268496
269501
269771
271074
271371
271808
272596
272800
272926
274249
275967
276710
278066
278474
280602
281228
281385
281920
283075
285278
288088
289808
289953
291198
291453
292179
292623
295531
296222
297283
298096
299080
300126
300179
301861
302212
304921
306319
307318
308578
308983
309481
310161
310252
314385
314659
317584
318555
319177
319408
322486
324715
327075
327780
330176
330774
331243
332298
334450
336075
336383
336791
337495
337870
339512
340233
340641
341925
342169
342200
342958
343494
343610
343798
344389
344509
345359
345803
345948
346093
348020
349971
350508
350949
350958
351361
351484
351666
351829
353990
353991
356863
358640
368554
369509
369608
373903
374636
374929
375918
376986
378051
378239
379345
380330
382102
382520
383034
383669
383829
384069
384702
385018
385194
386289
388349
390923
391964
394036
394898
395197
395407
395690
395762
397857
397940
398387
398758
399908
400343
400986
401827
402036
402056
402693
403396
403764
404312
406487
407510
407929
407996
408220
408651
408749
408878
409749
410089
410504
412071
414536
415012
417810
419321
421737
421768
423221
424083
427048
427191
427919
428394
428589
431807
433490
434174
434883
435647
436335
439498
440035
443277
443610
444487
444912
445677
447409
447464
447540
447930
448653
449895
451343
453680
453805
454204
454427
457111
458790
459208
462553
463251
464165
464685
465185
466867
468663
469693
469809
469894
470039
471051
471120
472450
473137
473875
474856
475003
475470
475671
477783
478886
480094
480113
480301
481360
482885
483718
483959
485985
486528
486593
486808
486936
488090
488429
490139
493551
493927
494893
495296
498269
498682
498957
498996
499727
500041
500345
500601
502519
502832
502953
502959
503067
505414
507473
509675
510063
510771
510966
511753
511856
511983
512031
512492
513153
513605
513974
514750
514769
515430
516327
518669
518855
519013
519044
520177
522111
523613
523971
524339
529220
530748
531436
531911
534309
538075
539501
540674
542363
543024
544704
545012
545412
547039
548419
551749
551797
552572
552621
553677
554398
557642
557883
558407
561218
564467
565256
565460
565557
567933
571071
575105
575607
576358
579620
580817
580830
582558
583187
583584
586073
587334
587531
587710
587964
588312
589272
589369
590505
590567
595428
595912
596391
596409
598926
599078
599094
600023
600721
601128
602013
602184
602238
604189
605511
607442
607960
608281
608401
610109
612082
612988
613772
614656
616053
616648
616814
616870
618176
618478
621075
621256
621334
623818
624729
625002
627894
628554
630345
630846
632062
632481
633780
634879
635092
635612
635632
635891
636273
637083
637610
639640
639677
639710
640419
642317
642322
642374
642527
642587
646486
649851
650420
652396
653939
654891
655472
655893
659583
660202
660311
660654
661176
662991
665832
666125
666829
667927
668442
668501
669133
669627
670125
671412
672712
672810
673851
674257
676445
677580
678466
680585
680631
681153
681680
681940
681990
683241
683309
684083
684724
687459
688135
690674
690807
691110
692707
694184
694562
696339
703747
704111
705111
705709
705847
706406
708541
709010
710167
710300
712924
712976
714525
714880
715773
715806
716536
717975
718382
718963
719341
720774
721887
722377
722951
722985
723095
725103
727425
728591
728612
729093
729547
730462
730503
730557
731486
731570
732813
734833
734885
735077
736118
736325
736648
739377
741381
741764
743270
746884
747322
749581
749903
750649
751295
752358
752701
752763
752842
753223
753717
753942
755855
756368
758460
758464
758694
759651
761036
761934
762761
763713
763796
764859
765092
765199
765391
766032
766356
767332
769811
770866
772652
773353
775264
775682
775764
777947
778294
778299
779466
779879
780152
781686
781945
782650
783818
783899
784816
785317
788152
788544
788699
788914
789166
789247
790609
792454
793536
794643
794973
795521
795540
795756
799726
800064
801642
802306
804659
805294
807440
807492
809727
810915
811011
811916
812157
812165
812468
813683
813927
814148
814593
818336
819739
820306
821263
821478
822079
826302
827050
829243
830502
832313
833588
835857
836210
836247
838396
839234
839357
840505
840841
844075
847495
847613
848610
849387
850778
851848
852525
853104
853764
856163
857052
859247
859995
860531
861604
862207
863376
864275
864458
866119
866765
866848
867098
867132
867403
867575
868704
872452
872802
872952
874031
875331
876660
877964
879396
879709
880350
880647
880685
881480
881488
882511
884277
886060
886859
886905
887424
887682
887703
888852
889945
890083
890473
891407
892183
894762
894801
896369
897792
898801
899955
900300
903260
903584
905580
906000
906547
907018
907278
908550
909982
910784
912019
912726
913814
914645
914716
914820
916133
918759
920716
922330
922688
923306
924262
924941
925298
925748
926260
927230
929915
933590
934004
934032
934103
935302
935353
935453
936258
936762
936787
936810
937567
937708
938094
938233
939349
939778
941776
942297
942358
942869
943217
943279
943521
944222
946698
947067
947271
948421
949160
950656
950874
951041
952190
954543
956368
956726
957559
958147
958343
959736
960510
960949
962975
964239
965088
966297
966327
967002
967790
968091
969756
970172
971935
972271
973353
974107
975489
979473
981281
981307
989847
993463
996628
996860
998241
998711
