10000
0
46
89
245
549
584
691
756
804
833
973
1008
1064
1094
1311
1581
1817
1825
1922
2012
2243
2280
2311
2367
2370
2376
2450
2553
2587
2757
2779
3153
3230
3277
3456
3470
3507
3555
3571
3778
3788
3795
3838
3854
3931
4033
4133
4189
4206
4221
4326
4330
4376
4626
4694
4822
4883
5005
5037
5051
5075
5094
5160
5205
5300
5367
5391
5472
5576
5776
5787
5896
6017
6084
6201
6277
6350
6388
6588
6617
6633
6719
6720
6737
6803
6875
6944
7039
7109
7392
7490
7555
7562
7601
7618
7621
7657
7658
7908
7992
8220
8371
8452
8459
8593
8742
8932
9076
9093
9213
9285
9368
9407
9409
9553
9597
9707
9835
9853
9940
9991
9995
10032
10072
10185
10244
10324
10400
10424
10465
10492
10492
10496
10763
11034
11072
11199
11208
11363
11402
11484
11498
11937
11948
11990
12028
12306
12312
12387
12518
12534
12574
12695
12734
12936
12938
13176
13189
13224
13262
13278
13527
13699
13781
13893
13893
13963
14045
14064
14175
14219
14268
14273
14394
14401
14488
14630
14697
14705
14902
15010
15057
15089
15152
15534
15611
15632
15680
15934
16003
16003
16052
16107
16144
16227
16233
16389
16419
16689
17008
17197
17500
17508
18095
18114
18117
18126
18303
18465
19029
19091
19128
19165
19297
19303
19395
19439
19439
20195
20506
20558
20662
20826
20895
20911
21228
21387
21403
21525
21809
21988
22000
22147
22374
22412
22540
22608
22631
22931
23029
23093
23397
23728
23870
23907
23917
23930
24022
24122
24131
24165
24451
24574
24579
24841
24961
25092
25117
25290
25313
25467
25720
25834
25890
25932
26266
26281
26462
26586
26594
26598
26672
26714
26747
26776
27048
27331
27658
27679
27683
27926
27929
27992
28273
28286
28337
28428
28480
28583
28622
28888
29047
29097
29617
29696
29957
30058
30065
30565
30636
30698
30912
31040
31205
31279
31381
31391
31417
31510
31586
31604
31699
31959
32072
32213
32278
32528
32536
32602
32774
32889
33023
33034
33094
33170
33251
33475
33493
33574
33635
33648
33830
33848
33856
33922
33972
34080
34114
34237
34282
34552
34589
34667
35120
35442
35822
35846
35978
36213
36253
36286
36331
36405
36675
36878
37001
37391
37408
37439
37471
37675
37716
37817
37821
37823
37854
37867
37894
37895
37968
37993
38003
38070
38204
38332
38409
38556
38660
38772
38828
38829
38850
39118
39166
39343
39357
39395
39398
39434
39797
40030
40267
40268
40410
40411
40658
40933
41200
41209
41254
41336
41458
41672
41705
41743
41861
41978
42299
42441
42530
42590
42735
42753
42911
42917
42920
43116
43263
43320
43588
43784
43788
43806
43903
44039
44208
44228
44411
44569
44582
44590
44631
44928
44973
45018
45109
45206
45238
45347
45545
45576
45632
45900
45930
46216
46297
46328
46350
46371
46426
46760
46827
46842
46905
46993
47099
47455
47515
47792
47956
48008
48014
48037
48053
48068
48143
48156
48486
48587
48754
48863
48987
49001
49268
49389
49556
49739
49827
49889
49911
49918
50035
50074
50160
50375
50398
50551
50790
50904
51099
51227
51280
51308
51312
51670
51732
51764
51890
52002
52216
52236
52391
52596
52686
52833
52983
53006
53036
53159
53547
53663
53940
54014
54068
54087
54126
54152
54476
54553
54578
54706
54796
54868
54925
55051
55074
55183
55389
55418
55529
55543
55547
55603
55699
55792
55928
55938
55960
56011
56109
56305
56543
56764
56855
57015
57066
57201
57273
57809
57960
58217
58302
58426
58463
58497
58667
58689
58763
58863
58967
59086
59150
59164
59168
59211
59306
59388
59407
59453
59557
59714
59765
59831
60016
60040
60120
60335
60405
60471
60586
60591
60633
60659
60825
60962
61084
61089
61096
61182
61377
61384
61427
61433
61442
61448
61497
61691
61865
62030
62225
62255
62269
62292
62296
62494
62523
62550
62799
62827
62839
62859
62866
62876
62878
62881
62932
62966
62997
63227
63336
63544
63568
63652
63658
63979
64049
64055
64088
64368
64399
64497
64707
64824
64835
64864
64909
64928
64957
65179
65205
65392
65471
65577
65652
65716
65769
65948
66066
66155
66289
66486
66534
66551
66753
66891
66906
67037
67076
67082
67117
67124
67142
67366
67667
67771
67905
68584
69217
69234
69305
69438
69486
69530
69581
69691
69744
69933
69984
70016
70109
70159
70175
70184
70236
70357
70396
70534
70696
70807
70824
70862
70930
70935
71036
71306
71317
71382
71540
71777
71789
71846
71966
72039
72062
72130
72163
72336
72492
72749
72924
72976
73033
73086
73145
73250
73279
73415
73637
73661
73733
73736
73853
74006
74347
74565
74723
74857
74929
74949
75016
75322
75329
75354
75437
75593
75649
75701
75770
75787
75844
75910
75945
76050
76072
76129
76137
76422
76561
76604
76615
76763
77313
77618
77738
77787
77830
77872
78073
78340
78341
78529
78585
78846
78854
78875
78977
79020
79062
79293
79401
79404
79590
79648
79925
80007
80051
80169
80251
80268
80314
80323
80341
80376
80430
80589
80744
80845
80990
81208
81235
81424
81440
81460
81509
81919
82001
82037
82088
82410
82762
82801
82884
82915
82931
83087
83249
83540
83631
83675
83791
84177
84191
84301
84319
84370
84428
84492
84554
84562
84623
84921
84930
85032
85492
85865
86090
86338
86343
86488
86551
86567
86849
86860
86904
86963
86976
87001
87192
87262
87285
87298
87521
87662
87728
87892
87935
88046
88081
88132
88194
88230
88274
88326
88366
88564
88638
88680
88786
89021
89067
89116
89188
89234
89286
89452
89515
89628
89652
89722
89733
89915
90016
90020
90284
90425
90464
90718
90869
90919
90950
91148
91233
91317
91480
91997
92054
92115
92116
92338
92423
92550
92553
92680
92688
92698
92836
92945
93085
93288
93294
93333
93571
93607
93620
93704
93738
93756
93975
94004
94036
94165
94288
94538
94591
94756
94800
94921
94993
95065
95095
95114
95224
95272
95393
95599
95619
95668
95675
95870
95906
96015
96389
96439
96565
96596
96602
97063
97095
97100
97192
97223
97274
97336
97397
97542
97615
97698
97708
97747
97858
97929
98052
98175
98505
98571
98604
98733
98774
99010
99184
99234
99275
99312
99379
99411
99735
99752
99753
100422
100426
100544
100582
100582
100588
100611
100649
100680
100813
101061
101230
101279
101459
101461
101561
101569
101601
101612
101623
101643
101676
101803
101927
102175
102343
102754
102762
102778
102851
102856
102906
102947
103063
103144
103662
103848
103943
104014
104066
104126
104288
104314
104320
104328
104650
104718
104785
104952
104954
105006
105014
105141
105183
105319
105441
105626
105715
105741
106232
106400
106438
106725
106762
106798
106799
107096
107494
107512
107624
107652
107756
107789
107817
107931
107943
107947
107957
107973
108039
108163
108268
108350
108433
108460
108648
108834
108861
109111
109164
109521
109540
109581
109639
109644
109953
110010
110119
110155
110168
110389
110499
110516
110576
110606
110653
110701
111069
111413
111414
111665
111868
111889
111905
111962
111997
112092
112146
112189
112298
112316
112319
112573
112789
112801
112888
112898
112961
113070
113287
113405
113537
113570
113652
113832
113874
113963
114182
114276
114678
114767
114818
114867
114949
114993
115022
115088
115358
115431
115439
115585
115667
115692
115803
115905
116054
116147
116414
116453
116488
116495
116688
116727
116845
116861
116866
116967
117180
117206
117316
117398
117475
117572
117706
117916
118044
118086
118129
118135
118198
118330
118342
118415
118569
118604
118732
119332
119403
119457
119522
120144
120256
120291
120668
120746
120782
121040
121076
121115
121394
121431
121645
121662
121665
121671
121744
121812
122443
122542
122570
122592
122610
122635
122701
122754
122805
122904
122911
122943
122969
122996
123096
123192
123254
123377
123419
123519
123524
123561
123636
123876
124136
124232
124233
124270
124508
124557
124584
124715
124729
124767
124833
124864
125149
125392
125424
125437
125520
125631
125717
125969
125995
126168
126230
126403
126657
126705
126835
126858
126914
127133
127415
127464
127532
127539
127621
127642
127653
127662
127672
127741
127883
127984
128083
128084
128270
128451
128482
128507
128627
128667
128820
129079
129257
129414
129532
129593
129706
129869
130032
130107
130225
130272
130323
130335
130349
130563
130634
130784
130860
130867
130937
130959
130972
130992
131011
131245
131316
131406
131614
131826
131852
131914
131945
132324
132345
132350
132365
132424
132631
132636
133060
133111
133145
133207
133264
133393
133515
133684
133698
133745
133829
133856
133883
133913
133959
133966
134116
134361
134521
134597
134731
134755
134825
135047
135131
135178
135232
135347
135547
135593
135811
136104
136131
136152
136276
136398
136511
136673
136715
136827
136857
136919
137024
137049
137094
137300
137344
137369
137445
137503
137517
137552
137565
137591
137608
137640
137787
138037
138476
138486
138549
138622
138680
138809
139182
139344
139424
139757
139905
139954
140143
140156
140193
140305
140339
140392
140457
140520
140571
140734
140930
140989
141033
141088
141152
141324
141359
141411
141469
141598
141684
141780
142224
142284
142592
142633
142685
142736
142851
142870
142879
142966
143115
143218
143300
143446
143450
143589
143706
144059
144067
144373
144602
144863
144882
144893
144928
145046
145168
145307
145321
145369
145518
145664
145683
145697
145778
145804
145968
145978
146019
146080
146220
146242
146390
146407
146900
146986
147369
147375
147407
147420
147482
147538
147662
147869
147976
148073
148077
148098
148102
148147
148168
148371
148539
148610
148710
148855
148864
148959
149027
149150
149191
149697
149702
149907
149969
150001
150064
150175
150232
150312
150362
150403
150501
150535
150550
150572
150740
150757
150788
151068
151083
151144
151297
151392
151616
151649
151747
151908
151976
151998
152085
152334
152552
152559
152718
152759
152814
152922
152985
153148
153237
153283
153358
153431
153471
153474
153547
153717
153731
153750
154017
154051
154103
154464
154495
154530
154535
154839
154948
154982
154993
155037
155117
155368
155617
156055
156122
156235
156355
156404
156453
156553
156598
156645
156688
156839
156855
156881
156891
156987
157142
157198
157199
157222
157256
157541
157580
157580
157799
157863
157898
157991
158038
158132
158243
158468
158525
159062
159097
159138
159200
159214
159243
159419
159444
159448
159548
159609
159837
159895
159988
160038
160232
160320
160393
160442
160470
160706
160714
160760
160936
160955
160966
161073
161131
161173
161195
161368
161387
161548
161700
161787
161940
161959
162027
162256
162307
162439
162712
162822
162937
163222
163258
163348
163373
163381
163468
163478
163514
163717
163783
163828
163919
163956
163991
164257
164396
164465
164560
164663
164841
164857
164865
164885
164944
165091
165458
165581
165617
165815
165825
165834
166018
166038
166170
166196
166307
166425
166938
167050
167075
167469
167539
167579
167671
167776
167818
167838
167850
168081
168107
168146
168174
168184
168195
168219
168304
168324
168372
168844
169044
169328
169408
169592
169736
169754
169880
170233
170249
170387
170461
170482
170496
170595
170660
170712
170783
170797
170986
171011
171131
171173
171305
171343
171456
171618
171640
171657
171883
171900
172144
172297
172441
172566
173117
173180
173263
173316
173382
173511
173724
173765
174138
174314
174377
174447
174498
174778
174852
174860
174922
174924
175119
175156
175283
175353
175588
175643
175741
175804
175814
175821
175861
175907
176065
176293
176365
176594
176673
176755
176759
176942
177043
177073
177112
177121
177163
177271
177362
177545
177606
177800
178240
178394
178494
178542
178617
178617
178620
178657
178758
178885
179080
179261
179283
179409
179610
180016
180019
180118
180294
180434
180468
180622
180693
180772
180909
180911
181033
181046
181177
181178
181432
181638
181700
181889
181904
182072
182284
182531
182641
182684
182698
182968
182982
182988
183003
183043
183080
183093
183137
183189
183507
183510
183526
183677
184004
184022
184034
184164
184256
184272
184288
184299
184488
184597
184642
184809
184889
184889
184948
184955
185132
185148
185271
185433
185709
185818
186092
186136
186575
186602
186864
186947
187190
187321
187441
187867
188138
188182
188214
188371
188421
188452
188598
188670
188700
188725
188725
188941
189099
189175
189277
189282
189358
189387
189510
189521
189588
189722
189865
190044
190080
190133
190207
190411
190437
190525
190552
190562
190838
190863
190898
190915
190956
190983
191274
191282
191287
191308
191377
191452
191559
191589
191721
191757
191939
191946
192035
192153
192173
192196
192225
192248
192366
192369
192472
192692
192716
192730
192931
193067
193199
193246
193342
193382
193439
193629
193720
193729
193799
193803
193832
194053
194438
194886
195016
195129
195206
195213
195438
195709
196058
196180
196232
196260
196291
196334
196593
196673
196776
196873
197153
197180
197356
197403
197408
197558
197778
197782
197859
197935
198078
198081
198384
198497
198583
198643
198820
198870
198874
198902
199031
199217
199232
199245
199410
199722
199858
199901
200170
200194
200329
200413
200762
200830
200886
201061
201209
201222
201240
201288
201379
201460
201588
201627
201772
201834
201923
202053
202125
202522
202760
202848
202862
203140
203193
203521
203739
203775
203838
203949
204220
204532
204540
204634
204688
204716
204728
204731
204915
204963
205112
205147
205243
205360
205626
205656
205715
205845
205854
205865
205985
206080
206165
206218
206395
206494
206510
206563
206577
206676
206686
206748
206919
207253
207306
207497
207577
207577
207785
207841
207902
208047
208137
208152
208282
208319
208339
208485
208490
208627
208629
208803
208855
208974
209133
209503
209585
209824
209872
209907
210310
210496
210502
210875
210886
210949
211172
211219
211266
211347
211353
211384
211428
211683
211796
211830
211876
211888
211895
211902
212009
212082
212157
212234
212245
212314
212367
212481
212531
212722
212856
213039
213048
213130
213151
213171
213306
213470
213524
213554
213635
213639
213846
213956
214033
214052
214119
214195
214363
214531
214564
214813
214915
215058
215419
215444
215566
215668
215677
215688
215740
215793
215832
216324
216502
216685
216848
217036
217189
217198
217216
217232
217320
217511
217566
217606
217875
217949
217961
217989
218091
218236
218255
218420
218736
218816
218838
219085
219235
219236
219281
219365
219406
219593
219625
219630
219782
219804
219821
219867
220088
220117
220242
220517
220602
220660
220720
220816
220873
220925
220961
221173
221230
221273
221399
221514
221544
221575
221638
221646
221750
221881
221915
221952
222151
222182
222275
222349
222364
222367
222436
222449
222464
222557
222649
222739
222744
222824
222957
223048
223215
223240
223400
223548
223669
223676
223678
223817
223976
224271
224273
224343
224618
224676
224682
224726
224775
224801
224830
224847
224862
225042
225066
225106
225179
225278
225395
225474
225485
225685
225693
225701
225726
225774
225784
226108
226168
226181
226205
226378
226512
226645
226667
226767
226843
226876
226943
227039
227129
227164
227303
227319
227343
227448
227829
227830
227851
228080
228193
228212
228262
228316
228352
228381
228413
228478
228702
228934
228942
229026
229162
229172
229255
229270
229274
229292
229303
229322
229466
229519
229536
229568
229582
229866
230030
230118
230131
230193
230229
230241
230244
230342
230482
230489
230810
230864
230977
231094
231172
231195
231366
231449
231512
231534
231658
231828
232188
232205
232252
232414
232434
232468
232486
232895
232907
233048
233087
233097
233265
233280
233394
233410
233826
233844
233975
234361
234388
234436
234619
234929
234938
235102
235154
235236
235288
235292
235357
235368
235460
235504
235513
235515
235550
235594
235608
235658
235720
235837
235852
235905
236100
236104
236105
236272
236388
236484
236507
236510
236554
236624
236626
236693
236708
236796
236815
236896
236923
237254
237611
237709
237783
237923
238041
238122
238335
238888
238888
239113
239156
239221
239617
239618
239775
239787
239885
239953
239964
240048
240113
240122
240123
240199
240363
240400
240416
240447
240465
240547
240584
240598
240705
240928
240931
241013
241249
241389
241436
241571
241581
241700
241768
241932
241955
242032
242081
242261
242442
242482
242590
242682
242706
243108
243294
243630
243637
243680
243777
243891
244003
244040
244206
244255
244257
244288
244376
244408
244474
244753
244790
244970
245052
245379
245434
245472
245548
245878
246006
246489
246496
246554
246626
246657
246954
247030
247148
247250
247304
247417
247423
247582
247641
248015
248202
248243
248291
248345
248368
248490
248554
248588
248602
248669
248731
248753
248826
248840
248889
249160
249366
249381
249691
249757
249797
249842
249866
249898
249959
250017
250033
250141
250415
250419
250551
250861
250885
250893
250904
250988
250998
251235
251264
251347
251416
251481
251531
251539
251690
251847
251911
251979
252014
252088
252136
252173
252177
252226
252232
252588
252651
252780
252865
252970
252997
253412
253560
253721
254050
254079
254280
254394
254519
254576
254596
254622
254687
254750
255090
255169
255317
255359
255368
255639
255776
255922
256076
256087
256189
256206
256278
256360
256533
256540
256578
256745
256819
256853
256892
257001
257051
257180
257291
257360
257386
257500
257536
257944
258078
258093
258138
258181
258205
258236
258335
258400
258400
258425
258692
258696
258772
258819
258826
258882
258903
258967
259240
259294
259342
259366
259373
259746
259807
259939
259993
260263
260326
260327
260385
260483
260561
260594
260879
260885
260900
260948
261133
261223
261325
261385
261456
261601
261621
261685
261796
261864
262116
262520
262646
262689
262827
263158
263281
263301
263342
263342
263379
263424
263442
263629
263654
263710
263753
263797
263894
263940
263970
264024
264071
264257
264303
264320
264377
264642
264664
264682
264702
264754
264763
264836
264897
265274
265274
265388
265649
265698
265742
265817
265835
265989
266018
266120
266152
266379
266405
266588
266634
266660
266919
266978
267266
267324
267335
267417
267425
267614
267635
267672
268295
268296
268455
268493
268597
268610
268736
268789
268888
269143
269324
269370
269486
269502
269529
269640
269757
269839
270097
270200
270650
270728
270729
270862
270880
271018
271350
271410
271438
271521
271587
271599
271768
272122
272252
272482
272520
272544
272857
272864
272969
273042
273409
273416
273444
273714
273906
273908
273967
274089
274533
274762
274793
274906
274990
275020
275084
275143
275154
275192
275258
275360
275439
275509
275623
275713
275901
276032
276139
276285
276380
276421
276690
276698
276698
276738
276762
277017
277186
277201
277564
277711
277816
278150
278180
278225
278363
278646
278654
278676
278920
278924
279009
279067
279148
279149
279199
279363
279499
279543
279617
279628
279833
279875
279910
279985
280030
280045
280131
280180
280717
280729
280740
280796
280917
281283
281364
281485
281495
281993
282001
282100
282160
282192
282215
282429
282490
282650
282869
282896
282928
282946
283007
283010
283234
283411
283489
283513
283577
283745
284048
284123
284136
284197
284220
284478
284518
284654
284658
285189
285319
285422
285494
285499
285547
285547
285762
285927
285982
285987
286007
286406
286504
286597
286623
286665
286714
286793
286828
286839
286898
286973
286992
287232
287302
287328
287435
287468
287687
287703
287725
287844
287870
287895
287921
288009
288032
288182
288276
288309
288722
288747
288772
288842
289252
289270
289370
289439
289475
289728
289814
289846
289878
289879
289960
290144
290369
290397
290449
290506
290550
290626
290746
290977
291087
291087
291105
291105
291137
291177
291229
291315
291333
291381
291412
291466
291732
291767
291789
291795
291825
291877
292087
292110
292113
292424
292466
292484
292496
292506
292511
292519
292715
292802
292814
293050
293191
293383
293389
293424
293498
293517
293618
293743
293747
293822
293852
293943
293960
293995
294217
294301
294409
294719
294857
294918
295253
295519
295670
295684
295756
295876
295913
295933
296061
296619
296625
296634
296762
296830
296874
296934
296948
296969
297038
297134
297185
297210
297352
297516
297537
297699
297712
297776
297802
297813
297890
297907
298180
298435
298437
298442
298447
298451
298546
298586
298594
298623
298859
298929
298939
299127
299304
299459
299473
299478
299623
299693
299968
300415
300953
300991
301048
301194
301260
301407
301698
301709
301819
301822
302237
302246
302271
302438
302475
302510
302753
302793
302861
302920
302937
303010
303231
303276
303436
303507
303601
303636
303938
304018
304069
304151
304153
304305
304529
304651
305153
305216
305217
305442
305486
305563
305604
305803
305804
305899
306129
306145
306333
306416
306728
306771
306873
306896
306957
307018
307113
307125
307451
307582
307659
307666
307942
308044
308184
308503
308524
308749
308833
308936
308951
309339
309381
309422
309451
309453
309623
309643
309751
309815
309940
310010
310044
310087
310232
310330
310436
310614
310733
310777
310902
310943
310950
310978
311235
311345
311524
311529
311596
311880
311904
311966
312277
312433
312629
312652
312986
313123
313241
313248
313287
313348
313437
313530
313546
313604
313673
313677
313789
313793
313810
313832
313906
314039
314206
314208
314209
314251
314310
314754
314941
315042
315205
315284
315341
315406
315429
315498
315534
315665
315980
316042
316130
316198
316277
316447
316491
316567
316813
316828
316882
317140
317290
317313
317382
317412
317435
317465
317667
317674
317719
317731
317752
318002
318067
318089
318146
318578
318676
318698
318702
318734
318841
318919
318959
318996
319167
319167
319232
319350
319489
319718
319721
319721
319760
319868
320157
320406
320582
320709
320773
320908
321065
321217
321227
321246
321301
321427
321521
321524
321749
321876
321946
322054
322228
322447
322519
322550
322695
322929
323032
323180
323296
323358
323404
323599
323677
323688
323888
324094
324100
324171
324242
324271
324502
324538
324554
324985
324988
325184
325193
325245
325401
325536
325552
325558
325647
325863
325903
325903
325981
326163
326303
326314
326330
326593
326633
326910
326954
327051
327093
327225
327431
327477
327530
327570
327711
327873
328001
328020
328140
328345
328462
328510
328528
328589
328621
328630
328733
328770
328941
328995
329013
329122
329251
329273
329624
329677
329688
329841
329948
329982
329985
330008
330037
330037
330165
330280
330364
330435
330451
330572
330583
330586
330628
330802
330853
330938
330958
330970
330978
331321
331334
331371
331376
331801
331801
331831
332095
332486
332490
332605
332871
332931
333309
333333
333440
333588
333701
334004
334121
334122
334204
334350
334362
334466
334479
334497
334523
334618
334890
335260
335298
335332
335357
335394
335493
335575
335833
336015
336043
336064
336499
336580
336637
336640
336656
336791
336887
336946
337149
337187
337204
337384
337421
337625
337826
337836
337980
338066
338089
338091
338209
338340
338444
338454
338746
338823
338896
338903
338958
339452
339690
339975
339994
339995
340033
340237
340299
340310
340377
340395
340409
340724
340780
340800
340969
341017
341019
341023
341055
341057
341263
341397
341580
341608
341670
341892
342058
342330
342419
342435
342528
342611
342635
342787
342789
342926
342960
343013
343022
343252
343380
343439
343464
343464
343578
343617
343671
343677
343682
343749
343772
343795
343909
343925
344003
344109
344111
344130
344309
344363
344555
344864
345215
345450
345450
345497
345506
345507
345697
345733
345751
345778
345926
346026
346065
346085
346161
346182
346182
346213
346348
346409
346739
346885
347161
347447
347607
347619
347753
348160
348206
348285
348330
348500
348652
348758
349028
349149
349173
349890
350195
350251
350373
350610
350636
350847
351038
351061
351098
351245
351373
351452
351575
351618
352198
352274
352308
352369
352398
352402
352417
352448
352531
352536
352564
352635
352689
352710
352757
352803
352949
352957
353019
353108
353453
353533
354281
354315
354353
354402
354569
354603
354688
354742
354877
354889
355066
355110
355189
355301
355307
355328
355508
355545
355663
355686
355723
355800
355857
356277
356286
356292
356359
356428
356523
356532
356820
356898
356898
356959
357039
357081
357165
357197
357253
357410
357420
357490
357643
357713
357720
357808
358006
358017
358082
358096
358119
358150
358208
358322
358401
358613
359188
359340
359617
359732
359732
359829
359859
359877
359882
360023
360129
360187
360310
360563
360740
360753
360768
361260
361329
361552
361576
361593
361848
361913
362079
362187
362209
362240
362327
362602
362813
362864
363068
363078
363151
363240
363251
363358
363457
363466
363518
363525
363728
363851
363853
363980
364074
364089
364135
364204
364268
364481
364498
364550
364699
364736
364755
364814
364839
364894
364950
365016
365074
365085
365358
365403
365429
365460
365478
365615
365720
365721
365752
365785
365837
365844
365852
365926
366041
366114
366254
366381
366430
366501
366571
366834
366999
367043
367155
367172
367230
367332
367444
367810
367879
367918
367937
368052
368057
368137
368173
368400
368473
368523
368771
369157
369326
369344
369364
369371
369394
369411
369446
369492
369612
369715
369761
369810
369874
369962
370290
370340
370434
370572
370577
370579
370730
370757
370782
370785
371092
371102
371322
371421
371434
371550
371585
371604
371629
371654
371667
371765
371777
371795
371979
372026
372071
372074
372087
372102
372115
372136
372155
372186
372212
372338
372350
372406
372525
372630
372953
372969
373061
373294
373726
374304
374337
374359
374438
374462
374617
374623
374729
374841
374907
375192
375269
375378
375387
375409
375624
375802
375833
375888
376192
376574
376752
376833
376880
376934
377183
377456
377737
377858
377876
377889
378109
378131
378169
378205
378286
378288
378348
378732
378817
378826
378930
379039
379086
379165
379188
379328
379407
379452
379475
379499
379508
379523
379550
379653
379745
379832
379973
379995
380049
380096
380642
380781
380892
380913
380951
381016
381056
381269
381394
381416
381655
381750
381792
381914
382380
382602
382680
382682
382738
382906
382923
383052
383054
383058
383067
383184
383404
383419
383451
383543
383544
383774
383800
383872
383884
383900
383980
384230
384334
384458
384522
384537
384635
384640
384755
384805
385415
385442
385460
385476
385854
386190
386276
386498
386848
386977
387065
387106
387191
387675
387867
387913
388077
388086
388234
388247
388352
388369
388472
388605
388694
388769
388927
389052
389076
389080
389097
389351
389399
389458
389605
389679
389813
389879
390026
390083
390355
390521
390643
390658
390674
390683
390745
390831
390927
390946
391049
391066
391140
391176
391437
391465
391479
391501
391509
391569
391709
391912
391928
391976
391991
392017
392061
392063
392103
392204
392292
392339
392502
392632
392656
392681
392872
392998
393007
393082
393113
393217
393287
393417
393519
393547
393585
393734
393863
393931
394022
394075
394078
394549
394685
394726
395096
395267
395273
395507
395660
395679
395715
395748
395863
395943
396288
396470
396593
396624
396634
396640
396643
396690
396735
396842
396872
397061
397165
397291
397319
397404
397462
397542
397595
397602
397655
397784
397860
397923
397924
397979
397994
398069
398124
398151
398211
398239
398274
398503
398523
398569
398626
398663
398700
398721
398757
398794
398809
398836
398869
399251
399284
399317
399346
399350
399363
399390
399544
399871
399945
400062
400115
400529
400589
400595
400601
400686
400752
400759
400797
400814
400848
401187
401466
401540
401581
401796
402135
402172
402189
402326
402415
402858
402971
402976
403199
403226
403291
403312
403312
403689
403711
403748
403841
404010
404039
404063
404199
404436
404548
404631
404783
404854
404931
404981
405029
405089
405190
405193
405275
405447
405678
405694
405777
405956
405960
406100
406667
406675
406700
406765
406843
406845
406883
406884
407070
407090
407183
407296
407313
407337
407405
407451
407637
407756
407868
407995
408017
408024
408096
408104
408285
408359
408492
408565
408668
408740
408831
408902
409120
409304
409308
409419
409484
409554
409571
409592
409696
409721
409775
409776
409860
409903
410049
410119
410388
410675
410906
410993
411256
411370
411524
411559
411688
411768
411956
412023
412027
412054
412085
412137
412350
412375
412500
412503
412660
412705
412948
412994
413124
413133
413147
413192
413227
413274
413379
413446
413504
413621
413686
413696
413872
413922
413963
414073
414130
414259
414273
414330
414715
414786
414791
415161
415226
415533
415538
415609
415896
416016
416128
416186
416307
416476
416478
416484
416507
416540
416600
416608
416710
417000
417058
417133
417136
417287
417388
417404
417419
417425
417558
417759
417804
417904
417943
418250
418379
418384
418400
418445
418446
418581
418597
418606
418646
418657
418726
418801
418857
419061
419246
419430
419461
419465
419530
419671
419781
419922
419925
419983
420403
420648
420821
420970
421032
421116
421204
421318
421696
421717
421930
421931
422046
422056
422166
422218
422236
422262
422332
422628
422650
423072
423161
423230
423369
423392
423436
423556
423614
423760
423770
424105
424841
424875
424876
424895
424904
424917
425148
425303
425313
425360
425426
425462
425479
425559
425643
425674
425719
425721
425761
425851
425875
425880
425911
425928
426184
426184
426202
426219
426219
426231
426289
426332
426352
426495
426521
426531
426673
426689
426856
426914
427218
427382
427390
427493
427749
427772
427895
427919
427996
428013
428126
428203
428203
428284
428325
428396
428466
428469
428520
428592
428638
428658
428897
428943
428990
429036
429082
429084
429095
429100
429115
429148
429281
429443
429552
429572
429601
429603
429743
429894
430395
430520
430642
430856
430962
431030
431092
431101
431151
431263
431505
431886
432197
432221
432245
432296
432410
432488
432841
433298
433436
433509
433637
433640
433708
433722
433868
433945
433960
434077
434181
434275
434284
434370
434486
434795
434870
434936
434965
435156
435453
435454
435550
435595
435683
435684
435705
435730
435817
435849
435979
435996
436050
436056
436087
436123
436183
436310
436427
436562
436600
436877
436976
437034
437189
437296
437599
437697
437719
437723
438332
438398
438402
438432
438459
438502
438532
438604
438642
438669
439070
439171
439252
439279
439288
439317
439333
439589
439613
439691
439777
439908
440021
440230
440510
440606
440872
440884
441029
441202
441258
441284
441351
441386
441458
441496
441577
441712
441813
441816
442195
442206
442253
442385
442481
442501
442613
442861
442909
442986
443069
443112
443265
443318
443397
443484
443532
443562
443576
443591
443662
443678
443698
444008
444027
444262
444350
444442
444612
444869
444905
445039
445042
445108
445341
445433
445470
445476
445481
445531
445677
445735
445774
445788
445868
445899
445926
445932
445946
445947
445963
446104
446382
446391
446413
446632
446705
446826
446826
446834
446977
447066
447206
447262
447336
447427
447442
447541
447555
447831
447835
447928
448093
448338
448438
448477
448605
448725
448777
448897
448961
449044
449338
449438
449528
449561
449573
449648
449823
449853
449886
450027
450325
450428
450436
450711
450822
450935
451034
451064
451116
451144
451282
451391
451470
451471
451608
451633
451659
451781
451843
451889
452033
452189
452194
452196
452229
452241
452364
452386
452682
452820
453080
453239
453287
453302
453334
453584
453907
453943
453967
453985
453997
454214
454223
454259
454456
454483
454621
454697
454741
454831
454853
454908
454966
455250
455470
455569
455652
455655
455676
455901
455935
456094
456117
456191
456245
456410
456480
456658
456812
456973
457000
457294
457341
457347
457383
457719
457827
457936
458037
458449
458684
458753
458783
458848
458858
458967
459290
459309
459330
459421
459478
459574
459615
459714
459748
459801
459812
459901
459930
460033
460220
460398
460450
460645
460658
461107
461240
461248
461313
461324
461397
461504
461681
461718
461811
461965
462015
462128
462257
462274
462340
462354
462423
462632
462739
463024
463111
463568
463721
463842
463860
463893
463900
463952
463986
464301
464421
464487
464503
464559
464706
464858
464894
464937
465053
465126
465232
465268
465270
465330
465339
465682
465957
465976
466044
466070
466133
466179
466200
466211
466344
466637
466845
466864
466963
467032
467292
467373
467668
467687
467737
467754
467818
468085
468166
468244
468487
468583
468609
468733
468740
468780
468814
469003
469067
469134
469149
469362
469452
469852
469871
469924
470321
470399
470538
470645
470660
470671
470890
471017
471048
471080
471257
471311
471418
471459
471630
471732
471817
472004
472016
472019
472264
472513
472875
472934
473009
473096
473121
473143
473162
473201
473246
473339
473378
473498
473714
473722
473731
473883
473885
474055
474090
474385
474654
474707
474738
474769
475213
475438
475665
475827
475982
475982
476027
476037
476216
476252
476538
476711
476716
476764
477221
477263
477407
477463
477611
477675
477687
477737
477966
477988
478031
478092
478229
478280
478297
478626
478876
478901
478904
479114
479174
479260
479384
479559
479786
479876
479949
479955
480026
480230
480299
480374
480555
480593
481200
481204
481206
481210
481311
481510
481581
481724
481975
482002
482080
482116
482190
482237
482385
482492
482569
482603
482632
482647
482704
482930
482954
483169
483180
483190
483214
483253
483452
483554
483577
483708
483742
483779
483890
483966
484194
484223
484458
484626
484641
484665
484765
485150
485282
485386
485468
485469
485479
485614
485790
485834
485899
485922
486034
486366
486414
486545
486557
486811
486943
486967
487354
487551
487957
488065
488359
488405
488480
488659
488721
489154
489412
489579
489582
489611
489658
489757
489769
490017
490129
490390
490479
490515
490669
490700
490814
491048
491341
491446
491643
491758
491814
491881
491900
492004
492019
492024
492027
492199
492212
492226
492350
492425
492483
492689
492722
492742
492864
492940
492957
493084
493101
493393
493555
493626
493634
493653
493693
493702
494076
494198
494232
494596
494603
494661
494702
494706
494847
494855
495048
495054
495079
495091
495421
495510
495562
495581
495665
495762
495902
495917
495973
496221
496307
496366
496395
496518
496634
496788
496828
496939
497068
497149
497152
497305
497343
497565
497661
497784
497831
497983
498040
498064
498124
498134
498233
498237
498285
498562
498701
498766
498936
499059
499173
499273
499322
499477
499688
499710
499733
499768
499863
500086
500173
500240
500517
500550
500625
500739
500852
500905
501146
501258
501315
501354
501362
501530
501616
501670
501685
501691
501765
501794
501847
501924
502318
502322
502361
502500
502519
502720
502760
502762
502917
502972
503027
503033
503115
503125
503137
503201
503238
503252
503264
503321
503339
503405
503681
503836
503954
503988
504022
504030
504033
504178
504186
504203
504571
504612
504649
504708
504764
504812
504821
504853
505239
505270
505480
505872
505899
505953
505997
506132
506177
506183
506605
506774
506786
506848
506878
507036
507105
507187
507190
507310
507694
507829
507886
507965
508050
508052
508064
508071
508367
508375
508599
508696
508706
508926
508943
509253
509425
509511
509555
509636
509663
509724
509790
509901
510104
510378
510393
510413
510440
510505
510546
510560
510817
510855
510963
510989
511011
511039
511115
511149
511155
511195
511566
511707
511746
511835
512098
512098
512300
512541
512714
512808
512850
512897
512961
512997
513037
513345
513369
513386
513466
513708
513845
513981
514010
514127
514130
514130
514138
514157
514255
514390
514660
514783
514838
514889
514920
515053
515138
515305
515477
515513
515605
515834
515869
515884
516014
516095
516106
516294
516422
516522
516584
516780
516855
517354
517414
517593
517609
517780
517789
517804
517835
517911
517930
517957
518050
518053
518117
518351
518581
518778
518782
518885
519034
519502
519613
519685
519692
519705
519739
519786
519963
520045
520218
520285
520303
520356
520420
520441
520586
520712
520766
520770
520945
520954
521274
521433
521452
521532
521570
521592
521674
521856
521956
522111
522171
522180
522388
522399
522443
522450
522528
522721
522729
522791
522900
522941
523022
523036
523171
523202
523390
523503
523587
523884
524007
524013
524264
524268
524290
524332
524458
524548
524681
524732
524910
524932
524969
524989
525009
525012
525278
525400
525458
526236
526295
526538
526805
526934
527066
527130
527329
527357
527433
527700
527727
527796
527845
527973
528052
528148
528282
528321
528340
528537
528947
529030
529075
529115
529129
529179
529417
529487
529536
529578
529586
529692
529852
529916
529988
530001
530151
530287
530424
530434
530447
530796
530845
530895
530902
530909
531039
531408
531522
531547
531599
531610
531807
531845
531862
531873
532290
532308
532325
532481
532482
532508
532600
532703
533113
533127
533170
533191
533231
533296
533298
533466
533496
533717
534082
534171
534302
534358
534605
534648
534650
534651
535136
535138
535350
535445
535638
535901
535931
536004
536082
536112
536127
536158
536219
536399
536425
536425
536580
536787
536814
537007
537052
537112
537272
537482
537507
537639
537691
537866
538051
538055
538092
538201
538285
538440
538455
538805
538962
539106
539167
539299
539560
539622
539677
539923
540050
540136
540154
540208
540441
540708
540809
540890
540984
541295
541379
541471
541472
541601
541604
541702
542115
542217
542268
542513
542612
542890
542937
542942
543078
543198
543245
543423
543545
543602
543614
543628
543707
543741
543777
543789
543816
543986
544006
544065
544228
544468
544792
544819
544833
544941
545069
545430
545460
545553
545992
546014
546148
546188
546268
546330
546348
546378
546404
546424
546516
546596
546671
546685
546822
546937
547036
547227
547537
547569
547760
547789
548040
548149
548169
548177
548222
548343
548369
548543
548651
548863
548943
549141
549293
549314
549407
549450
549533
549538
549659
549702
550092
550145
550238
550413
550494
550624
550654
550665
550672
550708
550780
550791
550826
550935
551115
551127
551264
551465
551554
551595
551613
551824
551963
552003
552144
552195
552242
552293
552326
552450
552466
552704
552714
552773
553003
553099
553247
553281
553290
553329
553402
553521
553854
553860
553955
554048
554103
554208
554248
554475
554604
554618
555130
555164
555196
555199
555362
555484
555549
555596
555613
555647
555758
555891
556182
556343
556521
556637
556688
556762
556999
557065
557101
557108
557113
557135
557220
557224
557251
557254
557299
557428
557521
557537
557700
557991
558091
558133
558139
558163
558175
558269
558356
558420
558461
558679
558684
558688
558792
558862
558866
558894
558924
558998
559010
559099
559177
559376
559453
559507
559523
559610
559749
559809
559869
559967
559986
560031
560076
560095
560111
560331
560369
560546
560600
560760
560779
560991
561085
561085
561160
561435
561590
561684
561792
561823
561852
561921
561983
562047
562049
562102
562195
562252
562257
562293
562395
562429
562672
562869
562943
562944
562983
563240
563310
563414
563453
563817
563821
563877
563950
564035
564224
564370
564423
564485
564535
564556
564570
564684
564701
564914
564926
564988
565010
565136
565144
565164
565221
565266
565466
565476
565570
565687
565748
565844
565927
565972
566355
566395
566422
566634
566731
566783
566852
566901
566950
567048
567050
567135
567306
567364
567380
567598
567629
567691
567826
567922
567924
568015
568165
568174
568624
568716
568830
568866
569164
569175
569470
569493
569571
569684
569740
570175
570198
570322
570373
570470
570530
570574
570713
570867
570991
571099
571379
571382
571460
571516
571839
571878
571908
572015
572061
572226
572327
572438
572668
572686
572793
572841
572927
572964
573150
573421
573446
573494
573700
573751
573776
573806
573849
573970
574004
574219
574285
574352
574670
574875
574937
574984
575026
575044
575124
575148
575227
575286
575522
575635
575691
575856
576024
576035
576045
576054
576200
576200
576351
576382
576490
576574
576624
576647
576677
576811
576868
576955
577250
577264
577277
577300
577371
577379
577624
577712
577745
577827
577894
577930
578139
578148
578186
578288
578521
578874
578916
579057
579296
579312
579334
579337
579520
579536
579700
579828
579844
579847
579850
579855
579970
580122
580341
580371
580378
580383
580466
580596
580725
580772
580901
581310
581787
581818
581869
581880
581930
582008
582009
582111
582295
582306
582416
582427
582465
582536
582613
582619
582722
582736
582775
582798
582885
583189
583253
583259
583318
583555
583557
583650
583763
584116
584176
584209
584287
584345
584467
584589
584599
584676
584707
584734
584860
584876
584949
584983
585219
585291
585472
585570
585588
585590
585619
585804
585813
585889
586006
586183
586548
586676
586678
586770
587206
587211
587339
587427
587446
587461
587535
587641
588307
588369
588452
588561
588586
588610
588631
588704
588875
589293
589306
589335
589356
589786
590011
590077
590229
590438
590503
590619
590637
590731
590734
590784
590833
590834
590930
591014
591060
591093
591162
591371
591487
591539
591981
592027
592090
592146
592176
592180
592215
592252
592392
592559
592568
592723
592794
592836
592920
592982
592994
593140
593173
593242
593314
593550
593586
593616
593658
593662
593788
593907
593944
593947
593948
593978
593978
594645
594766
594776
594888
595001
595092
595215
595325
595345
595365
595564
595564
595605
595632
595655
595656
595718
595724
595739
595764
595787
595858
595863
595988
596034
596315
596318
596363
596418
596557
596560
596900
596948
596985
596989
597259
597518
597618
597647
597876
597977
597981
598137
598213
598407
598590
598598
598690
598998
599019
599070
599152
599177
599298
599528
599531
599574
599903
600298
600306
600348
600362
600535
600844
600916
600994
601288
601485
601902
601983
602016
602125
602513
602743
603109
603141
603437
603572
603581
603624
603705
603840
603983
604000
604011
604018
604033
604173
604263
604306
604364
604487
604509
604965
605037
605164
605316
605363
605555
605688
605912
605915
605988
606087
606186
606259
606535
606733
606770
606974
607028
607172
607223
607232
607260
607345
607421
607642
607820
607963
608034
608079
608082
608149
608170
608211
608222
608709
608738
608757
608770
608815
609110
609178
609286
609288
609410
609490
609494
609514
609548
609602
609772
609782
609854
609888
610091
610116
610223
610356
610386
610461
610558
610605
610692
610782
610798
610940
610963
611272
611438
611502
611578
611844
611848
612051
612051
612227
612277
612465
612525
612529
612550
612598
612662
612779
612886
612953
612979
613024
613028
613037
613265
613468
613503
613607
613612
613878
614096
614112
614292
614314
614417
614671
614747
614787
614816
614818
615036
615183
615322
615349
615431
615479
615650
615656
615661
615691
615762
615836
615840
616186
616255
616273
616305
616311
616606
616690
616878
616990
617023
617115
617267
617284
617299
617313
617367
617493
617499
617593
617646
617824
617839
617883
618051
618302
618303
618332
618454
618455
618502
618730
618743
619122
619128
619692
619712
619777
619875
619942
620108
620148
620268
620370
620420
620469
620890
621010
621013
621065
621178
621230
621520
621699
621903
621946
622015
622094
622125
622138
622375
622408
622466
622511
622673
623006
623013
623089
623152
623228
623287
623333
623376
623602
623620
623632
623989
624063
624431
624506
624571
624770
624875
624876
624888
625116
625284
625405
625467
625719
625764
625807
625870
626143
626244
626473
626736
626757
626821
626890
626914
626930
627193
627285
627303
627379
627535
627801
627833
627841
627859
627871
627965
628043
628129
628171
628203
628347
628389
628396
628494
628788
628807
628892
628989
629272
629338
629478
629525
629742
629897
630094
630138
630200
630301
630360
630522
630529
630681
630817
631022
631118
631168
631248
631248
631380
631389
631425
631540
631592
632000
632100
632127
632175
632228
632368
632654
632655
632663
632752
632841
632859
633200
633236
633451
633648
633791
633897
633990
634074
634299
634400
634413
634514
634725
634887
635116
635185
635670
635731
635777
635809
635890
635911
636073
636165
636372
636482
636576
636584
636803
636846
636916
637144
637218
637300
637413
637437
637473
637484
637559
637623
637694
637712
637726
637763
637846
637892
638037
638111
638155
638175
638282
638421
638507
638631
638713
638732
638865
638974
639021
639079
639225
639327
639422
639928
639986
639993
640107
640282
640375
640469
640652
640675
640722
641217
641230
641329
641435
641667
641762
641815
641901
642049
642064
642199
642335
642491
642533
642641
642767
643136
643262
643273
643735
643753
643787
643922
644011
644113
644406
644491
644510
644514
644551
644644
644764
644915
645002
645194
645413
645567
645617
645806
645915
645973
646121
646239
646291
646335
646347
646407
646474
646488
646589
646625
646649
646678
646921
646932
646939
646969
647097
647173
647505
647562
647564
647601
647679
647708
647789
647799
647878
647895
647924
648014
648145
648255
648265
648508
648551
648576
648588
648729
649024
649031
649648
650075
650093
650173
650267
650361
650370
650535
650764
650921
650972
651056
651140
651290
651460
651548
651665
651688
651741
651979
652044
652046
652207
652242
652290
652415
652546
652580
652729
652864
653139
653146
653181
653355
653422
653435
653492
653568
653709
653949
654025
654081
654285
654374
654435
654508
654698
654707
654966
655039
655081
655375
655425
655464
655483
655528
655534
655606
655746
655869
655903
656010
656058
656109
656142
656148
656288
656339
656463
656694
656862
656890
657008
657030
657036
657301
657471
657553
657693
657797
658078
658087
658324
658338
658663
658796
658819
659077
659428
659502
659600
659658
659703
659876
659988
660088
660165
660213
660521
660655
660964
661042
661118
661143
661242
661443
661526
661574
661796
662045
662174
662302
662328
662357
662449
662656
663074
663361
663366
663409
663522
663717
663792
663888
664416
664526
664808
664848
664899
664998
665018
665054
665138
665166
665409
665467
665615
665626
665926
666369
666384
666505
666806
666914
666991
667041
667070
667079
667192
667414
667488
667608
667887
667892
668008
668022
668090
668123
668301
668511
668589
668847
668848
668901
668901
669021
669147
669241
669300
669620
669807
669864
669919
669941
670051
670121
670236
670358
670467
670475
670494
670502
670593
670593
670620
670654
670768
670805
670891
670999
671022
671168
671358
671554
671592
671615
671643
671763
671766
672028
672051
672074
672198
672219
672304
672747
672801
672823
672826
672976
672994
672998
673183
673208
673245
673630
673688
673709
673817
673845
673869
674003
674007
674033
674140
674247
674353
674356
674542
674609
674681
674990
675146
675246
675406
675751
676014
676067
676154
676244
676350
676526
677056
677106
677152
677295
677450
677455
677610
677620
677622
677681
677743
677997
678120
678383
678619
678900
678992
679035
679222
679288
679313
679328
679351
679531
679600
679680
679718
679733
679767
679781
679932
679960
680205
680229
680267
680399
680653
680736
680757
680893
680957
680990
681003
681019
681128
681146
681407
681456
681572
681593
681681
681683
681850
681851
681912
682008
682098
682106
682183
682195
682260
682518
682574
682706
682937
683062
683166
683168
683222
683293
683349
683414
683845
683973
683978
683982
684063
684173
684243
684398
684634
684642
684651
684663
684695
684709
684797
684846
684861
685124
685170
685271
685538
685596
685775
686058
686065
686068
686078
686229
686416
686475
686481
686522
686887
687046
687267
687401
687419
687444
687561
687654
687702
687787
687827
688085
688141
688183
688399
688674
688766
688783
688888
688949
689004
689028
689142
689248
689369
689479
689541
689590
689604
689665
689720
689935
689946
689952
690050
690088
690090
690105
690175
690301
690434
690473
690616
690767
690812
690857
691023
691049
691051
691082
691152
691497
691789
691895
692040
692057
692153
692221
692467
692636
692694
692772
692813
692893
692902
693004
693127
693179
693327
693336
693353
693444
693506
693830
694015
694069
694120
694150
694205
694476
694640
694715
694792
694803
695161
695429
695595
695623
695778
695953
696001
696064
696101
696207
696386
696473
696633
696638
696672
696673
696728
697038
697077
697182
697196
697265
697549
697792
697813
697852
697862
697863
697929
698081
698100
698296
698326
698466
698606
699228
699282
699355
699372
699395
699610
699718
699874
700026
700042
700147
700306
700397
700402
700437
700439
700488
700506
700565
700689
700758
700785
700884
700904
700977
701223
701232
701235
701237
701337
701402
701423
701425
701567
701590
701624
701655
701719
701762
701810
701938
702001
702338
702398
702440
702482
702513
702867
702903
702954
702990
703032
703062
703336
703337
703356
703394
703446
703620
703752
703936
703937
704018
704031
704114
704343
704480
704557
704589
704986
705031
705032
705265
705417
705423
705433
705482
705517
705534
705622
705640
705660
705699
705741
706039
706278
706306
706395
706411
706846
706870
706937
707022
707147
707162
707216
707391
707435
707446
707458
707499
707504
707572
707849
707919
707954
707972
708164
708225
708266
708316
708347
708429
708474
708484
708572
708596
708662
708725
708854
709045
709218
709319
709378
709454
709499
709698
709756
709780
709993
710004
710009
710107
710113
710184
710600
710686
710745
711000
711149
711259
711430
711517
711535
711604
711730
711774
711853
711891
711993
712051
712318
712362
712394
712678
712870
713026
713034
713051
713104
713194
713373
713569
713611
713616
713931
713965
714043
714057
714476
714517
714564
714727
714947
715022
715028
715235
715279
715401
715435
715495
715609
715816
715818
715861
716095
716114
716400
717147
717386
717651
717696
717703
717845
717864
718149
718331
718360
718407
718837
718861
719183
719237
719421
719695
719958
720041
720070
720083
720203
720236
720333
720334
720370
720625
720863
721121
721128
721267
721295
721474
721562
721586
721774
721859
721876
721930
722019
722224
722607
722666
722778
722964
722971
722979
723005
723062
723218
723334
723337
723527
723656
723736
723739
723791
723892
723966
724059
724136
724231
724414
724460
724494
724568
724623
724649
724686
724748
724766
724807
724903
724970
725001
725146
725192
725192
725242
725286
725438
725453
725763
725845
726050
726112
726192
726253
726267
726272
726301
726431
726431
726568
726576
726693
726853
726897
726956
727043
727231
727270
727297
727322
727482
727529
727633
727703
727815
727943
727966
728506
728523
728556
728565
728590
728737
728777
728983
729177
729209
729480
729497
729585
729771
729787
729913
729958
730207
730214
730221
730351
730441
730559
730622
730654
730799
730835
730871
731013
731051
731182
731206
731328
731447
731709
731776
731853
731896
732015
732196
732284
732308
732310
732377
732507
732516
732588
732658
732666
732679
732803
732877
732882
732994
733056
733098
733147
733328
733435
733462
733538
733559
733606
733764
733900
734009
734048
734049
734066
734346
734391
734420
734525
734549
734572
734690
734713
734839
734935
734946
734977
735131
735218
735288
735294
735381
735392
735613
735701
735880
735891
736140
736200
736311
736411
736468
736486
736565
736618
736663
736703
736747
736839
736904
736990
737070
737159
737277
737290
737351
737397
737521
737531
737668
737687
737699
737796
737818
737851
738131
738144
738202
738345
738424
738458
738556
738576
738725
738730
739164
739254
739300
739320
739456
739582
739725
739784
739906
740129
740204
740538
740604
740643
740750
740754
740773
740798
740910
741220
741224
741499
741500
741572
741590
741605
741793
741803
741916
741917
742074
742429
742699
742914
742986
743019
743051
743065
743088
743223
743235
743360
743499
743529
743585
743618
743958
743970
744049
744153
744328
744353
744361
744364
744370
744565
744639
745271
745293
745306
745628
745760
746159
746237
746428
746538
746544
746623
746777
747048
747103
747134
747149
747328
747440
747520
747550
747627
747664
747670
747802
747917
747989
748084
748088
748120
748130
748231
748441
748591
748752
748772
748780
748958
748961
748982
748986
749241
749315
749417
749441
749565
749598
749669
749684
749837
749952
750144
750172
750192
750192
750260
750400
750701
750713
750756
750765
751406
751681
751802
751804
751932
751956
751999
752063
752208
752261
752570
752588
752671
752738
752776
752790
752840
752855
752912
753018
753156
753180
753189
753348
753392
753429
753504
753695
753808
754329
754383
754414
754596
754620
754730
754800
754867
755036
755088
755190
755199
755244
755277
755330
755355
755359
755516
755553
755557
755691
755774
755899
756073
756093
756131
756142
756204
756390
756420
756434
756438
756540
756595
756668
756850
757000
757011
757034
757132
757293
757299
757421
757538
757937
757950
757996
758047
758131
758229
758451
758535
758943
759033
759086
759301
759341
759463
759469
759472
759531
759579
759623
759711
759747
759751
759816
759851
759856
759863
760146
760179
760300
760318
760475
760696
760817
760993
761062
761195
761272
761374
761426
761518
761563
761626
761752
761832
761849
761926
762121
762197
762203
762314
762483
762502
762672
762777
762835
763111
763227
763314
763363
763452
763477
763485
763749
763833
764001
764016
764081
764270
764484
764541
764630
764694
764886
765012
765190
765264
765285
765627
765688
765808
766008
766050
766312
766417
766606
766738
766863
766866
767091
767125
767163
767238
767413
767415
767496
767770
767841
768168
768270
768337
768399
768418
768484
768529
768581
768666
768765
768891
768912
768972
769040
769132
769190
769308
769345
769359
769409
769425
769482
769519
769970
770017
770105
770167
770252
770351
770672
770766
770814
770827
770963
770982
771103
771111
771331
771491
771563
771580
771597
771619
771667
771735
771817
771909
771938
771983
771984
772003
772468
772541
772689
772733
772826
773150
773213
773353
773408
773523
773647
773676
773707
773787
773859
773879
773881
774041
774261
774327
774355
774433
774746
774997
775025
775277
775281
775288
775355
775372
775401
775414
775554
775739
775797
775961
776055
776057
776179
776286
776437
776541
776904
776934
777039
777082
777243
777331
777391
777432
777535
777683
777823
777915
777948
778168
778196
778448
778477
778619
778894
778945
779114
779138
779263
779294
779457
779621
779632
779753
779881
779956
780018
780194
780282
780313
780379
780403
780425
780441
780475
780480
780562
780641
780775
780783
780939
780987
781127
781143
781253
781298
781377
781410
781554
781602
781696
781898
781908
782012
782154
782197
782214
782392
782532
782682
782712
782713
782881
782978
783090
783139
783168
783195
783195
783222
783255
783353
783606
783697
783848
784074
784102
784131
784187
784296
784447
784469
784844
784892
784938
785001
785248
785359
785376
785384
785395
785453
785455
785520
785642
785642
785703
785857
785951
786153
786179
786354
786496
786504
786787
786855
786883
786922
787285
787313
787492
787500
787586
787653
787778
788033
788117
788230
788447
788532
789076
789328
789494
789526
789584
789612
789616
789815
789942
790061
790315
790375
790450
790479
790672
790690
790825
790905
790937
790992
791027
791252
791303
791399
791408
791661
791722
791870
791875
791916
792019
792227
792236
792348
792500
792650
792693
792781
792804
792817
792843
792954
793071
793164
793220
793307
793417
793558
793601
793649
793716
793797
793854
793856
793884
794118
794131
794265
794399
794462
794513
794787
794814
794865
794878
795164
795201
795466
795484
795751
795772
795789
795876
795913
796262
796266
796275
796437
796488
796762
796788
796869
796947
796977
796987
797395
797442
797459
797522
797717
797972
798075
798312
798405
798521
798637
798695
798797
798845
799162
799297
799326
799364
799438
799440
799496
799502
799546
799562
799826
800089
800149
800324
800719
800808
800828
800870
800941
800995
801028
801048
801057
801135
801424
801473
801672
801717
801719
801862
801918
801948
801979
802050
802098
802205
802300
802304
802340
802341
802833
803161
803376
803388
803471
803495
803545
803734
803805
803837
803842
803925
803983
804007
804036
804155
804230
804304
804318
804329
804406
804413
804511
804757
804892
804904
804916
804933
804948
805101
805315
805326
805391
805487
805522
805887
805919
805976
806030
806210
806371
806504
806529
806579
806585
806713
806807
806940
807044
807081
807162
807232
807268
807352
807421
807721
807921
807924
808156
808300
808301
808577
808721
808771
808817
808830
808860
808938
808994
809243
809370
809387
809468
809471
809641
809938
809940
810055
810260
810279
810468
810598
810771
810843
810853
810896
811040
811095
811267
811299
811352
811413
811817
811878
812075
812087
812134
812233
812241
812263
812273
812325
812379
812519
812578
812802
812813
812851
813062
813127
813154
813212
813273
813274
813516
813566
813738
813753
813953
814040
814234
814348
814403
814413
814424
814660
814667
814690
814845
814925
814984
814985
815368
815402
815434
815448
815562
815587
815650
815845
815984
816168
816287
816479
816490
816592
816660
816735
816813
817020
817077
817095
817095
817251
817322
817372
817492
817517
817601
817609
817631
817669
817756
817790
817847
817913
817967
818020
818113
818490
818559
818722
818991
819028
819070
819098
819120
819386
819410
819461
819473
819611
819624
819646
819720
819790
820042
820297
820307
820505
820511
820705
820799
820925
821018
821129
821139
821235
821469
821608
821687
821796
821810
821989
822052
822069
822125
822282
822290
822373
822434
822444
822464
822491
822898
823063
823066
823101
823265
823347
823534
823597
823642
823699
823813
823962
824275
824316
824344
824409
824453
824501
824562
824825
824958
825058
825333
825334
825493
825494
825813
825834
825860
825964
826088
826148
826197
826248
826273
826455
826461
826479
826675
826699
826705
826744
826865
826886
826960
827103
827119
827388
827418
827471
827695
827792
828055
828176
828690
828706
828713
828718
828875
828934
828996
829032
829081
829124
829264
829324
829574
829606
829703
829756
829768
829837
829839
830042
830134
830196
830229
830559
830607
830610
830763
830950
830988
831045
831088
831150
831164
831281
831435
831559
831562
831991
832039
832055
832097
832105
832110
832128
832351
832363
832392
832398
832433
832664
832718
832809
832819
832954
833071
833147
833168
833383
833501
833531
833553
833573
834487
834513
834640
834771
834906
834961
835205
835207
835265
835317
835345
835504
835622
835738
835738
835902
835989
836077
836114
836188
836383
836496
836783
836787
836821
836907
837121
837283
837390
837579
837708
837715
837922
837953
838027
838065
838124
838289
838325
838479
838546
838821
838829
838868
838895
838907
839138
839228
839274
839334
839380
839559
839561
839644
839694
839770
839783
839871
840236
840302
840406
840420
840574
840613
840616
840820
840945
841307
841320
841548
841581
841592
841620
841712
841727
841831
841952
842001
842006
842136
842163
842253
842258
842439
842580
842726
842824
843174
843174
843177
843471
843519
843524
843680
843707
843769
843987
844090
844180
844186
844467
844620
844744
844791
844839
844857
844906
844911
844912
844982
845181
845234
845255
845437
845756
845978
845984
846239
846304
846352
846411
846434
846462
846490
846517
846629
846790
846830
846857
846899
846969
847429
847483
847506
847517
847770
847817
847853
848025
848101
848163
848213
848289
848325
848331
848342
848559
848788
848824
848825
848939
849111
849147
849177
849197
849374
849380
849403
849413
849439
849512
849873
849892
850032
850455
850463
850583
850627
850666
850752
850980
850984
851066
851123
851237
851257
851513
851526
851640
851757
851807
851859
851869
852057
852128
852201
852566
852645
852778
852869
852978
853271
853276
853343
853355
853394
853523
853634
853684
853999
854207
854383
854480
854615
854685
854718
854974
855162
855444
855564
855600
855606
855776
855908
855939
855962
856372
856455
856548
856550
856571
856616
856753
856778
856788
856897
856960
857139
857155
857325
857361
857418
857607
857638
857791
857809
857868
857902
857983
857995
858065
858087
858323
858364
858475
858502
858510
858512
858739
858769
858816
859031
859141
859166
859366
859444
859744
859875
859947
860047
860098
860140
860199
860357
860557
860649
860713
860789
860801
860823
861087
861184
861488
861593
861687
861754
861933
862071
862315
862381
862610
862646
862781
862868
862878
862888
862958
863095
863129
863229
863628
863715
863773
863816
863870
864182
864189
864197
864248
864261
864323
864419
864501
864634
864644
864651
864681
864786
864823
864839
864979
865009
865034
865065
865131
865187
865396
865469
865484
865653
865667
865976
866379
866442
866655
866771
866781
866800
866996
867019
867090
867128
867152
867200
867331
867447
867472
867498
867583
867630
867652
867749
868097
868106
868340
868636
868832
868929
868979
869056
869319
869399
869439
869510
869754
869803
870155
870218
870369
870384
870502
870552
870596
870654
870673
870715
870884
870972
871109
871142
871168
871252
871350
871453
871739
871792
871874
872091
872176
872367
872415
872500
872526
872766
872824
872876
872880
872882
872888
872969
873108
873257
873283
873709
873876
873983
874128
874134
874293
874363
874480
874492
874551
874878
874967
875054
875134
875287
875423
875447
875621
875746
875881
875989
876181
876323
876600
876685
877422
877498
877657
877963
878111
878186
878326
878389
878478
878486
878555
878681
878834
878857
878880
879366
879383
879388
879413
879454
879541
879559
879602
879649
879668
879737
879840
879974
880045
880157
880365
880754
880848
880916
880918
881030
881095
881138
881256
881370
881451
881770
881820
881829
881953
882128
882130
882195
882267
882280
882448
882473
882518
882573
882591
882730
882897
882920
882938
883116
883392
883490
883526
883606
883610
883910
884051
884094
884138
884144
884157
884290
884322
884363
884420
884567
884600
884602
884617
884636
884763
885088
885192
885209
885234
885274
885345
885448
885472
885509
885527
885536
885670
885724
885836
885887
885899
885904
885921
886007
886071
886155
886157
886353
886401
886478
886598
886660
886771
886962
887127
887283
887508
887678
887700
887871
887907
888017
888035
888087
888227
888277
888278
888333
888368
888464
888573
888808
889099
889167
889246
889320
889362
889386
889403
889464
889525
889558
889576
889782
890120
890125
890166
890348
890362
890488
890678
890801
890871
890916
890943
890996
891310
891336
891412
891488
891574
891605
891714
891762
891986
892053
892087
892249
892274
892399
892416
892458
892489
892639
892781
892833
892869
893027
893043
893171
893300
893394
893478
893775
893874
893910
894020
894063
894073
894123
894159
894308
894384
894500
894574
894721
894803
894857
894863
895154
895211
895214
895270
895780
895780
895871
895889
896051
896081
896096
896118
896356
896363
896382
896677
896806
896971
897336
897430
897562
897567
897782
897997
898237
898695
898871
898977
899145
899146
899210
899259
899373
899494
899572
899591
899767
899905
899990
900017
900166
900207
900233
900335
900435
900540
900694
900881
901150
901170
901207
901265
901265
901416
901469
901474
901565
901582
901705
901748
901946
902059
902244
902310
902312
902460
902480
902527
902551
902720
902798
902812
902987
903153
903184
903264
903408
903462
903545
903613
903737
904117
904156
904473
904605
904642
904829
904912
904925
905436
905495
905505
905612
905737
905825
905862
905868
905919
905930
906004
906063
906145
906157
906165
906339
906377
906462
906738
907012
907256
907305
907316
907352
907489
907531
907620
907698
907853
907896
907927
907963
908241
908245
908289
908320
908364
908389
908482
908537
908612
908620
908647
908836
908919
908941
908946
909171
909296
909319
909531
909651
909659
909742
909788
909845
909950
909957
909979
909994
910156
910234
910256
910281
910291
910462
910477
910481
910581
910584
910659
910683
910726
910757
910783
910836
910889
910934
911005
911077
911089
911136
911266
911422
911481
911491
911609
911717
911763
911917
912029
912051
912080
912085
912136
912238
912351
912353
912477
912584
912616
912642
912643
912646
912681
912727
912763
912768
912943
912955
912974
912988
913176
913197
913300
913380
913503
913558
913862
913899
913927
914064
914285
914285
914465
914670
914771
915084
915359
915449
915559
915571
915815
915939
915980
916081
916099
916310
916407
916474
916746
916759
916849
917089
917105
917183
917205
917217
917242
917264
917545
917582
917611
917626
917716
917717
917815
917851
918057
918429
918533
918561
918563
918589
918670
918732
918762
918895
919096
919313
919795
919821
919874
919992
920033
920220
920237
920536
920545
920547
920885
920921
920954
921060
921313
921319
921468
921492
922125
922197
922249
922272
922333
922519
922640
922830
922898
922937
923101
923103
923218
923318
923738
924007
924100
924657
924677
924712
924845
925034
925234
925333
925392
925459
925540
925555
925743
925776
925817
925935
926050
926132
926215
926580
926626
926878
926922
927250
927382
927627
927786
927873
928007
928425
928494
928790
929110
929303
929356
929870
929942
930049
930091
930257
930478
930628
930731
930736
930831
930871
930961
931059
931164
931195
931314
931437
931501
931607
931661
932072
932206
932220
932319
932367
932377
932390
932438
932717
932748
932826
932963
933015
933062
933112
933137
933149
933197
933231
933396
933470
933617
933644
933908
933991
934041
934170
934187
934308
934321
934331
934356
934509
934642
934719
934772
934843
934851
934956
935100
935154
935298
935366
935381
935458
935562
935610
935641
935740
935809
935911
935916
935945
936032
936103
936206
936221
936225
936347
936347
936511
936523
936596
936881
937268
937311
937615
937654
937674
937676
937732
937870
937964
938125
938169
938242
938246
938247
938309
938529
938565
938652
938688
938765
938991
939007
939089
939189
939193
939249
939249
939342
939382
939677
939682
939728
939835
939945
939953
939954
940037
940185
940213
940434
940665
940818
940936
940997
941109
941145
941349
941355
941374
941507
941649
941746
941753
941754
941788
941912
941973
942048
942062
942197
942479
942752
942957
943065
943231
943306
943674
943805
943844
944016
944048
944161
944229
944521
944713
944832
944906
944909
945007
945301
945351
945420
945545
945562
945644
945807
945821
945888
945923
945982
946101
946311
946528
946627
946636
946648
946667
946842
946918
946923
946943
947000
947166
947234
947643
947730
947738
947822
947888
947918
947936
947965
947998
948233
948279
948396
948452
948464
948694
948747
948766
948787
948871
949122
949283
949604
949606
949752
949908
950054
950231
950270
950282
950285
950336
950348
950502
950522
950598
950658
950704
951016
951144
951193
951369
951382
951524
951614
951719
951740
952121
952493
952729
952786
952873
953065
953087
953107
953194
953582
953604
953636
953713
953811
953828
954201
954248
954267
954350
954384
954487
954652
954762
954784
954815
954882
954936
955002
955118
955171
955274
955323
955466
955466
955658
955717
955730
955853
955925
955931
955931
956144
956334
956377
956387
956591
956649
956737
956768
956926
956961
956983
957026
957137
957203
957236
957390
957632
957729
957905
958249
958282
958343
958347
958576
958824
958857
958915
958953
959145
959502
959658
959700
959703
959713
960010
960190
960242
960375
960545
960626
960631
960634
960818
961299
961389
961538
961561
961619
961724
961762
961981
962015
962034
962095
962108
962285
962365
962386
962427
962612
962654
962885
962904
962993
963028
963175
963185
963337
963518
963664
963765
963868
963958
963993
964116
964131
964226
964237
964317
964327
964348
964508
964561
964999
965014
965162
965212
965252
965342
965570
965660
965677
965887
965915
965950
965978
966180
966541
966642
966704
966749
966787
966861
966878
966909
966915
966947
967129
967256
967258
967292
967485
967488
967513
967700
967757
967794
967796
967805
967899
967955
967969
968018
968222
968346
968363
968545
968559
968637
968641
968729
968741
968802
968805
968858
968864
968867
968907
969114
969118
969277
969441
969486
969600
969694
970006
970253
970399
970411
970471
970488
970495
970618
970716
970877
971020
971067
971117
971210
971231
971240
971560
971592
971702
971745
971787
971817
971866
971910
971947
972010
972126
972146
972251
972471
972752
973052
973053
973058
973068
973241
973388
973475
973487
973496
973739
973789
973840
973854
973881
973926
974020
974189
974316
974409
974610
974620
974669
974745
974811
974868
974959
975128
975193
975253
975320
975358
975367
975429
975477
975486
975511
975601
975608
975614
975766
975790
975803
975858
975860
975865
975909
975999
976114
976148
976244
976511
976558
976636
976647
976723
976731
976867
976884
976926
977173
977230
977235
977346
977370
977381
977486
977488
977756
977975
978129
978181
978322
978352
978393
978721
978850
978954
979026
979104
979440
979544
979858
980037
980093
980141
980162
980263
980328
980336
980439
980785
980807
980939
980956
981019
981049
981056
981095
981306
981458
981587
981636
981737
981749
981764
981946
981967
982023
982184
982331
982435
982449
982709
982863
982909
982939
983015
983120
983126
983155
983289
983344
983392
983412
983483
983632
983649
983663
983783
983794
983840
983970
984006
984038
984523
984625
984730
984864
984905
984984
985055
985116
985262
985288
985486
985500
985667
985792
986034
986077
986137
986166
986215
986221
986262
986336
986351
986576
986594
986643
986694
986817
987113
987320
987343
987419
987513
987524
987564
987670
987717
987765
987806
987873
987902
988003
988101
988205
988240
988505
988769
988971
988976
988979
989039
989304
989397
989493
989615
989709
989834
990008
990014
990098
990116
990131
990136
990318
990330
990395
990517
990539
990575
990579
990597
990625
990954
991071
991150
991166
991410
991810
991828
992040
992078
992275
992334
992341
992480
992522
992636
992725
993077
993304
993306
993608
993692
993715
993754
993912
993987
994011
994044
994100
994311
994567
994627
994666
994760
994859
994897
994975
995187
995379
995391
995483
995546
995888
996135
996145
996154
996302
996363
996394
996452
996489
996563
996581
996893
997001
997042
997124
997138
997203
997272
997413
997453
997474
997516
997639
997778
997889
997946
998055
998097
998168
998442
998448
998478
998656
998798
998809
998857
998920
998960
999173
999236
999285
999477
999495
999497
999584
999660
999800
999805
999820
