100
0
9884
12869
25727
51872
60387
63094
64562
69550
108199
125403
126209
150334
161585
162511
170335
172318
176129
200842
212080
228302
228487
233989
234002
234699
237274
250149
252797
281945
283817
287798
322530
327536
335082
343403
348287
353760
377237
385997
411578
412917
421880
422314
429972
432007
438155
444073
455842
461945
476890
481514
483788
491205
510318
513354
515006
558251
562191
583378
583391
584422
598006
606688
606692
611250
611285
627483
629154
640555
652308
667210
680251
704779
726410
760713
781154
781853
784640
788691
810702
821868
839530
843891
856948
858014
863702
874731
883468
891371
914152
917286
932257
945881
960018
962764
965954
967592
971480
972732
990400
