100
1043
4897
10283
30033
81251
83191
86549
91322
129426
139419
139489
151105
187139
195720
196501
203076
203425
206483
208926
216068
218081
227256
228549
229252
233503
256970
272431
277017
286512
289540
293083
296520
305496
306325
321503
325577
351242
364646
394917
400226
401781
407493
410830
427172
440829
450927
454260
459997
463029
464313
464374
469808
476556
482167
491786
516665
519454
524164
528812
528830
548446
548580
551914
573123
575558
577211
580741
586868
589859
593253
595819
620106
620664
669103
670937
704475
712671
723759
735532
739464
753469
756934
757820
762184
765090
803417
803527
820592
840257
872941
877898
886052
886271
905293
910159
921988
926545
959734
965924
998325
