10000
159
246
248
286
303
513
569
671
728
736
985
1106
1383
1450
1502
1569
1733
1859
1868
1939
1952
2144
2342
2375
2572
2603
2750
2770
3074
3122
3655
3719
3738
3780
3808
3931
4204
4227
4236
4469
4525
4633
4831
4849
4924
5063
5176
5206
5207
5246
5320
5406
5894
6002
6093
6182
6303
6335
6338
6545
6740
6771
6835
6957
6971
6982
7230
7307
7431
7495
7557
7587
7657
7733
7831
7884
7921
8106
8130
8162
8263
8590
8616
8662
8768
8799
8836
8963
8968
9198
9380
9460
9741
9770
9934
9972
10103
10161
10233
10267
10310
10316
10371
10395
10685
10980
11033
11144
11210
11488
11521
11674
11705
11782
11797
12085
12278
12358
12380
12472
12572
12578
12620
12625
12666
12818
12831
13025
13054
13169
13204
13395
13444
13553
13620
13868
14055
14151
14432
14530
14565
14600
14693
14750
14768
14793
14814
14861
14938
15083
15111
15141
15155
15352
15354
15538
15695
15860
15887
16143
16236
16252
16292
16305
16330
16344
16352
16362
16403
16441
16463
16796
16833
16869
17170
17205
17285
17356
17390
17391
17439
17715
17762
17913
18033
18061
18109
18137
18354
18921
18929
18979
19127
19159
19218
19360
19455
19529
19559
19664
19748
19761
19949
19980
20007
20043
20046
20168
20239
20266
20359
20447
20611
20625
20756
20807
20902
20951
21040
21079
21115
21272
21307
21315
21316
21368
21374
21442
21671
21726
21860
21947
21956
22016
22101
22188
22201
22298
22399
22478
22578
22654
22772
22864
23068
23174
23537
23686
23722
23742
23840
23898
23941
23946
24049
24151
24200
24223
24269
24293
24335
24528
24727
24786
24847
24882
24979
25035
25101
25144
25169
25314
25439
25678
25780
25829
26143
26159
26159
26339
26437
26556
26677
26723
26827
26897
26898
26959
27206
27291
27395
27426
27649
27704
27850
28018
28269
28439
28514
28702
28746
28965
28973
28977
29055
29259
29336
29585
29977
29994
30139
30434
30553
30690
30854
31023
31211
31302
31316
31418
31670
31822
31961
32152
32337
32358
32653
32658
32895
33051
33271
33337
33391
33816
33902
33913
34009
34273
34282
34413
34568
34586
34759
34764
35132
35145
35146
35159
35171
35263
35270
35289
35538
35612
35744
35765
35973
35992
36102
36157
36246
36251
36342
36422
36477
36635
36696
36703
36813
36993
37010
37087
37143
37318
37368
37500
37568
37582
37596
37603
37603
37751
37848
37948
38218
38258
38383
38448
38563
38644
38792
38841
38939
38991
39050
39242
39326
39328
39521
39561
39661
39860
40128
40207
40220
40823
41146
41442
41444
41450
41664
41725
41828
41851
42021
42168
42187
42223
42236
42548
42633
42674
42717
42758
42827
42861
42907
42932
42952
43060
43126
43206
43233
43265
43340
43409
43412
43468
43525
43551
43607
43700
43857
44017
44194
44264
44525
44664
44801
44821
44941
45089
45159
45314
45328
45453
45524
45587
45730
45737
45988
46060
46126
46165
46185
46218
46234
46244
46251
46352
46539
46600
46707
46795
46879
46946
47082
47102
47450
47457
47459
47704
47776
47865
47879
48169
48170
48185
48241
48326
48354
48508
48597
48704
49051
49065
49224
49284
49492
49544
49697
49869
50015
50068
50179
50190
50319
50355
50407
50524
50549
50598
50933
51004
51133
51343
51370
51401
51573
51616
51713
51787
51880
52050
52072
52096
52151
52325
52402
52460
52536
52607
52807
52920
52924
52956
53097
53141
53294
53310
53316
53337
53348
53400
53422
53457
53562
53642
53750
53755
53801
53874
54099
54136
54213
54229
54294
54415
54426
54509
54563
54671
54749
55079
55240
55301
55404
55411
55489
55677
55801
55882
55930
55982
56010
56081
56108
56237
56459
56562
56606
56661
56687
56697
56904
56943
57216
57279
57323
57482
58185
58301
58323
58533
58627
58655
58811
59064
59090
59285
59364
59470
59529
59564
59591
59706
59883
59931
60036
60154
60213
60372
60562
60643
60657
60811
61061
61116
61168
61199
61523
61537
61763
61871
61911
61921
61950
61955
62012
62065
62122
62154
62180
62222
62245
62317
62338
62478
62522
62599
62632
62652
62728
62730
62961
62974
63094
63186
63346
63362
63457
63512
63597
63600
63695
63720
63732
63836
63967
64162
64241
64280
64295
64516
64560
64630
64698
64830
64833
64992
65024
65199
65269
65291
65410
65581
65685
65904
66104
66242
66352
66464
66540
66574
66702
66892
66960
67017
67510
67595
67631
67690
67751
67878
67894
67965
68071
68077
68211
68288
68301
68372
68426
68552
68563
68564
68692
68784
68785
68797
68832
68850
68860
68916
69147
69163
69184
69289
69367
69383
69483
69510
69862
69968
70057
70123
70371
70492
70500
70506
70541
70644
70796
70837
70876
71072
71080
71085
71371
71419
71546
71628
71655
71733
71771
71773
71805
71807
71833
72000
72098
72153
72173
72221
72236
72237
72349
72486
72555
72754
72882
72930
73165
73243
73443
73513
73588
73944
73954
74014
74355
74385
74593
74734
75000
75006
75129
75163
75191
75849
75852
75868
75902
76046
76103
76227
76384
76471
76553
76785
76961
77073
77082
77092
77121
77351
77530
77693
77719
77802
77848
77876
77940
77950
78167
78178
78181
78405
78524
78642
78647
78701
78847
78860
79350
79557
79584
79715
79793
79857
79921
79964
79982
80054
80171
80176
80482
80505
80509
80578
80618
80896
81132
81203
81243
81276
81357
81444
81589
81646
81706
81787
81799
81802
81968
81981
82034
82068
82195
82261
82402
82512
82564
82711
82746
82869
82913
82930
83103
83145
83157
83164
83193
83331
83377
83456
83589
83950
83982
84218
84222
84289
84364
84632
84679
84711
84902
84903
84968
84990
85164
85234
85304
85331
85404
85537
85543
85579
85582
85610
85799
85807
85819
85923
85948
86229
86263
86288
86362
86488
86561
86578
86599
86613
86698
86714
86758
86760
86782
86872
87107
87359
87480
87568
87676
88099
88142
88166
88265
88291
88299
88442
88469
88535
88619
88741
88763
88858
89025
89255
89285
89371
89571
89585
89607
89617
89642
89672
89688
89804
89837
89857
89925
89982
90050
90107
90155
90197
90301
90302
90355
90509
90518
90633
90684
90707
90805
90863
91182
91253
91259
91380
91507
91644
91738
91820
91960
91995
92524
92574
92604
92922
92985
93115
93136
93319
93413
93592
93703
93705
93755
93959
93972
93986
94287
94449
94456
94499
94580
94671
94734
94836
95019
95021
95142
95167
95192
95229
95285
95300
95339
95454
95500
95540
95597
95612
95866
95927
96072
96140
96147
96236
96277
96294
96327
96333
96528
96599
96600
96902
97009
97026
97108
97289
97435
97529
97643
97656
97737
97838
97865
97890
97970
97971
98013
98055
98133
98263
98331
98461
98565
98616
98816
98847
98871
99219
99256
99362
99420
99443
99497
99697
99701
99886
99925
100039
100174
100246
100274
100279
100324
100426
100507
100556
100610
100624
100777
100812
100868
100876
100980
101251
101266
101466
101603
101775
101914
102009
102194
102265
102319
102394
102417
102486
102568
102631
102787
102813
102909
103109
103338
103470
103490
103730
104005
104293
104433
104678
105006
105087
105233
105244
105264
105268
105392
105407
105481
105494
105530
105684
105685
105691
105737
105811
105911
105975
106008
106133
106156
106193
106276
106332
106369
106599
106628
106775
106792
106895
107010
107032
107141
107153
107246
107285
107551
107790
107836
107919
107930
108100
108163
108250
108539
108696
108921
108977
109028
109230
109272
109377
109705
109724
109739
109816
109891
109915
110054
110189
110191
110831
110882
110945
111096
111220
111244
111261
111354
111399
111434
111517
111548
111721
112042
112223
112275
112280
112332
112405
112562
112589
112590
112654
112671
112720
112735
112950
112978
113071
113106
113166
113184
113325
113478
113616
113643
113867
113960
114022
114247
114248
114311
114350
114638
114897
115007
115040
115073
115079
115673
115687
115708
115718
115764
115787
116054
116258
116403
116421
116538
116547
116662
116783
116821
116881
116887
116956
116982
117027
117238
117354
117375
117377
117490
117622
117776
117905
117924
118345
118564
118989
119015
119045
119315
119384
119469
119487
119500
119703
119721
119787
119810
119824
119979
120078
120104
120252
120289
120350
120443
120498
120527
120661
120904
121009
121089
121201
121229
121403
121421
121472
121571
121682
121931
121954
122059
122358
122387
122486
122591
122598
122688
122718
122992
123089
123222
123244
123444
123453
123528
123542
123823
123951
123962
124038
124116
124123
124134
124143
124427
124525
124579
124626
124642
124826
125111
125150
125519
125572
125657
125825
126050
126269
126727
126813
126833
126843
126933
126991
127016
127055
127151
127284
127303
127326
127446
127569
127578
127592
127768
127786
127858
127983
128059
128069
128092
128098
128201
128295
128317
128348
128742
128745
128794
128802
128874
128883
128984
129186
129227
129235
129514
129522
129670
129723
129739
129750
129772
129889
129939
130222
130234
130270
130276
130405
130648
130870
130987
131014
131232
131426
131435
131534
131630
131683
131731
131767
131798
131839
131935
132052
132088
132111
132497
132537
132992
133008
133047
133112
133153
133166
133315
133320
133728
133837
133863
134035
134198
134304
134355
134373
134475
134495
134803
134819
134914
134939
135071
135094
135176
135267
135282
135317
135459
135473
135492
135508
135638
135689
135830
136281
136336
136382
136411
136514
136534
136655
136849
136932
137027
137234
137299
137354
137418
137462
137560
137633
137746
137756
137788
137985
138080
138245
138247
138339
138343
138353
138444
138517
138593
138664
138683
138795
138952
138989
139008
139121
139176
139303
139356
139481
139515
139561
139688
139747
139770
139856
139910
139990
140002
140098
140217
140226
140467
140508
140585
140607
140723
140791
141142
141161
141698
141730
141778
141880
142061
142173
142321
142538
142586
142659
143008
143247
143286
143313
143364
143367
143373
143386
143463
143503
143520
143595
143601
143695
143872
143976
144058
144290
144316
144338
144353
144429
144459
144477
144563
144700
144709
144788
144790
144802
144880
145118
145135
145265
145296
145425
145460
145575
145686
145777
145781
145814
145850
145879
145996
146165
146253
146364
146430
146582
146946
146970
146997
147307
147543
147636
147796
148034
148266
148427
148463
148489
148517
148792
148883
149051
149065
149069
149083
149154
149210
149283
149379
149453
149773
149839
150006
150007
150035
150237
150410
150531
150630
150801
150829
151039
151460
151501
151665
151716
151810
151956
152147
152178
152300
152344
152419
152457
152712
152730
152775
152937
152963
153016
153074
153164
153223
153254
153521
153873
153926
153953
153981
154021
154103
154303
154375
154392
154461
154512
154991
155156
155276
155326
155399
155532
155605
155624
155704
155765
155774
155775
155818
155836
155939
155994
156156
156233
156290
156351
156554
156607
156773
156825
156888
156893
156945
156988
157002
157607
157664
157665
157859
157881
158001
158060
158321
158378
158408
158528
158563
158653
158695
158809
158908
158927
158985
159029
159594
159770
159877
160007
160012
160244
160392
160483
160682
160837
160981
161097
161223
161260
161294
161310
161436
161463
161476
161629
161697
161810
161840
161877
161917
161919
162170
162276
162296
162358
162577
162606
162661
162681
162927
163058
163100
163343
163426
163455
163575
163964
164269
164281
164316
164357
164382
164394
164565
164733
164737
164752
164770
164782
164847
165084
165227
165267
165321
165330
165342
165613
165628
165657
165713
165780
165817
165826
165887
166045
166303
166478
166509
166714
166728
166843
166871
166934
167043
167147
167171
167351
167371
167429
167789
167897
167903
167932
168053
168139
168205
168345
168401
168447
168628
168643
168649
169067
169197
169264
169345
169365
169424
169484
169562
169658
169746
169785
169849
169863
169948
170037
170061
170122
170207
170249
170286
170526
170680
170750
170798
170939
170962
171063
171232
171333
171356
171986
172055
172128
172196
172460
172464
172634
172748
172785
172786
172848
172954
173029
173098
173121
173358
173567
173613
173659
173661
173739
173746
173788
173877
174135
174308
174518
174617
174732
174748
174775
174779
174956
174961
175041
175065
175085
175166
175341
175561
175644
175845
175883
175897
175899
175938
175955
175990
176017
176042
176106
176157
176217
176242
176461
176482
176877
176880
177014
177163
177254
177268
177268
177292
177355
177575
177631
177639
177659
177659
177696
177871
177928
177929
178017
178038
178070
178075
178147
178156
178259
178271
178325
178487
178576
178666
178850
178862
178877
178954
179018
179031
179112
179123
179147
179379
179547
179637
179644
179775
179883
179957
180060
180078
180090
180264
180303
180317
180353
180413
180656
180792
180852
180867
180897
181140
181180
181266
181391
181489
181550
181762
182046
182051
182165
182231
182264
182312
182397
182402
182414
182442
182548
182574
182639
182767
182775
182981
183117
183120
183160
183187
183406
183480
183582
183672
183816
183819
183853
183881
183953
183997
184045
184187
184268
184591
184629
184748
184816
184905
185310
185361
185620
185882
185992
186301
186372
186475
186520
186596
186600
186758
186837
187004
187100
187106
187128
187322
187388
187453
187622
187664
187807
187861
188004
188007
188047
188168
188546
188563
188616
188617
188768
188837
188882
188923
189232
189257
189263
189366
189384
189474
189569
189728
189893
189992
190009
190118
190397
190609
190667
190753
190867
191029
191142
191183
191523
191604
191624
191697
191750
191793
191835
191842
191938
191961
192163
192252
192483
192553
192731
192732
192790
192860
192991
193027
193293
193323
193327
193378
193381
193513
193532
193562
193592
193606
193655
193858
193936
194064
194114
194187
194251
194390
194607
194607
194614
194631
194762
194951
194987
195044
195446
195452
195495
195536
195703
195716
195887
195898
196056
196114
196262
196321
196349
196408
196547
196631
196674
196690
196788
196830
196846
196874
196897
196905
197075
197080
197180
197207
197240
197428
197463
197485
197609
197638
197768
198077
198083
198110
198280
198285
198296
198314
198316
198372
198387
198435
198466
198653
198747
198750
198758
198957
199102
199455
199545
199609
199617
199625
199881
199926
199999
200079
200098
200296
200341
200411
200418
200567
200660
200719
200882
200903
200959
201083
201094
201169
201294
201376
201840
201907
201950
201953
202212
202435
202448
202607
202625
202637
202662
202770
202779
202780
203048
203173
203304
203398
203648
203709
204165
204204
204493
204530
204531
204620
204799
204848
204890
205368
205434
205458
205547
205676
205835
205915
205933
206066
206155
206280
206359
206454
206634
207086
207148
207267
207322
207377
207428
207440
207510
207528
207552
207671
207769
207994
208090
208099
208130
208189
208194
208505
208623
208723
208777
208785
208800
208877
208969
208972
209093
209165
209377
209423
209522
209656
209840
209892
209951
209987
209997
210079
210086
210089
210118
210154
210322
210354
210365
210564
210583
210601
210610
210657
210777
210961
211203
211272
211382
211765
211907
211978
212014
212124
212379
212630
212861
213029
213095
213137
213270
213357
213438
213477
213619
213756
213872
214146
214159
214197
214359
214392
214512
214615
214617
214667
214821
215586
215826
216071
216093
216129
216283
216469
216517
216705
216923
217015
217044
217219
217398
217448
217720
217746
217776
217815
217943
217960
218120
218136
218167
218513
218523
218525
218914
218970
219016
219278
219480
219480
219563
219647
219866
219882
219972
219980
220378
220417
220585
220717
220769
220919
220956
221211
221281
221284
221434
221768
221819
221835
221910
221971
222014
222014
222138
222175
222213
222232
222303
222360
222701
222741
222815
223290
223468
223503
223784
223794
223911
224063
224153
224251
224377
224534
224691
224771
224807
224852
225258
225351
225441
225496
225785
225889
226256
226262
226264
226380
226469
226713
226829
227063
227257
227346
227382
228195
228359
228530
228543
228605
228606
229018
229592
229619
229626
229631
229658
229659
229778
229804
229902
230031
230260
230366
230448
230467
230486
230486
230562
230705
230795
230805
230841
230850
231224
231254
231299
231415
231416
231644
231653
231862
231904
231967
232076
232115
232205
232234
232379
232434
232497
232601
232813
232864
233104
233108
233507
233560
233676
233710
233751
233767
233877
233930
234036
234047
234087
234142
234154
234200
234336
234384
234554
234804
234998
235288
235294
235419
235454
235715
235746
235792
235808
235811
235887
236058
236097
236132
236325
236344
236356
236384
236467
236534
236809
236909
236999
237016
237044
237172
237284
237305
237338
237342
237538
237612
237704
237807
237889
238294
238307
238515
238607
238656
238682
238826
238844
238877
238941
239006
239081
239147
239245
239261
239266
239279
239576
239756
239795
239927
240006
240336
240531
240584
240637
240700
240747
240830
240866
241062
241072
241084
241097
241164
241219
241231
241358
241561
241642
241739
241769
241785
242077
242180
242551
242663
242774
242951
243085
243088
243103
243106
243123
243232
243409
243410
243540
243588
243589
243684
243708
243713
243773
243963
243997
244035
244115
244281
244385
244781
244809
244845
245025
245198
245270
245432
245509
245654
245705
245733
245748
246056
246228
246256
246301
246342
246596
246682
246831
246977
247125
247165
247186
247229
247308
247440
247488
247597
247625
247671
247818
247882
247927
248111
248112
248155
248270
248355
248501
248702
248706
248851
248953
249205
249379
249422
249459
249488
249491
249505
249512
249654
249901
250550
250575
250747
251083
251130
251188
251257
251309
251423
251475
251682
251738
251887
252096
252379
252383
252427
252453
252474
252544
252726
252828
252950
252994
253244
253257
253352
253376
253388
253410
253461
253561
253562
253687
253693
253697
253918
253922
253998
254388
254431
254602
254660
254820
254927
254949
254998
255021
255150
255216
255273
255417
255454
256102
256416
257148
257162
257195
257248
257350
257392
257425
257508
257774
257805
257975
258064
258222
258223
258374
258398
258408
258429
258745
258795
258927
258961
259037
259051
259055
259440
259452
259665
259844
260016
260379
260496
260501
260658
260693
260893
260915
260915
261135
261161
261441
261502
261508
261564
261568
261699
261703
261829
261935
261958
262067
262397
262470
262649
262723
262761
262762
262823
262952
263216
263243
263377
263442
263505
263507
263535
263560
263942
264143
264153
264202
264401
264930
264936
265049
265181
265261
265268
265528
265609
265686
265695
265697
265852
265879
265999
266009
266098
266201
266314
266400
266403
266440
266485
266566
266608
266803
266885
266901
267154
267156
267231
267293
267616
267637
267910
267942
268255
268422
268454
268558
268592
268673
268878
268881
268906
269285
269399
269492
269552
269704
270003
270014
270042
270173
270189
270247
270337
270496
270539
270666
270714
270730
270765
270797
271313
271344
271465
271531
271695
271724
271725
271944
271948
271957
271961
272038
272047
272084
272143
272176
272292
272381
272410
272585
272629
272653
272750
272770
272786
272872
272905
272971
273129
273206
273220
273235
273270
273286
273308
273314
273356
273389
273391
273542
273551
273873
274002
274079
274152
274328
274371
274494
274619
274642
274713
274774
275041
275174
275207
275241
275334
275364
275366
275396
275451
275469
275517
275541
275704
275802
275899
276022
276199
276352
276382
276444
276457
276571
276843
276871
276966
277005
277013
277110
277541
277632
277750
278079
278116
278212
278246
278651
278662
278861
278987
279007
279241
279328
279419
279629
279785
280045
280298
280319
280412
280420
280431
280541
280596
280717
280885
280990
281032
281116
281123
281137
281154
281240
281250
281282
281319
281358
281386
281604
281757
281802
281832
281968
282115
282127
282346
282348
282400
282498
283081
283164
283196
283358
283647
283659
283676
283682
283818
283916
284155
284167
284194
284229
284240
284737
284928
285445
285453
285571
285682
285695
285955
285978
286087
286420
286478
286532
286644
286691
286709
286882
287095
287098
287394
287448
287511
287511
287708
287822
288002
288087
288363
288397
288439
288615
288749
288795
288951
288994
289167
289388
289444
289520
289635
289647
289686
289723
289957
290157
290287
290297
290302
290465
290556
290657
290672
290778
290900
290920
291167
291218
291271
291285
291310
291389
291425
291511
291590
291608
291614
291743
291754
291912
291977
292070
292079
292104
292206
292211
292296
292390
292441
292631
292683
292708
292736
292892
292961
293003
293044
293178
293325
293395
293464
293492
293590
293778
293817
293902
293919
293926
293955
294319
294370
294373
294587
294682
294852
294986
295079
295325
295342
295445
295640
295718
295806
295893
296643
296688
296763
297028
297126
297225
297242
297448
297667
297990
298016
298286
298323
298377
298709
298808
298913
299130
299218
299227
299231
299234
299273
299284
299306
299566
299657
299878
299942
300130
300223
300300
300405
300474
300571
300706
300783
300805
301180
301262
301366
301552
301555
301901
301934
301940
301986
301995
302195
302213
302295
302299
302321
302375
302431
302456
302495
302770
302877
302944
302967
303131
303151
303215
303439
303476
303517
303525
303583
303784
304074
304089
304157
304208
304234
304735
304962
305224
305262
305270
305451
305734
305808
305962
306047
306133
306135
306178
306307
306480
306525
306575
306578
306612
306921
306970
307163
307429
307451
307560
307650
307980
308167
308169
308185
308258
308325
308450
308532
308816
308979
309114
309232
309296
309353
309383
309716
309819
309840
309946
309988
310014
310408
310510
310548
310630
310705
310762
310809
310927
311229
311253
311318
311401
311469
311533
311547
311814
312026
312128
312162
312314
313049
313354
313528
313563
313720
313755
313898
313908
313932
313951
314103
314129
314199
314290
314306
314371
314378
314383
314506
314642
314670
314891
314924
315057
315143
315281
315447
315503
315545
315588
315612
315613
315729
315746
315808
316087
316166
316279
316328
316398
316439
316443
316606
316642
316661
316781
316781
316935
317003
317099
317166
317257
317301
317537
317567
317670
317688
317734
317931
317989
318049
318153
318156
318272
318411
318469
318551
318553
318648
318728
318791
319070
319302
319358
319425
319469
319522
319628
319639
319655
319689
319744
319773
319797
319874
319881
319965
320035
320071
320142
320455
320488
320578
320615
320667
320867
320893
320917
321053
321114
321770
321914
321970
322065
322092
322106
322217
322225
322288
322342
322463
322515
322559
322680
322681
322701
322965
323155
323332
323337
323504
323530
323735
323748
323897
323975
324346
324460
324583
324622
324833
324960
324960
325166
325210
325218
325316
325403
325543
325637
325638
325741
325793
325794
325798
325904
325972
326026
326060
326077
326163
326168
326222
326431
326475
326742
326754
326765
327019
327038
327266
327267
327432
327497
327840
327935
327978
327987
328016
328162
328196
328223
328464
328744
328793
328847
328932
328999
329026
329121
329208
329311
329411
329453
329471
329657
329846
329888
329964
330032
330059
330090
330220
330252
330274
330291
330354
330575
330728
330780
331132
331141
331194
331211
331220
331253
331417
331437
331497
331520
331590
331633
331699
331712
331774
332189
332302
332357
332390
332566
332764
332969
333004
333026
333093
333358
333511
333528
333688
333789
333873
333965
333991
334042
334222
334294
334358
334376
334429
334597
334635
334658
334658
334950
334978
335005
335168
335187
335267
335276
335309
335340
335397
335523
335603
335690
335809
335938
336186
336300
336305
336498
336685
336994
337030
337258
337266
337348
337460
337499
337543
337611
337712
337777
337904
337927
337974
338074
338136
338167
338262
338353
338464
338508
338535
338583
338611
338686
339096
339151
339189
339268
339383
339402
339474
339653
340086
340201
340315
340490
340529
340594
340630
340792
340961
341126
341175
341311
341378
341498
341517
341536
341564
341573
341708
342029
342076
342110
342185
342254
342322
342511
342568
342683
342822
342953
343027
343045
343540
343603
343627
343702
343768
343781
343792
343843
343869
343933
344029
344228
344260
344388
344549
344601
344641
344837
344875
345013
345144
345147
345233
345268
345381
345461
345545
345653
345916
346031
346278
346326
346357
346543
346902
347012
347015
347063
347064
347394
347399
347401
347430
347616
347736
347745
347995
348115
348233
348399
348574
348582
348629
348928
348971
348994
349040
349089
349097
349175
349237
349253
349271
349381
349400
349555
349558
349667
349747
349757
349774
349873
350050
350080
350326
350418
350566
350644
350715
350758
350847
350883
350883
352161
352242
352347
352347
352762
352889
352894
353212
353293
353351
353441
353577
353645
353670
353688
353759
353763
353904
353989
354161
354377
354437
354499
354521
354591
354598
354685
354715
354825
354949
354949
355147
355147
355419
355492
355585
355640
355667
355671
355732
355893
355941
356129
356226
356353
356577
356717
356809
356891
356993
357235
357396
357516
357517
357539
357729
357763
357932
357934
358168
358382
358408
358555
358595
358601
358818
358875
359035
359056
359181
359347
359416
359431
359472
359554
359574
359616
359927
360010
360011
360047
360054
360198
360240
360502
360818
360869
360966
360979
361196
361287
361401
361403
361627
361733
361969
362046
362126
362167
362241
362348
362357
362376
362379
362389
362433
362472
362816
362836
362987
363091
363138
363239
363353
363482
363572
363638
363714
363846
363856
364048
364051
364099
364172
364250
364290
364367
364827
364960
365253
365276
365302
365504
365508
365519
365674
365803
365824
365943
365999
366190
366270
366453
366567
366664
366666
366798
366834
366883
366948
366975
366986
367073
367105
367220
367228
367261
367278
367346
367405
367458
367655
367737
367751
367922
368091
368122
368161
368256
368268
368342
368392
368482
368803
368915
368945
369031
369037
369053
369092
369372
369428
369446
369646
369779
369951
369979
370137
370267
370624
370894
370913
371175
371212
371436
371555
371913
371961
372010
372013
372211
372237
372263
372319
372374
372426
372442
372487
372491
372682
372699
372758
372938
373047
373110
373174
373188
373230
373277
373413
373531
373614
373620
373640
373737
373748
373806
373809
373810
373927
373960
373962
374247
374553
374695
374875
374929
374938
374998
375077
375149
375239
375381
375515
375676
375692
375902
376044
376066
376190
376205
376256
376318
376329
376709
376738
376794
376820
376875
377077
377155
377183
377214
377442
377578
377622
377656
377857
377942
378063
378518
378604
378746
378826
378885
378900
378972
378992
379007
379012
379087
379397
379427
379490
379502
379644
379675
379725
379766
379784
379828
379841
379912
380225
380255
380427
380513
380542
380814
380875
380898
380907
380929
380984
381096
381214
381404
381438
381460
381496
381600
381814
381850
381855
381926
382087
382132
382324
382444
382497
382694
382742
382779
382957
382985
383125
383135
383157
383223
383244
383278
383306
383371
383379
383586
383794
383826
383916
384078
384230
384261
384317
384358
384445
384602
384621
384755
385222
385620
385639
385693
385801
385804
385895
385952
385995
386091
386094
386171
386368
386393
386451
386510
386675
386744
386804
386865
386882
387000
387065
387104
387145
387189
387325
387381
387539
387611
387650
387757
387757
387799
387822
388188
388227
388240
388263
388289
388381
388426
388528
388535
388758
388865
388888
388983
389195
389247
389269
389365
389372
389532
389610
389639
389765
389779
389813
389926
389966
390078
390197
390463
390486
390519
390536
390536
390649
390672
390886
390903
390925
390963
391363
391377
391413
391422
391535
391616
391680
391819
391841
392063
392065
392096
392217
392439
392641
392711
392755
392850
392866
393101
393379
393684
393775
394162
394227
394448
394553
394561
394572
394699
394711
394829
395114
395208
395250
395347
395352
395538
395552
395620
395643
396122
396151
396192
396200
396250
396493
396541
396668
396684
396726
396831
397054
397234
397292
397398
397410
397758
397909
397996
398100
398157
398183
398272
398325
398358
398549
398660
398927
398945
399100
399192
399242
399379
399389
399509
399671
399817
400149
400315
400406
400413
400423
400456
400889
400990
400996
401013
401075
401188
401261
401367
401515
401867
401991
401999
402003
402055
402074
402100
402118
402155
402555
402633
402762
402766
403224
403263
403371
403649
403845
403852
403887
403903
403909
404090
404197
404229
404483
404853
405003
405127
405334
405366
405583
405656
405700
405798
405947
406162
406181
406390
406539
406594
406663
406679
406716
406740
406743
406748
407082
407166
407207
407235
407248
407347
407367
407404
407450
407673
407763
407800
407825
408013
408081
408162
408291
408372
408378
408389
408526
408526
408678
408784
408796
408822
408834
408860
409086
409198
409200
409503
409546
409587
409786
409992
410583
410589
410685
410982
411004
411007
411020
411039
411074
411170
411179
411281
411351
411505
411587
411590
411613
411747
411754
411758
411767
411802
411814
411938
411997
412121
412203
412281
412309
412481
412503
412559
412709
412716
412900
412980
413141
413189
413383
413595
413722
413778
413871
414050
414265
414271
414293
414305
414335
414481
414529
414543
414543
414549
414594
414658
414702
414789
414900
414913
414947
415053
415235
415258
415259
415411
415466
415472
415604
415861
415880
415958
415980
416121
416253
416410
416728
416729
416784
416797
416848
416916
417004
417024
417083
417165
417381
417962
417988
417990
418056
418148
418200
418220
418298
418517
418682
419007
419043
419052
419193
419203
419319
419371
419372
419418
419440
419484
419563
419583
419696
419750
419850
419973
419978
420003
420049
420277
420341
420377
420526
420710
420717
420790
420814
420840
421032
421055
421211
421455
421491
421538
421606
421629
421677
421684
421871
421922
421927
421932
422005
422364
422480
422482
422515
422578
422599
422882
422918
422931
422949
422967
423016
423191
423222
423322
423485
423499
423588
423725
423751
423768
423800
424085
424126
424190
424274
424330
424716
424726
424735
424790
424795
424825
424874
424885
425306
425344
425498
425612
425680
425749
425849
426046
426047
426323
426601
426850
427106
427296
427569
427642
427753
427824
427868
428022
428054
428171
428172
428362
428366
428622
428717
428895
428953
429096
429132
429148
429268
429454
429459
429576
429593
429597
429611
429661
429734
429757
429853
429917
430139
430190
430227
430268
430298
430392
430485
430520
430712
430913
430978
430993
431178
431287
431402
431509
431516
431752
431801
432408
432510
432633
432732
432741
432809
432857
433123
433244
433350
433384
433459
433473
433683
433876
433913
433991
434016
434106
434214
434256
434356
434393
434431
434632
434682
434716
434820
434829
434884
434996
435022
435095
435174
435187
435250
435325
435509
435861
435877
435891
435937
436049
436178
436258
436472
436487
436527
436597
436701
436838
437170
437200
437558
437581
437769
437825
437915
437988
438105
438238
438357
438411
438477
438578
438619
438652
438979
439057
439093
439182
439220
439593
439639
439693
439975
440059
440097
440192
440203
440359
440365
440416
440568
440577
440693
440751
440875
440911
440952
441010
441061
441070
441089
441116
441264
441284
441318
441375
441401
441402
441564
441623
441732
441804
441839
441907
441957
442220
442312
442472
442501
442560
442615
442766
442979
443238
443289
443377
443427
443436
443467
443519
443550
443562
443814
443870
443919
444544
444638
444733
444951
444960
444994
445016
445020
445139
445191
445256
445272
445581
445592
445612
445653
445781
446444
446618
446749
446957
447090
447092
447149
447377
447385
447758
447829
447892
447924
447943
447972
448102
448242
448309
448497
448610
448726
448802
448905
448911
449099
449103
449216
449482
449701
449724
449790
449928
449935
449954
450028
450036
450097
450102
450149
450607
450677
450879
451035
451110
451247
451343
451367
451393
451635
451929
452137
452565
452794
452994
453011
453037
453100
453132
453202
453230
453378
453429
453741
454094
454257
454342
454457
454565
454652
454779
454864
454883
454978
455027
455151
455175
455230
455236
455264
455276
455461
455520
455775
456218
456233
456311
456448
456451
456533
456581
456607
456616
456649
456887
457236
457252
457505
457532
457645
457653
457670
457752
458067
458278
458489
458560
458621
458715
458747
458772
458846
458854
458882
459161
459494
459515
459573
459692
459863
459934
460549
460581
460661
460783
460878
461230
461411
461468
461624
461700
461747
461774
461880
461894
461986
462030
462169
462201
462447
462485
462496
462635
462690
462717
462733
462783
462809
462818
462979
463187
463274
463331
463590
463635
463779
464025
464070
464093
464096
464124
464179
464180
464309
464440
464541
464633
464747
464780
464818
464821
464895
465053
465153
465202
465359
465478
465486
465491
465544
465604
465750
465860
465888
466012
466121
466309
466370
466445
466532
466572
466592
466703
467032
467139
467155
467166
467226
467486
467573
467649
467813
468208
468250
468313
468428
468881
468979
469110
469185
469205
469291
469334
469383
469398
469491
469514
469517
469587
469591
469667
469721
469783
469820
469874
469893
469943
470003
470024
470518
470727
470745
470756
470766
471044
471058
471123
471124
471237
471250
471303
471497
471574
471665
471712
471818
471913
472043
472087
472170
472298
472438
472499
472510
472720
472772
472843
472844
472975
473008
473210
473255
473380
473386
473467
473476
473482
473514
473535
473663
473792
474106
474155
474231
474243
474401
474459
474966
475045
475127
475312
475410
475567
475607
475651
475662
475677
475693
475797
475963
476186
476211
476215
476250
476324
476342
476433
476463
476522
476698
476701
476763
476823
476826
476879
477234
477405
477581
477619
477621
477670
477756
477809
477935
478085
478122
478188
478317
478583
478590
478599
478616
478940
479080
479222
479227
479260
479434
479471
479591
479810
479816
479860
479872
479912
479935
480399
480407
480538
480557
480560
480617
480655
480715
480815
480840
480994
481009
481244
481349
481366
481373
481466
481535
481733
481833
482058
482109
482160
482655
482726
482809
482821
482897
483113
483280
483311
483405
483409
483456
483475
483598
483638
483875
483897
483956
484147
484416
484475
484488
484713
484814
484849
485445
485453
485467
485581
485618
485841
485890
485965
485988
485990
486062
486505
486631
486779
486909
486954
487028
487073
487145
487194
487236
487243
487435
487530
487532
487802
487887
488049
488178
488490
488525
488547
488674
488760
488872
489105
489139
489186
489227
489333
489443
489639
489683
489708
489750
490101
490150
490369
490528
490550
490583
490673
490832
490851
490859
490892
491151
491259
491267
491468
491479
491597
491625
491758
491899
492029
492176
492247
492284
492287
492304
492328
492417
492593
492661
492754
492826
493008
493059
493254
493283
493309
493357
493494
493678
493711
493735
493928
493933
494099
494239
494250
494335
494387
494398
494592
494605
494789
494794
494841
495071
495150
495274
495362
495392
495472
495515
495639
495705
495888
495911
495950
495995
496011
496109
496128
496194
496463
496576
496602
496622
496710
496784
496844
496994
497311
497406
497500
497580
497582
497583
497735
497840
497954
498199
498241
498252
498277
498356
498494
498505
498685
498726
498751
498800
498810
498823
498860
498964
499012
499030
499045
499422
499460
499483
499784
499932
499933
500031
500088
500205
500246
500308
500399
500494
500560
500590
500635
500744
500835
500957
501057
501095
501311
501584
501597
501949
501953
502043
502056
502242
502415
502467
502471
502475
502512
502527
502563
502567
502669
502728
502755
502770
502803
502826
502957
503073
503281
503384
503461
503544
503603
503623
503674
503737
503786
503791
503796
503985
504028
504123
504132
504333
504571
504658
504712
504741
504815
504831
504915
505105
505227
505450
505484
505506
505588
505851
505979
506203
506271
506277
506441
506650
506823
506834
506929
507099
507192
507340
507432
507909
507966
507973
508047
508137
508208
508234
508246
508338
508348
508398
508426
508819
508884
509007
509206
509253
509263
509428
509550
509687
509871
509966
510059
510137
510193
510196
510197
510282
510426
510804
510882
510906
511203
511393
511558
511699
511840
511897
512015
512035
512155
512236
512267
512369
512400
512444
512558
512660
512805
512923
513109
513173
513393
513644
513753
513820
513830
513870
513988
514059
514195
514422
514522
514749
514843
514865
514954
515089
515190
515250
515475
515602
515741
515933
515974
516011
516045
516119
516144
516310
516331
516496
516499
516536
516557
516565
516570
516573
516607
516609
516707
516816
516923
517002
517318
517369
517380
517458
517541
517807
518014
518221
518232
518252
518292
518305
518470
518598
518716
518747
518767
518780
518944
519169
519177
519404
519607
519617
520073
520261
520279
520442
520498
520559
520606
520916
521171
521182
521198
521266
521270
521290
521572
521587
521618
521819
521984
522056
522190
522216
522242
522243
522246
522414
522422
522627
522671
522688
522815
522846
522926
523030
523094
523205
523254
523302
523477
523647
523790
523869
523883
524074
524101
524120
524142
524215
524989
525131
525269
525295
525504
525535
525544
525566
525575
525631
525657
526046
526078
526108
526199
526521
526605
526705
526707
526739
526977
527052
527125
527401
527471
527496
527542
527710
527729
527744
527757
527820
528014
528129
528138
528230
528410
528487
528548
528573
528645
528649
528954
529093
529109
529144
529192
529285
529288
529297
529321
529367
529822
530022
530048
530117
530458
530529
530712
530837
530875
531152
531259
531329
531379
531388
531562
531586
531931
531936
532063
532333
532341
532534
532539
532593
532689
532697
532710
532712
532791
532942
532983
533147
533304
533358
533410
533520
533522
533555
533710
533762
533813
534168
534325
534348
534617
534744
534982
535022
535056
535119
535285
535294
535468
535481
535530
535644
536105
536310
536370
536376
536385
536387
536487
536534
537005
537151
537474
537686
537802
537873
537978
537986
538133
538350
538365
538399
538402
538432
538438
538731
538782
538784
538901
538923
539130
539150
539171
539196
539197
539199
539417
539592
539683
539898
539906
539950
540078
540394
540465
540559
540583
540955
541114
541138
541272
541366
541416
541463
541514
541548
541595
541668
541766
541838
541873
541898
541962
542217
542247
542328
542450
542810
542839
542876
542905
543413
543417
543461
543483
543662
543833
543856
544069
544265
544285
544301
544370
544437
544443
544551
544599
544680
544835
544882
544917
544951
545204
545435
545630
545730
545867
545912
545978
546027
546041
546067
546319
546523
546544
546656
546687
546689
546789
546793
546971
547023
547248
547292
547342
547453
547613
547617
547664
547664
547719
547720
547721
547739
547760
547791
547928
547949
547959
548152
548526
548733
548738
548833
549031
549293
549345
549684
549710
549875
550140
550149
550196
550232
550276
550472
550488
550489
550561
550591
550606
550697
550724
550727
550785
550902
551054
551142
551187
551196
551245
551316
551318
551446
551476
551529
551643
551797
551802
551936
552101
552125
552130
552255
552279
552323
552381
552590
553254
553311
553359
553575
553991
554020
554037
554340
554547
554633
554663
554716
554795
554840
554872
555043
555127
555153
555201
555210
555239
555294
555383
555468
555518
555573
555704
555832
555876
555918
556039
556125
556132
556149
556163
556169
556248
556286
556343
556532
556589
556651
556717
556749
556859
556880
556918
557158
557158
557160
557182
557259
557261
557336
557445
557481
557560
558046
558123
558196
558341
558346
558374
558392
558505
558653
558689
558693
558891
558991
559128
559172
559225
559243
559447
559528
559658
559662
559710
559904
560077
560129
560203
560204
560227
560259
560381
560412
560425
560459
560507
560931
561103
561134
561151
561487
561557
561681
561685
561935
561994
562256
562320
562344
562349
562472
562489
562507
562569
562572
562751
562838
562919
563111
563123
563164
563241
563244
563279
563523
563625
564437
564758
564807
565158
565288
565423
565451
565557
565582
565610
565656
565728
565759
565786
565790
565919
566001
566046
566105
566147
566224
566339
566339
566360
566444
566514
566609
566688
566839
566959
567150
567504
567561
567575
567691
567728
567749
567919
567920
568053
568227
568274
568511
568592
568624
568646
568712
568728
569045
569149
569317
569477
569665
569680
569683
569952
570182
570304
570595
570746
570776
570848
570929
570998
571128
571145
571319
571404
571420
571740
571762
571869
571976
572026
572167
572235
572258
572277
572331
572552
572683
572693
572889
573011
573096
573103
573426
573477
573639
574122
574490
574548
574605
574722
574795
575086
575146
575164
575235
575244
575254
575458
575810
575837
575983
576003
576668
576738
576836
577018
577103
577351
577388
577483
577486
577578
577758
577916
577918
578010
578180
578353
578369
578382
578568
578985
579170
579183
579433
579455
579489
579550
579580
579618
579669
579696
579748
579915
580041
580231
580349
580353
580394
580689
580708
580730
580861
580907
580915
580990
581012
581026
581101
581101
581213
581235
581286
581343
581377
581389
581399
581407
581412
581497
581517
581521
581524
581680
581756
582114
582145
582289
582319
582513
582586
582587
582667
582817
582951
582975
583134
583219
583266
583400
583438
583469
584014
584077
584088
584092
584150
584409
584413
584417
584542
584589
584645
584649
584649
584880
585020
585031
585044
585131
585185
585196
585217
585250
585377
585540
585546
585590
585620
585987
586161
586540
586554
586855
586861
587020
587362
587370
587491
587782
587792
587858
588116
588120
588149
588276
588304
588318
588329
588329
588331
588726
588753
588881
588889
588907
589119
589150
589168
589370
589408
589435
589466
589885
589890
590053
590062
590106
590161
590240
590261
590426
590522
590625
590658
590844
591022
591044
591052
591144
591275
591364
591466
591569
591636
591655
591754
592036
592133
592144
592342
592346
592522
592687
592748
592748
592768
592878
592978
592989
593029
593043
593082
593108
593217
593257
593341
593353
593411
593653
593676
593679
593750
593789
593910
594306
594411
594436
594527
594561
594586
594602
594651
594696
594776
594937
594937
595114
595122
595143
595222
595228
595338
595396
595682
595984
596050
596055
596061
596159
596236
596286
596604
596636
596647
596662
596729
596826
596895
597020
597059
597066
597085
597096
597177
597336
597351
597524
597743
597846
598013
598072
598076
598179
598322
598410
598533
598603
598606
598735
598874
598912
598978
598989
599292
599508
599527
599557
599794
600201
600250
600457
600469
600490
600545
600605
600782
600901
600927
601085
601173
601604
601818
602129
602190
602203
602322
602582
602645
602645
602934
602981
603009
603013
603069
603346
603370
603403
603423
603473
603503
603504
603518
603560
603699
603820
603854
603941
603990
604005
604105
604117
604143
604293
604351
604365
604465
604674
604689
604910
604932
604959
605011
605057
605170
605299
605328
605386
605559
605746
605886
605911
606000
606227
606297
606457
606563
606645
606684
607023
607279
607367
607388
607619
607773
608052
608225
608248
608405
608426
608527
608601
608640
608663
608722
608747
608827
608836
608845
609048
609057
609104
609196
609263
609299
609350
609449
609512
609840
610081
610105
610294
610460
610560
610602
610666
610788
610963
611034
611065
611360
611388
611738
611748
611988
611999
612013
612027
612352
612388
612677
612682
612730
612790
612829
612836
612918
613110
613163
613405
613406
613454
613482
613532
613667
613698
614284
614456
614492
614522
614570
614581
614588
614673
614718
614748
614805
614878
614992
615049
615059
615084
615199
615298
615335
615392
615461
615553
615557
615632
615912
616134
616245
616270
616289
616376
616519
616685
616860
616942
616957
616981
616997
617018
617053
617133
617234
617382
617444
617466
617762
617814
618027
618030
618088
618156
618203
618278
618372
618419
618639
618867
618894
618949
619161
619321
619492
619548
619593
619618
619672
619709
619976
620073
620104
620214
620382
620523
620534
620612
620811
620826
620934
620952
621099
621466
621629
621723
621810
621876
621908
622081
622229
622255
622255
622329
622408
622435
622530
622541
622788
622831
622838
623024
623044
623302
623499
623503
623701
623713
623726
623777
623806
623840
623871
623919
624057
624080
624192
624212
624406
624407
624465
624498
624537
624951
625041
625056
625282
625519
625524
625636
625753
625984
626072
626091
626154
626198
626368
626457
626474
626721
626730
626738
626750
626752
626918
626968
627030
627037
627168
627217
627279
627304
627338
627339
627545
627584
627937
628216
628245
628408
628410
628521
628716
629120
629530
629548
629590
629663
629817
629845
629916
630178
630265
630317
630391
630655
630720
630801
630926
630977
631620
631965
632266
632285
632338
632405
632836
632901
632909
633019
633314
633716
633841
633847
634364
634771
634998
635020
635153
635272
635555
635776
635943
635994
636193
636204
636353
636386
636529
636661
636768
636788
636794
636903
636905
636931
637058
637231
637242
637303
637415
637457
637672
637773
637935
637960
638107
638111
638142
638481
638731
638734
638749
638902
638926
638963
639140
639151
639175
639279
639525
639666
639994
640110
640145
640194
640226
640272
640303
640483
640509
640699
640727
640758
640844
640927
641309
641324
641510
641651
641822
641885
642005
642356
642458
642857
642914
642928
642931
642981
642995
643038
643108
643357
643426
643427
643474
643615
643818
643862
643886
644045
644138
644185
644186
644705
644783
644795
644803
644993
645015
645049
645171
645364
645545
645548
645557
645638
645716
645731
645978
646045
646101
646333
646340
646462
646748
646770
646880
646899
646937
647112
647121
647132
647151
647332
647564
647598
647674
647804
647837
647934
648332
648354
648355
648355
648436
648459
648463
648528
648548
648613
648637
648655
648716
648723
648794
648826
648834
648896
648930
649108
649181
649368
649396
649606
649740
650005
650046
650068
650147
650170
650187
650195
650208
650493
650499
650547
650714
650746
650836
651310
651350
651370
651443
651514
651670
651725
651935
652059
652075
652179
652432
652498
652525
652816
652827
652868
652940
652972
652999
653059
653072
653128
653306
653350
653409
653413
653454
653570
653678
653764
653974
654063
654097
654228
654338
654340
654362
654386
654454
654474
654559
654921
655011
655022
655092
655363
655550
655557
655668
655768
655779
655853
656052
656171
656274
656344
656368
656479
656555
656715
656741
657340
657398
657428
657557
657576
657611
657617
657650
657717
657755
657783
658367
658396
658586
658627
658686
658699
658751
658767
658951
658969
659058
659158
659295
659299
659366
659483
659572
659614
659667
659682
659689
659838
659977
659999
660156
660184
660368
660457
660478
660654
660776
660901
661111
661265
661353
661435
661437
661838
662053
662152
662155
662252
662276
662278
662313
662516
662559
662631
662673
662769
662823
663034
663128
663174
663193
663371
663381
663760
663875
663913
664014
664237
664655
664677
664884
664932
665056
665217
665217
665772
665799
665838
665950
665979
665992
666034
666347
666433
666449
666519
666625
666640
666692
666713
666762
666880
666922
666926
667002
667113
667158
667161
667205
667256
667354
667494
667525
667602
667698
667704
667808
668147
668153
668242
668469
668572
668712
668968
669059
669189
669192
669258
669506
669589
669696
669754
669998
670057
670083
670133
670155
670292
670470
670518
670600
670658
670999
671051
671078
671390
671443
671469
671632
671711
671798
671884
672095
672170
672183
672328
672545
672713
672849
672976
673106
673228
673388
673690
673776
673931
673964
673968
674007
674053
674075
674083
674108
674236
674280
674290
674350
674359
674433
674550
674628
674722
674803
674999
675126
675196
675205
675275
675287
675405
675653
675933
676051
676075
676080
676156
676187
676191
676266
676284
676298
676342
676384
676488
676610
676632
676669
676674
676780
676876
676891
677166
677209
677214
677275
677814
677826
677947
678531
678646
679208
679432
679481
679512
679543
679593
679634
679673
679772
679831
679840
679922
679936
680034
680076
680093
680285
680404
680514
680558
680664
680679
680750
680776
680799
681296
681342
681433
681524
681538
681688
681896
681952
682189
682286
682512
682634
682713
682758
682915
682967
682997
683031
683031
683140
683288
683377
683409
683429
683477
683604
683678
683791
684201
684201
684230
684438
684630
684717
684829
685166
685182
685276
685506
685558
685616
685749
685974
686016
686112
686346
686427
686581
686695
686754
686776
686869
686869
687188
687332
687630
687761
687769
688121
688659
688900
688911
688970
688975
689132
689207
689345
689417
689750
689858
690056
690140
690414
690422
690605
690831
690962
691002
691020
691059
691085
691351
691493
691591
691623
691827
692186
692341
692382
692540
692543
692621
692622
692623
692639
692687
692697
692769
692770
692949
692960
693149
693214
693446
693461
693603
693848
693864
694092
694301
694418
694476
694545
694576
694865
694887
694914
694970
695155
695465
695499
695510
695532
695646
695808
695872
695890
695963
696199
696272
696465
696541
696651
696682
696686
696711
696908
696917
696978
697167
697244
697346
697477
697488
697522
697596
698379
698490
698558
698598
698672
698688
698711
698883
698977
699111
699148
699173
699186
699527
699826
699847
699886
700006
700844
700858
700893
700897
700917
700980
701168
701174
701236
701363
701370
701441
701461
701545
701553
701738
701742
701856
701880
702032
702089
702203
702519
702573
702681
702742
702814
702950
702957
702960
703069
703222
703251
703332
703448
703527
703700
703827
704132
704136
704588
704738
705046
705188
705361
705391
705404
705483
705501
705629
705723
705724
705902
705994
706047
706099
706265
706332
706464
706513
706628
706794
707048
707051
707249
707273
707416
707544
707643
707662
707694
707731
707755
708026
708176
708238
708319
708341
708429
708430
708536
708683
708717
708777
708985
709066
709109
709293
709319
709462
709538
709573
709706
709727
709768
709809
709814
709869
709972
709988
710219
710353
710428
710438
710686
710834
710840
710884
711154
711217
711289
711319
711369
711475
711536
711741
711960
712017
712141
712312
712320
712552
712684
712796
712848
712991
713022
713124
713126
713153
713373
713383
713509
713665
713966
713969
713991
713992
714118
714155
714385
714453
714546
714646
714881
715031
715130
715273
715281
715409
715507
715557
715595
715688
715701
715718
715751
715791
715925
715999
716162
716197
716254
716399
716400
716427
716463
716627
716651
716742
716893
716938
717032
717087
717234
717557
717584
717811
717948
718049
718231
718231
718477
718568
718605
718783
718826
718885
718986
719189
719253
719280
719408
719415
719439
719485
719536
719566
719618
719635
719682
719885
719988
720134
720147
720324
720400
720488
720618
720906
720953
721059
721112
721134
721275
721329
721365
721367
721443
721600
721627
721674
721718
721812
721858
721874
721927
722264
722363
722513
722776
722924
722930
723001
723402
723587
723620
723634
723646
723662
723692
723870
723945
724383
724400
724452
724560
724748
724941
725062
725324
725350
725604
725917
725937
726173
726228
726269
726395
726413
726465
726740
726744
726806
726837
726981
727068
727212
727409
727591
727650
727673
727743
727780
727799
727864
727867
727874
728031
728251
728402
728473
728584
728627
728681
728698
728732
728851
728934
728992
729032
729095
729180
729326
729355
729526
729604
729813
729818
729935
730116
730123
730358
730456
730548
730629
730732
730789
730905
731309
731443
731879
732188
732332
732572
732663
732833
732879
732909
733003
733037
733183
733275
733292
733340
733348
733417
733476
733492
733704
733742
733753
733769
733835
733911
733951
733953
733958
733959
734449
734460
734461
734486
734596
734763
734765
734793
735080
735142
735184
735207
735227
735392
735816
736136
736175
736216
736565
736602
736682
736696
736705
736781
736783
736788
736789
736885
736907
736935
736950
736959
737022
737099
737173
737219
737628
737634
737689
737739
737788
737841
737852
737855
737905
737909
737947
738081
738199
738406
738631
738929
738988
739026
739050
739266
739291
739546
739547
739558
739585
739847
739902
740021
740232
740265
740327
740389
740516
740525
740614
740653
740708
740790
740864
741310
741665
741910
742045
742110
742183
742207
742298
742369
742415
742469
742587
742811
742877
743094
743334
743456
743598
743683
743736
743821
743846
743920
744103
744105
744132
744202
744307
744360
744475
744485
744659
744747
744793
744897
744940
745052
745123
745125
745157
745239
745441
745739
745866
745893
746036
746129
746194
746251
746293
746424
746449
746510
746535
746547
746704
746811
747080
747153
747226
747321
747366
747395
747519
747553
747772
748122
748280
748436
748535
748558
748559
748936
749037
749256
749296
749372
749522
749594
749699
749734
749764
749821
750124
750136
750223
750389
750586
750744
750758
750885
751004
751347
751362
751507
751508
751684
751718
751753
751938
751951
752011
752195
752290
752316
752395
752578
752731
752785
752854
752878
752977
753018
753146
753210
753277
753359
753514
753625
753665
753693
754010
754031
754055
754066
754325
754407
754437
754462
754463
754501
754698
754702
754977
755056
755160
755326
755481
755564
755674
755927
756013
756053
756170
756296
756364
756391
756522
756588
756654
756722
756968
757003
757114
757220
757239
757249
757394
757439
757476
757510
757556
757607
757769
757842
757913
758191
758200
758326
758332
758380
758451
758475
758538
758623
758646
758745
758771
759034
759537
759598
759717
759816
759984
760112
760345
760858
760951
760995
761125
761489
761674
761674
761845
761954
762060
762087
762165
762181
762197
762420
762623
762689
762744
762744
762769
762769
762774
762833
762964
762979
763033
763035
763068
763124
763129
763226
763326
763703
763754
763907
763957
764065
764241
764577
764628
764706
764997
765021
765165
765171
765351
765408
765420
765510
765757
765841
765942
765985
766001
766073
766250
766251
766271
766358
766367
766594
766692
766748
766773
766780
766799
766874
766884
767085
767175
767260
767359
767435
767611
767655
767665
767674
767692
767698
767718
767794
767884
767948
768074
768172
768440
768521
768716
768777
768802
768883
768965
769100
769264
769317
769589
769595
769634
769634
769640
769754
769835
769871
769964
770058
770152
770173
770433
770621
770921
770933
771000
771177
771305
771322
771423
771504
771691
771733
771736
772093
772165
772563
772577
772628
772885
772951
773208
773224
773242
773256
773321
773322
773351
773520
773574
773654
773698
773792
773872
773915
774021
774064
774102
774167
774236
774465
774563
774709
774799
774947
775201
775284
775399
775610
775626
775762
775826
775866
775875
775970
776012
776126
776279
776310
776437
776727
776963
777119
777224
777258
777357
777504
777674
777686
778048
778136
778145
778190
778230
778674
778905
778985
779057
779164
779822
779864
779874
779896
779963
779969
780049
780049
780078
780128
780355
780439
780572
780607
780671
780711
780882
780889
780964
781183
781534
781634
781652
781673
781806
781812
781884
781909
781934
782112
782164
782185
782258
782298
782515
782535
782634
782650
782724
782754
782802
782903
783169
783176
783366
783436
783516
783776
783843
783886
783920
784003
784057
784090
784118
784143
784163
784182
784239
784290
784537
784877
784964
784965
785202
785224
785373
785519
785541
785647
785890
786248
786398
786402
786466
786543
786596
786599
786726
787128
787226
787317
787570
787590
787790
788038
788059
788257
788275
788343
788354
788467
788486
788521
788721
788987
789051
789074
789114
789119
789222
789483
789578
789588
789669
789724
789748
789854
789925
790062
790084
790087
790106
790208
790229
790282
790311
790442
790600
790635
790852
791201
791207
791225
791325
791337
791549
791688
791744
791766
791941
792049
792225
792298
792754
792780
792810
792918
792963
792977
793078
793163
793168
793259
793277
793332
793337
793356
793399
793412
793554
793621
793695
793747
793791
793814
793877
793915
793966
794079
794129
794273
794360
794416
794766
794883
795052
795093
795333
795383
795717
795762
795878
796022
796220
796232
796236
796658
796831
796938
797531
797568
797612
797808
797826
797908
798220
798223
798243
798355
798597
798652
798677
798776
798846
798917
799033
799045
799096
799099
799110
799219
799452
799749
799773
799851
799853
799929
799949
799995
800154
800179
800504
800523
800620
800785
800820
800865
801040
801160
801276
801352
801508
801642
801718
801848
802751
802872
802886
802939
802945
802979
802984
803014
803149
803168
803232
803395
803451
803584
803879
803884
803983
804005
804360
804362
804494
804577
804834
804875
804933
805000
805054
805169
805408
805420
805715
805809
805857
805904
805920
805938
805962
806043
806189
806239
806371
806431
806656
806684
806736
806831
807315
807350
807566
807771
808137
808158
808203
808365
808617
808810
808827
808973
809142
809154
809176
809288
809611
809758
809831
809936
810082
810158
810193
810230
810243
810259
810297
810418
810516
810517
810701
810846
811100
811101
811226
811367
811494
811653
811735
811837
811925
812397
812414
812652
812761
812929
813184
813477
813730
813804
813813
813824
813834
813894
814293
814392
814499
814566
814600
814719
815054
815095
815131
815472
815477
815530
815576
815814
815827
815833
816166
816274
816582
816659
816829
816829
816891
817142
817217
817416
817519
817682
817697
817949
817999
818126
818384
818489
818810
818980
818986
819013
819152
819208
819288
819289
819492
819656
819768
819883
820127
820436
820578
820637
820677
820705
820812
820979
821068
821178
821341
821458
821542
821770
821816
822028
822165
822241
822253
822445
822508
822561
822701
822824
822854
823025
823058
823077
823518
823523
823683
823781
823986
824163
824209
824224
824234
824390
824561
824638
824798
824877
824997
825423
825505
825609
825675
825745
826430
826514
826539
826672
826766
826852
827413
827446
827456
827466
827473
827620
827624
827636
827813
827846
828024
828180
828253
828551
828574
828605
828665
828836
828856
828865
828894
828923
828956
829637
830014
830067
830127
830394
830477
830608
830632
830710
830802
830824
830932
830954
830966
830996
830997
831190
831239
831241
831339
831429
831452
831526
831554
831738
831814
831847
832005
832080
832086
832108
832142
832174
832212
832230
832239
832379
832479
832695
832847
833097
833339
833359
833393
833461
833504
833508
833515
833536
833549
833670
833918
834188
834694
834984
835018
835049
835192
835199
835213
835567
835584
835726
835884
836089
836343
836413
836418
836475
836530
836624
836697
836707
836871
836907
837413
837441
837730
837851
837859
837861
837875
837878
837959
838115
838135
838293
838377
838457
838628
838650
838670
838816
838888
839016
839371
839519
839537
839562
839576
839752
839802
839946
839963
840080
840084
840249
840353
840399
840451
840654
840800
840966
841039
841179
841295
841582
841648
841669
841679
842034
842083
842209
842459
842483
842525
842607
842792
842944
843009
843031
843410
843653
843883
843884
843972
844005
844017
844218
844257
844261
844433
844455
844493
844621
844691
844715
844766
844997
845116
845131
845167
845236
845264
845422
845495
845546
845622
845671
845862
845892
846072
846228
846251
846254
846349
846558
846700
846799
846823
846883
846886
847494
847840
847938
848032
848054
848167
848243
848394
848450
848557
848776
848869
848930
849032
849061
849210
849271
849399
849703
849891
850020
850049
850129
850191
850194
850198
850331
850421
850529
850840
850989
851072
851101
851176
851211
851292
851463
851959
851992
852080
852144
852198
852408
852766
852800
853013
853023
853053
853113
853141
853235
853242
853262
853299
853307
853320
853329
853413
853469
853487
853901
853933
854010
854087
854247
854410
854486
854492
854578
854674
854965
854997
854998
855256
855379
855461
855507
855581
855602
855705
855793
855811
855890
856273
856375
856434
856942
857054
857193
857242
857451
857512
857593
857628
857654
857680
857725
857858
857886
857915
858369
858529
858534
858696
858736
858857
858900
858971
859380
859521
859549
859634
859919
859955
859963
860269
860330
860896
860959
860976
861004
861301
861359
861738
861824
861870
861900
861972
862016
862021
862026
862072
862084
862176
862187
862328
862454
862477
862551
862619
862690
862734
862873
862964
863033
863072
863163
863198
863209
863565
863576
863802
864023
864102
864203
864307
864324
864404
864453
864797
865045
865505
865691
865807
865830
865860
865861
865979
866163
866208
866263
866462
866512
866569
866727
866737
866927
867081
867256
867541
867602
867612
867663
867680
867772
867842
867862
867995
868129
868279
868367
868614
868706
868720
868812
868899
869265
869381
869410
869470
869492
869527
869540
869599
869606
869869
869927
870156
870181
870393
870829
870833
870933
870951
871091
871102
871121
871362
871463
871668
871772
871804
871963
872070
872118
872214
872318
872634
872689
872883
873370
873686
873794
873828
873986
874023
874086
874162
874279
874429
874654
874741
874830
875002
875053
875185
875325
875378
875483
875676
875779
875839
875890
875915
876072
876085
876144
876236
876570
876607
876962
876966
877015
877109
877181
877200
877216
877234
877290
877425
877547
877840
877885
877894
877925
878072
878266
878286
878353
878479
878503
878522
878769
878909
879016
879140
879198
879553
879835
879840
879913
879976
880077
880272
880302
880359
880386
880428
880540
880667
880783
880810
880849
880933
880997
881069
881138
881294
881384
881706
881721
881949
882022
882060
882093
882100
882176
882211
882538
882624
882746
882895
883023
883026
883033
883164
883259
883264
883279
883493
883748
883771
883786
883900
884041
884089
884149
884153
884347
884425
884557
884682
884764
884840
884966
885100
885158
885220
885236
885928
886041
886244
886284
886430
886475
886526
886649
886662
886677
886858
886952
887040
887088
887182
887194
887210
887402
887459
887495
887558
887594
887709
887918
888400
888416
888733
889012
889049
889089
889131
889542
889599
889679
889888
890026
890134
890202
890212
890295
890414
890459
890461
890511
890563
890651
890700
890833
890944
890997
890998
891010
891016
891128
891219
891293
891607
891758
891830
892078
892157
892158
892292
892516
892704
892845
892882
892888
892937
892994
893158
893167
893250
893270
893498
893796
893811
894068
894088
894094
894214
894353
894380
894473
894692
894718
894740
894823
895084
895100
895432
895505
895558
895586
895645
895659
895696
896057
896185
896192
896542
896605
896682
896734
897023
897037
897052
897161
897247
897269
897348
897369
897395
897430
897568
897582
897972
898040
898166
898204
898241
898273
898359
898446
898495
898611
898625
898724
898800
898824
898832
899063
899162
899331
899367
899451
899540
899713
899837
899898
900439
900512
900541
900576
900670
900732
900759
900778
900810
900986
901283
901284
901339
901366
901450
901507
901619
901687
901706
901814
901840
901894
901907
901968
902249
902253
902656
902734
902782
902838
902893
902909
903058
903076
903118
903174
903525
903742
903943
904058
904248
904388
904432
904528
904550
904769
904826
904827
904870
904870
905065
905182
905315
905387
905532
905583
905640
905691
905704
905822
905886
906202
906525
906629
906630
906693
906717
906728
906841
907001
907005
907011
907032
907038
907220
907273
907286
907466
907541
907627
907772
908000
908002
908088
908104
908237
908339
908480
908686
908741
908764
908771
908898
909110
909230
909276
909372
909425
909485
909535
909539
909588
909589
909598
909640
909880
909943
909983
910279
910299
910331
910520
910588
910885
910955
911220
911471
911488
911564
911571
911785
911863
911866
912030
912045
912368
912492
912632
912721
912971
913053
913148
913199
913217
913371
913399
913513
913553
913725
913927
914089
914096
914153
914208
914265
914509
914551
914622
914947
915091
915105
915153
915155
915203
915251
915290
915293
915414
915452
915753
915789
915977
916036
916056
916097
916108
916269
916283
916367
916431
916562
916575
916689
916772
916876
917018
917214
917262
917356
917442
917460
917613
917737
918046
918067
918208
918232
918249
918480
918516
918526
918599
918785
918925
918949
918971
919000
919050
919395
919411
919417
919473
919690
919720
919768
919797
920047
920071
920167
920190
920215
920229
920287
920652
920756
921064
921281
921288
921315
921357
921504
921506
921619
921627
921820
921852
921974
922081
922087
922399
922421
922529
922597
922695
922727
922845
922942
922953
922984
923084
923105
923243
923395
923490
923579
923664
923790
923847
923847
923905
924058
924166
924172
924177
924183
924691
924762
924966
925089
925169
925270
925435
925466
925723
925812
925848
925862
925878
925902
925909
925954
926004
926240
926401
926458
926556
926641
926665
926749
926887
926991
927081
927148
927189
927225
927284
927393
927494
927690
927923
927967
928115
928216
928288
928341
928367
928368
928386
928412
928475
928710
928922
928966
929087
929155
929161
929191
929394
929400
929408
929471
929535
929656
929660
929687
929869
929925
930029
930164
930170
930268
930405
930408
930430
930542
930614
930630
930770
930815
930995
931035
931040
931048
931091
931148
931150
931328
931362
931490
931607
931609
931648
931658
931899
932061
932078
932085
932252
932438
932459
932620
932751
932804
932902
933146
933282
933348
933384
933586
933634
933647
933727
933779
933864
933912
934479
934747
934884
934928
935123
935225
935355
935501
935561
935666
935805
935915
935927
935969
935989
936007
936015
936211
936301
936302
936505
936543
936561
936574
936620
936827
936906
936911
936932
937043
937092
937107
937147
937278
937326
937393
937419
937478
937608
937643
937687
937723
937750
937762
937844
937980
938094
938208
938252
938330
938353
938364
938402
938864
938896
939026
939248
939295
939386
939435
939626
939645
939767
939883
939922
939934
940075
940271
940271
940277
940344
940391
940456
940460
940598
940639
940670
940937
940955
941183
941188
941285
941321
941410
941741
941859
942133
942142
942155
942270
942290
942298
942434
942554
942574
942609
942734
942777
942794
942841
942861
942959
942983
943162
943444
943894
943946
944101
944130
944216
944229
944258
944291
944328
944401
944471
944493
944564
944594
944650
944828
944833
945086
945164
945234
945246
945253
945453
945793
945803
945822
945911
946003
946029
946039
946113
946289
946380
946538
946617
946700
946706
946863
946974
947223
947375
947393
947633
947686
947913
948024
948025
948061
948289
948320
948574
948663
948667
948727
948820
948925
949046
949079
949124
949126
949151
949242
949462
949637
949673
950182
950246
950316
950526
950670
950812
950928
951177
951407
951416
951463
951481
951507
951552
951760
951874
951988
952048
952056
952136
952165
952223
952357
952426
952540
952559
952580
952783
952992
953069
953229
953246
953253
953290
953376
953386
953440
953644
953652
954022
954128
954186
954300
954411
954451
954509
954597
954617
954765
954798
955004
955196
955292
955303
955345
955501
955525
955530
955619
955730
955778
955882
955915
955943
956055
956087
956120
956261
956365
956406
956434
956465
956513
957054
957183
957199
957443
957528
957613
958134
958577
958601
958801
958904
959090
959180
959332
959430
959610
959952
960049
960061
960396
960455
960576
960623
960670
960894
961051
961132
961219
961377
961378
961439
961577
961631
961724
961748
961798
961846
961927
962075
962091
962153
962377
962415
962513
962548
962571
962593
962754
962785
962934
963055
963212
963248
963565
963693
963931
964116
964140
964206
964310
964673
964767
964941
964959
965045
965077
965157
965319
965346
965618
965632
965671
965721
965813
965828
965872
966060
966143
966231
966256
966481
966496
966575
966965
966972
967300
967415
967555
967972
968069
968107
968338
968403
968458
968555
968569
968606
968644
968880
969080
969176
969213
969264
969375
969407
969467
969633
969729
969822
970003
970098
970135
970204
970314
970329
970631
970667
971062
971142
971178
971178
971236
971282
971329
971330
971546
971551
971573
971586
972188
972198
972322
972359
972484
972519
972569
972603
972698
972872
972910
973035
973092
973169
973308
973352
973398
973511
973521
973826
973951
974007
974274
974360
974367
974570
974600
974618
974650
974735
974748
975067
975074
975109
975142
975274
975339
975388
975396
975550
975595
975676
975677
975831
975867
975884
976204
976228
976310
976333
976541
976613
976824
976836
976929
977222
977447
977762
977818
977865
978045
978112
978390
978391
978404
978535
978548
978549
978756
978961
979123
979261
979337
979424
979470
979482
979615
979625
979662
979737
979781
979865
980014
980058
980489
980519
980684
980775
980872
980941
980971
981046
981055
981261
981288
981331
981477
981575
981676
981837
982019
982027
982076
982138
982170
982435
982488
982527
982797
982883
982990
983030
983052
983065
983347
983542
983575
983587
983698
983814
983832
983861
983896
984088
984104
984211
984245
984271
984388
984453
984510
984570
984574
984602
984678
984693
984734
984824
984991
985052
985101
985102
985283
985301
985312
985325
985377
985457
985465
985519
985587
985602
985681
985816
985978
986139
986172
986264
986303
986372
986496
986733
986804
986820
986974
987065
987119
987149
987247
987301
987301
987602
987749
987812
987847
987948
988188
988478
988763
988781
988889
989052
989111
989228
989317
989375
989617
989627
989664
989733
989785
989827
990146
990729
990765
990787
990920
990939
991079
991239
991526
991571
992097
992199
992239
992255
992331
992337
992340
992389
992507
992705
992737
992785
992888
992898
992915
992946
992967
993028
993143
993316
993388
993604
993765
993924
994352
994405
994521
994575
994647
994716
994779
994948
994951
995116
995211
995257
995276
995376
995453
995499
995508
995536
995626
995646
995703
995804
995949
995969
996023
996056
996069
996304
996464
996724
996927
997317
997395
997437
997449
997707
997862
997912
998033
998038
998176
998190
998230
998260
998325
998409
998491
998645
999034
999074
999131
999382
999430
999448
999566
999590
999617
999720
999757
999769
999800
999812
999975
999983
999994
