1000
1103
1701
2521
2792
4624
5364
6447
7085
7636
7860
7899
9300
9336
9601
10620
11728
12754
13222
13386
13427
13807
13992
14674
16499
16902
17476
18229
18308
18871
19805
24322
24701
25000
25245
26362
26822
26961
27854
30270
31761
31784
34592
35711
38773
39014
39228
39280
39476
39512
39948
40999
41221
42581
42880
44750
45049
45999
46187
46466
47348
47568
48079
48274
48568
48783
49608
50243
51227
53236
53789
55435
55878
60883
61113
65200
65240
66104
66159
66895
67034
68932
69779
69847
70081
70145
70951
73084
76231
76579
76632
80854
82024
82206
82450
84325
85181
85269
85425
86617
88122
88534
88596
88877
89618
90121
91098
91602
92011
92030
92187
93349
93473
93507
93768
94197
94541
94822
94880
98285
101529
103171
105605
106772
107260
107527
108032
108142
108602
108666
109674
109750
109846
110845
111104
112084
112366
112768
112844
113010
115371
116374
117142
117580
118323
118464
119904
120125
120625
120865
122022
122506
124688
126040
127547
127597
129478
129941
130170
131385
133506
135373
135505
136599
136886
137494
138688
139042
139963
140238
142140
143284
147244
148979
149551
151196
151904
152577
153475
153675
154621
155089
155635
156941
157826
158591
161084
163573
165396
165480
169754
170687
171612
172984
173296
174068
174566
174634
175288
175527
175878
179180
179304
179742
181247
182865
186284
186564
186799
187467
187834
188182
190676
192909
193275
198803
199733
200050
200600
202455
202722
204976
206022
207004
208280
208308
209582
209928
211543
212412
212672
214508
215649
216364
218280
221071
221252
222053
222748
225979
226187
226396
226900
229511
229750
230886
231370
232574
233127
234179
235049
235637
236115
236134
236552
239063
239377
241458
241644
243144
244176
244702
245782
247101
247568
251258
251662
252346
253593
254745
257015
257809
258260
259363
260346
262049
263156
265068
266002
267035
269070
270270
270826
272015
272465
272883
273939
275121
275501
276435
276879
277157
278552
280402
281350
283079
284074
284176
285004
285081
285665
287448
288662
289129
290753
295328
296217
297942
298482
299328
300400
304395
305724
308306
310184
312110
312137
315130
316153
316162
317347
317588
322102
322149
322799
323143
327852
328286
330415
334708
337760
339285
340800
341874
342662
343047
343984
346016
347119
347854
348813
350151
353343
353407
353666
353840
354244
355124
355777
355939
356039
356398
357491
358288
358758
360102
361133
361252
362628
362879
363127
363388
364113
364623
365386
365844
365936
368403
369577
369908
370958
371123
371788
374500
375236
377114
379400
379601
379980
380429
381556
381721
382006
382787
383591
384535
384776
385108
385513
385674
386537
388286
388855
389651
389695
390845
390883
391449
391510
392030
392171
393928
395672
395715
398766
399162
400228
400637
400796
401100
402617
402763
405116
405819
406297
407292
409331
412142
412685
413237
413330
416518
416711
417957
418967
419190
419665
419848
420081
422874
424056
424997
426730
427536
428667
428964
429082
429349
429910
430618
430745
431595
431695
431871
436174
440825
441697
441745
443151
445496
445815
447252
447646
447790
448228
450880
451427
451552
451891
452694
453132
455172
457897
459698
462050
462213
463375
464874
465357
466033
466087
466339
466800
468017
468149
471280
472504
472977
473092
473849
474727
474939
476101
476664
476705
476957
477008
477185
479641
480175
481564
482089
482375
483330
485137
485569
485714
486472
486755
487062
489507
489641
495351
496429
496956
497608
498356
498978
501213
502240
505551
508071
508575
508929
510523
516443
517389
518268
518452
519489
520380
522521
522929
524967
525520
526049
526257
527280
527320
528193
528606
528799
529514
530087
530127
530678
531599
533947
534658
536576
536851
537394
539068
539253
539926
543514
546904
547952
548452
548894
549119
550924
551959
552060
556575
556861
557546
557634
559015
561941
562250
562351
562454
563106
563760
565136
565510
567179
567724
567922
568503
571783
572198
573201
575035
580695
581913
582285
582355
582617
582851
584472
585882
588690
589919
589975
589985
590138
591104
591528
592103
593437
593796
594027
595078
597373
597456
597751
598780
598800
599025
599233
599502
599925
601738
606495
607356
608712
609180
609753
609979
611942
612603
614074
615424
615948
616079
617661
617726
620326
620893
622381
622945
624136
625817
626812
626820
627210
627833
631648
631958
633076
634257
636193
636769
638568
638778
639562
639950
641192
642200
643948
644170
644312
644819
648141
650282
651858
654109
654581
654836
657477
657635
657964
658973
661387
662795
664574
665888
667401
668351
668411
668625
669600
670654
671171
672541
674028
674252
674329
674553
675677
675868
676850
678584
679353
679519
681299
681989
682159
684023
684564
685002
685301
685872
686508
686983
688847
689046
689347
689435
690327
691601
691717
691987
695633
695959
695969
696196
696432
697247
698418
698496
698503
698616
698862
699761
700822
702038
702339
704182
704719
705402
706749
707541
708048
710485
712693
713037
714607
714682
714902
715980
716069
716569
716591
718058
718149
719485
719772
722914
725021
726248
726708
727047
727066
727568
727805
728796
732948
733956
735189
735759
736990
737615
737798
737899
737925
738674
740818
742163
742848
743584
743677
744736
746847
746883
747166
747291
747312
750118
750781
751662
752042
752642
753099
755979
756970
757080
757509
757662
758260
758657
758937
762342
764378
764715
765371
766464
768098
771082
771938
772850
774239
774411
775069
775293
777271
778941
780716
781911
783986
784974
786356
786462
789597
790881
793592
793825
794433
795156
798530
799791
800235
801038
801478
802303
803463
803901
804375
807979
808176
809177
809511
809737
810469
810845
811357
817310
817985
817988
818339
819736
820898
826000
828092
828253
829179
829726
830826
832087
833085
833565
837481
838796
840662
842227
845459
848147
848981
851218
851815
852235
853637
854812
856547
856898
857913
859021
859691
859967
860905
861939
862007
867843
869545
870291
871112
871534
873785
874002
874550
874697
875374
875432
875842
877221
877460
879011
879452
879837
881446
882036
882290
882560
882722
883153
883640
883823
884228
884250
886663
886984
887323
887534
887601
888702
889521
892318
892593
895237
895949
896035
898354
900111
900322
900836
902723
904782
905019
907447
907582
907768
908369
909214
909909
911780
912781
914034
916192
917079
917964
920700
921246
921510
922002
922014
925186
925631
926163
929381
929757
930225
930252
931493
932149
932479
934062
934999
937049
937105
937798
937881
939010
939842
940461
942889
945103
946133
946182
946246
948094
948110
949046
949948
952930
953373
953982
954300
954616
954737
955113
955381
955455
956187
957371
958204
960459
962807
966413
967517
967607
967778
968584
969684
970090
970875
971640
974048
974935
974952
975651
977650
978894
982114
982196
982611
983634
984250
986424
987397
988043
990087
990314
990710
990795
991126
991800
992560
993242
993749
993790
993855
994130
994362
994876
996588
997134
997833
998664
999292
