1000
-999288
-996147
-994172
-993548
-991404
-991301
-990085
-985559
-984848
-984259
-980732
-975200
-973995
-973663
-968516
-964843
-959796
-959545
-957120
-954191
-953932
-953650
-952830
-952650
-951293
-951233
-947443
-946964
-945940
-941072
-941037
-940723
-934216
-933938
-929721
-926233
-920084
-919081
-915881
-914958
-914108
-912451
-909480
-908443
-903850
-891903
-889405
-888772
-886823
-886292
-885826
-885134
-883130
-880164
-876816
-876812
-876331
-870503
-870464
-867794
-866995
-864384
-861041
-859758
-855378
-854680
-854518
-853959
-853630
-853180
-847575
-846231
-843451
-843090
-839734
-839673
-834537
-833448
-833297
-831486
-831196
-829672
-829485
-826679
-825630
-824594
-823360
-820331
-820275
-818019
-814617
-814437
-814163
-809546
-808599
-795829
-791498
-789532
-788160
-787170
-786875
-784398
-779855
-774231
-771925
-771332
-769358
-767865
-765341
-760913
-758891
-757691
-757177
-755660
-755608
-751167
-748156
-747648
-747201
-746249
-745544
-745273
-737707
-733882
-733164
-732160
-730735
-727016
-717825
-716743
-715665
-715546
-714540
-712671
-712163
-710804
-710534
-708398
-707303
-705521
-703626
-701863
-699216
-699153
-697808
-697303
-692097
-688622
-688553
-688496
-677815
-677159
-675465
-673589
-672466
-670335
-664577
-662326
-661139
-659826
-658640
-658355
-658199
-658169
-658165
-657411
-657083
-655247
-652925
-650265
-648942
-647062
-647035
-639321
-638872
-636879
-634042
-633004
-628893
-628440
-627561
-626319
-625357
-621673
-619887
-617337
-615469
-615398
-614948
-614572
-613966
-610155
-606434
-603788
-602829
-600146
-597141
-594396
-591194
-586947
-582601
-579941
-576721
-573572
-569854
-568521
-568218
-567596
-567405
-567178
-565446
-560829
-560714
-559394
-558073
-557613
-554499
-552578
-552457
-547768
-545379
-541254
-534426
-525888
-524296
-524230
-523821
-523415
-523132
-522805
-521520
-520458
-515910
-514733
-513481
-512960
-511318
-503846
-502459
-498515
-497447
-492680
-488940
-487216
-486666
-483904
-482502
-481625
-479842
-476789
-475742
-473610
-470150
-467435
-466474
-464098
-462589
-461373
-459891
-456764
-446378
-446230
-445971
-441279
-437359
-435844
-435698
-435560
-434796
-432165
-425105
-424653
-416404
-415416
-415345
-414342
-412805
-411087
-409361
-407117
-405413
-405317
-404602
-392584
-390468
-389720
-388247
-388203
-388029
-387777
-385887
-385098
-382443
-380983
-379413
-376812
-376087
-376054
-374151
-372954
-369188
-367459
-365405
-365295
-365057
-364541
-360021
-358375
-357799
-356306
-355367
-354481
-354022
-350119
-344392
-342075
-339782
-339062
-337930
-336217
-330230
-329653
-323868
-320715
-316711
-314605
-313616
-312221
-310517
-310454
-309407
-309053
-301265
-299117
-297215
-295827
-292773
-290831
-284766
-284105
-283151
-276672
-269946
-268860
-256630
-255046
-254899
-254132
-252307
-251264
-246806
-245737
-242218
-234207
-232661
-232499
-232149
-230258
-227960
-221467
-217780
-215979
-213084
-212783
-212565
-210357
-207886
-205606
-205605
-205125
-198534
-196244
-193356
-191655
-190561
-190354
-188881
-181123
-178188
-178120
-174244
-170950
-169997
-169237
-168837
-168736
-165666
-164176
-163612
-161527
-159115
-155200
-154431
-153868
-149581
-149537
-147735
-140974
-130263
-129405
-129228
-127426
-127135
-121839
-121131
-119192
-117136
-112359
-111555
-108265
-104338
-102146
-100428
-99840
-98053
-97909
-94478
-91286
-86852
-86008
-84460
-84067
-82699
-82584
-82505
-81149
-79806
-79579
-79374
-75789
-75069
-73787
-73737
-73003
-70927
-64200
-62912
-55342
-51006
-50193
-47205
-46712
-38599
-37672
-35680
-33493
-31168
-30769
-27406
-25416
-24382
-23537
-17416
-16096
-11018
-7556
-7025
-2691
-2419
-2336
885
4595
6924
10101
14137
14919
15348
25611
28206
35207
35547
38973
40814
43291
43568
44683
45582
47325
50080
53806
60119
60806
62782
65729
66261
66633
69999
70306
71183
74380
75731
77207
78612
78981
80813
81650
82170
83358
83376
84379
84793
86696
94934
97835
99546
100377
100882
101185
107181
107287
107854
108724
109013
112442
113747
116079
116436
117500
120910
123825
127380
128033
129038
132410
138115
138381
141694
144201
145123
145302
148804
152985
153842
154616
156092
159227
162019
162272
163489
163962
165517
168408
168638
169793
171887
174363
177681
178212
179266
183850
186817
187079
188072
189886
192839
194114
194926
195475
195582
200245
200393
204012
204097
204674
207973
214449
214947
216467
216663
217952
219372
220408
221110
221724
225935
226975
227101
227459
228113
228934
231162
233383
243942
246029
247085
249642
260946
261595
262913
265564
268562
270989
271978
273159
274255
275580
276239
276255
278940
283294
283617
285514
285730
287689
288827
289880
293264
299341
301771
301793
303913
304209
305695
306373
306790
309199
310445
311833
317043
319045
319734
323239
323387
323626
323921
324222
324774
330182
331590
334190
336211
336286
338686
342569
344767
347581
351444
354920
356292
357051
357200
358989
361513
366484
367446
369057
369575
369923
369950
371521
377480
379468
386366
387018
387294
389491
390248
391275
392139
393755
395711
395913
397207
399033
400657
401993
409501
412779
416376
416743
416918
420976
421585
424948
430371
432746
435173
436899
437594
438500
445448
449027
449058
450838
453196
454255
454706
457949
458945
459810
459873
461781
463460
464038
465219
468233
469204
473757
476237
479468
480295
483070
484272
488488
488712
492387
493661
494140
497036
498623
499081
499115
504288
504299
504794
507375
508254
509871
510401
510939
510964
512468
516730
517056
517064
519253
521053
523458
524461
527751
528239
532413
535892
536520
536951
537602
537802
538018
539480
540038
541060
547084
548730
549419
551828
556683
558432
558841
560276
561178
561540
562308
565761
565795
565945
566474
566547
566857
566956
570219
570466
573592
574366
576166
576996
577166
578347
578376
580039
580611
582493
582535
583317
586180
586380
586394
589555
590917
591689
591924
592846
593325
595128
598067
598432
604587
606504
611575
611869
613497
615404
617552
618348
626480
628035
629206
632390
634758
636820
637616
637763
640294
640772
641985
642459
642759
642905
645177
645506
654306
654577
655378
657106
661773
662526
662920
673292
675475
676316
676632
677939
678012
681057
682110
682203
682610
682629
682879
683679
684722
685746
686072
688018
690159
690435
690441
690867
691503
696392
705110
705225
710476
710698
710757
710937
711248
714425
715722
718115
718289
718904
719745
720897
721501
725636
728971
731606
732004
733136
738802
749585
753210
758118
762612
762955
763171
765298
766867
770429
776264
779143
780022
780972
785842
787149
788822
789803
791057
794392
797478
798547
799108
799689
802632
804581
805013
808226
808336
808763
810489
811636
812086
813189
813525
813729
816513
818078
819083
819402
821657
823593
823630
826747
826960
827098
827301
832091
834093
834990
835902
836828
837979
838077
841862
843756
844385
845247
845690
850602
855730
858696
859072
859430
860608
861645
861664
861867
862553
862875
866552
868207
868605
868790
871265
874814
876102
880404
880774
882622
884754
888569
889890
890098
894785
896096
899265
899726
901415
904021
906082
911434
915599
917125
918311
919413
920333
920346
923664
924061
926608
929811
931017
932000
932530
932927
934252
936088
936416
937659
939423
940148
942313
942478
950012
950578
951873
955334
959127
962271
962300
962303
962651
968125
969425
975208
975614
977305
978398
983258
984164
986159
987195
988975
989520
991728
992314
993061
993630
997513
998588
