100
-979335
-976771
-965339
-941690
-873558
-846692
-835165
-817062
-814669
-803281
-763353
-759841
-750840
-741591
-716845
-707545
-692076
-663909
-642504
-627402
-624071
-611668
-601784
-589253
-584514
-579165
-572397
-567377
-540218
-536554
-522861
-477459
-458669
-446726
-384314
-373501
-364430
-333428
-311646
-276871
-270586
-263911
-241897
-234036
-212425
-165018
-157686
-104624
-96995
-86129
-86103
-84803
-23515
12628
37978
93312
160731
165112
191984
268589
272541
322237
324079
334008
338094
340985
345596
359502
373646
415471
434981
469410
525521
543316
575644
674921
701930
718379
729788
730325
744948
747714
755984
756273
759827
765340
769559
772605
779530
795519
835909
859406
870471
871398
916800
935473
944290
945985
951615
968235
