1000
-998170
-991386
-986648
-985586
-985366
-984302
-984145
-982352
-980757
-980197
-976708
-976323
-971600
-968508
-967252
-966482
-963674
-962418
-961333
-960989
-958099
-955270
-953669
-953405
-949764
-948454
-947200
-946582
-946216
-943634
-943633
-938634
-938053
-936630
-934804
-933923
-931643
-929568
-929149
-927819
-927433
-925522
-923704
-922462
-922425
-922155
-919214
-914243
-914042
-909987
-902729
-901221
-898156
-897275
-895444
-890817
-890188
-888794
-885752
-883259
-879042
-877199
-872966
-871397
-870901
-868110
-866757
-866424
-864784
-863979
-863660
-862188
-858839
-851779
-850945
-848490
-845771
-844702
-842698
-842601
-841958
-841947
-841574
-841515
-841143
-838389
-836670
-830506
-830270
-825555
-824452
-821247
-818407
-818190
-815382
-813533
-813262
-813142
-804827
-804554
-804252
-803215
-798472
-797718
-794128
-793241
-791309
-783318
-782927
-780994
-775202
-774901
-770094
-763693
-762576
-760325
-757090
-752816
-751206
-751200
-750805
-748115
-746431
-745447
-743918
-741603
-741198
-740690
-737362
-737055
-735011
-734497
-734064
-730904
-729704
-729306
-728037
-726837
-726828
-722330
-716423
-716287
-715679
-715331
-715109
-713214
-708501
-707557
-707289
-704106
-694159
-693896
-692744
-692350
-690223
-690142
-687764
-685379
-681893
-680444
-678816
-678501
-678425
-673413
-670619
-668842
-668173
-666586
-664162
-664046
-659312
-654724
-653981
-651395
-648463
-648264
-642637
-642124
-639425
-638522
-634370
-633564
-632564
-632467
-629679
-628951
-628515
-628166
-626366
-625403
-622626
-616955
-615941
-612379
-611583
-609450
-607668
-606792
-605468
-605270
-604667
-599421
-598595
-598482
-598421
-597835
-595743
-592610
-590857
-589130
-581542
-581242
-580905
-580544
-580466
-578279
-577438
-574993
-574797
-573300
-573293
-571679
-570969
-569635
-569223
-568412
-563103
-562075
-558931
-556365
-555384
-555340
-551995
-551463
-551045
-546954
-545838
-545392
-541946
-541193
-540096
-539246
-537722
-537018
-528722
-521583
-521061
-516929
-516629
-515797
-509662
-509064
-505618
-503633
-500890
-497316
-496816
-493568
-491731
-491393
-487710
-487605
-487115
-482139
-481279
-480064
-478133
-473584
-473285
-469895
-467074
-466574
-464757
-463304
-462494
-459087
-455594
-454546
-454484
-453725
-453572
-450136
-449667
-446387
-443052
-442150
-440414
-440042
-437607
-436834
-435444
-433733
-431605
-430418
-423248
-420846
-420533
-420445
-418587
-417753
-417401
-414918
-413897
-408920
-408718
-407630
-405069
-404959
-404150
-402709
-399415
-397800
-396097
-395218
-393139
-390165
-388824
-387961
-387741
-385966
-383844
-382843
-381407
-380474
-379427
-378992
-378538
-377928
-377845
-377586
-376042
-371331
-370406
-369828
-367403
-366622
-363765
-362686
-362401
-361855
-359670
-358832
-358093
-356671
-354838
-351357
-349821
-346535
-343366
-341225
-338233
-333474
-326350
-324669
-323789
-322538
-321814
-318676
-316288
-311719
-309913
-306774
-304454
-304400
-303542
-299500
-296088
-291910
-289601
-288031
-287467
-285498
-284228
-276550
-272313
-271295
-270907
-265521
-264264
-263287
-261960
-258566
-256682
-254880
-254748
-253175
-250564
-247562
-245375
-243178
-239683
-236404
-235057
-231845
-231016
-230568
-229874
-224264
-223334
-222956
-220453
-214793
-212749
-212418
-212345
-209462
-207445
-207178
-201132
-198254
-193244
-192237
-186570
-180113
-174495
-172995
-171668
-170200
-169689
-168796
-164071
-162082
-159132
-158907
-157653
-156813
-154641
-151140
-149665
-147938
-145091
-144013
-142345
-137358
-136401
-128347
-126590
-126195
-120656
-119492
-117687
-116817
-115245
-112955
-112907
-111627
-106297
-103498
-103002
-101806
-99684
-95034
-89381
-87956
-82283
-81121
-80616
-78479
-73573
-73500
-66707
-65814
-65615
-63405
-61481
-61149
-58509
-58292
-57829
-57160
-56332
-55791
-49691
-49291
-47635
-46916
-46166
-36718
-34249
-27594
-26849
-25443
-22089
-21164
-17514
-16124
-15709
-11349
-7233
-6099
-5908
1603
3842
4897
6941
7437
7925
9643
11754
12676
13285
16650
17974
19173
20758
28910
29457
30775
34095
37564
37707
38127
41188
41630
43084
45212
50015
50549
52909
56662
57721
59454
59601
63521
64081
67213
71672
72965
73891
73934
80157
85422
88260
88307
89695
90142
91940
94314
94976
95530
96037
97081
97770
101050
102194
103154
110527
111224
115313
116696
118075
119604
120461
120605
123844
126701
127744
132103
135816
138535
139496
141102
141481
143970
144386
147061
147130
149865
153004
155039
155353
157107
157806
158086
158208
160445
160478
164855
166158
167266
171314
174748
174955
185967
187873
194748
195509
197537
199360
205190
205568
206525
211653
212075
212199
212548
213907
214262
214269
221730
222241
224980
232143
233409
233850
235728
237236
238437
239071
242332
243258
243279
245943
258600
258680
261248
261592
261607
262064
263455
263820
264635
267814
268296
268506
268797
268838
270225
271795
271848
272032
272178
272366
272507
284579
288409
289302
290297
290301
292257
294466
296846
298772
304616
304751
305133
305378
308688
309775
314318
318301
319781
323715
324138
325521
332505
332982
334245
334872
335157
337252
338594
339430
340737
341395
341621
344275
345443
345797
348218
349205
351206
354059
362055
365470
365636
368462
368483
369139
377662
378479
387487
393493
394446
395047
397274
400173
401219
403016
403733
404370
405133
407638
408544
418642
419075
419515
420109
421080
421352
421735
423693
426513
426907
427162
436585
437337
439040
439876
441174
442166
444600
444885
446290
447682
448961
449397
449524
450224
451065
451220
451587
455287
456034
457442
462342
462400
463060
463184
464207
464809
465061
465207
465474
465899
477515
480337
480772
482692
483813
483816
487008
491110
492246
494720
496348
498147
499169
499398
501426
506369
507742
511194
511333
514413
514460
516778
517398
518669
524184
526873
530874
531294
531518
532019
532167
532324
534516
535587
536607
536660
538751
546439
546922
547017
547965
548049
550572
556732
561510
562120
563342
563758
564279
564379
567007
567117
571678
571824
572604
575292
575996
577619
578100
578217
578607
580573
583409
585902
586804
594909
597611
598719
604383
607515
612544
614381
615737
623271
624035
624254
625113
625454
630264
630470
631387
632249
642347
643732
643983
645235
646505
646773
647888
649299
651176
653325
655116
657052
657734
660057
662071
664783
666676
676149
676711
680033
680224
685800
689486
690865
693412
694583
695829
696425
696827
706296
709302
710868
711415
715079
716162
717992
718431
718965
723144
723571
723794
725577
725610
727308
727525
727627
736312
738993
740515
741731
742210
743033
748944
749854
750237
750822
757469
757508
759442
760025
764182
767088
774867
780678
780739
783073
783789
783988
786351
787711
787934
791870
796257
797770
798049
798807
801464
804792
806010
806096
810280
811083
816345
817055
819966
822109
823262
823972
825672
825981
826874
827515
829054
832893
833258
835999
836855
842428
843813
843878
844340
848238
849589
850081
851735
852381
853377
861144
861812
864376
866095
869385
870145
871434
872657
872683
873537
874072
874841
875004
880199
880507
884396
885495
889688
892520
893761
899367
902723
903978
904206
904867
905102
905345
906787
907370
908488
910065
912778
918027
918963
922871
925358
928158
931276
931683
931982
933122
935202
938065
940471
942012
943276
943483
946287
947850
949954
951995
953139
957257
959442
963310
963641
964799
965042
967213
967457
968059
968133
969475
971000
971014
971413
975257
977294
977347
978140
978263
981670
982605
983078
985956
995294
