10000
-999755
-999609
-999309
-999224
-999219
-999191
-999024
-998798
-998539
-997914
-997857
-997353
-997183
-997141
-997139
-996421
-996070
-996056
-995876
-995801
-994828
-994678
-994586
-994216
-994178
-994053
-994036
-993153
-993136
-993092
-993030
-991993
-991910
-991795
-991691
-991543
-991535
-991488
-991455
-991435
-991349
-991250
-990776
-990539
-990536
-990453
-990388
-990259
-989636
-989568
-988828
-988300
-988075
-987411
-987341
-987246
-986865
-986851
-986697
-986389
-986165
-986034
-985846
-985764
-984981
-984527
-984526
-984265
-984207
-983651
-983468
-983424
-983381
-982910
-982819
-982803
-982768
-982712
-982556
-982235
-982184
-982112
-982055
-981927
-981694
-981589
-981376
-981293
-981281
-980741
-980620
-980553
-980485
-980064
-979785
-979684
-979376
-979257
-978625
-978171
-977974
-977865
-977536
-977436
-976973
-976793
-976746
-976702
-976670
-976649
-975537
-975457
-975332
-975277
-975276
-975036
-974985
-974868
-974010
-973822
-973724
-973652
-973481
-972845
-972324
-972039
-971925
-971493
-971287
-971123
-971121
-970432
-969988
-969963
-969663
-969619
-969388
-969301
-968891
-968880
-968870
-968608
-968226
-968120
-968100
-967992
-967675
-967670
-967549
-967309
-967112
-967111
-966988
-966726
-966691
-966590
-966343
-965991
-965962
-965945
-965926
-965718
-965560
-965549
-965473
-965282
-965244
-965066
-964630
-964451
-964406
-964289
-964151
-964131
-963814
-963741
-963616
-963554
-963383
-963143
-962988
-962706
-962659
-962181
-961577
-961559
-961408
-961352
-960559
-960139
-960133
-959761
-959540
-959272
-959134
-958949
-958671
-958348
-958335
-958279
-958205
-957825
-957462
-957362
-957327
-957280
-957229
-957194
-956817
-956707
-956687
-956625
-956543
-956489
-956384
-956309
-956127
-956066
-955913
-955885
-955673
-955658
-955494
-955281
-955251
-955222
-955164
-955006
-954948
-954382
-954275
-954118
-954005
-953828
-953724
-953697
-953644
-953628
-953062
-953015
-952759
-952556
-952533
-952083
-951864
-951814
-951605
-950822
-950595
-950104
-949907
-949823
-949792
-949733
-949632
-949288
-948763
-948334
-948319
-948231
-948180
-947882
-947862
-947813
-947540
-947259
-947235
-947217
-947136
-947084
-946955
-946881
-946878
-946514
-946445
-946144
-946065
-946040
-945783
-945613
-945567
-945468
-945288
-944923
-944633
-943957
-943931
-943686
-943395
-943073
-943051
-942995
-942678
-942634
-942563
-942298
-942158
-941532
-941431
-941224
-941155
-941140
-940713
-940671
-940574
-939406
-939399
-939077
-939019
-938543
-938489
-938356
-937787
-937512
-936775
-936177
-936078
-935459
-935364
-935276
-935256
-935149
-934890
-934486
-934347
-934229
-933306
-933216
-933192
-932948
-932849
-932612
-932584
-932550
-932517
-931894
-931696
-931692
-931247
-931218
-931196
-931088
-930985
-930487
-930463
-930430
-930344
-930296
-930026
-929998
-929807
-929776
-929216
-928486
-928271
-928245
-927953
-927942
-927795
-927673
-927635
-927616
-927500
-927456
-927312
-927269
-927189
-926920
-926391
-926079
-926009
-925998
-925840
-925804
-925462
-925386
-924762
-924351
-924313
-924301
-924274
-924209
-924194
-924159
-924095
-922839
-922659
-922301
-922195
-922150
-921827
-921453
-921366
-921181
-921126
-920652
-920140
-919900
-919237
-919187
-918722
-918504
-918402
-917905
-917703
-916930
-916727
-916503
-916115
-915697
-915632
-915630
-915560
-915290
-915284
-915122
-915049
-914959
-914840
-914581
-913743
-913642
-913551
-913244
-913131
-912798
-912676
-912573
-912490
-912339
-912237
-911857
-911852
-911786
-911785
-911552
-911254
-911102
-910998
-910649
-910643
-910388
-910067
-910034
-910015
-909946
-909846
-909721
-909594
-909276
-909257
-909243
-909202
-908867
-908764
-908238
-908192
-907894
-907875
-907530
-907521
-907018
-906881
-906775
-906571
-906511
-906493
-905717
-905629
-905609
-905330
-905220
-904891
-904838
-904768
-904606
-904432
-904341
-904279
-904149
-904147
-904120
-904047
-903650
-903555
-903149
-902677
-902344
-902289
-901800
-901421
-901048
-900852
-900805
-900712
-900678
-899627
-899590
-899406
-899056
-898871
-898699
-898587
-898565
-898413
-898235
-898156
-898062
-898028
-898010
-897926
-897829
-896942
-896912
-896813
-896700
-896564
-896368
-896324
-896137
-895974
-895664
-895463
-894940
-894914
-894859
-894720
-894228
-894005
-893299
-893224
-893224
-892978
-892791
-892681
-892650
-892381
-892249
-892177
-891854
-891617
-891550
-890701
-890410
-890161
-890098
-890057
-889641
-889489
-889291
-889261
-889144
-888711
-888531
-888424
-888212
-888041
-888040
-887437
-887127
-887061
-886378
-886208
-886141
-886125
-885623
-885082
-884789
-884575
-884234
-884225
-884009
-883069
-882994
-882838
-881978
-881782
-881154
-880926
-880492
-880475
-880436
-879843
-879685
-879276
-878913
-878834
-878756
-878714
-878616
-878602
-878339
-877864
-877815
-877773
-877742
-877701
-877039
-876994
-876981
-876978
-876934
-876908
-876677
-876661
-876493
-876428
-876314
-876272
-876157
-876068
-875933
-875250
-874843
-874823
-874422
-874180
-874007
-873506
-873383
-873251
-873197
-872680
-872331
-872093
-872047
-871612
-871370
-871323
-871283
-871073
-869590
-869515
-869511
-869445
-869130
-868544
-868241
-868152
-868124
-868075
-867917
-867906
-867813
-867788
-867607
-867604
-867142
-866841
-866046
-866037
-866015
-865973
-865941
-865807
-865759
-865667
-865396
-864796
-864642
-864570
-863448
-862967
-862884
-862666
-862339
-862266
-862197
-862087
-861785
-861504
-861316
-861147
-861068
-860228
-860124
-859970
-859807
-859418
-859405
-859225
-859101
-858791
-858723
-858494
-858087
-857599
-857505
-857373
-856885
-856586
-856404
-856299
-856210
-856118
-855947
-855619
-855327
-854928
-854752
-854711
-854572
-854526
-854513
-854347
-854321
-854219
-853872
-853842
-853821
-853546
-853516
-853243
-852432
-851970
-851822
-851498
-851326
-850970
-850961
-850961
-850833
-850792
-850347
-850142
-849744
-849479
-849434
-848808
-848728
-848676
-848641
-848479
-848474
-848209
-848124
-848061
-847872
-847572
-847433
-847148
-846667
-845953
-845780
-845627
-845374
-845315
-845244
-845195
-845007
-844928
-844889
-844884
-844731
-844673
-844629
-844575
-844451
-844327
-844327
-844306
-844109
-843983
-843771
-843632
-843562
-843294
-843155
-843150
-843041
-842906
-842680
-842506
-842369
-842198
-842022
-841788
-841689
-840429
-840406
-840260
-840154
-840060
-839975
-839837
-839581
-839554
-838887
-838762
-838558
-838540
-838478
-838386
-838193
-837814
-837656
-837349
-837330
-836967
-836928
-836364
-836271
-836030
-835527
-835518
-835415
-834560
-834402
-834263
-833992
-833916
-833782
-833740
-833588
-833550
-833474
-833227
-832863
-832507
-832447
-832089
-831999
-831938
-831826
-831811
-831752
-831657
-831437
-831329
-831282
-831130
-831106
-831007
-830969
-830899
-830431
-830197
-829819
-829150
-828996
-828820
-828151
-828055
-827981
-827636
-827366
-827295
-827127
-826779
-826591
-826431
-826426
-826357
-826148
-825999
-825902
-825866
-825556
-825325
-825042
-825025
-824996
-824788
-824351
-824191
-823960
-823931
-823875
-823696
-823484
-823393
-822948
-822842
-822637
-822556
-822502
-822268
-822128
-821469
-821411
-821384
-821274
-821190
-821098
-820958
-820906
-820893
-820848
-820587
-820115
-819595
-819537
-819491
-818182
-818133
-817927
-817264
-817114
-817085
-816878
-816580
-816535
-816300
-815989
-815979
-815970
-815677
-815341
-815336
-815221
-815138
-815134
-815077
-814906
-814728
-814120
-814003
-813970
-813625
-813238
-813135
-812876
-812712
-812662
-812468
-812313
-812163
-812086
-811957
-811643
-811421
-811195
-811024
-810887
-810788
-810738
-810449
-809771
-809762
-809755
-809517
-809208
-808845
-808680
-808462
-808426
-808223
-808030
-807894
-807590
-807536
-806449
-806415
-806381
-805533
-805128
-805043
-804935
-804281
-804135
-803768
-803754
-803657
-803637
-803476
-803337
-803271
-803142
-802954
-802856
-802586
-802525
-802490
-802430
-802386
-802379
-802267
-802053
-801931
-801817
-801652
-801651
-801322
-801281
-800951
-800932
-800746
-800426
-800176
-799949
-798467
-798273
-798232
-797865
-797512
-796493
-795892
-795828
-795296
-794881
-794854
-794830
-794827
-794565
-794468
-794309
-794279
-793644
-793583
-793493
-793190
-793072
-792936
-792836
-792712
-792405
-792253
-792209
-792161
-791823
-791699
-791391
-791270
-791243
-791104
-791024
-790987
-790559
-790191
-789884
-789876
-789493
-789221
-788999
-788424
-788404
-788021
-787825
-787806
-787672
-787607
-787462
-787226
-787090
-787018
-786878
-786620
-786465
-786416
-786119
-786107
-785759
-785733
-785492
-785370
-785320
-785219
-784853
-784575
-784440
-784410
-784385
-784225
-784062
-783912
-783173
-782693
-782664
-782552
-782428
-782325
-782107
-781929
-781761
-781720
-781687
-781680
-781378
-781281
-781166
-781036
-780849
-780603
-780326
-780290
-779896
-779582
-779525
-779298
-778754
-778421
-777964
-777923
-777679
-777466
-776857
-776677
-776379
-776232
-775930
-775828
-775685
-775189
-775095
-775076
-774803
-774652
-774507
-774358
-774267
-774239
-774164
-773884
-773841
-773796
-773612
-773112
-773056
-773025
-772562
-772453
-772343
-772143
-771836
-771762
-771684
-771383
-771198
-770901
-770206
-770132
-769382
-769299
-769036
-768855
-768717
-768301
-768177
-767996
-767797
-767555
-767300
-767213
-767173
-767098
-767074
-766654
-766508
-766475
-766136
-765583
-765386
-765311
-765249
-764704
-764612
-764353
-764079
-763814
-763772
-763705
-763455
-763445
-763319
-763291
-762952
-762793
-762574
-762541
-762409
-762399
-762324
-762236
-761723
-761624
-761616
-761550
-761459
-761198
-760784
-760538
-760451
-760023
-759809
-759585
-759290
-758661
-758385
-758350
-758084
-758073
-757957
-757952
-757348
-757183
-757168
-757118
-756824
-756631
-756452
-756012
-754921
-754720
-754419
-754242
-754061
-753999
-753959
-753955
-753893
-753725
-753586
-753412
-753333
-753122
-752958
-752930
-752470
-752399
-752268
-751737
-751711
-751594
-751388
-751361
-751136
-750778
-750665
-750625
-750274
-750124
-750107
-750100
-749838
-749455
-749189
-749185
-749060
-749003
-748195
-747664
-747567
-747343
-747080
-746857
-746636
-746268
-746068
-745991
-745847
-745609
-745605
-745313
-745122
-744753
-744727
-744282
-744250
-744054
-743762
-743303
-743018
-742973
-742608
-742536
-742261
-741933
-741782
-741746
-741617
-741585
-741514
-741357
-741194
-740853
-740715
-740466
-740400
-740278
-740077
-739748
-739699
-739659
-739470
-739224
-739171
-738815
-738799
-738749
-738474
-738441
-737828
-737698
-737489
-737290
-736319
-736316
-735620
-735573
-735146
-734729
-734534
-734497
-734395
-733905
-733765
-733641
-733594
-733187
-732521
-732377
-732255
-732165
-732054
-731999
-731890
-731102
-730491
-729904
-729805
-729458
-729261
-729230
-728826
-728743
-728537
-728485
-728469
-728159
-728001
-727924
-727884
-727339
-727292
-726849
-726585
-726439
-726312
-725525
-725309
-725247
-724911
-724847
-724647
-724596
-724410
-724080
-723981
-723956
-723765
-723674
-723661
-723473
-723394
-723357
-723171
-722971
-722782
-722498
-722305
-722210
-722164
-722078
-721678
-721473
-720986
-720677
-720425
-720290
-720166
-719416
-718927
-718859
-718736
-718301
-718172
-718158
-717958
-717843
-717781
-717687
-717563
-717324
-716716
-716481
-716291
-716127
-715862
-715825
-715819
-715764
-715571
-715514
-715419
-715272
-715081
-714944
-714583
-714516
-714291
-714280
-714172
-713909
-713713
-713405
-713306
-713276
-713228
-712602
-712422
-712286
-712168
-712075
-711966
-711417
-711404
-710658
-710475
-710417
-709944
-709888
-709841
-709751
-709414
-709177
-708780
-708601
-708362
-708014
-707980
-707849
-707626
-707432
-707400
-707378
-707345
-707343
-707308
-707204
-706618
-706451
-706332
-706300
-706104
-705686
-705487
-705456
-705146
-705108
-704880
-703731
-703498
-703248
-702995
-702557
-702544
-702533
-702292
-702286
-701963
-701955
-701900
-701874
-701528
-701481
-701265
-701018
-700892
-700465
-700244
-699945
-699931
-699467
-699149
-698396
-697760
-697480
-697442
-697318
-696982
-696591
-696443
-696301
-695977
-695710
-694842
-694786
-694590
-694564
-694415
-694395
-694353
-693737
-693593
-693586
-693583
-693515
-693366
-693038
-692911
-692697
-692649
-692547
-692526
-692258
-692225
-692137
-691839
-691711
-691106
-690630
-690611
-690606
-690582
-690557
-690544
-690450
-690401
-690115
-690030
-690022
-689942
-689805
-689536
-689495
-689242
-688568
-688549
-688534
-688059
-687862
-687824
-687633
-687439
-687037
-687009
-686976
-686836
-686618
-686605
-686509
-686258
-686052
-685533
-685196
-685086
-685003
-684968
-684695
-684474
-684272
-684271
-684146
-684067
-683991
-683849
-683745
-683738
-683731
-683574
-683569
-683447
-683412
-683130
-682464
-682138
-682083
-681825
-681362
-681133
-681046
-681002
-680844
-680637
-680153
-679664
-679637
-679619
-679327
-679286
-679000
-678967
-678817
-678672
-678564
-678363
-678352
-678269
-677816
-677624
-677424
-677141
-677141
-676967
-676959
-676815
-676725
-676597
-675850
-675652
-675638
-675622
-675576
-675439
-674908
-674766
-674577
-674481
-674463
-673653
-673016
-672979
-672069
-672057
-671906
-671746
-671193
-670553
-670537
-670432
-670322
-670221
-670058
-670035
-669888
-669848
-669621
-669341
-669063
-668805
-668738
-668441
-668344
-668318
-668278
-668178
-668097
-667681
-667646
-667629
-667570
-667237
-667230
-667034
-666908
-666830
-666747
-666211
-666005
-665773
-665709
-665465
-665459
-665406
-665362
-665320
-665216
-664635
-664154
-664057
-663846
-663622
-663401
-663156
-662623
-662577
-662490
-662077
-662020
-661836
-661800
-661745
-661089
-661014
-660982
-660766
-660593
-660547
-660269
-660086
-659861
-659384
-659171
-659040
-658974
-658843
-658731
-658600
-658495
-658227
-658070
-657408
-657273
-657272
-656792
-656386
-656101
-655600
-655276
-655187
-654829
-654778
-654748
-654509
-654267
-654012
-653863
-653110
-653046
-652765
-652665
-652423
-652385
-652346
-651301
-651150
-651012
-650890
-650865
-650679
-650371
-649767
-649423
-649413
-649315
-648844
-648670
-648534
-648243
-648203
-648056
-647788
-647775
-647659
-647186
-647156
-647107
-646022
-645592
-645440
-645131
-644821
-644696
-644491
-644221
-643936
-643513
-643471
-642992
-642905
-642859
-642639
-641968
-641936
-641889
-641721
-641661
-641582
-641578
-641563
-641318
-641050
-641040
-641039
-640742
-640682
-640636
-640513
-640488
-640117
-640014
-639971
-639537
-638896
-638541
-638365
-637869
-637636
-637567
-637278
-637219
-637187
-637175
-637042
-636977
-636953
-636409
-636355
-636171
-635718
-635668
-635382
-635310
-635295
-635223
-635142
-634508
-633859
-633810
-633515
-633290
-633259
-633085
-633068
-632884
-632703
-632660
-632487
-632465
-632296
-631974
-631905
-631520
-631476
-631404
-631241
-631026
-630781
-630735
-630582
-630529
-630361
-630087
-629538
-629417
-629186
-629139
-629034
-628652
-626510
-626251
-626113
-625978
-625969
-625915
-625827
-625750
-625356
-624836
-624801
-624706
-624636
-624170
-623671
-623600
-623454
-623276
-623251
-623016
-622836
-622567
-622523
-622517
-622441
-622419
-621882
-621680
-621672
-621605
-621498
-621340
-621173
-621173
-621090
-621059
-620847
-620581
-620344
-620316
-620138
-619986
-619267
-619173
-618915
-618894
-618594
-618541
-618495
-618479
-617816
-617596
-617417
-617271
-617109
-616639
-616614
-616270
-616204
-615995
-615914
-615500
-615402
-615252
-614787
-614756
-614433
-613874
-613837
-613064
-612819
-612627
-612435
-612333
-611980
-611674
-611337
-610617
-610552
-609978
-609657
-609290
-609079
-608921
-608682
-608391
-608365
-608149
-608125
-607462
-607075
-607010
-606980
-606730
-606611
-606515
-606059
-606035
-605975
-605918
-605572
-605439
-605224
-605106
-605013
-604938
-604842
-604568
-603988
-603899
-603699
-603559
-603483
-603422
-603369
-603219
-603175
-602938
-602859
-602835
-602798
-602519
-602518
-602272
-602086
-601925
-601633
-601542
-601030
-600926
-600922
-600618
-600420
-600410
-600403
-599314
-599107
-599067
-599046
-599045
-598706
-598610
-598432
-598415
-597966
-597804
-597741
-597580
-597146
-596843
-596762
-596226
-596225
-596205
-595972
-595965
-595461
-594291
-594242
-594142
-594096
-593702
-593582
-593465
-592759
-592396
-591743
-591661
-591628
-591578
-591576
-591489
-590862
-590856
-590406
-590379
-590039
-589928
-589881
-589579
-589543
-589394
-589205
-589135
-589089
-588623
-587973
-587597
-587461
-587240
-587122
-586784
-586401
-586093
-585969
-585886
-585773
-585769
-585188
-584942
-584922
-584882
-584643
-584307
-584158
-583742
-583714
-583646
-583286
-583232
-583222
-582974
-582864
-582764
-582721
-582412
-582309
-582270
-582234
-582210
-582114
-582059
-581471
-581445
-581339
-581314
-581142
-581107
-580669
-580569
-580546
-580481
-580372
-580211
-580169
-579969
-579777
-579370
-578981
-578920
-578742
-578710
-578621
-578514
-578440
-578428
-577850
-577756
-577706
-577640
-577535
-577411
-577380
-577327
-577285
-577220
-577168
-576806
-576650
-576396
-576283
-576239
-576117
-576001
-575237
-575187
-575016
-574945
-574661
-574610
-574542
-574383
-573911
-573827
-573616
-573550
-573331
-573009
-572814
-572749
-572644
-572282
-571634
-571220
-571217
-570640
-570637
-570526
-570513
-570290
-569940
-569925
-569350
-568676
-568414
-568157
-568154
-567938
-567924
-567843
-567836
-567770
-567184
-567015
-566988
-566186
-565676
-565653
-565353
-565326
-565108
-565078
-564971
-564747
-564667
-564617
-564560
-564546
-564472
-564376
-564376
-564280
-564269
-564219
-564205
-564166
-563895
-563826
-563811
-563767
-563691
-563412
-563265
-563223
-563161
-563104
-562688
-562670
-562617
-562597
-562461
-562297
-562021
-561530
-561514
-561200
-561087
-560350
-560265
-560194
-560104
-560026
-559907
-559807
-559734
-559712
-559501
-559150
-558507
-558345
-558193
-558090
-558039
-557860
-557617
-557498
-557333
-556873
-556759
-556341
-555826
-555825
-555746
-555535
-555511
-555502
-555251
-555197
-554987
-554662
-554617
-554518
-554004
-554002
-554002
-553993
-553544
-553356
-553344
-553311
-553281
-553115
-553071
-552791
-552548
-552212
-551973
-551946
-551910
-551642
-551338
-550922
-550522
-550495
-550279
-550266
-550256
-550053
-550007
-549800
-549738
-549639
-549516
-549368
-549303
-549195
-548857
-548720
-548636
-548632
-548487
-548440
-548338
-548290
-547930
-547688
-547656
-547648
-547459
-547346
-547248
-547165
-547136
-547114
-547078
-546956
-546786
-546570
-546462
-545982
-545443
-545305
-544728
-544698
-544374
-544181
-544043
-543985
-543736
-543718
-543712
-543333
-543277
-543057
-542916
-542877
-542862
-542763
-542550
-542487
-542448
-542366
-542173
-541803
-541767
-541706
-541522
-541315
-541192
-540767
-540582
-540580
-540471
-540283
-540226
-540133
-540062
-538961
-538901
-538797
-538795
-538580
-538278
-537998
-537587
-537484
-537056
-537048
-536835
-536782
-536749
-536692
-536637
-536581
-536528
-536244
-535859
-535721
-535500
-535500
-534930
-534804
-534673
-534599
-534317
-534111
-534003
-533755
-533659
-533191
-533083
-533022
-532842
-532734
-532308
-532070
-531904
-530988
-530826
-530750
-530724
-530246
-530179
-529691
-529501
-529468
-529450
-529253
-528766
-528758
-528593
-528396
-528332
-528268
-528140
-528100
-527678
-527658
-527562
-527543
-527353
-527326
-527163
-527035
-527008
-526970
-526854
-526465
-526407
-526385
-526308
-526254
-526041
-525823
-525701
-525701
-525676
-525366
-525354
-525337
-525109
-525090
-524931
-524402
-524362
-524218
-524182
-524163
-523963
-523662
-523507
-523309
-523267
-523119
-522902
-522897
-522658
-522487
-522485
-522353
-522102
-521566
-521478
-521387
-521343
-521039
-520831
-520813
-520810
-520712
-520662
-520452
-520388
-520028
-519872
-519859
-519660
-518990
-518865
-518696
-518571
-518293
-518284
-517953
-517688
-517295
-517250
-516867
-516699
-516696
-516563
-516435
-516073
-516017
-516001
-515734
-515711
-515665
-515605
-515520
-515092
-514719
-514291
-513748
-512942
-512523
-512436
-512358
-512305
-511954
-511950
-511727
-511429
-511310
-511238
-510998
-510843
-510792
-510740
-510561
-510494
-510228
-510224
-510033
-509847
-509601
-509552
-509310
-509122
-508794
-508606
-508224
-508178
-508164
-507970
-507617
-507525
-507292
-506881
-506867
-506862
-506739
-506210
-506185
-505716
-505688
-505554
-504885
-504860
-504661
-504265
-503953
-503892
-503797
-503760
-503757
-503646
-503348
-503344
-503323
-503273
-503122
-502936
-502773
-502315
-502218
-501942
-501826
-501817
-501674
-501232
-501133
-500749
-500604
-500560
-500493
-499986
-499673
-499665
-499207
-498997
-498809
-498638
-498476
-498160
-498149
-498070
-497764
-497688
-497538
-497374
-497353
-497303
-497170
-497163
-496931
-496510
-496362
-495946
-495620
-495511
-495247
-495076
-494943
-494882
-494866
-494799
-494719
-494506
-493673
-493622
-492878
-492740
-492168
-492124
-492045
-491425
-491103
-490072
-490064
-489990
-489833
-489814
-489726
-489711
-489623
-489532
-489417
-489201
-489101
-488942
-488569
-488502
-488309
-488206
-488205
-487980
-487797
-487752
-487743
-487505
-487387
-487278
-487012
-486904
-486696
-486470
-485759
-485531
-484883
-484768
-484525
-484058
-483879
-483735
-483644
-483332
-483135
-483116
-482617
-482440
-482359
-482199
-482104
-482087
-482025
-481658
-481575
-481501
-481419
-480906
-480844
-480776
-480738
-480482
-480163
-480037
-479679
-479395
-479226
-478854
-478293
-478245
-478010
-477785
-477384
-477243
-477143
-477143
-476842
-476652
-476535
-476174
-475998
-475861
-475667
-475656
-475348
-475268
-475231
-474710
-474190
-473626
-473481
-473364
-473323
-473316
-473293
-473184
-473169
-473110
-473043
-472764
-472666
-472216
-472177
-472073
-472058
-471788
-471407
-471311
-471246
-471212
-471040
-471015
-471002
-470835
-470650
-470319
-470154
-469679
-469598
-469117
-468818
-468554
-468104
-467764
-467720
-467392
-466703
-466545
-466471
-466396
-466293
-466151
-466117
-465939
-465627
-465348
-465029
-464999
-464989
-464844
-464750
-464673
-464464
-464326
-463798
-463315
-463205
-463189
-463186
-463142
-463102
-462512
-462218
-461565
-461499
-461408
-461389
-461155
-461113
-460804
-460676
-459785
-459741
-459688
-459464
-459380
-458157
-458095
-457762
-457598
-457521
-457520
-457417
-457244
-457090
-457052
-456507
-456451
-456312
-456139
-455266
-455177
-455174
-455112
-455096
-454988
-454589
-453989
-453977
-453918
-453766
-453601
-453120
-453051
-453015
-452946
-452848
-452710
-452343
-452246
-452159
-452130
-452077
-452002
-451971
-451904
-451895
-451730
-451250
-451148
-450442
-450082
-449861
-449360
-449187
-449124
-449010
-448924
-448899
-448875
-448375
-448345
-448076
-447868
-447817
-447693
-447327
-446805
-446691
-446611
-446342
-446137
-445702
-445691
-445577
-445002
-444793
-444441
-444260
-443698
-443324
-443097
-442819
-442652
-442647
-442532
-442183
-442044
-441854
-441708
-441691
-441466
-441429
-441353
-441150
-440936
-440742
-440740
-440381
-440354
-440239
-440148
-439864
-439836
-439714
-439624
-439460
-438758
-438742
-438350
-438205
-438116
-438002
-437984
-437673
-437641
-436991
-436824
-436813
-436598
-436596
-435985
-435915
-435808
-435695
-435186
-434765
-434527
-434287
-434099
-433872
-433657
-433608
-433411
-433277
-432874
-432702
-432646
-432609
-432319
-432259
-431930
-431656
-431260
-431032
-430941
-430917
-430723
-430312
-430185
-430115
-430093
-429999
-429569
-429521
-429515
-429503
-429346
-429249
-429005
-428870
-428537
-428451
-428263
-428004
-427938
-427863
-427854
-427791
-427628
-427443
-427407
-427338
-427191
-427164
-427149
-426915
-426901
-426880
-426854
-426643
-426627
-426466
-426408
-426169
-426021
-425549
-425511
-425309
-424980
-424951
-424601
-424429
-424271
-423899
-423714
-423556
-423485
-423343
-423058
-422153
-422141
-421911
-421776
-421705
-421703
-421689
-421632
-421311
-421212
-420957
-420582
-420500
-420330
-420108
-420005
-418971
-418851
-418602
-418076
-417581
-417540
-417417
-417117
-415989
-415388
-415207
-415007
-414817
-413809
-413319
-412423
-412169
-411735
-411723
-411695
-411684
-411569
-411506
-411220
-410769
-410631
-410455
-410276
-409969
-409263
-409032
-409015
-408915
-408913
-408809
-408801
-408776
-408223
-408199
-408189
-408151
-407752
-407748
-407633
-407456
-407364
-407360
-406447
-406325
-406310
-406310
-406201
-406064
-406059
-405943
-405737
-405651
-404925
-404668
-404423
-404136
-403714
-403691
-403404
-403224
-402948
-402678
-402467
-402339
-400465
-400139
-400051
-399753
-399714
-399576
-399308
-399170
-398804
-398802
-398791
-398764
-398646
-398572
-398376
-398210
-398206
-398186
-397922
-397677
-397241
-397140
-397012
-396967
-396776
-396232
-396187
-396058
-395901
-395770
-395165
-395040
-394973
-394799
-394117
-394050
-394013
-393939
-393798
-393282
-393234
-393188
-393161
-393161
-393150
-392612
-392279
-392225
-392021
-391853
-391749
-391692
-391649
-391345
-391180
-390933
-390690
-390503
-390478
-390280
-390191
-390154
-389985
-389965
-389782
-389604
-389474
-389430
-389328
-389301
-389257
-388976
-388876
-388612
-388273
-388231
-387876
-387743
-387253
-387225
-387010
-386623
-386448
-386383
-386300
-386240
-386208
-385803
-385742
-385707
-385677
-385580
-384881
-384588
-384576
-384327
-384298
-384218
-384216
-383929
-383624
-383568
-383258
-383046
-382657
-382592
-382487
-382026
-381888
-381864
-381809
-381325
-381253
-380618
-380388
-380329
-379624
-379195
-379154
-378811
-378439
-378074
-377743
-377690
-377559
-377295
-376521
-376477
-376340
-376039
-376032
-376022
-376005
-375384
-375051
-374897
-374844
-374825
-374660
-374595
-374140
-374101
-373650
-373619
-373530
-373522
-372753
-372645
-372046
-371977
-371967
-371894
-371526
-371197
-371176
-370999
-370952
-370698
-370568
-370233
-370082
-369729
-369661
-369313
-369310
-369181
-369053
-368561
-368086
-367978
-367883
-367303
-366565
-366264
-366261
-366204
-365981
-365879
-365754
-365227
-365152
-364961
-364930
-364888
-364605
-363787
-363627
-363429
-363323
-362163
-361999
-361825
-361690
-361606
-361071
-360992
-360912
-360778
-360533
-360093
-359970
-359733
-358875
-358735
-358714
-358678
-358673
-358613
-358463
-358434
-356887
-356649
-356635
-356595
-356559
-356517
-356211
-356091
-355882
-355637
-355586
-355533
-355453
-355234
-355062
-354819
-354759
-354019
-353877
-353605
-353260
-353116
-353103
-352878
-352668
-352372
-352082
-352070
-351981
-351970
-351778
-351730
-351642
-351558
-351411
-351274
-351186
-350963
-350862
-350324
-350149
-349898
-349742
-349469
-349430
-349304
-349111
-349042
-348685
-348657
-348569
-348424
-348117
-347732
-347666
-347434
-347130
-346427
-346227
-346162
-345920
-345350
-345298
-345141
-344884
-344865
-344647
-344311
-344296
-344049
-344031
-343685
-343529
-343420
-343170
-343166
-342603
-342237
-341884
-341742
-341675
-341053
-340609
-340480
-340423
-340415
-340010
-339869
-339843
-339798
-339665
-339249
-339097
-338785
-338377
-338022
-337953
-337435
-337226
-337041
-337021
-337001
-336742
-336456
-336228
-336177
-336003
-335922
-335699
-335485
-335484
-335248
-335113
-334905
-333919
-333913
-333810
-333581
-333446
-333268
-333005
-332996
-332600
-332369
-332018
-331963
-331847
-331559
-331378
-331193
-330915
-330858
-330715
-329772
-329649
-329495
-329433
-329396
-329341
-329219
-329112
-328448
-328273
-327995
-327915
-327775
-327161
-326771
-326764
-326378
-326368
-326282
-326269
-326148
-325813
-325714
-325229
-325214
-324787
-324668
-324474
-324022
-324008
-323746
-323686
-323635
-323544
-323421
-322716
-322694
-322641
-322607
-322552
-322333
-322044
-321824
-321790
-321789
-321623
-320884
-320798
-320599
-320455
-320288
-320246
-320217
-320178
-319931
-319687
-319143
-318840
-318764
-318369
-317664
-317619
-317551
-317254
-317125
-316846
-316547
-316503
-316453
-316371
-316322
-316309
-315730
-315644
-315345
-314962
-314885
-314165
-313754
-313461
-313393
-313381
-313118
-313066
-313052
-312992
-312851
-312198
-311921
-311664
-310928
-310186
-310029
-309714
-309405
-309149
-308933
-308929
-308822
-308750
-308636
-308547
-308419
-308140
-307805
-307747
-307350
-307339
-307321
-307245
-306772
-306737
-306685
-305646
-305604
-305471
-305263
-304573
-304504
-304193
-303983
-303794
-303702
-303499
-302832
-302752
-302689
-302555
-302001
-301713
-301709
-301662
-301634
-301553
-301292
-301291
-300987
-300522
-300198
-299809
-299740
-299727
-299268
-299249
-299164
-298835
-298676
-298437
-298409
-298351
-298251
-298081
-297860
-297666
-297585
-297263
-296991
-296901
-296893
-296878
-296692
-296535
-296288
-296062
-295961
-295922
-295826
-295784
-295514
-295479
-295343
-295103
-294952
-294574
-294569
-293961
-293937
-293353
-293109
-293100
-293063
-292771
-292627
-292431
-292001
-291179
-290857
-290280
-290223
-290150
-290138
-289921
-289012
-288844
-288717
-288554
-287907
-287869
-287748
-287551
-287331
-287271
-286993
-286833
-286391
-286111
-285913
-285715
-285660
-285635
-285497
-285469
-285425
-284726
-284623
-284477
-284040
-284010
-283881
-283701
-283334
-283271
-283216
-283136
-283098
-282999
-282931
-282591
-282579
-282378
-282020
-281807
-281484
-281436
-281420
-281350
-281212
-281122
-280971
-280884
-280882
-280748
-280626
-280513
-280440
-280309
-280142
-280104
-280076
-279871
-279611
-279572
-279558
-279174
-279159
-279111
-278802
-278626
-278445
-278335
-278262
-278209
-277879
-277875
-277698
-277532
-277379
-277251
-277148
-276915
-276779
-276395
-276290
-275752
-275502
-275297
-275180
-275095
-274966
-274916
-274847
-274201
-274179
-274000
-273983
-273520
-273380
-273361
-273356
-273286
-273188
-272800
-272798
-272524
-271861
-271833
-271822
-271651
-271572
-271365
-271341
-270999
-270874
-270688
-270584
-270561
-270079
-270013
-269977
-269645
-269596
-269529
-269451
-269297
-269183
-268847
-268323
-268300
-268284
-267948
-267461
-267421
-267235
-267218
-267127
-267018
-266708
-266704
-266577
-266261
-265768
-265345
-265111
-265085
-264599
-264439
-264233
-264007
-263692
-263658
-263448
-262885
-262579
-262315
-262182
-261741
-261693
-261463
-261038
-260803
-260502
-259963
-259961
-259493
-258944
-258840
-258717
-258715
-258664
-258327
-257971
-257959
-257800
-257371
-257322
-257287
-257234
-257207
-257172
-256672
-256481
-256222
-256107
-255915
-255686
-255645
-255455
-255352
-254643
-254205
-253878
-253508
-252989
-252828
-252698
-252434
-251810
-251802
-251286
-251246
-251157
-250993
-250975
-250949
-250917
-250773
-250727
-250708
-250642
-250478
-250455
-250117
-249920
-249868
-249834
-249523
-249281
-249254
-249065
-248809
-248725
-248630
-248620
-248562
-248524
-248094
-247971
-247958
-247781
-247636
-247312
-247015
-246999
-246850
-246653
-246460
-246216
-246090
-245933
-245768
-245740
-245440
-245405
-245324
-245104
-245102
-245059
-244912
-244757
-244543
-244510
-244433
-244397
-244304
-244075
-244044
-244038
-243961
-243831
-243616
-243584
-243072
-242978
-242475
-242079
-242025
-241674
-241405
-240789
-240190
-240172
-239855
-239829
-239675
-238969
-238807
-238629
-238602
-238566
-238563
-238255
-238161
-237167
-236710
-236613
-236429
-236314
-236263
-235639
-235571
-235453
-235282
-235094
-234907
-234710
-234678
-234561
-234556
-234509
-234389
-233116
-233105
-233104
-233071
-232911
-232738
-232442
-232418
-231921
-231746
-231564
-231526
-231394
-230858
-230712
-230624
-230477
-230389
-230116
-230099
-229198
-228381
-228236
-228104
-228095
-226766
-226407
-226296
-225874
-225645
-225615
-225433
-225400
-224913
-224835
-224513
-224506
-224444
-224365
-224269
-224072
-223648
-223590
-223542
-223443
-223432
-222728
-222633
-222568
-222105
-221970
-221949
-221860
-221645
-221587
-221456
-221238
-221212
-221080
-221045
-220841
-220327
-220191
-219915
-219854
-219360
-219124
-219120
-218843
-218698
-218576
-218201
-218172
-218028
-217874
-217835
-217814
-217775
-217769
-217342
-217121
-216332
-216205
-216163
-216088
-216014
-215990
-215779
-215594
-215420
-215420
-215376
-215246
-215107
-214900
-214868
-214762
-213891
-213668
-213635
-213591
-213555
-213211
-212954
-212946
-212451
-212173
-212006
-211923
-211414
-210626
-210550
-210519
-210363
-210153
-209760
-209727
-209134
-208900
-208818
-208523
-208475
-208297
-208181
-208106
-207980
-207816
-207750
-207708
-207620
-207569
-207337
-207245
-207169
-206958
-206525
-206226
-206139
-206091
-206009
-205594
-205412
-205129
-204556
-204381
-204323
-204159
-204051
-203561
-203173
-203110
-202674
-202576
-202292
-201872
-201611
-201563
-200812
-200623
-200405
-199936
-199758
-199757
-199655
-199640
-199447
-199446
-199038
-198951
-198929
-198259
-198075
-197934
-197887
-197654
-197327
-197098
-197058
-196968
-196790
-196773
-196681
-196662
-196326
-196176
-195931
-195699
-195426
-194718
-194555
-194518
-194456
-194284
-193898
-193722
-193267
-193163
-192901
-192484
-192340
-192306
-192192
-191843
-191807
-191805
-191718
-191517
-191380
-191309
-191300
-190748
-190735
-190695
-190669
-190609
-190283
-190021
-189963
-189766
-189557
-189552
-189551
-189445
-189366
-188783
-188586
-188558
-188549
-188483
-188371
-188193
-188074
-187512
-187432
-187180
-187127
-187103
-187064
-187040
-186795
-186772
-186763
-186602
-186556
-186449
-186437
-186302
-186255
-186201
-185915
-185893
-185708
-185616
-185577
-185561
-185546
-185391
-185387
-185113
-184950
-184926
-184719
-184465
-184433
-184394
-184319
-184276
-183989
-183703
-183509
-183452
-182682
-182053
-181934
-181453
-181166
-181159
-181140
-181020
-181010
-180688
-180628
-180554
-180396
-180333
-180332
-180179
-180179
-179984
-179789
-179361
-179074
-178605
-178375
-178277
-178180
-178106
-178078
-177771
-177630
-177523
-177254
-177066
-176690
-176683
-176465
-176350
-176197
-176073
-176055
-175959
-175871
-175762
-175735
-175427
-175332
-175174
-175149
-174962
-174858
-174782
-174616
-174451
-174217
-173906
-173467
-173089
-173044
-172956
-172744
-172713
-172632
-172629
-172353
-172190
-172133
-171346
-171129
-171041
-170860
-170742
-170590
-170583
-170402
-170395
-169925
-169846
-169815
-169217
-169151
-169012
-168986
-168933
-168591
-168567
-168282
-168184
-167378
-166553
-166531
-166392
-166345
-166224
-165991
-165958
-165547
-165536
-165449
-165209
-165104
-165076
-164877
-164828
-164703
-164540
-164373
-164187
-163741
-163490
-163449
-163318
-162976
-162449
-162121
-162110
-161962
-161804
-161476
-161443
-161195
-161190
-161088
-161059
-160978
-160629
-160412
-160067
-160018
-159947
-159916
-159867
-159865
-159711
-159528
-159473
-159302
-159223
-158838
-158682
-158516
-158134
-158035
-157869
-157745
-157656
-157650
-157574
-157208
-157009
-156410
-155763
-155303
-155252
-155164
-155049
-155029
-155008
-154670
-154357
-154226
-154064
-153727
-153707
-153466
-153405
-153326
-153141
-152795
-152295
-152269
-152061
-151667
-151343
-151207
-151077
-150401
-150144
-150047
-149842
-149583
-149552
-149530
-149505
-149455
-149082
-148973
-148678
-148291
-147924
-147638
-147480
-147114
-147029
-146825
-146356
-146155
-146042
-145621
-145485
-144965
-144528
-144063
-144019
-143815
-143713
-143503
-143440
-143426
-143328
-143311
-143261
-143125
-143090
-142952
-142950
-142719
-142715
-142489
-141932
-141928
-141877
-141632
-141538
-141260
-141233
-141185
-141152
-141046
-141042
-141026
-140866
-140697
-140507
-140286
-140230
-140119
-139794
-139499
-139168
-138914
-138850
-138747
-137650
-137646
-137646
-137551
-136870
-136859
-136764
-136594
-136400
-136024
-136012
-135929
-135120
-135038
-135026
-134941
-134929
-134730
-134624
-134621
-134524
-134357
-134034
-133709
-133567
-133430
-133231
-133042
-132882
-132868
-132626
-132554
-132503
-131806
-130820
-130700
-130665
-130343
-130001
-129848
-129777
-129330
-129033
-128932
-128838
-128719
-128007
-127764
-127469
-127052
-126851
-126800
-126625
-126428
-126410
-126155
-126034
-126012
-125982
-125740
-125717
-125657
-125467
-125321
-125216
-125149
-125025
-124929
-124734
-124454
-124439
-124407
-124393
-124233
-123950
-123652
-123423
-123391
-123315
-123271
-122598
-122046
-121477
-121304
-121119
-121059
-120603
-120478
-120462
-120302
-120249
-120092
-119885
-119698
-119485
-118925
-118747
-118463
-118012
-117820
-117501
-117337
-117056
-116858
-116649
-116509
-116496
-116329
-116205
-116044
-115770
-115677
-115316
-115140
-114913
-114856
-114754
-114484
-114365
-114007
-113991
-113753
-113531
-113446
-113222
-113161
-112598
-112598
-111532
-111070
-110945
-110771
-110337
-110205
-109771
-109618
-109091
-108894
-108212
-108179
-108060
-107980
-107824
-107682
-107667
-107300
-106961
-106938
-106758
-106623
-106353
-106333
-106304
-106272
-106257
-106103
-106094
-106047
-105867
-105715
-105713
-105672
-105379
-105162
-105143
-104971
-104825
-104547
-104536
-104459
-104296
-104059
-103911
-103605
-103244
-103146
-102758
-102607
-102547
-102384
-102093
-101854
-101566
-101396
-101295
-101116
-100534
-100476
-100413
-100204
-100169
-100071
-99994
-99849
-99825
-99723
-99564
-99416
-99394
-99060
-98656
-98599
-98509
-98377
-98183
-97791
-97556
-97148
-97139
-97106
-97046
-96939
-96707
-96498
-96114
-96088
-96042
-95643
-95376
-94948
-94819
-94801
-94598
-94475
-93955
-93553
-93540
-93235
-93117
-92446
-91754
-91731
-91715
-91516
-90987
-90052
-90050
-90042
-89983
-89636
-89607
-89410
-89265
-88952
-87658
-87626
-87512
-87497
-87492
-87273
-87186
-87113
-86779
-86428
-86341
-86224
-86150
-86052
-86042
-85628
-85592
-85475
-85390
-85227
-85048
-84828
-84400
-83528
-83339
-83060
-83003
-82701
-82470
-82055
-81774
-81743
-81594
-81085
-80738
-80239
-80057
-79986
-79756
-79512
-79277
-79102
-78889
-78567
-78290
-77947
-77639
-77254
-77124
-77122
-76993
-76058
-75624
-75600
-74879
-74779
-74677
-74234
-74061
-74018
-73961
-73916
-73751
-73504
-73441
-73435
-72937
-72516
-72361
-72019
-71515
-71489
-71451
-71444
-71111
-71090
-70996
-70958
-70928
-70616
-70615
-70389
-70382
-70196
-70195
-70157
-69567
-69561
-69407
-69366
-69313
-69307
-69196
-69131
-68968
-68581
-68394
-68356
-68174
-68120
-67959
-67712
-67673
-67551
-67490
-67345
-66725
-66652
-65887
-65528
-65388
-65241
-65014
-65009
-64980
-64693
-64617
-64325
-63776
-63658
-63516
-63427
-63380
-63147
-63006
-62891
-62820
-62564
-62372
-61927
-61770
-61420
-61306
-60959
-60700
-60222
-59833
-59499
-59461
-59391
-59259
-59255
-59190
-58931
-58848
-58755
-58681
-58582
-58523
-58255
-57842
-57563
-57252
-57213
-57020
-56653
-56419
-56033
-55989
-55790
-55744
-54770
-54533
-54385
-54239
-53872
-53759
-53475
-53421
-53060
-52779
-52698
-52638
-52462
-52368
-52366
-52157
-52156
-51795
-51778
-51365
-51217
-51187
-51011
-50930
-50886
-50593
-50218
-50032
-49862
-49123
-49050
-48774
-48586
-48222
-47919
-47699
-47417
-47290
-47120
-46936
-46848
-46757
-46745
-46330
-45973
-45928
-45876
-45775
-45715
-45687
-45658
-45433
-45419
-45259
-45105
-44952
-44733
-44650
-44443
-44431
-43821
-43717
-43483
-43427
-43153
-42573
-41592
-41362
-41208
-41133
-40817
-40641
-40602
-40561
-40531
-40306
-40192
-40098
-40043
-40028
-39202
-39089
-38367
-38112
-37943
-37779
-37050
-36994
-36944
-36895
-36787
-36713
-36523
-36215
-35564
-35444
-35178
-35137
-35099
-35065
-34877
-34856
-34850
-34293
-34174
-33683
-33385
-33129
-33042
-32433
-32317
-32302
-31384
-31260
-30764
-30633
-30496
-29671
-29662
-29575
-29470
-29299
-29224
-29146
-28513
-28459
-28285
-28181
-27952
-27770
-27727
-27636
-27525
-27481
-27458
-27388
-27318
-27232
-27193
-26956
-26731
-26582
-26369
-26030
-25567
-25126
-25107
-24980
-24307
-24173
-23958
-23925
-23612
-23015
-22155
-21644
-21552
-21449
-21296
-20650
-20435
-20344
-20247
-20005
-19404
-19156
-19043
-19020
-18142
-17917
-17915
-17874
-17612
-17610
-17258
-17196
-17186
-16813
-16649
-16388
-16246
-16173
-15398
-15194
-15156
-14367
-14236
-13478
-13369
-13271
-12927
-12386
-11864
-11837
-11512
-11231
-10956
-10694
-10334
-10195
-10174
-10118
-10089
-10051
-9746
-9650
-9073
-8998
-8893
-8866
-8205
-8168
-7947
-7824
-7689
-7646
-7588
-7511
-7510
-7177
-7110
-6848
-6780
-6682
-6499
-6378
-5906
-5459
-5442
-5367
-5348
-4859
-4679
-3873
-3575
-3567
-3517
-3342
-3289
-2895
-2832
-2693
-2659
-2654
-1052
-328
-288
105
609
638
670
869
1364
1707
1790
1847
2362
2566
2970
3017
3450
3691
4078
4143
4491
4669
4932
5101
5374
5634
5672
6264
6418
6895
7350
7394
7552
7639
7828
7868
8092
8366
8552
8584
8649
8837
9052
9519
9658
10188
10201
10201
10497
10564
10830
10900
10907
11150
11356
11662
11870
11985
12162
12772
13035
13493
13580
13797
14208
14281
14376
14432
14796
15055
15942
16053
16562
16774
16818
17009
17213
17239
17449
17634
17903
17955
18022
18154
18313
18535
18977
19002
19203
20196
20218
20531
21133
21154
21159
21727
22086
23012
23108
23324
23376
23924
24028
24215
24373
24403
24681
24832
24835
24862
24919
24926
24952
25340
25868
26091
26261
26483
26681
26915
27202
27491
27544
27941
28115
28572
28611
28818
28946
29054
29260
29305
29387
29532
29542
29579
30008
30183
30479
30890
30898
31061
31307
31335
31448
31779
31959
32226
32419
33147
33259
33471
33493
33637
33654
33878
33931
34372
34480
35226
35317
35469
35487
35736
35836
35861
36045
36090
36129
37287
37401
37493
37542
37703
38950
39045
39093
39367
39596
39640
39765
40194
40276
40547
40562
40689
40757
40957
40967
41038
41102
41162
41286
42003
42056
42123
42308
42562
42682
42900
42952
43023
43085
43355
43555
43887
44145
44607
44616
44733
45322
45639
45906
46081
46451
46508
46793
46890
47003
47464
47587
47669
47694
47840
48002
48003
48185
48244
48274
48764
48787
48921
49074
49364
49614
49920
50087
50153
50613
50761
50860
51047
51120
51298
51299
51348
51861
51976
52023
52142
52288
52379
52394
52397
52597
52742
52775
53776
53805
54104
54217
54497
54505
54919
55365
55617
55862
55925
55930
55932
55983
56140
56224
56474
56613
56814
56959
57349
57472
57538
58015
58532
59018
59284
59422
59468
59864
60360
60395
60564
60890
61269
61510
61602
61758
61779
61932
62002
62128
62153
62213
62645
62802
63235
63361
63408
63655
63880
63944
63964
64191
64419
64713
64737
64809
64889
65140
65415
65460
65678
65720
65931
66402
66519
66837
67268
67331
67610
68237
68766
69088
69228
69365
69427
69589
70105
70196
70397
70569
70799
70813
70951
70982
71124
71430
71486
71723
71985
72117
72342
72473
72617
72814
73169
73254
73289
73619
73996
74060
74338
74339
74924
75203
75244
75622
75964
76158
76757
76971
77061
77073
77559
77707
77815
78138
78193
78351
78402
78550
79111
79318
79398
79412
79945
80007
80092
80325
80556
80762
81116
81192
81221
81549
81743
81849
81872
82121
82224
82351
82647
82693
82833
82877
82999
83267
83307
83567
83613
83758
83801
83830
83994
83999
84128
84534
85357
85653
86064
86080
86091
86242
86619
86852
86936
86984
87030
87443
87499
88246
88316
88568
88993
89119
89130
89326
89514
89696
90135
90387
90812
90956
90972
91179
91302
91380
91420
91585
91652
91692
91858
92086
92217
92488
92604
92750
92857
92892
93239
93289
94235
94527
94724
94724
95050
95167
95229
95562
95705
95740
95925
96011
96076
96662
96797
96825
96921
97015
97467
97802
98240
98343
98371
98538
98558
98599
99019
99387
99512
99805
99921
100093
100177
100291
100346
100400
100653
101486
101753
101768
102468
103243
103681
103713
103855
104151
104566
105046
105270
105328
105502
105829
106113
106337
106524
106582
106723
106783
106904
106963
107378
107434
107537
107773
107822
107869
108026
108084
108321
108557
108721
108814
108895
108901
108941
108953
109255
109365
109401
110134
110335
110383
110482
110615
110633
110656
110859
111135
111635
112102
112149
112233
112714
112892
113256
113268
113307
113469
113565
113719
113858
113974
113980
114075
114172
114292
114312
114365
114633
114762
114880
114910
114991
115064
115568
115672
115747
115938
116310
116492
116560
117245
117539
117585
118101
118273
118504
118686
118911
119103
119340
119360
119370
119477
119511
119768
119983
120216
120600
120612
120837
121052
121303
121505
122358
122365
122572
122695
122835
122897
122931
123042
123112
123120
123205
123280
123450
123536
123815
123841
124171
124295
124686
124881
125200
125433
125515
125538
125592
125676
125709
125803
126226
126763
126894
126981
127431
127691
128113
128268
129438
129714
129724
129750
130064
130247
130535
130645
130778
131035
131077
131105
131447
131567
132038
132519
132722
132814
133234
133246
133549
133581
134104
134137
134343
134367
134810
135145
135193
135434
135529
135568
135619
136628
136631
136939
136952
137165
137449
137530
137774
137928
138153
138236
138331
138385
138493
138832
138888
138911
139188
139573
139721
139987
140059
140116
140539
140575
140858
140867
140880
141421
141427
141478
142079
142166
142195
142478
142615
142754
142867
142869
143171
143176
143802
144244
144442
144506
144627
144758
144765
144830
144931
145086
145100
145150
145155
145335
145538
145605
145648
145756
145868
145888
146064
146178
146298
146579
146622
146703
146833
146982
147098
148082
148183
148613
148651
148682
149076
149088
149129
149988
150187
150397
150587
150616
150673
150821
151350
151677
151907
151953
152039
152256
152651
153367
153583
153686
153909
154035
154052
154171
154288
154725
155255
155282
155696
156121
156507
156552
157003
157599
157649
157968
158042
158435
158435
158629
159217
159387
159530
160728
160780
160893
161171
161240
161252
161340
161438
161590
161819
162156
162247
162327
162621
162647
162750
162891
162992
162995
163214
163955
164074
164632
164777
165069
165111
165298
165425
165461
165567
165798
166239
166241
166277
166456
166652
166661
167206
167515
167529
167605
167828
167923
168365
168396
169556
169833
170492
170601
170652
170847
170894
171036
171281
171522
171554
171762
172270
172599
172795
172863
173916
174212
174318
174383
174410
174624
174671
175052
175217
175399
175412
175417
175520
175763
176101
176255
176509
176611
176743
176788
176868
176968
177076
177181
177311
177416
177523
178051
178895
179318
179474
179845
179913
180052
180137
180392
180716
180919
180923
181027
181181
181438
181655
181710
181864
181905
181953
182297
182318
182376
182442
182632
182685
182847
182957
183634
184034
184165
184265
184363
184396
185259
185436
185482
185626
185701
185727
185838
185892
185904
186060
186330
186558
186635
186706
186706
187007
187133
187240
188065
188142
188627
188642
188802
188841
188857
188890
189242
189320
189786
190363
190480
190545
190758
190787
191137
191355
191466
191470
191497
191833
192030
192172
192561
192564
192653
192896
193318
193659
193779
194224
194571
194700
194898
194998
195121
195734
195736
195762
195919
196078
196227
196314
196399
196588
196677
196824
196967
196967
197146
197328
197518
198166
198167
199197
199274
199318
199373
199463
199495
199552
199854
200178
200413
200721
200831
201006
201446
201550
201610
202784
202803
203071
203244
203314
203654
203768
203811
204228
204299
204333
204418
204586
204700
204725
204816
204942
204971
205338
205590
205913
206100
206271
206411
206446
207112
207814
207821
208093
208197
208223
208308
208495
208664
209486
209997
210428
210552
210579
210860
211081
211083
211115
211304
211371
211570
211586
211594
211608
211709
211873
211907
212180
212200
212247
212391
212563
212800
212886
213332
213614
213702
214329
214471
214550
214836
215196
215244
215421
215711
215831
215890
215918
216009
216481
217098
217323
217326
217639
217734
218525
218867
219207
219388
219412
219451
219690
219741
219990
220065
220197
220218
220364
220446
220672
221075
221096
221508
221871
222036
222163
222203
222341
222397
222463
222663
222950
223044
223379
223664
223713
223731
224133
224649
224886
225081
225315
225348
225545
225677
225743
226033
226104
226247
226538
226552
227161
227195
227733
227810
227990
228017
228220
228431
228487
228674
229641
230269
231013
231079
231173
231442
231608
231871
232066
232136
232564
232592
233483
233767
234240
234245
234378
234709
234713
235095
235176
236231
236387
236497
236604
236838
236901
237120
237370
237375
237606
238029
238052
238089
238167
238393
238800
238833
239055
239089
239317
239358
239644
239659
239885
240659
240775
240963
241028
241740
241921
242062
242482
242494
242547
242588
242595
242659
242970
243379
243444
243584
243719
244057
244313
244356
244432
244693
244956
245134
245367
245953
246074
246434
246540
246900
247007
247469
247505
247557
247993
248232
249657
249723
249875
250055
250160
250688
250751
250790
251107
251310
251925
252353
252372
252592
252684
253256
253404
253822
253872
254289
254501
254552
254836
254956
255248
255519
255593
255659
255669
255712
255722
256257
256364
256879
256953
256999
257010
257402
257782
257805
257811
257922
258018
258302
259047
259291
259370
259575
259625
259763
259783
259874
260062
260109
260255
260257
261051
261363
261608
261918
262270
262277
262297
262469
262526
262841
262880
263124
263191
263215
263383
263395
263527
263540
263591
263604
264139
264209
264217
264226
264917
265803
266263
266480
266867
266984
267164
267331
267371
267819
268117
268510
268522
268662
268809
269292
269327
269383
269495
269815
270440
270763
270812
270816
271011
271098
271213
271326
271520
271634
271977
272073
272225
272237
272248
272296
272324
272840
272931
273087
273125
273439
273648
273776
273983
274136
274329
274375
274901
275107
275772
275861
276275
276411
276505
276610
276984
277251
277255
277414
277706
277851
277904
277968
277981
278025
278301
278444
278644
278746
279090
279942
279984
280343
280817
280851
280920
281053
281111
281574
281636
282067
282288
282390
282398
282699
282902
282978
283161
283325
283633
283929
284033
284363
284462
284471
284637
284817
285124
285145
285331
285798
286428
286510
286562
286584
286700
286780
287428
287445
287455
287660
287686
287778
287860
287993
288045
288800
289007
289085
289121
289160
289280
289318
289328
289459
289568
289855
289881
289947
289961
290592
290896
291063
291282
291382
291496
291576
291580
291977
292038
292182
292463
292502
292505
292649
292666
292921
293215
293481
293501
293543
293771
293902
294157
294312
294317
294890
294971
295101
295178
295196
295527
295626
295749
295804
296332
296381
297283
297524
297825
297872
297933
298259
298326
298447
298553
298649
298667
299101
299723
299831
300054
300144
300167
300216
300571
301325
301364
301884
302217
303042
303097
303191
303346
303615
303631
303747
303893
304267
304329
304508
304587
304792
305037
305089
305148
305501
305570
305794
306144
306227
306716
306798
307218
307219
307334
307418
307636
307889
307954
308040
308073
308111
308391
308429
308608
308753
308769
308935
309294
309418
309910
310126
310270
310296
310374
311455
311482
311653
312337
312561
313086
313285
313349
313454
313954
314660
314665
315583
315587
315616
315693
316126
316662
316723
317334
317403
317744
318098
318276
318280
318431
318495
318751
318788
319090
319235
319269
319349
319578
319820
319994
320068
320478
320667
321058
321141
321233
321281
321300
321476
321651
321845
322094
322180
322505
322535
322642
322656
322699
323386
323712
324388
324623
325195
325251
325675
326459
326509
326565
326959
327135
327150
327472
327752
328615
328680
328729
329311
329383
329447
330161
330493
330539
330712
330850
330866
330943
331594
332214
332987
333053
333059
333360
333374
333469
333487
333710
334022
334081
334158
334256
334262
334625
334933
335005
335096
335226
335308
335430
335509
335673
335851
336481
336547
336604
336941
337165
337303
337324
337768
337957
337998
338101
338188
338844
338874
339098
339261
339294
339926
340875
341342
341405
341800
342587
342601
342899
343150
343451
343530
343714
343769
343783
343806
344179
344216
344322
344330
344445
344683
344972
345072
345113
345154
345451
345507
345626
345724
346223
346770
347052
347873
348125
348414
348436
348541
348658
348725
349546
349625
349671
349892
350383
350528
350601
350687
350731
350861
351125
351326
351538
352064
352563
352619
352827
353377
353484
353920
354197
354440
354523
354529
354546
354557
354848
354849
354973
355144
355237
355548
355843
356107
357353
357765
357965
358032
358133
358877
359192
359482
359622
360218
360304
360986
361339
361365
361391
361539
361668
361679
361685
361986
361995
362233
362317
362335
362683
362837
362886
362980
362991
363001
363207
363386
363414
363461
363499
363501
363657
363669
363673
363737
363788
364094
364168
364992
365051
365276
366394
366433
366477
366739
366746
366968
367828
367977
368007
368212
368404
368447
369161
369280
369664
369672
370022
370039
370411
370503
370562
370987
371343
371355
371370
371534
372078
372350
372560
372930
373012
373115
373344
373398
373912
373952
374805
374909
375204
375516
376023
376129
376397
376459
376519
376661
376719
376722
377009
377699
377992
378037
378319
378395
378774
378804
379182
379243
379297
379305
379456
380141
380156
380232
380326
380376
380611
380772
381052
381057
381221
381398
381490
382084
382089
382134
382389
382410
382450
382588
382621
382664
382939
383222
383262
383374
383591
383595
384462
384986
384990
385071
385496
385563
385701
385748
385768
386207
386316
386793
386872
387505
387559
387812
387857
387862
388180
388331
388363
388560
388858
388979
389331
389659
390028
390388
390410
390437
390536
390625
390853
390966
390966
391118
391186
391256
391640
391753
391909
392347
392361
392384
392453
392459
392517
392547
392593
392661
392729
392978
393081
393097
393369
393601
393931
393969
394427
394460
394582
394595
394718
394822
395029
395182
395257
395565
396470
396781
396861
396874
397238
397550
397892
397903
398168
398187
398277
398696
398720
398906
399088
399116
399380
399855
400072
400132
400815
400849
401202
401266
401316
401431
401636
401858
402145
402268
402308
402462
402749
403256
403938
404051
404071
404236
404404
404637
404782
405085
405287
405292
405563
406353
406362
407049
407563
407868
408146
408200
408394
408631
408888
408993
409043
409736
409772
409827
410237
410457
410711
410983
411272
411317
411487
411540
411859
411984
412478
412775
413182
413303
413543
413619
413642
413873
413908
414106
414412
414687
414907
414919
415073
415747
415832
416075
416124
416344
416645
417000
417012
417136
417151
417244
417982
418015
418020
418073
418458
418485
418654
418729
419331
419478
420157
420298
420395
420588
420663
420825
420865
420915
421055
421287
421453
421677
421970
421970
421995
422004
422558
422637
422660
422932
423363
423365
423548
423983
424141
424582
425249
425394
425409
425768
425869
425887
426117
426573
426621
427121
427225
427383
427515
427624
427752
428079
428554
429419
429753
429813
429987
430611
430733
430826
430828
430886
431134
431603
431816
431874
432062
432101
432364
432364
433016
433166
433717
434475
434587
434779
434808
434960
435273
435345
435496
435652
435886
436043
436220
436365
436602
437019
437207
437407
437485
437694
438132
438161
438759
438809
439089
439143
439594
439755
439941
439988
440117
440186
440435
440751
440754
440896
441036
441369
441642
441834
441951
442018
443340
443351
443714
443772
444094
444205
444622
444800
444831
445144
445338
445782
445804
445834
446015
446028
446145
446217
446342
446725
446741
446845
446970
447353
447988
448074
448643
448665
448953
449001
449194
449238
449249
449271
449323
449563
449673
449743
449799
450229
450321
450609
450626
450917
450975
451126
451240
451511
451801
452411
452565
452588
452856
453619
453689
453861
453951
453981
454171
454364
454531
454743
454804
454817
454913
454923
455032
455173
455319
455940
456156
456295
456521
456960
457108
457239
457812
457910
458057
458617
459023
459059
459241
459280
459430
459465
459692
459761
460151
460442
460664
460905
460960
461000
461192
461228
461527
461717
461741
461882
462046
462822
463007
463179
463436
463483
463868
464029
464083
464376
464563
464719
465079
465125
465125
465236
465495
465584
465657
465885
465947
466082
466382
466536
466716
466747
466967
467064
467221
467335
467698
467871
467913
467972
468441
468463
468852
468934
468986
469177
469216
469249
469251
469580
469613
469809
469913
469999
470205
470297
470494
470743
471088
471153
471293
472242
472276
472545
472946
472962
473064
473266
473284
473326
473618
473907
473936
474049
474212
474255
474594
474899
474951
475059
475082
475089
475158
475288
475436
475555
475845
476047
476275
476655
476718
476730
477055
477910
478000
478656
478660
478730
478956
478995
479321
479402
479421
479503
479884
479894
480141
480142
480194
480383
480428
480435
480513
480675
480794
480808
480879
481142
481369
481502
481724
481842
481906
481910
482532
482797
482803
483455
483572
483595
483604
483651
483831
483835
484312
484457
485033
485116
485308
485348
485415
485428
485836
486002
486389
486521
486792
486845
487307
487531
487562
487880
487946
488022
488064
488142
488276
488434
488588
488759
489137
489166
489191
489408
489598
489870
490282
490534
490608
491262
491368
491945
492024
492100
492222
492244
492289
492529
492832
493433
493499
493562
493607
493917
493929
494212
494284
494334
494417
494753
495175
495887
496161
496172
496256
496664
496920
497019
497162
497829
497897
497937
498114
498451
498806
499543
500255
500372
500664
500898
501699
501879
501927
502231
502374
502558
502619
502714
502812
502863
502992
503162
503168
503199
503478
503575
503576
503681
503751
503844
504313
504338
504453
504480
504711
504804
504888
504984
505082
505548
505846
505954
505963
506201
506278
506412
506532
506982
507142
507690
507732
508233
508552
508896
508955
509029
509606
510255
510320
510392
510404
510472
510476
510540
510585
510904
511220
511660
511690
511828
512317
512416
512579
512631
512655
512721
512854
512926
513120
513260
513597
513971
514237
514324
514464
514604
514660
514677
514778
514849
514859
515028
515884
515999
516380
516722
517522
517806
517978
518103
518450
518594
518664
519207
519291
519319
519436
519544
519773
519902
520166
520498
520968
520986
521401
521635
521810
521835
521986
522113
523156
523375
523539
523572
523672
524259
524438
524636
524663
524927
525057
525086
525204
525226
525320
525387
525730
526004
526183
526215
526320
526805
526825
527183
527209
527467
527500
527560
528126
528253
528435
529080
529097
529255
529340
529413
529705
529763
529834
529856
529881
530103
530393
530685
530861
531264
531901
532268
532554
532581
532661
532864
533046
533125
533328
533496
534146
534315
534453
534505
534963
535427
535806
535831
535847
535874
536244
536902
537060
537775
537857
537956
537978
538095
538156
538170
538209
538417
538442
538563
538571
538628
538668
538831
539374
539483
540156
540428
540666
541756
541874
542212
542507
543050
543050
543301
543380
543389
543853
543950
544146
544333
544536
544694
544828
544917
545340
545406
545423
546610
546874
547366
548622
548876
549333
549569
549609
549681
549782
550379
550575
550808
551072
551167
551403
551989
552196
552391
552577
552717
552807
553370
553429
553637
553927
553946
554372
554389
554742
555228
555289
555465
555467
555771
555824
555887
556088
556401
556580
556858
556920
556920
557014
557077
557875
557979
558205
558414
558570
559227
559384
559428
559601
559735
559741
559936
560155
560639
560943
561337
561404
561536
562427
562525
562666
562787
562923
563105
563280
563465
563918
563937
563962
564439
564486
564549
564704
564858
564938
565054
565280
565328
565512
565762
565869
566084
566293
566578
566624
566737
566901
566962
567041
567051
567107
567128
567257
567652
567917
568254
568354
568500
568629
568761
568850
569094
569487
569587
569598
569874
569988
570003
570024
570219
570278
570550
570988
570994
571355
571397
571943
572896
573001
573074
573124
573325
573432
573756
573792
573843
573926
574208
574417
574426
574555
574588
574821
575588
575701
575812
575816
575851
576353
576497
576658
576989
577109
577184
577653
577663
577669
577721
578003
578166
578237
578317
578571
579271
579369
579587
579751
579880
579938
579989
580411
580630
580740
580930
581116
581168
581196
581285
581447
581540
581814
582564
582799
582961
583372
583389
583640
583687
583958
584012
584341
584451
585044
585216
585525
585692
585715
585824
585840
585987
586009
586058
586059
586110
586273
586375
586399
586511
587304
587377
587512
587778
587841
588283
588446
588744
588846
588949
589012
589094
589584
589597
589982
590047
590172
590420
590515
591064
591155
591225
591255
591479
591507
592133
592262
592597
592656
592680
593480
593566
593647
593706
593894
593905
594352
594390
594680
594799
595127
595257
595524
595543
595553
596242
596436
596645
597081
597122
597161
597376
597556
598000
598337
599547
599804
599911
599925
600263
600440
600858
600858
600997
601208
601252
601480
601595
601841
601949
601999
602580
603018
603291
603376
603651
603749
603868
603973
604146
604310
604421
604550
605732
605746
605853
606208
606311
606397
606679
607469
608001
608152
608263
608544
608672
609080
609415
609484
609659
609728
609914
609937
609986
610080
610506
610665
610873
611454
611561
612011
612100
612230
612984
613159
613235
613606
613678
613985
614336
615042
615076
615256
615499
615731
615997
616235
616261
616317
616469
616762
616770
617371
617387
617479
617910
617966
617970
618050
618110
618132
618173
618408
618554
618666
618769
619456
619478
619585
619635
619893
619968
619997
620273
620425
620699
620713
620950
620999
621128
621142
621383
621761
621859
622211
622342
622371
622860
623069
623107
623493
623519
623585
623662
624081
624083
624085
624228
624623
624628
624908
625078
625141
625158
625161
625186
625563
625701
625786
625834
626078
626125
626138
626331
626426
626546
626678
626741
627069
627106
627137
627182
627363
627992
628217
628243
628328
628690
628773
628846
629153
629469
629572
629643
629654
629694
629920
630995
631208
632008
632296
632601
632605
632661
632939
633089
633308
633482
633570
634072
634195
634253
634787
634947
635165
635212
635273
635482
635596
635947
636033
636244
636562
636989
637290
637713
637770
637787
638020
638340
638447
638519
638585
638641
638757
638827
639017
639126
639216
639785
639904
639905
640208
640220
640278
640393
640591
640761
640788
640976
641008
642194
642599
642652
642695
643376
643534
643809
643960
644032
644057
644404
644509
644976
645690
645879
645951
646028
646252
646258
646263
646948
647590
647737
648164
648281
648396
648405
648676
648935
649039
649127
649308
649982
650203
650342
650458
650551
650713
650717
650855
650899
650980
651016
651556
651780
651921
652159
652431
652689
652753
652982
653047
653149
654632
654713
654809
654840
655068
655284
655379
655567
655966
656277
657036
657098
657173
657197
657273
657391
657452
657732
657855
657945
658127
658165
658236
658570
658661
658892
658930
659293
659920
660093
660132
660361
660447
660623
660677
660833
660871
660886
661282
661364
661424
661826
662110
662377
662842
662995
663618
663775
663913
663977
664004
664257
664264
664279
664319
665292
665532
665548
665768
665790
665800
665919
665981
666278
666765
666917
667019
667359
667408
667531
667655
667860
667918
668102
668195
668240
668270
668408
668715
668831
668992
669003
669033
669345
669439
669452
669561
669715
669748
670320
670588
671059
671178
671188
671316
671317
671389
671517
671913
671915
672209
672402
672414
672877
672883
672920
673043
673109
673137
673170
673245
673447
673834
674149
674833
674917
675142
675211
675640
675951
676533
676740
677152
677279
677487
677526
677807
677836
677940
678041
678649
678921
679081
679089
680127
680202
680406
680423
680495
680548
680574
680952
680960
681115
681307
681404
681415
681437
681518
681678
681684
682611
682763
682771
683247
683713
683892
684538
684623
684901
684973
685304
685521
685660
685996
686097
686717
686721
686757
686765
686912
687161
687250
687301
687384
687400
688047
688199
688230
688232
688594
688723
688777
688877
688920
689025
689418
689787
689861
690427
692323
692985
693646
693670
694018
694064
694367
695156
695243
695341
695433
695633
695673
695790
695862
695926
696079
696264
696298
696459
696800
697181
697848
697853
698138
698614
698738
699168
699206
699264
699427
699605
699757
699773
700135
700219
700445
700452
700783
701072
701282
701759
701789
702095
702170
702188
702557
702831
703344
703455
703491
703529
703588
703863
703919
703975
704023
704243
704273
704490
704642
704846
705120
705320
705541
706329
706392
706806
706898
706901
707270
707461
707941
708094
708131
708677
708803
708933
708998
709191
709663
709692
709849
711226
711930
712027
712568
712788
712853
712856
712927
713144
713453
713691
713792
713806
713972
714214
714404
714509
714614
714624
714682
714888
715288
715423
715462
715749
715776
716234
716671
716901
717278
717485
717492
717533
717550
717809
718075
718252
718393
718567
718777
719016
719262
719332
719363
719432
719492
720033
720520
720918
720970
720986
721201
721241
721441
722115
722262
722294
722457
722765
722815
722858
722933
723156
723212
723230
723588
723823
724337
724340
724697
724847
724912
725096
725103
725264
725493
725889
725909
726279
726313
726538
726608
726798
727000
727196
727260
727261
727314
727353
727652
727803
727904
727956
727977
728025
728349
728491
728685
728773
729379
729663
729669
730037
730401
730497
730743
730782
731037
731611
731642
731815
731870
731894
731938
732337
732399
732550
732591
732800
732812
733048
733203
733462
734791
735042
735237
735387
735397
735487
735511
735518
735522
735919
736101
736108
736176
736357
736371
736403
736442
736750
736947
736982
737152
737427
737602
737752
737805
737907
738170
738205
738700
738788
739147
739404
739696
739721
739767
739995
740029
740173
740207
740300
740342
740371
740711
740967
741204
741301
741431
741530
741587
741634
741783
741936
742065
742073
742621
742653
742785
742991
743591
743790
743917
744144
744321
744337
744758
744959
745337
745468
745666
746288
746408
746668
746747
747007
747143
747278
747295
747631
747707
747756
747965
748054
748171
748354
748612
748954
749411
749482
749669
749928
749932
749953
750437
750544
750571
750585
750667
750745
750951
751121
751453
751571
751969
751997
752156
752287
752396
752519
752701
752739
753015
753771
753917
753996
754179
754713
754717
754875
754891
755205
755303
755382
755657
755910
756121
756171
756274
756456
756488
757381
757615
758134
758228
758318
758338
758399
758500
758915
758996
759190
759331
759390
759462
759534
759803
759810
760022
760116
760289
760639
760752
760897
761481
761512
761608
762027
762590
762776
762778
762869
762998
763086
763110
763198
763531
763615
764627
765939
766331
766579
766634
766757
766806
766938
767006
767191
767233
767301
767639
767885
768152
768357
768430
768590
768716
768772
768862
768910
769089
769117
769190
769190
769598
769615
769751
769896
769928
770415
770488
770490
770767
771033
771171
771403
771540
771711
772182
772209
772317
772363
772690
772696
772769
773055
773112
773756
774128
774365
774547
775017
775096
775229
775229
775275
775397
775414
775460
775665
775769
776062
776304
776697
776746
776787
777007
777230
777572
777703
777852
778326
778349
778726
779475
779618
779693
780040
780123
780619
780887
780971
781527
781634
782094
782296
782323
782350
782923
783288
783521
783680
784108
784462
784555
784836
784915
784962
785066
785191
785234
785618
786199
786321
786383
786585
787038
787205
787219
787490
787608
788186
788450
788534
788671
789589
789964
790169
790250
790301
790460
790643
790692
790790
791276
791285
791298
791352
791481
791806
791872
792017
792126
792669
792693
792928
792992
793088
793519
793545
793693
793952
794013
794260
794299
794477
794767
794791
794807
795475
795481
795642
796052
796507
796601
796939
796992
797351
797667
797849
797913
798047
798397
798583
799654
799935
799951
800476
800824
800906
800994
801558
801591
801753
801836
802172
802343
802539
802735
803052
803240
803739
804486
805011
805019
805112
805137
805268
805300
805548
806043
806330
806732
806791
806861
807088
807105
807275
807637
807654
807664
807708
807971
808302
808312
808335
808564
809313
809378
809662
810263
810368
810528
810580
810635
811044
811220
811324
811594
811876
812609
812871
813068
813148
813375
813743
813746
814010
814108
814346
814416
814581
814925
814944
815062
815211
815434
815450
815496
815734
815875
816016
816197
816461
817445
817576
817578
818040
818080
818340
818396
818414
818467
818468
818488
818519
818543
818558
818692
818916
818964
819009
819221
819470
819498
819616
819676
819727
819969
820146
820423
820432
820438
820593
821276
821360
821660
821691
821739
821834
822147
822290
822291
822366
822830
823020
823035
823127
823264
823354
823837
824084
824429
824573
825124
825183
825277
825609
825850
825878
825904
825915
825973
826050
826105
826227
826438
826551
826572
826578
826700
826933
827069
827073
827082
827283
827312
828037
828461
828539
828539
828565
828616
828695
828791
828934
829101
829136
829311
829363
829434
829683
829819
829896
830087
830326
830686
830812
830888
831152
831360
831443
831506
831835
831941
832034
832044
832931
832963
833364
833606
833694
833838
833888
834374
834573
834608
834681
834897
835270
835578
835772
835796
835989
836014
836052
836057
836233
836428
836455
836508
836636
837029
837192
837232
837536
837852
838389
838490
838588
839137
839178
839458
839696
839860
840430
840463
840857
841007
841075
841133
841137
841224
841563
841652
841938
841982
842058
842317
842395
842959
843232
843441
843969
843974
843976
844322
844656
844698
844769
844794
844971
845313
845437
845491
845788
845880
846043
846186
846235
846272
846282
846402
846552
847233
847459
847664
847780
847954
848045
848193
848236
848359
848879
848946
849008
849216
849421
849647
849968
850146
850484
850526
850568
850647
850924
851175
851257
851323
852079
852334
852411
852709
852965
853053
853346
853941
853991
854102
854242
854322
854509
854533
854631
854637
854804
854835
854929
855013
855119
855155
855535
855561
855843
855970
856490
856539
856548
856587
856621
856709
856737
857451
857528
857628
857869
858189
858543
859365
859502
859935
860111
860271
860395
860532
860927
861151
861589
861847
861902
862096
862163
862324
862660
863186
863190
863202
863220
863620
864145
864330
864517
864810
865008
865245
865331
865447
865713
865839
865881
865944
866180
866481
866947
867315
867353
867584
867876
868096
868128
868427
868617
868847
868866
870253
870343
870790
870828
870947
871067
871107
871419
871450
871608
871670
871938
872208
872530
872578
872866
872904
873072
873173
873414
873729
873811
873890
873911
874005
874029
874037
874148
874169
874417
874436
874609
874634
875076
875327
875377
875660
875849
876407
876629
876859
877004
877398
877796
877889
878030
878035
878362
878465
878755
878986
879236
879428
879437
879769
879786
879803
879876
879877
880033
880050
880287
880350
880391
880577
880891
880982
881292
881374
881691
881746
882159
882533
882569
882595
882884
882888
883079
883167
883213
883215
883572
884094
884437
884897
885016
885088
885102
885103
885150
885286
885730
886085
886304
886399
886799
886897
886907
887428
887475
887478
887587
888021
888059
888378
888390
888603
888640
888644
888859
888998
889299
889493
890108
890129
890227
890649
890740
890892
890912
890941
891235
891264
891268
891302
891470
891685
891698
891883
891894
892439
892493
892624
892857
892987
893144
893291
893415
893427
893467
893473
893563
893675
893680
893720
894038
894386
894473
894589
894704
894930
894989
895625
896120
896128
896277
896387
896442
896462
896572
897015
897054
897113
897265
897393
898552
898673
898989
899316
899405
899509
899554
899646
900166
900195
900240
900405
900815
900890
900893
900948
901239
901502
901741
901743
902108
902123
902286
902299
902349
902378
902781
902832
903272
903329
903623
903799
903901
903932
904176
904768
904789
904848
905032
905210
905292
905577
905715
906403
906502
907229
907555
907966
908909
908997
909038
909612
909658
909787
910187
910352
910407
911025
911156
911210
911526
911602
911933
912226
912307
912416
912945
912996
913107
913134
913184
913745
914247
914402
914798
914968
914997
915154
915189
915541
915570
915641
916503
916750
916775
916804
916971
917654
917707
917878
918126
918146
918270
918645
918669
919148
919676
919747
920059
920060
920068
920224
920390
920562
920892
920918
921214
921746
921786
922033
922109
922170
922230
922262
922307
922444
922652
922660
922739
922851
923761
924026
924074
924333
924387
924526
924857
925039
925566
925961
925969
926129
926752
926838
927002
927529
927651
927835
927861
928489
928584
928607
928728
928880
929056
929119
929245
929493
929891
929941
929961
930050
930258
930487
930584
930698
930858
930881
931547
931549
931631
931658
931963
932233
932262
932488
932852
932920
933168
933314
934051
934101
934495
934513
934556
934664
934931
935056
935267
935330
935375
935822
936006
936482
936688
936770
936944
937006
937158
937689
938026
938070
938086
938106
938261
938395
938632
938811
938852
938932
939009
939346
939444
939551
939586
939594
939613
939692
939721
939721
939856
940015
940095
940311
940351
940382
940600
940713
940901
941025
941035
941177
941433
941446
941456
941686
941795
941809
941870
941915
941955
942078
942753
943107
943218
943218
943370
943410
943635
944264
944443
944443
944731
945018
945207
945273
945541
946117
946130
946153
946218
946317
946465
946772
947074
947108
947610
947632
947798
948488
948582
949068
949279
949537
949689
949741
949813
949862
950084
950099
950173
950181
950519
951135
951198
951331
951794
951799
951937
952030
952121
952603
953086
953173
953240
953313
953337
953405
953437
953648
953922
953928
954388
954511
954529
954595
954631
954746
954876
955057
955123
955422
955485
955551
955555
955664
955829
955994
956003
956289
956351
956514
957127
957157
957389
957403
957735
957759
957769
957772
958000
958327
958445
958994
959092
959169
959508
959663
959706
959788
959844
959995
960211
960418
960491
960723
960756
961038
961185
961317
961391
961763
961899
961985
962182
962523
962630
962667
962989
963133
963410
963523
963668
963785
963798
963839
964011
964122
964201
964285
964593
964647
964690
964813
964881
964974
965272
965309
965320
965354
965399
965424
965797
965810
966018
966283
966497
966587
966590
966689
966772
966789
966821
966949
967129
967184
967224
967591
967653
968071
968221
968969
968999
969029
969186
969701
969763
970300
970780
970827
970962
971017
971508
971569
971948
972404
972444
972484
972543
972620
972627
972744
973226
973341
973656
973732
973870
973920
974686
974865
975253
975283
975748
975755
976787
976990
977319
977387
977432
977647
977999
978488
978758
978809
979165
979223
979278
979516
979638
979681
979943
980260
980285
980316
980486
980581
980628
980662
980718
981167
981434
981664
981862
982023
982023
982533
982818
983277
983339
983547
983723
983748
983818
983905
984071
984313
985033
985107
985339
985908
986031
986346
986465
986497
986719
987002
987783
987899
988022
988222
988539
988587
988842
988947
989055
989330
989481
989775
990083
990221
990627
990929
990940
991178
991329
991572
991815
991957
992155
992171
992330
992702
992825
992989
993231
993385
993732
993914
994037
994073
994167
994670
994775
994800
994824
995137
995302
995796
996003
996020
996064
996198
996792
996996
997214
997255
997323
997797
997914
997956
998654
998806
998944
999069
999270
999331
999415
999518
999581
999644
999721
