1000
133
1017
2262
2633
3807
3858
4888
5406
7678
7851
8019
8681
8922
11189
11671
11961
13949
16921
17368
18957
19277
20429
21976
25388
27706
27878
28299
31004
32164
33708
33799
35207
35491
35632
36408
38830
40164
42758
43202
43271
44007
45292
47179
47823
48943
51268
51662
52729
53763
55094
55299
55347
56615
59242
61138
61386
63072
63549
63660
63786
64698
66669
66893
70024
70437
72339
78454
78734
79489
81854
82966
83945
83953
84754
84758
84933
85295
85489
85744
88118
89762
90469
91376
93416
93534
98355
101177
101396
102635
102833
103016
103549
104124
104949
107309
107648
108302
108909
109329
111740
112179
112440
113985
114026
114831
115641
116182
116600
118042
118977
119496
121736
122817
124390
125220
125889
126234
126652
127693
129587
130132
130500
132192
132211
132533
132539
132546
132736
134413
134588
135464
136336
137217
138077
138647
138707
139003
139681
141016
141293
142207
142375
143257
143529
145469
145735
146914
147518
149385
153630
153647
153959
154920
155620
157538
159056
159084
159459
159549
159640
160022
162382
162476
162854
163143
163759
165409
165511
166760
167475
167901
168235
169890
170844
172300
172918
173824
176858
177311
177862
178111
178325
178589
179523
181375
181407
185569
187185
187526
188186
189612
192405
193740
193932
194673
197459
197704
199520
200859
201214
202890
204600
204672
204834
205021
205813
206859
207482
208512
208742
209946
212060
213460
215597
216050
216877
217525
218950
219762
220978
222294
222877
223095
225339
226633
226910
228323
228681
228976
232003
233229
235324
235515
235704
236337
237308
238765
239385
241985
242387
242524
242765
243582
243588
244708
245851
246776
249437
250471
250553
251996
252152
252723
254525
257123
259172
259757
260041
260062
260688
261257
261967
263929
264314
264811
266452
266806
268796
269519
269616
270929
272282
274131
275089
275360
276798
278126
278400
279643
279722
279823
280034
280447
281373
281872
283798
284452
286384
287778
288773
289078
289574
291236
291384
292386
292938
293942
294039
295187
296338
296385
297488
298015
298123
298164
299605
300484
302255
306195
306764
309368
310804
312956
314511
314715
315183
315197
316453
317942
318476
319315
319558
319631
321275
322273
322709
323130
323571
324545
324583
325378
325778
328990
329804
331191
331866
333284
334846
334890
335788
335945
337087
337385
337488
337521
337562
339033
339858
340742
341137
342134
342228
342480
343738
345364
348356
348867
348911
348976
349813
350898
351178
355186
355390
356375
358328
358869
360111
360226
361072
362992
363259
365892
366501
368151
370085
371785
372281
372929
372937
373042
375025
379885
381538
381567
383901
385379
388823
389273
389366
389531
389733
389832
392256
392435
394067
394837
395428
396049
396430
397607
399102
399128
399188
399300
399303
399317
400159
400727
401932
403045
403251
403740
405227
405596
405805
412049
412332
412453
413427
415108
415544
417833
418037
418322
419716
419969
420341
421395
421746
422294
422646
423636
424734
425090
425304
425624
426628
426806
426904
426908
427964
429388
430781
431578
431854
433236
434013
434326
441533
441720
442305
442640
443106
443860
444543
445314
445324
446288
449319
452246
452324
452790
453586
454677
454807
455939
460420
460578
461340
462089
462652
463474
465140
465945
467500
469213
469680
470275
472095
472314
472330
474653
474816
475477
475687
475983
476842
480763
482552
483677
485777
486123
486196
486597
487205
488231
490224
490868
491108
493190
494052
494903
495812
497532
497669
498906
500039
500947
503089
503690
503832
507010
508182
508369
509009
509176
511017
511044
513127
513164
513391
514345
514845
515027
515269
516103
516498
516999
520114
522213
525511
526083
528476
529029
530172
531974
532032
532579
533315
533428
533467
534094
534511
536864
537158
537493
538318
538970
539372
539594
539767
540914
543028
543379
545585
545798
546102
546380
546402
546550
546633
547069
547249
548025
548660
551144
554943
555125
557513
557925
560308
560565
561404
562435
562923
563047
563613
563724
565118
565200
567032
567325
567907
573037
573531
573668
573693
574727
574931
575631
577207
577405
581654
581932
584127
585090
585611
585955
586234
587007
588758
589310
589506
592377
593023
596851
597041
597174
597827
598847
599277
601473
601958
602962
603460
607739
608125
608667
609658
610453
611269
612233
612889
614509
614700
614928
615170
618639
621195
621278
621768
622677
622726
623298
624781
626327
627011
627580
629240
629545
630031
631318
631902
632096
632874
634060
634252
634721
635021
635904
636010
638145
638600
638851
639058
639989
641214
641645
642368
642714
644198
644619
644806
645413
645683
646248
649167
649269
649364
649499
650330
650679
650884
652410
652604
653263
654823
656143
656780
657948
658367
660846
661283
662375
663857
664228
665417
665449
667511
667820
668614
670236
670357
671146
671286
671628
673290
673585
673628
676431
676970
678308
679491
680333
680762
682576
683203
683353
685368
685896
686595
687238
688263
688551
689835
689845
689896
689930
690228
693962
695511
697709
699614
701406
701609
704190
705372
705459
706726
707414
707717
709189
711903
714344
714916
716395
719783
720757
720786
722990
726075
730572
732388
732417
733479
736809
737111
737778
738056
738479
739393
739450
740826
742424
744608
746059
746489
746596
746733
747666
748358
749053
750098
751013
751161
752417
753561
754776
755667
756057
756803
758357
758486
759256
760115
763159
763233
764015
765784
766054
766198
767014
767606
768171
768429
768470
768561
768682
769208
770077
773116
774343
775456
776988
777796
777896
777982
778551
779617
781418
783290
783698
784108
784110
786694
786832
787783
788186
789718
793284
794485
800322
801225
801257
803134
803218
803812
803943
805228
808070
809417
809586
810414
811272
812415
817705
819572
819769
821873
823544
824185
825063
827162
828142
829190
829247
830436
831229
831473
831827
832955
833380
833817
838310
839688
839926
840152
841586
843449
843991
847078
849045
849309
850589
851086
852407
854097
854582
854638
854707
855290
856511
858145
860684
863683
863708
864122
865493
866343
866691
866712
869160
869790
870932
871657
872411
872682
873578
874874
876695
881671
881984
882545
884234
884311
886150
887203
887346
888410
891348
891760
893181
893512
894436
895802
895940
898217
900132
900442
901910
902016
903913
906111
907966
909326
910270
910422
910787
912953
913833
916443
916736
917926
918037
919140
919318
922777
922783
922822
923544
923878
924112
926033
927105
927315
927923
928060
928487
932175
932697
934878
935250
935539
937999
938358
938730
939195
940449
942923
944686
944775
945037
945757
945974
947008
947416
951374
951380
951826
952281
952291
954194
955848
958213
958529
960683
961514
962584
962941
963232
964429
965231
965279
965913
966551
966960
967497
968335
968709
970009
972225
972931
974947
975301
976237
976469
980242
980554
980735
981509
982932
983177
984411
987582
989103
989911
990611
990666
990690
991434
991568
991760
992196
992607
992630
992675
993573
996100
998097
