10000
67
77
146
237
276
297
305
463
498
532
542
548
607
611
614
668
675
855
903
974
1013
1033
1035
1110
1210
1253
1350
1397
1419
1454
1618
1677
1680
1730
1811
1867
1875
1991
2073
2146
2257
2327
2715
2983
3059
3115
3166
3171
3221
3318
3396
3408
3642
3690
3753
3807
3961
4086
4101
4172
4370
4401
4516
4522
4607
4618
4620
4665
4688
4830
5070
5134
5666
5736
6006
6165
6375
6379
6447
6639
6741
6835
7453
7603
7632
7647
7748
7892
7940
7977
8120
8184
8242
8265
8274
8347
8534
8562
8581
8765
8825
8903
8960
8966
8973
9391
9467
9483
9538
9583
9661
9676
9717
9730
9754
9907
9924
10016
10018
10163
10264
10341
10502
10563
10750
11320
11354
11445
11664
11673
11743
11899
12035
12048
12126
12169
12413
12551
12609
12710
12728
12901
12965
12979
12990
13145
13254
13327
13419
13437
13501
13702
13712
14161
14184
14187
14214
14321
14472
14578
14604
14656
14667
14676
14950
14989
15524
15760
15914
15918
15946
15956
15978
16034
16394
16501
16513
16538
16587
16698
16750
16968
17103
17416
17511
17605
17749
17751
17804
17824
17931
17934
17976
18071
18134
18180
18197
18227
18290
18377
18622
18627
18639
18682
18683
18790
18986
19000
19161
19180
19223
19242
19317
19340
19663
19689
19711
19713
20012
20159
20277
20611
20628
20731
20764
20769
20870
20876
20878
20946
21052
21152
21335
21485
21553
21581
21582
21599
21606
21708
22037
22132
22155
22300
22301
22481
22593
22624
22660
22731
22732
22748
23044
23194
23348
23464
23489
23551
23762
23802
23811
23864
23938
24074
24199
24200
24325
24471
24546
24568
24589
24735
24913
24937
24983
24994
25126
25145
25266
25463
25562
25719
25720
25747
25774
25793
25935
25994
26106
26301
26330
26460
26502
26529
26571
26721
26729
26799
26813
26983
27133
27151
27222
27234
27305
27311
27379
27464
27541
27586
27601
27643
27707
27845
27907
27986
27988
28065
28107
28197
28220
28553
28833
28855
29057
29182
29284
29723
29730
29830
29833
29887
29948
29968
29982
30224
30330
30459
30638
30654
30824
30941
31084
31380
31415
31443
31556
31769
31816
31846
31865
32236
32300
32586
32725
32815
32861
32914
33192
33263
33343
33346
33527
33780
33806
33812
33897
33915
33977
33988
34025
34050
34088
34301
34513
34528
34583
34588
34603
34817
34907
34943
34995
35102
35272
35305
35385
35387
35424
35510
35885
35918
35999
36027
36045
36258
36286
36296
36798
36861
36861
37051
37196
37202
37330
37333
37355
37367
37397
37401
37434
37545
37701
38330
38401
38614
38706
38998
39299
39307
39332
39365
39488
39492
39546
39638
39702
39859
39882
39972
40182
40227
40682
40966
41024
41153
41417
41475
41531
41560
41607
41798
41838
41852
41993
42025
42171
42502
42611
42805
43179
43364
43391
43573
43803
43878
43917
44030
44180
44245
44335
44597
44741
44751
44761
44764
44823
44858
44910
44990
44996
45010
45010
45238
45312
45417
45491
45583
45639
45758
46081
46210
46231
46233
46398
46732
46744
46816
46932
46944
47023
47033
47143
47361
47430
47438
47631
47685
47809
47861
47887
48158
48161
48204
48205
48437
48520
48591
48700
48744
48934
48978
49004
49092
49098
49188
49355
49359
49371
49638
49666
49713
49832
49860
50002
50012
50050
50206
50352
50385
50400
50500
50518
50531
50601
50627
50634
50728
50743
50772
50863
50877
50898
51019
51129
51173
51235
51365
51578
51822
51842
51994
52066
52165
52238
52251
52325
52398
52420
52481
52491
52509
52680
52737
52792
52860
52862
52904
53022
53046
53306
53317
53357
53506
53633
53992
54056
54238
54336
54396
54456
54490
54501
54517
54687
55158
55229
55305
55372
55382
55419
55494
55536
55771
55879
55881
56003
56009
56036
56130
56250
56252
56255
56432
56457
56477
56690
56844
57044
57411
57425
57445
57501
57605
57904
58145
58159
58184
58267
58355
58410
58582
58701
58749
58752
58760
58782
58787
58870
58909
59247
59259
59264
59277
59353
59420
59435
59444
59451
59485
59575
59731
59934
59995
60011
60083
60388
60480
60493
60539
60583
61003
61275
61313
61369
61402
61530
61786
61801
61808
61813
61816
62076
62090
62269
62283
62604
62608
62860
62980
63156
63228
63263
63299
63519
63554
63784
63912
63936
63944
64044
64108
64109
64223
64255
64284
64526
64607
64661
64897
64957
65071
65508
65585
65649
65669
65777
65802
65957
66047
66110
66114
66122
66142
66264
66285
66331
66439
66489
66585
66627
66642
66856
66921
66930
67247
67434
67435
67620
67712
68018
68238
68267
68327
68602
68732
68949
69284
69372
69478
69493
69522
69707
69715
69747
69774
69806
69823
69880
69898
70238
70251
70331
70357
70413
70424
70563
70638
70643
70751
70766
70925
70986
70988
71010
71125
71225
71423
71463
71604
71609
71666
71799
72235
72558
72609
72614
72764
72787
72846
72878
72936
72951
73176
73278
73338
73491
73551
73554
73918
73942
74083
74100
74142
74225
74299
74428
74616
74618
74700
74943
74969
75047
75185
75232
75283
75368
75416
75419
75445
75490
75495
75561
75635
75871
75895
75938
75956
75963
75964
76030
76204
76246
76266
76292
76665
76667
76745
76933
77419
77451
77584
77796
77936
77955
78005
78025
78067
78073
78248
78328
78421
78433
78581
78671
78735
78815
79008
79327
79345
79373
79848
80005
80102
80280
80363
80391
80400
80534
80543
80575
81122
81326
81453
81693
81699
81818
82021
82042
82118
82434
82442
82531
82579
82600
82744
82824
83092
83191
83261
83357
83448
83503
83610
83626
83724
83863
84014
84072
84130
84205
84221
84377
84570
84574
84699
84770
84817
84865
85011
85032
85112
85134
85266
85358
85386
85482
85754
85816
85840
86208
86309
86548
86625
86639
86643
86717
86728
86863
86964
87057
87211
87213
87236
87263
87292
87428
87453
87498
87683
87807
87876
87996
88002
88106
88131
88134
88175
88196
88427
88439
88479
88486
88528
88583
88741
88755
89010
89116
89203
89323
89490
89511
89573
89605
89669
89784
89832
89959
90235
90252
90308
90337
90356
90663
90918
91072
91223
91277
91308
91442
91461
91653
91661
91696
91804
91817
91898
91903
91996
92123
92127
92587
92689
92751
92983
93025
93037
93079
93212
93229
93234
93282
93360
93474
93570
93694
93899
94005
94042
94049
94064
94256
94442
94713
94816
94989
95107
95310
95623
95654
95809
95892
96068
96185
96267
96415
96462
96594
96623
96748
96879
96961
96962
97055
97142
97144
97365
97396
97425
97662
97720
97922
97946
97983
97986
98057
98067
98149
98153
98169
98198
98359
98449
98484
98495
98508
98517
98537
98618
98701
98725
98904
98905
98917
99142
99242
99892
99929
100058
100105
100477
100516
100777
100913
101167
101748
101805
101938
101952
102236
102308
102767
103025
103086
103115
103190
103211
103227
103340
103372
103452
103507
103537
103537
103604
103648
103706
103972
104026
104331
104561
104722
104807
104844
104901
104929
104985
105006
105071
105124
105189
105333
105374
105379
105431
105446
105477
105545
105549
105649
105677
105706
105794
105803
105963
106254
106300
106327
106359
106430
106447
106481
106745
106793
106991
107006
107115
107136
107195
107231
107271
107426
107446
107699
107837
107930
107945
107991
108090
108345
108548
108761
108764
108924
108953
109015
109118
109178
109502
109558
109589
109789
109802
109864
109917
109935
109983
110661
110680
110742
110833
110971
111018
111047
111128
111184
111275
111344
111457
111677
112133
112219
112342
112384
112440
112453
112461
112683
112892
112931
113352
113382
113452
113492
113521
113664
113854
113877
113978
114095
114367
114398
114821
114964
115005
115006
115052
115077
115079
115277
115718
115768
115813
115877
116076
116220
116418
116662
116692
116802
117035
117062
117099
117209
117435
117523
117551
117586
117714
117793
117863
118031
118055
118081
118165
118218
118377
118395
118403
118414
118499
118555
118605
118649
118981
118990
119009
119200
119378
119427
119434
119532
119560
119670
119674
119768
119930
119982
119996
120169
120433
120447
120466
120521
120594
120635
120726
121003
121030
121110
121281
121378
121637
121724
121728
121876
122351
122608
122661
122726
122864
122932
123132
123190
123192
123887
123986
124062
124302
124346
124655
124713
124737
124785
124825
124951
125006
125106
125306
125413
125552
125617
125861
125869
125971
126044
126075
126080
126173
126235
126262
126312
126325
126330
126363
126647
126660
126808
126861
127194
127235
127263
127296
127387
127609
127757
127807
127848
127891
127940
128495
128601
128653
128730
128750
128763
128783
128837
128875
128983
129229
129251
129350
129366
129497
129534
129598
129694
129839
129854
129857
130041
130065
130116
130265
130478
130496
130511
130602
130617
130752
130842
130855
131056
131212
131238
131379
131414
131513
131659
131776
131797
131868
131990
132015
132148
132283
132455
132877
133074
133154
133192
133192
133243
133573
133613
133685
133698
133733
134011
134059
134176
134444
134528
134827
134843
134923
134944
135216
135237
135255
135314
135582
135607
135660
135884
135978
136121
136134
136189
136197
136310
136343
136364
136689
136836
136870
137082
137096
137143
137193
137309
137341
137430
137449
137529
137603
137656
137901
137916
137972
137983
138180
138449
138491
138506
138788
139033
139073
139162
139205
139242
139447
139537
139540
139553
139585
139586
139786
139789
140037
140048
140263
140557
140779
140802
141087
141126
141145
141203
141413
141418
141459
141559
141587
141597
141682
141833
141874
141942
142009
142051
142158
142362
142430
142481
142513
142578
142697
142943
142985
143030
143145
143188
143190
143485
143596
143597
143630
143678
143696
143728
143757
143859
143889
144125
144200
144275
144283
144377
144462
144480
144931
144981
145029
145288
145344
145705
145709
145718
146056
146327
146407
146482
146483
146590
146711
146772
146853
146856
146916
146995
147124
147138
147160
147254
147413
147413
147467
147527
147606
147639
147645
147762
147798
147800
147826
148022
148044
148107
148483
148821
148999
149162
149452
149515
149588
149599
149916
149930
150176
150260
150336
150363
150393
150403
150461
150495
150571
150676
150688
150999
151025
151462
151475
151617
151955
152086
152111
152123
152144
152313
152417
152570
152597
152647
152704
152904
152955
153014
153028
153085
153149
153207
153284
153379
153439
153557
153667
153700
153887
153925
154389
154405
154435
154439
154444
154852
155107
155303
155306
155704
155712
155891
155942
155966
156085
156094
156520
156580
156599
156764
156809
156869
156889
157190
157448
157499
157642
157914
157979
158200
158314
158377
158409
158430
158566
158671
158782
158992
159083
159173
159215
159267
159290
159406
159483
159489
159507
159518
159541
159564
159666
159779
159827
159843
159952
159993
160026
160298
160358
160418
160763
160909
160974
161009
161176
161216
161221
161298
161354
161472
161530
161610
161663
161671
161752
161783
162095
162098
162285
162453
162680
162701
162874
162895
162939
163049
163279
163297
163317
163608
164251
164286
164360
164474
164568
165011
165173
165306
165444
165483
165544
165651
165660
165724
165872
166061
166119
166182
166496
166521
166605
166751
166839
167040
167057
167074
167087
167094
167120
167208
167273
167536
167806
168043
168050
168111
168132
168233
168390
168664
168782
168790
168832
168844
168943
168953
169127
169233
169261
169298
169320
169383
169489
169508
169572
169678
169691
169708
169760
170135
170317
170335
170453
170470
170577
170647
170762
170766
170774
171127
171137
171214
171224
171320
171350
171430
171450
171578
171678
171828
171849
171945
172009
172128
172284
172403
172423
172458
172676
172973
173175
173264
173337
173372
173546
173581
173587
173702
173735
173757
173785
174096
174153
174247
174274
174437
174546
174547
174580
175025
175097
175378
175489
175681
175863
175934
176063
176071
176121
176221
176445
176568
176766
176797
176839
176842
176842
176939
177022
177087
177155
177246
177313
177320
177446
177482
177525
177775
177917
178040
178071
178181
178193
178214
178217
178228
178332
178356
178739
178755
178815
178901
179117
179174
179185
179464
179496
179507
179598
179701
179886
179906
180048
180057
180082
180177
180207
180278
180573
180624
180718
180822
180861
180880
181013
181034
181046
181077
181199
181265
181312
181319
181432
181647
181648
181791
181909
182003
182011
182191
182217
182251
182316
182564
182601
182877
182983
183071
183174
183333
183491
183507
183531
183583
183932
184082
184091
184208
184235
184247
184285
184335
184413
184422
184439
184586
184647
184648
184920
185249
185324
185510
185728
185801
185865
186158
186268
186311
186393
186418
186690
186694
186718
186744
186855
186904
187172
187605
187658
187882
188057
188336
188351
188407
188456
188757
188764
189155
189348
189461
189498
189821
189876
189908
189930
190132
190158
190252
190348
190389
190484
190516
190728
190837
190942
191133
191198
191207
191251
191740
191960
191968
192003
192109
192152
192153
192188
192216
192239
192296
192373
192421
192533
192535
192559
192980
192994
193075
193077
193111
193114
193170
193173
193214
193297
193311
193570
193601
193774
193791
193853
194027
194065
194139
194146
194579
195281
195293
195298
195677
195775
196054
196116
196368
196390
196523
196627
196648
196844
197032
197150
197362
197364
197444
197457
197488
197569
197711
197733
197741
197834
197839
197855
198105
198177
198204
198354
198418
198683
198804
199277
199284
199326
199364
199495
199639
199689
199708
199746
200347
200398
200470
200511
200621
200680
200753
200923
200928
200977
201024
201092
201171
201207
201377
201428
201459
201541
201714
201842
201873
201924
201941
201958
201965
202069
202160
202197
202796
202846
202919
203138
203210
203259
203360
203506
203528
203574
203598
203875
203990
204130
204240
204307
204400
204444
204486
204526
204733
204998
205033
205035
205190
205278
205356
205446
205462
205517
205671
205858
205928
206375
206664
206713
206937
207030
207310
207359
207469
207623
207752
207946
208115
208344
208346
208562
208794
208890
208922
208974
209048
209055
209093
209447
209466
209469
209619
209762
210009
210273
210289
210367
210374
210393
210479
210481
210564
210608
210887
210936
211034
211095
211130
211150
211256
211261
211263
211370
211411
211451
211538
211965
211970
212037
212048
212135
212186
212439
212522
212615
212653
212697
213312
213324
213327
213571
213708
213789
213799
213808
213833
213899
213971
214024
214025
214052
214066
214080
214085
214208
214228
214299
214316
214322
214431
214491
214619
214659
214831
214968
215114
215265
215352
215394
215408
215472
215483
215491
215716
216042
216058
216217
216222
216356
216397
216399
216556
216571
216585
216613
216634
216640
216673
216895
217329
217365
217384
217394
217422
217711
217925
217930
217959
218142
218171
218453
218538
218789
218845
218908
219051
219474
219512
219533
219586
219660
219785
219788
219794
219819
219919
219923
220019
220043
220202
220206
220732
220748
220789
220911
220975
221034
221205
221228
221319
221337
221416
221587
221612
221681
221690
221802
221920
221959
221963
222065
222573
222620
222635
222747
222809
222850
222865
222962
222999
223170
223193
223214
223423
223429
223434
223659
223761
223778
223782
223853
223895
223939
223991
224039
224071
224133
224138
224290
224372
224569
224597
224677
224885
224920
224934
224987
225186
225230
225281
225414
225571
225608
225632
225680
225769
225992
225998
226021
226207
226333
226353
226365
226408
226526
226635
226640
226673
226699
226742
226834
227197
227256
227289
227424
227949
228212
228364
228429
228515
228552
228622
228786
228909
228957
229024
229107
229143
229153
229183
229343
229347
229443
229443
229455
229477
229479
229562
229614
229785
229888
230079
230266
230684
230718
230742
230750
230886
230968
231042
231065
231073
231113
231317
231331
231369
231394
231422
231506
231544
231546
231752
231938
231941
231980
231996
232252
232332
232382
232755
232776
232907
232971
233528
233738
233935
234047
234346
234427
234486
234509
234646
234682
234708
234757
234812
234843
234880
235049
235088
235147
235154
235292
235349
235457
235491
235689
235710
235801
235810
235870
235912
235988
236056
236080
236315
236416
236426
236572
236638
236812
237190
237769
237817
238006
238121
238434
238448
238570
238975
238978
239016
239077
239192
239297
239412
239432
239713
239722
239909
239927
239944
239980
240089
240229
240322
240737
240739
240785
240799
240895
240916
240917
241130
241186
241223
241499
241739
241765
241829
241990
242028
242101
242229
242259
242344
242367
242469
242565
242601
242612
242716
242786
242805
242848
243040
243041
243075
243130
243212
243287
243482
243621
243629
243656
243702
243728
243732
244033
244180
244456
244517
244866
244982
245136
245160
245236
245432
245565
245582
245831
245844
245848
246065
246098
246163
246168
246225
246381
246409
246424
246442
246589
246658
246868
247096
247252
247293
247332
247348
247445
247901
247904
247927
247944
247983
248100
248153
248205
248239
248511
248523
248537
248545
248630
248650
248677
248756
248952
248982
248987
248994
249048
249419
249502
249547
249799
249925
249956
249989
250021
250177
250592
250634
250662
250697
250772
250778
251042
251122
251143
251338
251377
251406
251551
251579
251755
251901
252017
252018
252024
252047
252078
252315
252337
252363
252372
252396
252459
252486
252573
252941
253090
253241
253315
253368
253507
253539
253642
253656
253749
253793
253969
254067
254280
254341
254344
254433
254455
254505
254551
254563
254961
255358
255419
255779
255834
255858
255886
255895
255978
256024
256254
256344
256349
256414
256420
256473
256573
256630
256651
256725
256736
256818
256860
256963
257017
257036
257128
257302
257312
257351
257375
257558
257567
257636
257767
257823
257933
257984
258078
258218
258235
258270
258511
258866
258955
258956
259002
259048
259103
259115
259672
259679
259697
260035
260283
260628
260731
260946
261019
261075
261126
261171
261322
261367
261565
261767
261874
261955
262019
262160
262249
262310
262573
262576
262597
262657
262917
262948
263022
263035
263039
263102
263206
263301
263501
263602
263763
263764
264002
264019
264163
264200
264235
264392
264490
264606
264620
264622
264624
264754
264920
264973
264985
265199
265465
265585
265693
265752
265760
265895
266037
266112
266441
266515
266587
266652
266662
266729
266898
267099
267563
267669
267692
267714
267829
268068
268117
268183
268184
268750
268861
269172
269311
269358
269380
269473
269483
269581
269849
270063
270122
270151
270307
270475
270555
270661
270744
270923
271002
271236
271451
271571
271795
271831
271842
271883
272064
272086
272144
272161
272264
272265
272399
272467
272475
272545
272617
272755
272849
272945
272970
272998
273203
273274
273315
273529
273534
273590
273656
273751
273895
273946
274011
274024
274131
274143
274192
274381
274383
274442
274495
274521
274690
274763
274843
274923
274953
275007
275012
275016
275054
275136
275193
275221
275342
275431
275439
275499
275631
275651
275805
276089
276213
276260
276433
276853
276921
277105
277168
277222
277396
277429
277474
277593
277696
277758
277778
277953
278122
278289
278293
278294
278636
278744
278869
278961
278987
279023
279060
279106
279136
279548
279587
279623
279962
279976
280175
280509
280586
280681
280735
280892
280924
281081
281132
281757
281840
281870
282169
282221
282449
282468
282675
282869
282890
282977
282979
282979
283015
283031
283217
283237
283411
283577
283723
283842
284205
284282
284328
284400
284423
284439
284489
284569
284613
284664
284752
284912
285000
285214
285245
285271
285287
285397
285463
285632
285683
285697
285710
285721
285734
285849
285948
285998
286091
286145
286322
286335
286594
286680
286691
286713
286855
287355
287801
287886
288044
288134
288213
288287
288297
288406
288620
288718
289030
289359
289475
289582
289798
289830
289970
289998
290047
290453
290733
290741
290861
290884
290974
291111
291308
291347
291397
291415
291523
291837
291940
291990
292026
292214
292220
292286
292329
292396
292453
292482
292754
292839
293010
293114
293130
293219
293253
293255
293483
293557
293666
293827
293855
294023
294025
294140
294164
294182
294201
294235
294249
294309
294382
294677
294698
294713
294920
294995
295005
295007
295093
295194
295232
295256
295288
295322
295408
295417
295813
295818
295858
296053
296056
296115
296140
296278
296514
296899
296944
297069
297179
297221
297290
297398
297566
297577
297586
297667
297884
297941
298136
298243
298433
298597
298631
298647
298818
298849
298854
299001
299179
299234
299248
299331
299416
299418
299453
299459
299524
299830
299947
299965
300163
300179
300322
300327
300382
300411
300459
300513
300610
300765
300787
300814
300939
301025
301221
301224
301229
301373
301609
301717
301731
301793
301818
301924
301934
301986
302106
302143
302184
302202
302450
302670
302863
302956
302974
303089
303090
303190
303561
303866
303890
303956
304032
304127
304372
304418
304483
304501
304611
304693
304740
304750
304803
304882
304997
305065
305092
305187
305212
305285
305291
305335
305366
305492
305545
306036
306234
306248
306424
306478
306537
306574
306867
306934
306969
307020
307118
307128
307246
307551
307578
307618
307639
307912
307923
308153
308183
308326
308338
308458
308680
308688
308870
308878
308907
309072
309107
309423
309575
309614
309816
309997
310138
310254
310384
310426
310564
310687
310800
310802
310823
311011
311034
311047
311324
311387
311387
311408
311428
311539
311595
311632
311648
311788
311953
312312
312338
312370
312480
312546
312619
312750
312936
313051
313161
313346
313384
313397
313422
313547
313563
313656
313689
313691
314116
314154
314678
315003
315162
315232
315498
315585
315692
315870
315947
316245
316356
316560
316570
316631
316669
316780
316882
316903
317010
317233
317244
317312
317377
317413
317523
317713
317788
317792
317868
318092
318115
318156
318162
318226
318264
318380
318427
318474
318543
318631
318903
319121
319337
319415
319799
319864
319966
319999
320031
320034
320147
320338
320394
320412
320456
320529
320543
320545
320549
320595
320714
320972
321204
321371
321686
321911
321936
322013
322150
322200
322325
322341
322413
322429
322475
322530
322547
322548
322572
322814
323295
323372
323512
323642
323674
323739
323763
323777
323783
323878
323914
324029
324035
324146
324262
324268
324583
324827
324851
324913
325018
325143
325252
325336
325458
325460
325530
325673
326060
326193
326209
326260
326507
326509
326536
326671
326673
326739
326867
326928
327016
327025
327033
327109
327116
327331
327453
327490
327640
327684
327893
327970
328027
328175
328322
328336
328397
328438
328454
328685
328735
328917
328958
328967
328975
329040
329268
329272
329398
329640
329652
329706
329821
329904
330100
330188
330214
330247
330264
330535
330796
330824
330830
330875
331072
331078
331121
331142
331161
331713
331855
331885
331890
331986
332224
332286
332318
332437
332780
332808
332816
333002
333150
333423
333626
333635
333765
333839
333950
334345
334349
334451
334509
334664
334677
334692
334997
335094
335096
335204
335224
335275
335285
335403
335472
335519
335619
335718
335841
335925
336029
336061
336198
336208
336252
336283
336311
336338
336463
336519
336632
336736
336849
336912
336935
336994
337063
337090
337607
337709
337832
337844
337873
337965
338004
338013
338103
338183
338241
338451
338497
338521
338553
338609
338702
338741
338786
338883
339051
339252
339618
339760
339938
340020
340064
340086
340211
340280
340577
340679
340795
340799
340943
341061
341074
341141
341228
341288
341370
341409
341504
341551
341776
341885
341891
341949
342040
342114
342393
342443
342480
343010
343065
343212
343261
343535
343625
343719
343779
343854
343972
343985
344114
344164
344274
344385
344486
344652
344861
344905
344931
345010
345089
345155
345181
345303
345303
345330
345351
345474
345877
345942
346104
346171
346185
346189
346257
346535
346664
346723
346786
347115
347281
347473
347613
348232
348305
348330
348403
348619
348652
348710
348854
348939
348975
348983
349162
349399
349404
349443
349592
349767
349780
349803
349919
349968
350148
350171
350413
350447
350483
350487
350490
350628
350811
351109
351143
351395
351504
351545
351649
351891
351953
351995
352134
352236
352241
352295
352352
352403
352570
353065
353141
353158
353200
353341
353631
353857
354194
354230
354374
354405
354545
354646
355131
355236
355413
355414
355421
355469
355509
355535
356067
356458
356581
356652
356800
356922
357087
357133
357146
357168
357252
357270
357292
357315
357526
357667
357753
357773
357831
357886
358000
358068
358185
358212
358358
358683
358719
358739
358780
358856
358866
359023
359187
359246
359304
359423
359461
359713
359754
359811
359926
359964
360037
360087
360107
360114
360150
360352
360491
360508
360633
360640
360689
360724
360742
360945
361052
361129
361772
361795
361904
361907
362143
362366
362402
362968
363026
363143
363245
363247
363256
363300
363325
363598
363642
363876
364006
364013
364087
364128
364195
364443
364523
364556
364739
364791
364831
364837
365055
365079
365182
365395
365419
365530
365613
365701
365705
365736
365813
365847
365917
366203
366532
366571
366716
366722
367047
367227
367247
367342
367423
367492
367519
367562
367628
367730
367787
367811
367848
367919
367961
368232
368289
368489
368492
368579
368614
368628
368697
368797
368814
368857
368943
369094
369252
369313
369367
369503
369692
369703
369755
369876
370180
370293
370316
370346
370508
370752
370780
370864
370872
370947
371008
371052
371223
371337
371358
371362
371524
371599
371673
371835
371850
371992
371994
372066
372306
372442
372490
372557
372976
373161
373181
373419
373643
373655
373788
373866
374061
374119
374258
374444
374503
374551
374590
374640
374718
374943
374948
375090
375111
375353
375363
375446
375596
375617
376139
376306
376361
376433
376575
376722
376938
377002
377021
377129
377182
377275
377296
377339
377612
377827
378120
378313
378644
378645
379026
379134
379280
379311
379337
379398
379437
379550
379659
379774
379830
379920
379930
379952
379996
380006
380056
380059
380090
380119
380122
380248
380378
380400
380515
380539
380594
380774
380911
381071
381087
381297
381303
381367
381383
381481
381499
381542
381615
381894
381930
382072
382114
382192
382323
382490
382509
382523
382569
382817
382839
382989
383023
383187
383256
383318
383348
383841
383921
383937
384122
384166
384346
384399
384643
384681
384694
384745
384888
385158
385210
385333
386084
386105
386273
386294
386434
386438
386467
386526
386545
386589
386808
386815
386833
386855
387053
387330
387406
387561
387685
387690
387852
388225
388234
388243
388281
388383
388398
388455
388547
388645
388727
388742
388789
388805
388871
388906
389133
389146
389146
389153
389391
389403
389406
389482
389646
389961
390023
390055
390088
390169
390172
390319
390335
390346
390459
390492
390597
390601
390637
390729
390791
390873
390895
390971
391011
391047
391070
391307
391328
391389
391512
391607
391878
392037
392169
392180
392266
392374
392521
392678
392971
392985
393217
393228
393261
393308
393333
393437
393596
393807
393810
393876
393922
393981
394071
394075
394169
394216
394336
394352
394433
394555
394569
394755
394802
394816
394982
395063
395063
395126
395216
395400
395506
395602
395621
395644
395709
395739
395921
396007
396009
396083
396101
396172
396314
396491
396507
396546
396581
396594
396699
396758
396819
396950
397053
397122
397223
397480
397547
397606
397636
397663
397861
397867
397964
398113
398149
398429
398600
398623
398829
398843
398957
399070
399328
399350
399509
399607
399628
399677
399678
399757
399776
399940
400099
400171
400180
400262
400269
400367
400478
400703
400723
400847
400946
400961
401008
401096
401306
401452
401518
401702
401794
401800
401809
401987
401995
402010
402091
402211
402223
402554
402582
402745
402807
402879
402886
403058
403184
403198
403335
403403
403434
403466
403711
403763
403791
403960
404023
404159
404442
404466
404486
404751
405167
405265
405366
405505
405526
405538
405665
405776
405840
405881
405887
406280
406354
406605
406667
406709
406849
406859
406954
407198
407320
407341
407434
407474
407632
407753
408039
408157
408170
408181
408354
408363
408479
408483
408613
408718
408764
408972
409129
409255
409256
409267
409436
409448
409463
409529
409530
409910
410227
410293
410320
410555
410600
410601
410612
410638
410759
410868
410978
411125
411305
411454
411489
411637
411669
411754
412036
412128
412171
412221
412288
412440
412473
412497
412497
412532
412688
412689
412715
412716
412788
412818
412901
412924
412950
412994
413009
413082
413201
413291
413378
413463
413499
413599
413633
413749
414313
414385
414575
414582
414994
415182
415341
415441
415452
415460
415462
415713
415780
416272
416338
416351
416409
416443
416472
416561
416675
416845
417482
417543
417770
417781
417828
417934
417982
418147
418158
418172
418278
418311
418444
418695
418880
418905
418914
419058
419058
419061
419068
419308
419424
419698
419764
419782
419949
419966
420065
420108
420310
420707
420712
420806
420808
420880
421162
421188
421201
421216
421255
421371
421718
421798
421869
421939
422055
422326
422342
422378
422568
422578
422708
422946
422979
423033
423033
423274
423276
423289
423467
423557
423614
423650
423774
423782
423909
424051
424096
424282
424334
424444
424629
424934
424987
425038
425094
425405
425419
425445
425453
425584
425764
425766
425766
425788
426007
426149
426152
426358
426383
426384
426587
426801
426951
427204
427424
427474
427687
427691
427768
427839
427949
428209
428389
428477
428654
428849
428941
428990
428996
429140
429220
429273
429369
429499
429516
429542
429589
429653
429667
429679
429748
429950
429958
430082
430089
430110
430233
430434
430543
430596
430687
430772
430874
431078
431130
431267
431338
431351
431367
431499
431666
431723
431728
431896
431958
432007
432012
432047
432075
432385
432388
432413
432503
432536
432624
432647
432817
432873
433120
433188
433311
433358
433364
433377
433380
433380
433506
433749
433813
434046
434058
434133
434304
434308
434489
434666
434725
434772
434836
434846
434854
434881
434914
435008
435084
435352
435464
435505
435577
435633
435940
436045
436176
436335
436488
436621
436683
436871
437202
437297
437538
437608
437653
437720
437745
437807
437897
437913
438011
438134
438158
438170
438275
438710
438748
439213
439226
439386
439386
439597
439706
439832
440004
440018
440035
440077
440178
440193
440322
440387
440480
440494
440503
440511
440536
440562
440564
440574
440610
440650
440773
440829
440924
441142
441201
441272
441274
441381
441576
441592
441627
441761
441775
441786
441811
441844
441872
441930
441954
442347
442462
442496
442519
442540
442598
442605
442766
442775
442941
442947
442960
443308
443384
443458
443501
443568
443602
443624
443626
443782
443805
443826
443848
443859
443946
443971
444046
444057
444058
444091
444372
444522
444565
444568
444605
444837
444964
445154
445259
445268
445342
445391
445428
445464
445639
445734
446004
446208
446232
446233
446333
446537
446577
446590
446627
446639
446851
446950
446967
447080
447093
447149
447158
447404
447424
447441
447621
447627
447732
447842
448002
448125
448158
448363
448536
448826
448888
448951
448962
449207
449356
449388
449476
449523
449606
449757
449848
449911
450003
450079
450149
450271
450370
450471
450591
450680
450713
450739
450754
451003
451144
451147
451169
451191
451274
451279
451356
451466
451471
451498
451656
451726
451857
451876
452056
452162
452392
452672
453004
453063
453238
453310
453330
453458
453542
453572
453674
453756
453886
453962
454274
454401
454444
454676
454687
454735
454790
454859
454896
454913
455003
455034
455086
455205
455335
455341
455391
455483
455491
455520
455602
455606
455627
456132
456309
456357
456467
456581
456683
456744
456864
457007
457156
457173
457313
457330
457478
457599
457619
457741
457750
457770
457882
458022
458463
458530
458567
458616
458875
458943
458952
458956
458964
459199
459292
459428
459491
459727
459770
459917
459933
459975
460068
460079
460135
460542
460548
460554
460652
460829
460954
461071
461127
461188
461282
461283
461346
461447
461538
461600
461652
461689
461896
461973
462106
462186
462253
462305
462472
462737
462796
462853
463034
463095
463151
463224
463253
463270
463283
463564
463642
463644
463811
463858
463869
463885
463906
463922
464062
464510
464646
464895
464948
464968
464976
465125
465235
465256
465319
465519
465584
465633
465663
466010
466134
466716
466778
466786
466804
467239
467260
467269
467270
467354
467382
467459
467610
467799
467825
467921
467944
467970
468042
468045
468048
468049
468101
468147
468152
468345
468479
468690
468797
468829
468849
468919
469024
469031
469063
469086
469169
469177
469302
469358
469451
469504
469714
469830
469901
470051
470069
470134
470152
470266
470380
470518
470669
470832
470839
470849
470864
471141
471241
471325
471419
471475
471517
471601
471611
471612
471663
471765
471898
472177
472354
472409
472458
472488
472513
472922
472940
473031
473247
473452
473486
473556
473677
473888
473911
474002
474012
474329
474336
474382
474382
474451
474486
474539
475031
475090
475113
475239
475250
475258
475281
475308
475319
475465
475778
475933
476009
476361
476449
476470
476478
476684
476758
477045
477068
477304
477354
477371
477422
477440
477556
477654
477869
477917
477979
478092
478215
478241
478278
478415
478568
478615
478776
479026
479042
479069
479073
479252
479290
479389
479651
479693
479912
479970
480171
480233
480305
480307
480550
480583
480707
480926
481013
481094
481111
481139
481395
481445
481487
481506
481507
481520
481616
481755
481843
481874
482022
482103
482186
482192
482354
482633
482669
482807
482894
483122
483214
483398
483468
483495
483532
483582
483622
483801
484098
484268
484410
484510
484529
485187
485195
485224
485244
485273
485366
485410
486073
486109
486115
486144
486302
486354
486358
486481
486560
486659
486690
486818
486960
487224
487501
487587
487602
487710
487713
487759
487831
487840
487870
488024
488038
488046
488130
488148
488240
488293
488425
488439
488564
488695
488716
488732
488843
488873
488896
489037
489161
489261
489264
489282
489530
489683
489740
489751
490272
490319
490419
490425
490435
491177
491184
491202
491299
491526
491565
491666
491680
491715
491782
491794
492020
492169
492320
492673
492790
492817
492843
492878
493042
493069
493262
493318
493324
493552
493891
493920
494229
494402
494472
494696
494705
494815
495012
495149
495241
495452
495530
495594
495741
495920
495938
496026
496146
496207
496321
496468
496482
496673
496885
496937
497007
497024
497122
497187
497275
497408
497426
497464
497571
497791
497984
498082
498147
498532
498683
498686
498733
498836
498843
498846
498993
499087
499091
499109
499304
499438
499589
499648
499730
499798
499830
499980
500122
500302
500372
500397
500439
500462
500749
500802
500829
500854
500965
501009
501009
501063
501333
501669
501692
501706
501762
501876
502153
502379
502573
502817
502838
502897
503093
503111
503219
503728
503896
503909
503934
503962
503979
503986
504153
504433
504721
504761
505032
505237
505302
505321
505577
505685
505773
505940
505944
505950
505968
506163
506200
506407
506636
506832
506983
507293
507300
507388
507477
507506
507633
507730
507765
507791
507868
507936
507944
507948
508375
508712
508809
508869
509045
509072
509137
509210
509309
509383
510081
510187
510188
510252
510296
510438
510714
510722
510774
510780
510813
510943
511002
511005
511283
511356
511400
511513
511599
511635
511690
511753
511832
512047
512068
512198
512220
512264
512275
512451
512505
512690
512802
512904
512941
513106
513117
513128
513172
513176
513286
513503
513663
513941
513955
514033
514162
514713
514751
514765
515164
515303
515365
515419
515838
515857
515920
515956
516022
516169
516448
516540
516714
516830
516855
517055
517230
517242
517406
517712
517832
518066
518216
518227
518253
518293
518357
518493
518637
518862
518888
519116
519191
519230
519627
519633
519790
519840
520103
520138
520203
520229
520307
520346
520376
520398
520399
520570
520639
520662
520949
520959
521521
521636
521660
521682
521871
522064
522594
522650
522770
522847
522999
523033
523116
523146
523217
523373
523514
523556
523629
523643
523739
523841
523972
524013
524181
524199
524207
524224
524318
524338
524354
524660
524691
524863
524869
524892
524913
525119
525133
525206
525217
525221
525287
525334
525380
525619
525625
525658
525676
525868
525930
525955
525969
525970
526006
526036
526152
526198
526519
526587
526624
526750
526958
527012
527202
527233
527346
527694
527702
527968
528121
528235
528297
528314
528343
528516
528604
528620
528730
528828
528877
529096
529107
529156
529254
529356
529455
529517
529649
529723
529742
529821
529834
529849
529895
529920
529983
530024
530173
530222
530386
530387
530443
530479
530739
530915
530992
531306
531366
531525
531526
531579
531722
531737
531871
531933
532231
532540
532544
532613
532671
532789
532873
532923
532963
533143
533232
533326
533340
533375
533403
533421
533424
533440
533444
533487
533645
533742
533780
533846
534022
534340
534377
534429
534442
534506
534714
534746
534820
534899
535062
535124
535159
535373
535454
535551
535595
535663
535758
535763
535789
535807
535939
535961
536133
536150
536240
536307
536309
536339
536409
536669
536672
536696
537015
537206
537210
537812
537857
537860
537963
537990
538080
538172
538189
538394
538442
538466
538535
538570
538650
538768
538777
538793
538818
538845
538915
538962
539014
539044
539100
539104
539151
539156
539187
539194
539196
539259
539367
539426
539536
539578
539732
539767
539840
539847
539851
539995
540004
540077
540470
540500
540641
540669
540689
540848
540918
540953
541050
541059
541079
541290
541316
541324
541470
541476
541649
541656
541709
541833
541909
541993
542049
542050
542178
542211
542213
542231
542446
542474
542588
542600
542839
542898
543000
543011
543129
543151
543199
543232
543287
543419
543439
543594
543725
543867
544097
544235
544270
544298
544300
544422
544467
544519
544678
544722
544751
544796
544904
545049
545157
545163
545202
545343
545986
545988
546035
546037
546063
546176
546253
546256
546318
546352
546412
546582
546619
546695
546705
546718
546924
547039
547234
547296
547298
547363
547391
547415
547426
547611
547692
548115
548188
548199
548363
548485
548576
548611
548622
548782
548974
549032
549110
549175
549380
549391
549448
549512
549664
549777
549959
550115
550203
550214
550286
550452
550485
550648
550714
550727
550783
550840
550853
550971
550996
551065
551083
551093
551148
551223
551338
551359
551403
551637
551711
551918
552217
552242
552809
552823
552938
553002
553190
553216
553344
553423
553507
553589
553648
553682
553860
554084
554110
554145
554202
554270
554296
554449
554475
554517
554644
554657
555110
555207
555276
555392
555420
555735
555772
555879
555898
555927
556008
556103
556112
556200
556593
556616
556673
556681
556716
556744
556764
556773
556852
556866
556894
557003
557057
557186
557198
557260
557336
557353
557370
557474
557667
557687
557890
557909
557980
558060
558163
558186
558229
558332
558449
558941
558948
559006
559095
559141
559185
559249
559325
559391
559628
559696
559706
559924
559945
559951
560220
560513
560534
560660
560928
561232
561766
561928
562014
562097
562245
562558
562646
562806
562983
563088
563145
563153
563299
563374
563458
563489
563569
563581
563697
563800
563854
563867
563956
564311
564377
564415
564680
564687
564722
564882
564908
564912
564914
565323
565446
565478
565571
565608
565816
565861
565915
565969
566184
566343
566480
566817
566831
566871
566894
566899
566916
566917
567252
567574
567576
567662
567805
567822
567918
567945
568140
568154
568267
568345
568349
568393
568426
568473
568504
568534
568775
568901
568961
569051
569145
569149
569322
569345
569676
569753
569773
569776
569841
570095
570122
570137
570350
570378
570497
570661
570730
570735
570967
570990
571102
571114
571184
571453
571501
571550
571599
571653
571746
571826
571850
571896
571947
572035
572253
572323
572524
572530
572688
572700
572754
572918
572985
573033
573050
573051
573357
573541
573669
573846
573903
573943
573990
574011
574198
574316
574630
574672
574689
574798
574895
575247
575464
575529
575547
575551
575570
575693
575703
575760
575831
575894
575925
576056
576085
576171
576197
576289
576317
576389
576567
576702
576761
576773
576796
576856
576951
577028
577045
577141
577211
577240
577340
577545
577693
577921
578095
578113
578131
578277
578408
578424
578457
578588
578775
578885
578935
578971
579035
579082
579158
579363
579394
579453
579516
579582
579633
579671
579763
579836
579955
579979
580112
580131
580302
580325
580408
580444
580452
580539
580735
580765
580980
581209
581260
581285
581351
581583
581783
581825
581913
582570
582579
582661
582700
582713
582778
582871
582964
583077
583145
583202
583335
583444
583595
583935
583955
584178
584277
584289
584325
584361
584442
584536
584749
584774
584815
584817
584863
585074
585091
585108
585186
585268
585598
585673
585692
585966
585991
586069
586157
586499
586510
586658
586673
586802
587083
587181
587248
587289
587376
587589
587617
587661
587793
587892
588158
588249
588331
588338
588363
588404
588459
588508
588649
588994
589059
589550
589697
589757
589905
589910
590044
590150
590154
590521
590568
590703
590722
590953
591099
591101
591232
591239
591250
591307
591365
591468
591530
591544
591697
591714
591728
591863
591933
592003
592166
592253
592304
592325
592335
592429
592469
592968
592989
593039
593066
593066
593109
593254
593261
593401
593530
593759
593928
594018
594031
594044
594079
594197
594236
594289
594391
594572
594574
594736
594864
594900
594917
594972
594994
594998
595008
595020
595030
595054
595055
595112
595219
595244
595249
595304
595469
595663
595787
595836
595889
595985
596212
596234
596378
596433
596571
596579
596652
596676
596680
596743
596759
596778
596788
596790
596813
597024
597249
597345
597348
597388
597755
597841
597908
597982
597987
597989
597992
598009
598158
598395
598672
598699
598740
598753
598784
598866
599030
599108
599386
599401
599481
599497
599509
599744
599954
600024
600098
600302
600304
600352
600372
600599
600771
600941
601052
601402
601425
601426
601555
601563
601615
601624
601693
601814
601842
601892
601909
602027
602049
602203
602235
602252
602376
602482
602790
602825
602878
603034
603077
603098
603243
603308
603317
603498
603505
603519
603721
603831
604022
604037
604214
604245
604321
604725
604928
605054
605075
605160
605294
605393
605396
605586
605816
605832
605855
605870
605871
605924
606037
606040
606040
606204
606267
606354
606456
606534
606567
606940
607135
607276
607347
607411
607430
607540
607556
607663
607673
607700
607804
607896
608234
608364
608438
608485
608502
608619
608726
608821
608948
609040
609072
609136
609144
609147
609433
609433
609448
609560
609734
609777
609804
609956
609965
610012
610054
610202
610243
610275
610646
610695
610781
610929
611015
611114
611218
611273
611328
611377
611410
611480
611943
611965
612281
612318
612349
612426
612524
612704
612729
613023
613089
613100
613129
613169
613331
613334
613767
614055
614097
614218
614291
614402
614409
614607
614686
614692
614701
614764
614868
614881
615116
615370
615472
615552
615628
615776
615821
615903
615994
616170
616268
616269
616274
616493
616559
616644
616765
616888
616895
617044
617113
617347
617421
617488
617803
617927
618404
618726
618810
618852
618878
618893
618961
618995
619022
619116
619230
619282
619443
619557
619590
619645
619657
619669
619684
620424
620495
620585
620832
620871
621403
621865
621897
621945
621970
622009
622046
622060
622302
622408
622491
622516
622618
622781
622907
622940
622957
622968
623039
623187
623348
623381
623447
623483
623484
623565
623632
623689
623689
623720
623996
624224
624366
624375
624392
624496
624942
624968
625026
625033
625078
625154
625186
625252
625334
625410
625415
625573
626046
626187
626210
626252
626303
626372
626396
626409
626426
626443
626530
626557
626702
626753
626952
627057
627243
627373
627508
627513
627524
627552
627645
627696
627837
628023
628117
628187
628278
628325
628344
628393
628455
628508
628536
628552
628570
628672
628947
629013
629029
629121
629532
629534
629994
630561
631275
631411
631578
631728
631870
631990
632127
632211
632384
632427
632559
632826
632873
633037
633187
633189
633230
633336
633442
633697
633764
633921
634189
634215
634253
634474
634563
634692
634761
634966
635132
635148
635226
635537
635569
635576
635913
635983
636009
636011
636203
636203
636253
636308
636348
636444
636451
636634
636679
636987
637208
637221
637224
637597
637682
637743
637819
638186
638197
638211
638265
638290
638374
638576
638645
638665
638666
638698
638700
638875
638979
639017
639109
639162
639302
639451
639630
639686
639754
640111
640120
640121
640144
640182
640196
640233
640321
640403
640711
640770
640885
640910
641123
641184
641611
641634
641639
641647
641703
641763
641844
642034
642376
642379
642524
642565
642941
643061
643149
643191
643205
643242
643313
643520
643549
643658
643667
643733
643759
643876
644024
644097
644287
644387
644539
644634
644683
644821
644850
644856
645030
645035
645343
645424
645527
645775
645934
645944
645961
646213
646264
646305
646354
646368
646418
646419
646640
646778
646863
646939
647027
647123
647266
647271
647288
647290
647478
647588
647749
647833
647849
647942
648054
648113
648233
648432
648590
648619
648621
648947
649055
649113
649137
649721
649761
649952
649967
650156
650479
650728
650932
650972
651018
651029
651221
651473
651504
651505
651711
651922
652100
652102
652367
652368
652380
652401
652493
652685
652794
652860
652869
652874
652961
653032
653128
653220
653351
653429
653733
653753
653756
653864
653870
653873
654043
654102
654356
654559
654586
654634
654645
654718
655016
655034
655050
655328
655386
655399
655404
655429
655664
655727
655791
655816
655927
655973
656075
656158
656377
656405
656413
656529
656534
657012
657084
657257
657363
657392
657627
657685
657696
657768
657843
657908
657972
657987
658268
658388
658395
658545
658737
658897
658959
659333
659638
659776
659915
660080
660107
660155
660168
660383
660417
660482
660498
660583
660725
660953
661080
661113
661124
661230
661254
661266
661287
661366
661493
661511
661705
661878
661893
662050
662081
662101
662140
662366
662377
662379
662448
662549
663016
663103
663221
663227
663259
663304
663352
663551
663646
663677
663744
663783
663833
664064
664131
664268
664299
664410
664458
664489
664547
664548
664557
664563
664820
664912
664999
665139
665332
665366
665383
665520
665573
665763
666176
666187
666360
666447
666639
666705
666764
666868
666944
667072
667076
667080
667250
667271
667339
667378
667450
667508
667531
667743
667921
668085
668092
668302
668491
668565
668598
668615
668826
668948
669213
669219
669274
669328
669527
669539
669602
669606
669668
669941
669963
669986
670100
670158
670274
670365
670535
670571
670571
670605
670605
670753
670794
670811
671081
671105
671188
671284
671311
671386
671621
671634
671758
671892
671980
672351
672449
672587
672629
672657
672753
672870
673008
673177
673203
673311
673350
673364
673578
673629
673838
673844
673845
673974
674130
674336
674376
674602
674696
674731
675041
675240
675241
675295
675473
675516
675517
675543
675591
676149
676318
676381
676553
676766
676810
676822
676886
676896
676993
677120
677147
677151
677179
677203
677327
677357
677368
677381
677466
677569
677611
678089
678247
678564
678595
678846
678861
678940
679098
679112
679181
679285
679331
679639
680124
680134
680196
680209
680244
680331
680404
680503
680601
680668
680753
680926
681447
681607
681766
681915
682001
682038
682039
683474
683558
683620
683743
683935
684075
684273
684489
684814
685061
685123
685412
685420
685468
685496
685674
685777
685821
685828
685938
686101
686185
686378
686507
686714
686733
686780
686903
686990
687122
687150
687192
687247
687311
687335
687357
687360
687436
687467
687588
687604
687659
687682
687821
687931
688040
688142
688305
688328
688355
688392
688393
688526
688590
688612
688763
688794
688861
689030
689386
689507
689599
689945
690046
690257
690291
690311
690392
690511
690586
690739
690771
691248
691312
691674
691705
691794
692049
692091
692282
692553
692611
692637
692912
693025
693032
693257
693311
693327
693365
693365
693488
693587
693720
693746
693768
693793
693890
693908
694049
694095
694368
694420
694484
694500
694919
695093
695192
695454
696065
696539
696572
696592
696603
696611
696613
696629
696630
696719
696985
697242
697462
697638
697712
697827
697869
697898
698065
698074
698106
698113
698567
698677
698679
698697
698737
698755
698761
699430
699546
699566
699627
699864
699866
700039
700053
700069
700301
700395
700474
700646
700931
700944
700972
701004
701125
701151
701193
701247
701317
701429
701452
701532
701537
701548
701883
702023
702080
702238
702282
702459
702634
702715
702720
702733
702741
702750
702788
702821
702896
702936
703016
703160
703313
703441
703442
703541
703573
703605
703666
703866
704028
704205
704468
704534
704572
704680
704782
704834
704889
704934
704936
704984
705217
705318
705351
705431
705434
705465
705509
705547
705614
705707
705832
706065
706267
706275
706309
706315
706378
706400
706488
706491
706633
706652
706657
707045
707140
707316
707386
707413
707465
707479
707483
707612
707626
707632
708118
708167
708588
708607
708707
708724
709006
709020
709344
709354
709446
709535
709668
709755
709928
710297
710344
710364
710535
710602
710754
710903
710947
710952
710969
711028
711185
711200
711276
711320
711407
711476
711926
711973
712020
712188
712236
712281
712446
712541
712675
712678
712737
712840
712861
712904
713008
713081
713103
713116
713141
713355
713384
713425
713452
713609
713672
713836
713880
713987
714052
714053
714169
714184
714267
714315
714427
714459
714463
714515
714576
714745
714830
714844
714857
714955
714969
715002
715033
715162
715194
715233
715299
715429
715464
715553
715579
715621
715867
716076
716251
716276
716351
716361
716381
716527
716641
716645
716706
716986
717006
717204
717268
717371
717634
717881
718026
718035
718213
718342
718455
718793
718850
718884
718927
718985
719002
719168
719390
719509
719575
719692
719824
719899
719909
719911
719917
720033
720237
720270
720313
720320
720873
720890
721028
721098
721260
721282
721375
721633
721788
721790
721828
721883
721909
722157
722189
722341
722368
722370
722387
722484
722563
722742
723280
723284
723415
723627
723831
723937
723956
724000
724091
724108
724250
724286
724538
724611
724616
724751
724778
725048
725471
725510
725617
725658
725748
725859
725990
726139
726202
726285
726397
726424
726697
726877
726879
727168
727394
727628
727700
727873
728050
728056
728088
728163
728495
728520
728661
728683
728799
728821
728946
728969
728990
729072
729181
729221
729280
729322
729424
729567
729596
729747
729754
729757
730025
730205
730381
730586
730797
730897
730919
730931
730954
730975
731072
731075
731084
731149
731204
731229
731290
731326
731343
731453
731698
731852
732174
732229
732372
732513
732543
732766
732939
732954
733030
733036
733221
733260
733379
733773
733847
733875
733940
734047
734248
734455
734573
734834
734881
735098
735318
735404
735430
735503
735545
735635
735739
735856
735922
735975
736048
736090
736312
736590
736653
736698
736725
736831
736896
736965
737033
737284
737511
737634
737906
738022
738147
738245
738442
738512
738790
738800
738822
738853
738926
738940
738997
738999
739263
739423
739442
739461
739498
739833
739851
739869
739953
740016
740038
740078
740090
740193
740425
740549
740690
740696
740710
740740
740793
740812
740816
740857
740884
740895
740995
741446
741463
741713
741720
741761
741831
741971
741984
742000
742001
742106
742151
742196
742269
742418
742584
742923
743036
743278
743323
743324
743473
743606
743681
743763
744126
744128
744149
744481
744605
744636
744649
744873
745621
745688
745691
745729
745879
746060
746276
746381
746388
746401
746554
746643
746728
746757
746896
746905
746915
746935
746986
747077
747147
747252
747276
747303
747421
747489
747566
747665
747739
747811
748035
748439
748534
748617
748633
748640
749091
749426
749426
749477
749497
749552
749748
749769
749856
750065
750160
750176
750204
750343
750467
750705
750717
750729
750893
750924
751243
751395
751449
751474
751496
752182
752190
752199
752299
752314
752415
752448
752466
752566
752675
752679
752869
752903
752906
752948
753066
753110
753160
753318
753349
753398
753437
753771
753895
754070
754252
754283
754301
754426
754427
754590
754703
754833
754841
754934
754958
754969
754993
755109
755196
755236
755447
755589
755617
755638
755640
755793
755847
756048
756060
756065
756071
756098
756205
756367
756552
756560
756561
756571
756582
756611
756640
756673
756673
756751
756775
757290
757515
757648
757690
757793
757862
757905
758209
758216
759271
759323
759409
759484
759499
759530
759583
759683
759687
759714
759888
760029
760050
760053
760133
760207
760235
760241
760259
760596
760651
760652
760889
761038
761046
761083
761351
761766
761896
761911
761919
761954
762084
762113
762140
762154
762184
762247
762344
762361
762450
762552
762750
762788
762971
762995
763000
763147
763282
763534
763625
763769
763845
763906
763942
764114
764157
764294
764301
764343
764465
764488
764797
764803
764803
764959
765041
765114
765156
765267
765435
765438
765476
765489
765506
765535
765757
765843
765875
765902
765920
766004
766040
766124
766140
766182
766266
766387
766899
766941
766970
767041
767279
767328
767341
767575
767617
767762
767883
768099
768163
768382
768423
768461
768636
768647
768650
768742
768791
768881
768970
768998
769077
769157
769462
769502
769982
770115
770115
770392
770415
770522
770611
770718
770782
770854
770990
771152
771160
771170
771186
771238
771276
771543
771582
771713
771755
771802
771820
771980
772036
772063
772252
772265
772425
772462
772565
772591
772622
772644
772669
772856
772953
773002
773158
773178
773223
773428
773461
773498
773657
773702
773709
773839
773905
774038
774106
774335
774473
774474
774501
774632
774652
774866
774971
775070
775076
775085
775118
775127
775164
775331
775355
775378
775403
775405
775597
775718
775896
775896
775934
775971
775974
776046
776068
776142
776166
776175
776180
776271
776367
776388
776422
776423
776563
776622
776727
776731
776802
776860
777064
777071
777112
777155
777362
777438
777444
777525
777553
777665
777672
777721
777802
777948
778157
778167
778171
778208
778321
778490
778544
778581
778589
778822
778849
778914
779051
779115
779487
779533
779641
779719
780004
780060
780131
780136
780338
780346
780455
780488
780710
780870
780892
781139
781190
781250
781270
781349
781388
781399
781958
782194
782250
782353
782365
782374
782446
782697
782724
782955
783038
783532
783582
783682
783768
783992
784287
784443
784485
784579
784589
784849
784871
784912
785065
785244
785336
785369
785388
785457
785489
785689
785697
785803
785876
786032
786138
786184
786340
786378
786406
786611
786723
786858
787109
787135
787155
787196
787209
787318
787510
787579
787679
788207
788398
788674
788821
788975
789120
789142
789331
789399
789445
789481
789502
789634
789692
789718
789719
789757
789878
789970
789972
789979
790035
790093
790341
790361
790426
790513
790534
790611
790630
790676
790759
790976
790996
791056
791193
791396
791585
791624
792116
792182
792189
792270
792375
792527
792659
792680
792870
792959
793207
793341
793348
793514
793556
793584
793585
793614
793709
793735
793901
794001
794069
794164
794216
794282
794331
794384
794486
794561
794887
794936
795187
795437
795644
795703
795842
795850
796192
796261
796381
796568
796663
796759
796769
796777
796801
796987
797098
797156
797172
797314
797473
797597
797685
797712
797759
797903
797924
798102
798167
798195
798215
798267
798457
798547
798682
798717
799073
799165
799251
799258
799285
799287
799466
799471
799516
799649
799691
799706
799729
799920
799978
800042
800126
800130
800131
800173
800347
800538
800561
800631
800692
800702
800703
800869
800883
801048
801099
801221
801302
801379
801410
801416
801576
801628
801702
801858
801999
802078
802317
802383
802390
802393
802655
802732
802748
802900
803058
803097
803506
803735
803757
803842
803861
804108
804452
804463
804595
804610
804820
804852
804901
805046
805144
805180
805401
805423
805752
805833
805873
805914
806038
806129
806709
806933
806963
807010
807135
807155
807306
807376
807503
807606
807654
807743
807744
807758
807980
808190
808218
808448
808517
808567
808618
808750
808847
808879
809010
809224
809296
809799
809806
809935
810044
810128
810272
810301
810377
810401
810443
810462
810514
810841
811072
811211
811272
811455
811539
811652
811664
811724
811764
811803
811871
811897
811926
811974
812119
812327
812348
812419
812459
812466
812637
812773
812820
812845
813076
813204
813386
813404
813479
813508
813786
813831
813908
813933
814118
814184
814191
814207
814264
814323
814607
814610
814852
814872
814882
815110
815393
815523
815541
815569
815763
815944
815945
816034
816411
816500
816571
816608
816609
816766
816813
816831
816886
816935
817015
817077
817090
817220
817272
817301
817314
817518
817526
817588
817675
817931
818275
818312
818321
818429
818446
818496
818506
818528
818547
818715
818721
818761
818809
818870
818961
819020
819040
819148
819372
819400
819465
819475
819624
819756
819776
819777
819792
819980
820013
820043
820132
820333
820347
820358
820414
820536
820779
820908
821044
821226
821295
821315
821416
821577
821699
821802
821979
822033
822065
822110
822279
822301
822833
822952
823074
823130
823643
823696
823835
823879
823944
823968
824108
824343
824421
824646
824693
824908
824922
824987
825221
825719
825967
826307
826554
826613
827106
827236
827330
827473
827815
827878
827888
827952
827958
827979
828097
828152
828200
828271
828450
828564
828619
828754
828973
829028
829118
829161
829256
829473
829497
829558
829636
829900
829996
830072
830128
830147
830315
830333
830646
830748
830840
831033
831267
831292
831312
831327
831332
831385
831403
831745
831901
832021
832107
832142
832166
832215
832237
832283
832312
832427
832589
832763
832823
832852
833383
833420
833494
833538
833779
833844
833905
834070
834114
834391
834445
834536
834591
834638
834645
834915
834976
835118
835365
835452
835555
835571
835734
835767
835787
835896
835953
836246
836305
836862
836866
837147
837177
837200
837383
837410
837511
838167
838422
838631
838718
838735
838837
838867
839260
839346
839411
839975
840327
840339
840432
840468
840622
840681
840742
840759
840958
841095
841143
841159
841212
841227
841273
841286
841363
841372
841391
841573
841686
841887
841942
842163
842307
842332
842351
842445
842629
842741
842755
842796
842933
843018
843105
843118
843234
843588
843776
843873
844038
844131
844176
844218
844252
844340
844601
844748
844768
845038
845052
845063
845191
845356
845433
845543
845565
845579
845593
845599
845778
845849
845876
845902
845936
845937
846335
846379
846384
846719
846743
846754
846775
846929
847086
847383
847470
847778
847787
847807
847968
848115
848128
848221
848250
848410
848521
848641
848934
849005
849108
849249
849270
849348
849381
849398
849401
849409
849520
849588
849676
849714
849810
849845
849849
849952
850079
850418
850509
850607
850610
850709
850719
850784
850881
850883
851051
851113
851205
851221
851292
851304
851414
851711
851753
851792
851995
852006
852018
852087
852136
852264
852344
852694
852836
852925
853064
853211
853223
853340
853358
853408
853505
853572
853592
853801
853836
853878
853884
853959
854032
854055
854062
854064
854242
854255
854514
854761
854920
855047
855113
855272
855441
855471
855503
855523
855540
855540
855613
855615
855618
855739
855769
855964
855988
856070
856134
856217
856343
856547
856564
856574
856624
856641
856736
856815
856840
856888
857023
857083
857174
857239
857350
857401
857465
857476
857492
857668
857731
857793
857901
857915
857960
858051
858058
858140
858325
858350
858495
858507
858532
858564
858815
858855
858981
858999
859033
859325
859377
859428
859672
860280
860353
860515
860852
861038
861099
861131
861156
861167
861268
861346
861524
861711
861758
861795
861992
862104
862268
862333
862375
862428
862437
862473
862512
862539
862556
862682
862759
862787
862962
863022
863088
863106
863200
863382
863391
863394
863399
863584
863723
863808
863905
864018
864031
864156
864196
864411
864436
864505
864559
864633
864676
864688
864689
864775
864788
864863
864876
864930
864942
864946
864974
865001
865002
865487
865492
865522
865731
865980
866011
866109
866121
866240
866280
866314
866370
866380
866399
866475
866609
866663
866688
866699
866785
866879
866884
866888
866936
866951
867052
867059
867060
867167
867183
867361
867436
867635
867749
867798
867849
867979
868180
868210
868265
868284
868396
868583
868743
868760
868865
868904
868950
869011
869174
869278
869306
869812
869828
869927
869977
870055
870178
870483
870581
870617
870719
870897
871143
871167
871244
871683
871742
871753
871781
871833
871971
872150
872240
872308
872494
872671
872795
872865
872879
872909
872921
872962
872999
873037
873075
873078
873135
873577
873585
873868
873920
873938
873985
874083
874140
874145
874231
874377
874461
874613
874670
874818
874865
874928
874948
874974
875078
875081
875152
875353
875358
875379
875397
875974
875993
876150
876424
876772
876803
876921
876931
877061
877085
877146
877248
877591
877604
877618
877678
877735
877806
877862
877877
877939
877953
878342
878362
878500
878546
878606
878612
878670
878714
878865
878916
879073
879103
879174
879329
879492
879549
879806
879905
879963
880016
880049
880067
880084
880117
880203
880239
880542
880702
880769
880785
880785
880861
880903
880919
880994
881113
881217
881333
881454
881516
881579
881744
881783
882402
882468
882601
882654
882750
882789
883100
883144
883360
883580
883617
883690
883760
883821
883927
883948
884055
884337
884413
884460
884648
884863
884930
884932
885043
885085
885118
885306
885510
885663
885847
885903
885925
885961
886126
886156
886239
886324
886783
886784
887026
887027
887185
887572
887651
887819
888084
888095
888123
888293
888334
888503
888644
888703
888833
888892
888963
888966
889033
889073
889210
889541
889565
889744
889756
889801
889972
890020
890039
890078
890147
890210
890210
890318
890318
890410
890548
890684
890701
890841
891061
891066
891160
891206
891248
891371
891409
891413
891620
891992
892090
892311
892313
892728
892901
892906
893108
893363
893372
893466
893745
893841
894144
894187
894251
894296
894297
894429
894485
894542
894584
894600
894665
894736
894866
894939
895112
895280
895287
895292
895356
895442
895476
895537
895543
895636
895654
895784
895806
895822
895877
896017
896044
896113
896161
896212
896232
896260
896311
896443
896593
896705
896805
896858
896919
897057
897060
897075
897081
897101
897124
897253
897499
897503
897693
897759
897849
898075
898606
898621
898739
898874
898961
899123
899152
899270
899320
899321
899417
899459
899591
899713
899907
900010
900033
900052
900127
900215
900267
900315
900535
900589
900637
900682
900782
900815
901000
901032
901120
901175
901209
901330
901484
901549
901650
901662
901751
901831
901879
901961
902202
902418
902525
902526
902673
902775
902820
903050
903177
903435
903499
903552
903553
903871
904038
904204
904241
904338
904529
904551
904704
904910
904969
904989
905018
905035
905339
905346
905354
905623
905698
905871
905892
906051
906075
906077
906082
906104
906139
906157
906214
906241
906297
906327
906456
906508
906512
906534
906639
906724
906781
906803
906878
907071
907166
907236
907270
907489
907550
907915
907972
908170
908211
908352
908371
908374
908482
908607
908725
909060
909214
909217
909245
909261
909421
909698
909730
909894
909980
910091
910152
910200
910311
910336
910388
910418
910514
910586
910938
911381
911548
911669
911711
911800
912407
912470
912671
913035
913088
913198
913208
913389
913439
913651
913679
913750
913798
913872
913880
913902
913917
914047
914185
914288
914316
914399
914425
914463
914476
914514
914592
914820
915095
915287
915299
915445
915673
915696
915738
915900
916153
916169
916251
916391
916579
916643
916691
916835
917025
917051
917165
917218
917397
917522
917616
917670
917670
917689
917916
917985
918009
918216
918254
918263
918328
918379
918420
918697
918707
918822
918843
918847
918990
919192
919295
919845
919975
920044
920254
920378
920413
920757
921027
921283
921298
921314
921404
921460
921485
921517
921600
921709
921723
921893
922006
922073
922255
922308
922310
922387
922405
922467
922554
922577
922625
922672
922681
922709
922724
922800
923106
923107
923175
923247
923496
923566
923715
923736
923804
923817
923831
924071
924259
924338
924814
924889
924960
924977
925127
925382
925646
925805
925836
926341
926476
926645
926739
926747
926929
926969
927218
927308
927349
927550
927570
927627
927842
927904
928058
928061
928062
928063
928101
928120
928198
928271
928299
928394
928621
928635
928776
928794
929016
929040
929102
929233
929234
929506
929543
929711
929722
929766
929867
929896
929987
929989
930030
930075
930119
930241
930272
930292
930340
930507
930564
930774
930775
930817
931012
931162
931167
931236
931329
931354
931435
931504
931682
931735
931809
932016
932094
932101
932142
932147
932179
932279
932490
932731
932734
932804
932807
932860
933115
933133
933184
933230
933430
933530
933582
933668
933822
934009
934133
934210
934331
934685
934747
934854
934946
934973
935296
935393
935453
935802
936138
936508
936511
936527
936741
936767
936803
936832
936881
936933
937074
937138
937149
937188
937200
937245
937246
937314
937381
937634
937890
937950
938431
938612
938666
938718
938826
938890
938932
939039
939074
939199
939358
939489
939531
939572
939632
939632
939807
939846
939971
939985
940027
940071
940171
940242
940320
940365
940438
940490
940595
940612
940683
940795
940816
940879
940908
941015
941124
941196
941271
941765
942132
942291
942297
942374
942516
942519
942744
943115
943142
943144
943158
943252
943388
943587
943631
943772
943920
943989
944014
944019
944110
944782
944816
944833
945032
945095
945111
945111
945169
945225
945512
945630
945734
946202
946246
946278
946337
946631
946740
946914
947040
947096
947295
947344
947349
947368
947425
947540
947592
947682
947733
947771
947877
948147
948247
948338
948646
948660
948678
948747
948787
948923
948958
948975
949115
949318
949338
949411
949692
949726
949726
949780
949993
950000
950025
950088
950155
950298
950417
950421
950520
950538
950555
950816
950956
950971
951009
951086
951232
951271
951287
951291
951315
951376
951418
951505
951666
951724
951832
951872
951910
952068
952323
952450
952490
952501
952716
952748
952799
952820
953108
953234
953264
953436
953570
953636
953881
953883
954012
954014
954028
954083
954146
954186
954207
954240
954290
954426
954509
954533
954740
954841
955401
955610
955629
955673
955678
955723
955724
955867
955919
956002
956068
956072
956285
956507
956693
956754
956791
956833
956870
956921
956960
956965
957102
957123
957319
957326
957332
957511
957712
957746
957839
957866
957876
958207
958406
958480
958489
958556
958689
958827
958833
958854
958971
959058
959092
959308
959607
959670
959917
959949
959990
960009
960178
960372
960451
960568
960821
960879
960890
961114
961174
961236
961613
961796
961825
961894
962038
962098
962277
962706
962822
962871
963050
963065
963209
963266
963422
963427
963467
963578
963589
963646
963709
963741
963788
963858
963956
963982
963994
964052
964196
964205
964436
964527
964726
964757
964784
964786
964789
964790
964873
964973
965026
965037
965138
965320
965343
965362
965473
965573
965577
965657
965695
965833
965893
965928
965984
966006
966090
966119
966141
966304
966385
966443
966584
966630
966727
966784
966891
966965
967023
967132
967283
967584
967706
967741
967804
967856
967943
968181
968183
968183
968296
968394
968455
968463
968471
968478
968611
968642
968705
968871
968912
969028
969078
969194
969352
969456
969701
969743
969747
969828
969905
970039
970490
970587
970606
970922
970938
971032
971150
971193
971236
971340
971510
971637
971674
971800
971819
971835
971907
972104
972255
972413
972800
972879
973015
973229
973536
973548
973562
973732
973787
973897
974077
974077
974106
974143
974182
974193
974570
974577
974749
975368
975462
975531
975553
975595
975638
975782
975894
975914
976116
976258
976330
976391
976449
976661
976793
976821
976853
976926
976973
976990
977479
977633
977663
977791
977915
978220
978246
978296
978454
978473
978573
978704
978890
979036
979149
979159
979351
979735
979821
979865
979904
979945
979992
980118
980270
980275
980314
980411
980428
980478
980637
980642
980661
980706
980728
980942
981046
981095
981225
981283
981322
981442
981463
981535
981650
981657
981771
981838
981887
981930
981988
982086
982089
982138
982142
982171
982195
982267
982328
982378
982476
982667
982803
982869
983160
983232
983288
983561
983563
983574
983753
983871
983872
983998
984043
984140
984194
984340
984694
984842
984872
984939
984970
985160
985243
985394
985449
985613
985672
985856
985891
986105
986177
986179
986208
986331
986374
986508
986536
986598
986634
986858
986951
987041
987196
987202
987270
987291
987525
987593
987850
987854
988086
988314
988334
988397
988401
988419
988541
988637
988938
989068
989074
989102
989121
989415
989662
989704
989707
989722
989726
989898
990033
990173
990382
990386
990431
990642
991063
991070
991107
991272
991652
991886
991925
991940
992019
992052
992072
992235
992236
992318
992331
992490
992501
992619
992730
992751
992890
992976
993102
993109
993117
993155
993230
993849
993922
993977
993978
994072
994228
994272
994425
994439
994510
994757
995122
995229
995321
995406
995418
995568
995575
995835
996039
996188
996458
996620
996822
997059
997497
997808
997999
998066
998072
998179
998324
998378
998479
998541
998575
998671
998684
998702
998874
998893
998903
998921
999028
999220
999231
999320
999435
999477
999482
999613
999814
999830
999867
