100
989225
957660
952976
950737
932551
918522
868783
857605
840891
831091
815035
779284
771312
744526
744507
703251
696573
683429
671219
654106
577341
559095
555281
536829
535848
510292
503513
459461
452825
435222
406218
405117
402987
393005
385023
343158
329784
323419
307620
303254
293988
250403
211320
188916
167750
165387
152484
149072
141517
124418
123659
120881
66289
57543
30948
-4050
-12030
-43613
-44216
-76198
-93885
-100694
-170175
-172242
-181296
-204937
-303250
-314794
-323753
-324087
-327133
-327759
-340152
-343349
-360680
-366012
-387642
-425966
-434034
-475579
-489280
-523424
-552483
-644000
-655919
-660773
-666105
-710227
-714162
-805946
-851766
-866658
-867844
-938042
-960487
-972230
-984341
-987745
-995231
-997853
