10000
999523
999452
999390
999237
999235
999071
998963
998873
998872
998782
998740
998618
998597
998574
998500
998439
998291
997967
997923
997824
997680
997527
997511
997185
997108
997092
997066
996807
996782
996742
996594
996495
996411
996396
996338
996202
996065
995989
995593
995561
995467
995460
995381
995380
995193
995169
995156
995032
994883
994744
994698
994638
994613
994293
994214
994203
994141
994136
994063
993946
993773
993552
993485
993153
993033
993010
992773
992517
992453
992424
992405
992232
992140
992012
991947
991851
991734
991662
991661
991518
991195
990771
990710
990688
990605
990540
990426
990375
990324
990201
990194
990142
990140
990035
990004
989862
989852
989605
989455
988997
988996
988762
988761
988759
988564
988558
988555
988532
988348
988110
987997
987974
987918
987852
987774
987578
987560
987330
987288
987244
987123
987073
986926
986739
986576
986558
986360
986337
986047
986044
985591
985431
985381
985297
985229
985209
985147
985074
985063
984780
984619
984543
984496
984449
984166
983958
983735
983650
983409
983271
983150
983097
983082
982999
982962
982949
982823
982817
982786
982763
982750
982749
982653
982634
982619
982528
982243
982204
982186
982093
982069
982027
981973
981849
981831
981790
981598
981486
981108
981029
980991
980940
980719
980693
980643
980633
980553
980551
980525
980433
980393
980338
980307
980245
980226
980129
980065
980057
979977
979887
979832
979793
979657
979596
979504
979486
979416
979413
979388
979193
979114
979082
979007
978935
978831
978741
978738
978723
978682
978649
978586
978546
978438
978435
978385
978344
978097
977810
977803
977613
977556
977531
977500
977487
977168
977073
976986
976838
976802
976752
976629
976605
976489
976336
976200
976067
975900
975865
975827
975634
975616
975566
975369
975369
975338
975333
975310
975288
975117
974985
974750
974628
974575
974572
974514
974483
974437
974424
974399
974316
974114
973892
973769
973636
973163
972924
972796
972628
972603
972461
972443
972386
972366
972021
971888
971756
971674
971567
971531
971518
971403
971189
971007
970978
970507
970256
970212
970201
969946
969664
969588
969492
969407
969382
969034
968976
968869
968819
968700
968652
968634
968564
968493
968403
968395
968342
968310
968225
968005
967974
967936
967761
967743
967676
967659
967615
967474
967407
967225
967211
967184
967143
967118
966875
966734
966690
966639
966615
966609
966583
966533
966448
966440
966426
966276
966194
966192
966134
966107
966033
965883
965835
965538
965499
965356
965349
964940
964939
964931
964927
964827
964723
964681
964458
964373
964317
964311
964216
964133
963606
963592
963516
963343
963310
963285
963209
963205
962997
962986
962906
962865
962839
962793
962732
962718
962244
962107
962016
961967
961874
961740
961708
961657
961523
961447
961350
961232
961180
961020
960994
960944
960714
960596
960456
960401
960342
960321
960284
960241
960173
960142
959838
959837
959695
959575
959544
959522
959513
959436
959378
959262
959200
958762
958670
958588
958334
958321
958294
958265
958161
957969
957867
957695
957650
957588
957400
957395
957383
957333
957259
957139
957091
957085
957039
956823
956736
956734
956573
955604
955318
955053
955052
954808
954654
954589
954535
954465
954235
954223
954098
954078
953951
953823
953772
953769
953640
953545
953228
953193
952969
952917
952819
952734
952670
952334
952268
952153
952122
951868
951844
951803
951789
951742
951737
951651
951554
951377
951196
951178
951123
950885
950825
950535
950450
950075
950001
949923
949772
949743
949717
949607
949513
949510
949297
949266
949196
949007
948897
948818
948487
948298
948279
948122
948060
947935
947773
947647
947634
947623
947578
947495
947488
947324
947222
947126
947114
946997
946977
946942
946888
946819
946673
946636
946592
946339
946303
946214
946181
946112
946056
945895
945854
945553
945164
944940
944823
944726
944549
944538
944453
944361
944288
944209
944164
944021
943780
943664
943590
943499
943468
943345
943262
943209
943152
943023
942778
942770
942651
942455
942381
942118
942100
942072
941962
941922
941785
941754
941728
941618
941544
941514
941443
941430
941370
941195
941171
941166
941045
941001
940901
940686
940513
940491
940476
940408
940379
940282
940154
940071
939938
939878
939825
939771
939747
939706
939258
939170
939084
939083
938994
938870
938853
938813
938802
938764
938671
938622
938464
938347
938047
938030
938019
937999
937736
937723
937711
937649
937568
937462
937445
937370
937352
937349
937240
937177
937161
937110
937109
937108
936948
936470
936433
936299
936162
936056
936006
936005
935965
935919
935643
935635
935389
935296
935160
935141
934819
934622
934604
934470
934446
934435
934392
934324
934118
934108
933766
933735
933713
933455
933428
933246
932995
932959
932732
932714
932429
932295
932286
932107
932102
931915
931835
931814
931656
931494
931356
931328
931225
931067
931040
931008
930951
930889
930854
930847
930719
930615
930564
930549
930537
930513
930160
930119
930079
930009
929968
929896
929878
929604
929597
929568
929379
929223
928972
928895
928874
928831
928803
928654
928582
928567
928343
928282
928069
927944
927838
927672
927632
927569
927463
927434
927423
927314
927294
927265
927039
927037
926771
926665
926497
926204
925894
925576
925226
925186
925024
925017
924971
924747
924480
924421
924417
924356
923921
923889
923590
923356
922960
922869
922785
922644
922604
922430
922421
922314
922140
922007
921938
921905
921542
921374
921372
921319
921222
920919
920887
920803
920799
920797
920776
920775
920647
920552
920446
920360
920142
920100
920097
920054
920003
919874
919758
919582
919364
919244
919211
919154
919022
919020
918994
918990
918828
918792
918775
918633
917880
917847
917781
917752
917747
917704
917313
917252
917196
917169
916919
916774
916481
916186
915991
915766
915733
915647
915546
915162
915123
915121
915001
914879
914792
914757
914711
914690
914670
914649
914635
914529
914308
914191
914054
914008
913964
913780
913716
913668
913521
913437
913405
913402
913346
913303
913293
913147
913073
913028
912898
912815
912752
912722
912681
912476
912446
912364
912303
912163
912111
911862
911765
911104
911075
911014
910722
910454
910449
910400
910377
910227
910157
909911
909721
909526
909500
909476
909302
909295
909224
909170
909163
909141
909021
908892
908820
908720
908715
908695
908461
908378
908353
908121
907883
907860
907836
907805
907684
907642
907631
907606
907537
907518
907443
907415
907203
907157
907091
906997
906861
906826
906812
906624
906362
906214
905996
905919
905912
905658
905644
905594
905529
905477
905476
905473
905433
905212
905186
905131
905074
905051
905023
904714
904539
904506
904498
904486
904456
904442
904405
904159
904013
904007
903926
903833
903782
903761
903728
903448
903446
903180
903129
903110
903105
902772
902758
902723
902700
902273
902142
901956
901955
901910
901889
901872
901530
901501
901478
901272
901271
901008
900991
900949
900841
900760
900631
900614
900493
900374
900288
900199
899963
899237
899098
899042
899020
898957
898931
898902
898882
898873
898850
898752
898654
898603
898499
898429
898386
898383
898082
898060
897836
897641
897636
897606
897435
897050
896906
896905
896781
896705
896545
896515
896496
896416
896408
896262
896153
896037
895988
895903
895725
895575
895525
895510
895317
895294
895138
894912
894854
894772
894727
894494
894480
894462
894287
894157
894146
894042
893968
893875
893851
893733
893655
893637
893367
893307
893268
893138
893104
893066
893019
892840
892718
892668
892185
892132
891986
891949
891678
891615
891613
891498
891168
891134
891035
890981
890962
890750
890717
890688
890675
890654
890594
890188
890178
890007
889981
889712
889662
889643
889456
889328
889302
889028
889012
888915
888874
888871
888699
888645
888487
888412
888293
888239
888193
888069
888058
887974
887683
887681
887606
887536
887374
887147
887074
887040
886953
886868
886664
886648
886634
886622
886526
886422
886421
886401
886247
886219
886208
886036
885982
885846
885840
885720
885657
885553
885536
885489
885352
885330
885113
884944
884923
884806
884778
884739
884599
884551
884532
884526
884431
884186
884092
883945
883863
883760
883754
883661
883611
883603
883578
883475
883447
883387
883365
883336
883219
883163
883162
883021
883018
882952
882898
882797
882728
882711
882654
882637
882626
882527
882469
882466
882451
882404
882335
882265
882225
882072
881960
881856
881662
881611
881410
881394
881344
881184
880810
880802
880606
880574
880532
880363
880186
880011
879929
879797
879652
879648
879554
879290
879245
879083
879004
878994
878961
878913
878861
878780
878710
878644
878563
878477
878463
878456
878386
878326
877850
877818
877800
877754
877753
877701
877662
877599
877511
877504
877446
877430
877386
877383
877324
877276
877256
877234
876985
876898
876670
876612
876588
876404
876339
876337
876326
876073
876071
875943
875850
875841
875795
875772
875621
875551
875441
875169
874940
874724
874715
874644
874511
874445
874333
874305
874223
874141
874096
874070
873581
873542
873406
873381
873339
873289
873181
873032
872976
872973
872936
872922
872863
872791
872748
872673
872655
872411
872400
872264
872254
872226
872213
872012
872010
871981
871668
871663
871559
871303
871254
871241
871140
871099
871077
871039
870922
870738
870632
870613
870566
870546
870373
870312
870252
870185
870149
870141
870122
870023
869815
869611
869502
869447
869363
869070
869003
868958
868944
868816
868214
868155
868030
868020
867910
867886
867836
867737
867708
867669
867661
867561
867436
867404
867382
867158
867125
867060
866960
866934
866900
866758
866704
866665
866581
866421
866397
866239
866142
865990
865950
865929
865863
865736
865703
865520
865511
865497
865490
865306
865292
865097
864989
864964
864921
864637
864152
864095
863677
863629
863534
863288
863252
863119
863033
862868
862836
862810
862716
862666
862597
862582
862473
862318
862182
862106
862014
861987
861954
861803
861764
861596
861562
861521
861509
861148
861005
860900
860756
860573
860487
860459
860241
860182
860125
859927
859822
859747
859431
859340
859261
859028
858982
858927
858875
858823
858714
858650
858645
858405
858299
858186
858121
858094
857780
857746
857745
857624
857411
857303
857287
857098
856974
856692
856684
856598
856577
856537
856410
856280
856254
856214
856210
856174
855795
855767
855696
855639
855549
855480
855145
855102
854633
854563
854459
854377
854284
854204
854191
854104
854003
853956
853937
853935
853926
853826
853795
853335
853288
853224
853149
853075
853034
852893
852878
852841
852700
852542
852429
852335
852131
852088
851855
851843
851776
851722
851626
851580
851504
851413
851257
851198
851197
851193
851085
851051
851032
850976
850951
850892
850412
850150
850009
849992
849886
849697
849501
849326
849285
849279
849132
849064
848932
848909
848823
848553
848287
848181
847995
847972
847798
847645
847605
847589
847539
847487
847474
847375
847363
847189
847092
846822
846795
846741
846739
846334
846190
846181
846137
846087
846073
845771
845751
845528
845523
845248
844780
844618
844558
844534
844496
844440
844434
844392
844369
844210
844193
844092
844007
843944
843881
843803
843796
843639
843532
843177
843130
843041
842993
842928
842922
842904
842829
842724
842656
842650
842630
842607
842591
842562
842345
842263
842215
842177
842018
841943
841906
841742
841715
841564
841455
841437
841324
841265
841206
841185
841177
841109
841090
841012
840779
840396
840330
840320
840042
840035
839989
839983
839668
839607
839546
839536
839504
839489
839369
839217
839122
839081
838926
838876
838874
838714
838676
838663
838628
838485
838480
838424
838315
838177
838083
837701
837638
837510
837134
837123
837112
836979
836861
836845
836775
836649
836644
836513
836457
836204
836186
836170
836069
835718
835662
835610
835511
835382
835311
835275
834991
834905
834625
834541
834537
834533
834277
834197
834176
834029
834017
833980
833861
833757
833533
833517
833115
832908
832893
832737
832593
832579
832564
832048
831937
831741
831671
831592
831581
831441
831411
831164
831145
830997
830913
830893
830745
830598
830589
830578
829884
829863
829638
829426
829409
829387
829320
829287
829255
829240
829214
829185
829101
829059
828786
828784
828783
828659
828532
828459
828362
828348
828346
828313
828216
828205
828121
827915
827893
827765
827743
827733
827715
827555
827549
827437
827398
827358
827274
827144
827054
826720
826695
826597
826579
826418
826284
826281
826043
825854
825773
825773
825734
825262
825153
825152
824656
824581
824561
824295
824254
824235
823997
823976
823808
823375
823336
823206
823114
822996
822788
822675
822598
822488
822474
822415
822406
822321
822309
822199
822170
822125
822114
822013
821881
821744
821741
821518
821513
821470
821447
821291
821274
821252
821172
821041
820942
820934
820730
820603
820436
820295
820288
820246
820152
820066
820009
819731
819680
819576
819563
819418
819403
819308
819280
819280
819182
819104
819079
819066
818961
818833
818796
818664
818618
818603
818253
818081
818009
817984
817984
817929
817792
817671
817648
817642
817457
817392
817385
817374
817361
817300
817181
817165
817146
817043
817031
816920
816772
816742
816740
816641
816049
816041
815951
815941
815875
815792
815713
815679
815624
815495
815290
815237
815190
815045
814754
814737
814495
814442
814405
814335
814065
814032
814029
813924
813787
813736
813719
813668
813588
813582
813109
813024
812910
812848
812846
812567
812535
812526
812485
812433
812295
812206
812149
811859
811851
811634
811549
811470
811377
811189
810908
810835
810732
810703
810689
810602
810545
810473
810245
810122
809758
809739
809720
809621
809449
809423
809354
809353
809326
809313
809270
809038
808989
808858
808740
808678
808640
808606
808487
808333
808294
808037
807880
807647
807456
807429
807340
807313
807256
807059
806978
806800
806793
806614
806556
806330
806105
806086
805861
805816
805777
805413
805379
805354
805281
805080
804983
804916
804912
804771
804715
804670
804615
804459
804447
804389
804290
804272
804257
804214
803947
803549
803541
803467
803383
803321
803060
803029
803004
802937
802785
802724
802565
802558
802497
802487
802292
802254
802204
802031
802023
801803
801748
801499
801393
800957
800943
800869
800761
800458
800453
800374
800307
800143
799990
799943
799675
799623
799087
799037
799032
798933
798771
798730
798593
798546
798516
798474
798393
798385
798209
798190
797945
797905
797622
797461
797347
797127
797126
797106
796974
796925
796777
796765
796485
796473
796439
796420
796404
796378
796208
795922
795820
795442
795344
795269
795126
795073
794948
794947
794717
794684
794632
794568
794448
794409
794369
794330
794273
794246
794172
793819
793721
793386
793370
792990
792738
792577
792474
792277
792215
792144
792056
792005
791973
791870
791809
791701
791533
791409
791394
791144
791086
791062
790894
790765
790726
790662
790653
790548
790403
790189
790159
790146
790089
789969
789922
789891
789772
789763
789719
789668
789621
789584
789574
789223
789187
789106
789050
788905
788830
788810
788696
788671
788462
788424
788094
787924
787913
787777
787676
787450
787424
787416
787389
787349
787018
786968
786938
786923
786789
786638
786323
786321
786187
786009
785868
785637
785631
785474
785453
785411
785383
785188
785126
784973
784871
784825
784795
784694
784517
784510
784104
783864
783821
783732
783680
783582
783537
783364
783090
782936
782909
782840
782205
782199
782194
782143
781998
781838
781819
781717
781409
781095
781090
781017
780890
780877
780693
780532
780432
780215
780133
779684
779678
779654
779571
779548
779171
779063
779014
778973
778763
778738
778719
778690
778686
778429
778403
778367
778349
778347
778231
778131
777965
777785
777641
777596
777518
777469
777464
777406
777373
777045
776975
776866
776725
776702
776678
776521
776481
776339
776323
776218
776125
776002
775840
775751
775640
775455
775290
775261
775245
775084
774854
774808
774740
774720
774702
774653
774605
774343
774223
774201
774166
774150
774071
774018
774006
774005
773888
773861
773842
773792
773787
773587
773394
773075
773033
772463
772216
771899
771807
771719
771713
771683
771679
771618
771398
771332
771238
771060
771031
770938
770929
770916
770589
770497
770478
770382
770372
770335
770330
770256
770205
770152
770111
769830
769754
769727
768906
768760
768704
768526
768509
768415
768276
768157
768109
768074
768044
768036
767925
767760
767714
767690
767673
767572
767467
767385
767310
766778
766732
766719
766702
766661
766593
766523
766477
766398
766276
766191
766177
766104
765989
765898
765504
765443
765442
765323
765311
765282
765280
765278
765175
765133
765097
765024
765020
764958
764922
764899
764569
764564
764465
764190
764060
763959
763920
763918
763736
763696
763642
763524
763519
763320
763195
763175
762980
762934
762839
762791
762477
762390
762386
762251
762208
762150
761764
761733
761694
761536
761424
761384
761254
761135
761019
760981
760946
760846
760748
760591
760364
760351
760333
760241
760020
759935
759902
759831
759793
759749
759683
759640
759597
759329
759326
759317
759256
759232
759227
759204
759165
759130
759093
759090
759081
759020
758902
758877
758853
758761
758524
758468
757988
757899
757699
757656
757556
757541
757440
757179
757014
756860
756835
756774
756630
756575
756363
756299
756292
756210
756001
755931
755749
755729
755709
755674
755417
755318
755313
755297
755147
755060
755026
754861
754858
754680
754658
754557
754551
754446
754284
754257
754231
754195
754169
754169
754053
754036
754019
754008
753650
753519
753227
753171
753151
753139
752898
752888
752837
752702
752635
752605
752596
752475
752445
752410
752388
752278
752041
751866
751840
751757
751699
751538
751399
751131
751084
751080
750853
750750
750731
750451
750447
750378
750310
750059
749981
749855
749749
749670
749571
749554
749524
749471
749383
749202
749001
748950
748883
748788
748772
748766
748670
748393
748357
748294
748277
748104
747979
747951
747878
747639
747628
747508
747382
747379
747317
747255
747239
747232
747049
747028
746774
746771
746585
746520
746396
746298
746200
746079
746013
745887
745625
745179
745139
745097
745075
744967
744951
744725
744503
744498
744021
743904
743879
743350
743339
743307
743222
743143
743012
742768
742727
742616
742589
742474
742419
742256
742124
742060
741942
741910
741854
741836
741731
741579
741570
741473
741422
741394
741344
741333
741252
741222
741220
741197
741189
741159
740904
740901
740813
740796
740688
740684
740549
740519
740481
740479
740324
740225
740112
740040
740027
740008
739983
739462
739371
739163
739123
739033
739026
738992
738916
738722
738717
738683
738499
738463
738143
738129
738001
737943
737736
737668
737564
737511
737353
737340
737249
737105
737078
736918
736908
736903
736757
736688
736495
736481
736440
736220
736166
736105
735946
735902
735859
735733
735697
735612
735471
735325
735204
735125
735054
734997
734978
734974
734659
734585
734452
734434
734352
734290
734141
734106
734046
734031
733903
733878
733727
733718
733544
733518
733495
733280
733268
733099
733064
732630
732585
732436
732372
732178
731786
731417
731375
731289
731202
731136
731000
730742
730736
730683
730572
730537
730532
730467
730384
730382
730289
730194
730183
729967
729965
729737
729731
729723
729663
729429
729425
729334
729268
729236
729176
728993
728970
728936
728867
728866
728823
728778
728663
728536
728385
728230
728217
728146
728009
727576
727497
727351
727284
727242
727157
727156
726767
726675
726413
726260
726173
726157
725451
725422
725375
725276
725200
725046
725002
724973
724882
724844
724825
724605
724423
724375
724282
724274
724263
724148
723956
723933
723482
723458
723191
722865
722848
722800
722765
722679
722621
722363
722348
722278
722139
722108
721902
721717
721510
721467
721404
721373
721275
720946
720935
720852
720827
720775
720523
720311
720151
720078
719878
719594
719551
719415
719116
718901
718881
718726
718722
718493
718492
718329
718290
718075
718041
717911
717815
717612
717537
717073
717029
716975
716785
716752
716617
716351
716249
716134
716025
715924
715820
715775
715638
715458
715372
715330
715266
715166
715162
715102
714949
714929
714876
714708
714673
714666
714518
714498
714023
714023
714017
713946
713826
713785
713779
713666
713419
713339
713336
713307
713260
713174
713082
712950
712931
712744
712637
712503
712347
712335
712306
712222
712150
712118
712114
711946
711852
711535
711352
711236
711061
710916
710754
710713
710669
710409
710258
710169
710121
709980
709891
709880
709862
709650
709636
709595
709559
709431
709431
709413
709398
709369
709310
709179
709072
708921
708790
708733
708592
708486
708208
708133
708090
708045
707694
707560
707492
707457
707231
707224
707168
707139
707117
706934
706917
706911
706784
706706
706224
706216
706081
706067
705942
705890
705781
705735
705729
705647
705629
705623
705525
705426
705370
705222
704839
704820
704772
704640
704495
704340
704226
704222
704207
704129
703907
703738
703493
703299
703185
703158
703153
703110
702953
702911
702855
702715
702669
702589
702559
702544
702524
702376
702328
702282
702258
702252
702191
702160
701999
701974
701827
701805
701780
701624
701555
701528
701494
701407
701227
700942
700624
700568
700425
700356
700238
700238
700192
700131
699763
699568
699415
699386
699378
699372
699362
699275
699267
699130
699090
698929
698913
698768
698727
698691
698665
698436
698403
698394
698235
698116
698044
697834
697641
697455
696986
696975
696891
696804
696792
696503
696015
696002
695941
695940
695875
695776
695691
695254
695200
695189
695166
695082
694940
694911
694817
694807
694666
694601
694364
694320
694310
694281
694191
694071
694031
693895
693611
693283
693282
693192
693091
693061
692760
692758
692685
692650
692611
692512
692375
692364
692354
692205
692103
691779
691711
691605
691434
691424
691418
691403
691403
691389
691365
691032
691022
690969
690753
690730
690715
690495
690419
690191
690142
690138
690101
689808
689794
689734
689382
689267
689018
688933
688893
688580
688210
688143
688072
688052
687804
687702
687702
687647
687602
687578
687471
687340
687313
687268
687129
687118
686899
686721
686699
686645
686643
686579
686499
686496
686481
686229
685895
685643
685562
685554
685445
685266
685167
685120
684948
684745
684697
684694
684664
684645
684635
684589
684586
684281
684244
684108
683988
683924
683882
683877
683816
683518
683435
683118
683096
683022
682809
682705
682325
682304
682236
681882
681820
681781
681385
681316
681162
680968
680765
680660
680287
679891
679838
679535
679276
679173
679162
679016
679004
678955
678939
678809
678767
678705
678207
678133
678096
677996
677889
677837
677736
677676
677635
677592
677560
677340
677269
677249
677081
677000
676957
676866
676794
676695
676085
675983
675956
675837
675815
675796
675752
675645
675502
675423
675366
675325
675282
675191
675158
675105
675073
674943
674912
674811
674527
674519
674473
674443
674216
674044
673996
673931
673564
673485
673407
673362
672835
672698
672611
672495
672489
672347
672296
672267
672014
671990
671979
671726
671626
671580
671508
671491
671366
671311
671244
671045
671034
670848
670829
670804
670690
670619
670618
670483
670424
670173
670134
670104
670088
670049
669997
669850
669719
669584
669490
669458
669422
669239
669130
669121
669032
669031
668895
668803
668775
668721
668666
668544
668490
668461
668409
668119
667952
667735
667715
667665
667504
667486
667365
667341
667333
667252
667214
667116
667024
667002
666949
666938
666799
666760
666685
666501
666446
666426
666363
666240
666227
666113
666106
665924
665414
665240
665226
664912
664893
664692
664644
664580
664556
664529
664503
664132
663812
663726
663666
663517
663481
663455
663370
663368
663325
663235
663127
663082
662989
662747
662587
662569
662421
662263
662137
662061
661942
661781
661710
661655
661397
661268
660722
660712
660354
660191
660161
660064
659842
659693
659610
659459
659331
659257
659140
659085
659081
659050
658840
658533
658525
658523
658430
658400
658381
658242
658196
658159
658082
658051
657999
657742
657665
657659
657583
657581
657580
657482
657332
657142
657139
657137
657090
657086
656853
656736
656627
656322
656316
656138
656094
656066
655842
655808
655743
655646
655623
655314
655202
655164
655147
654974
654928
654589
654382
654292
654205
654150
654111
653949
653930
653893
653820
653813
653811
653753
653728
653508
653501
653495
653394
653267
653107
653102
653057
652972
652924
652869
652814
652735
652734
652631
652556
652341
652322
652077
651799
651726
651628
651537
651213
651116
651018
650883
650842
650763
650320
650315
650250
650048
649973
649827
649686
649467
649456
649451
649393
649312
649291
649276
648823
648764
648507
648484
648144
647971
647939
647671
647608
647598
647524
647372
647369
647050
647011
646995
646660
646604
646474
646455
646300
646213
646171
646020
645915
645895
645862
645697
645683
645653
645635
645602
645494
645482
645457
645414
645364
645294
645282
645030
644745
644530
644234
644150
644141
644016
644016
643836
643818
643656
643529
643391
643350
643346
643305
643250
643227
643227
643199
643024
642923
642850
642747
642738
642433
642345
642188
642062
641850
641812
641674
641566
641565
641220
641116
641102
640948
640931
640672
640562
640406
640382
640364
640329
640038
639878
639412
639319
639289
639252
639144
639137
639119
638629
638585
638544
638486
638476
638435
638380
638216
638207
638172
638128
638037
637984
637877
637641
637616
637582
637562
637556
637545
637469
637423
637330
637281
637153
637017
636955
636761
636744
636509
636326
636315
636249
636210
635966
635906
635892
635820
635662
635608
635564
635294
635178
635007
634842
634826
634753
634513
634502
634438
634423
634181
634170
633883
633771
633631
633627
633604
633594
633575
633563
633560
633513
633487
633425
633400
633371
633325
633270
633186
633102
633080
633074
633038
632824
632763
632750
632718
632650
632648
632636
632635
632574
632489
632417
632368
632192
632170
632126
631982
631718
631610
631424
631174
631173
631134
631091
630918
630897
630889
630878
630715
630489
630473
630338
630312
630307
630253
630053
629892
629845
629495
629303
629237
629232
629219
629062
629051
629028
628960
628951
628849
628792
628615
628586
628557
628541
628468
628405
628368
628322
628317
628254
628125
627734
627617
627602
627567
627536
627356
626773
626768
626595
626558
626524
626480
626382
626280
626223
626180
626119
626018
625916
625752
625550
625548
625478
625417
625228
625218
625202
625196
625127
625055
624992
624691
624607
624513
624452
624107
623917
623715
623674
623674
623620
623424
623243
623057
622810
622722
622575
622573
622463
622452
622419
622419
622333
622305
622207
622131
622122
622105
621666
621567
621559
621292
621267
620885
620748
620566
620551
620484
620344
620315
620230
619991
619556
619511
619482
619388
619308
619293
619253
619249
619196
619062
619054
619050
619033
619032
618871
618806
618754
618730
618723
618710
618491
618440
618369
618312
617974
617949
617934
617886
617719
617604
617291
617269
617249
617177
617099
616882
616784
616692
616568
616356
616327
616305
616221
616198
616195
616122
616117
616014
615863
615837
615751
615710
615346
615018
615004
614897
614648
614606
614574
614410
614379
614369
614296
614295
614240
614183
613919
613906
613834
613754
613554
613549
613321
613272
613210
613207
612812
612810
612806
612754
612736
612733
612585
612479
612468
612463
612161
612057
612015
611903
611896
611816
611686
611583
611562
611548
611524
611492
611432
611423
611414
611342
611328
611308
611137
611096
610919
610854
610768
610540
610236
609963
609842
609825
609737
609645
609544
609506
609505
609456
609446
609407
609382
609304
609267
609206
609197
609105
609063
608907
608878
608874
608843
608840
608757
608658
608582
608563
608518
608025
608012
607991
607551
607494
607463
607396
607214
607037
607012
606809
606762
606691
606671
606624
606553
606455
606306
606232
606218
605936
605760
605713
605661
605468
605459
605386
605370
605245
604989
604857
604826
604810
604808
604660
604525
604457
604392
604317
604068
603859
603798
603719
603460
603452
603390
603354
603313
603247
603230
603128
602950
602935
602814
602669
602590
602577
602285
602128
602126
601993
601856
601807
601709
601397
601347
601311
600911
600852
600565
600555
600352
600185
599879
599621
599565
599490
599303
599026
598929
598840
598778
598406
598203
598047
598030
597989
597866
597683
597655
597599
597465
597462
597455
597355
597178
597117
597046
597034
596963
596839
596832
596788
596629
596316
596247
596149
596094
596078
596013
595768
595767
595698
595606
595578
595545
595440
595432
595393
595384
595308
595267
595205
595052
595047
594936
594909
594815
594786
594492
594459
594378
594348
594335
594319
594269
594113
594024
594006
593967
593940
593816
593589
593514
593316
592980
592941
592858
592855
592846
592836
592785
592736
592613
592581
592481
592386
592374
592331
592167
592148
592108
592080
591806
591790
591753
591750
591725
591615
591580
591560
591510
591480
591280
591261
590884
590835
590800
590767
590649
590205
590157
590092
589805
589692
589507
589416
589328
589322
588984
588975
588934
588898
588532
588393
588297
588193
588067
587991
587841
587820
587578
587574
587510
587493
587461
587238
587222
587079
587047
586986
586899
586793
586656
586501
586443
586254
586143
586142
586086
585956
585915
585862
585743
585667
585564
585474
585454
585308
585201
585190
585108
585009
584990
584620
584395
584323
584206
584192
584163
584085
584067
584040
584038
583876
583828
583640
583425
583368
583362
583292
583148
582990
582876
582845
582741
582694
582481
582437
582291
582124
582123
582001
581965
581861
581721
581658
581590
581498
581463
581401
581324
581112
581104
581093
581058
580733
580698
580624
580621
580555
580509
580461
580427
580405
580221
580188
580066
579906
579871
579816
579690
579426
579113
579044
578910
578818
578769
578681
578548
578387
578379
578331
578323
578019
577962
577946
577903
577830
577755
577553
577278
577141
576940
576758
576725
576669
576492
576369
576305
576243
576060
575906
575897
575774
575762
575746
575649
575550
575411
575275
575192
575164
575163
575097
575056
575052
574922
574875
574649
574649
574537
574496
574431
574389
574341
574138
574025
574006
573767
573619
573607
573590
573437
573429
573024
572862
572830
572618
572591
572551
572514
572507
572223
572177
572120
572118
572091
571865
571831
571795
571554
571517
571498
571459
571455
571350
571313
571297
571215
571097
571082
571056
570848
570759
570737
570684
570674
570586
570489
570404
570293
570201
570114
570088
570074
569933
569858
569856
569673
569333
569286
569276
569097
568951
568858
568683
568641
568620
568575
568534
568263
568229
568086
568068
567739
567712
567674
567570
567542
567341
567111
567080
567041
567019
566810
566740
566716
566701
566655
566655
566476
566351
566020
566001
565780
565742
565699
565419
565088
564924
564796
564547
564155
564048
563862
563805
563608
563599
563521
563257
563157
563006
562985
562912
562851
562766
562667
562634
562518
562258
562210
562089
562074
562018
562006
561830
561632
561436
561431
561284
561240
561235
561233
561083
560902
560897
560873
560804
560556
560542
560500
560496
560481
560441
560251
560203
560066
559935
559914
559837
559752
559688
559532
559316
559225
559213
559155
559033
558996
558904
558897
558894
558668
558585
558528
558368
558276
558268
558256
558238
558022
557877
557713
557538
557314
557309
557237
557174
557172
557157
557146
556907
556899
556746
556686
556531
556262
556231
556053
555912
555901
555832
555821
555723
555675
555646
555567
555440
555324
555079
554948
554910
554880
554859
554726
554611
554396
554386
554345
554158
554053
554025
553981
553954
553836
553832
553823
553752
553679
553599
553539
553426
553293
553138
553097
553058
553008
552793
552748
552739
552706
552676
552639
552509
552443
552415
552400
552284
552159
551960
551825
551784
551777
551761
551740
551729
551450
551405
551279
551084
551008
550969
550798
550672
550242
550077
549882
549795
549694
549630
549499
549379
549307
549133
548922
548789
548721
548672
548600
548581
548483
548384
548162
548076
547840
547521
547405
547238
547220
547173
547110
547013
546995
546843
546797
546737
546690
546682
546487
546383
546367
546348
546222
545749
545628
545386
545373
545291
545250
545109
545067
544858
544761
544704
544688
544682
544624
544616
544599
544583
544467
544104
543770
543739
543715
543567
543464
543403
543255
543242
543121
543057
543024
542914
542883
542804
542778
542772
542769
542611
542578
542414
542213
542150
542049
541996
541862
541850
541774
541708
541617
541462
541371
541136
540922
540867
540745
540634
540577
540553
540322
540030
539646
539606
539574
539450
539441
539196
539187
539073
538988
538911
538794
538710
538607
538569
538496
538470
538413
538367
538354
538351
538140
538052
537931
537922
537816
537711
537559
537437
537423
537422
537355
537238
537184
537099
537094
537068
536676
536423
536377
536326
536316
536058
536011
535898
535817
535753
535449
535438
535420
535411
535343
535262
535261
535225
535209
535192
535100
535061
535056
534974
534858
534719
534445
534095
534075
534007
533988
533968
533965
533765
533736
533582
533490
533267
533145
533031
532968
532948
532800
532715
532713
532688
532368
532321
532241
532084
531723
531594
531544
531340
531271
531165
531108
530947
530917
530842
530771
530709
530649
530635
530595
530366
530294
530278
530111
530090
530081
530030
529968
529922
529858
529712
529568
529428
529264
529261
529247
529218
529214
529046
528831
528772
528559
528509
528391
528363
528325
528291
528253
528227
528223
528196
528131
528123
528108
528075
528020
527930
527747
527489
527477
527310
527304
527178
526992
526958
526948
526893
526822
526803
526571
526418
526210
526121
525966
525829
525821
525784
525392
525236
525225
525207
525083
525033
524831
524768
524617
524599
524556
524545
524325
524325
524200
524187
524013
523939
523933
523874
523855
523781
523758
523519
523194
523153
522757
522702
522681
522248
521994
521696
521657
521529
521435
521250
521037
520987
520950
520887
520696
520652
520427
520421
520356
520353
520210
520047
520018
519989
519888
519853
519841
519694
519373
519266
519074
519061
518895
518797
518612
518602
518562
518545
518503
518402
518095
518008
517994
517791
517787
517281
517273
517234
517142
516578
516513
516471
516405
515784
515655
515643
515641
515629
515620
515533
515475
515422
515336
515230
515093
514953
514882
514664
514494
514444
514414
514316
514260
514259
514116
514042
513996
513873
513766
513749
513704
513673
513602
513326
513293
513092
512969
512728
512567
512560
512483
512436
512397
512273
512185
512143
511984
511981
511919
511688
511488
511246
511245
511098
511093
511051
510942
510894
510819
510703
510576
510457
510449
510324
510161
510142
509996
509876
509801
509581
509579
509566
509562
509556
509463
509384
509360
509355
509347
509276
509205
509192
509168
509073
508987
508753
508716
508693
508689
508615
508589
508574
508558
508494
508450
508391
508331
508315
508167
508095
508050
508015
508014
507967
507777
507619
507422
507391
507374
507172
507135
507004
506728
506719
506609
506591
506273
506241
506223
506207
506059
505952
505943
505871
505833
505684
505663
505599
505534
505500
505414
505395
505378
505225
505204
504570
504509
504316
504269
504153
504135
504090
503992
503935
503930
503839
503783
503680
503539
503402
503300
503231
503013
502932
502830
502638
502557
502501
502407
502351
502256
502211
502182
502044
502002
501895
501728
501695
501600
501500
501461
501433
501139
500781
500733
500639
500587
500234
500226
499940
499937
499933
499716
499712
499703
499211
499112
499076
498929
498917
498867
498801
498476
498427
498414
498413
498388
498384
498266
498119
498103
498017
497976
497920
497859
497778
497553
497415
497398
497296
497293
497218
497089
497028
496961
496816
496727
496626
496536
496535
496528
496522
496485
496468
496220
495942
495891
495770
495768
495622
495585
495545
495537
495471
495336
495278
495195
495167
495107
495080
494989
494960
494676
494626
494463
494405
494301
494189
494100
494018
493986
493846
493800
493391
493216
492893
492838
492730
492542
492336
492285
492121
492041
491860
491567
491416
491377
491207
491052
490938
490813
490671
490648
490635
490383
490329
490292
490116
490021
490013
489810
489802
489736
489454
489320
489185
489143
489102
489025
488917
488807
488765
488731
488639
488133
487784
487781
487723
487447
487227
486898
486856
486803
486713
486520
486319
486287
486240
486212
486162
486031
486001
485752
485741
485602
485589
485341
485322
485198
485175
485029
484991
484767
484754
484637
484582
484569
484261
484089
484010
484010
483846
483835
483821
483658
483531
483497
483220
483086
482986
482766
482760
482757
482690
482603
482391
482263
482208
482202
482129
481815
481581
481565
481422
481372
481039
481020
480998
480952
480644
480444
480425
480405
480374
480354
480222
480081
480044
479911
479911
479904
479851
479707
479632
479600
479529
479517
479500
479453
479291
479110
478878
478699
478697
478665
478528
478459
478346
478264
478251
478234
478194
478056
477956
477926
477893
477693
477677
477594
477348
477211
477210
477169
477120
476886
476711
476687
476640
476525
476437
476392
476100
475919
475852
475828
475825
475806
475777
475644
475533
475519
475235
474761
474639
474436
474429
474328
474303
474227
474214
474135
473750
473692
473591
473538
473517
473460
473381
473064
472917
472775
472649
472523
472420
472346
472343
472276
472110
471895
471878
471859
471681
471677
471657
471469
471453
471309
471258
471139
471071
470972
470643
470575
470574
470491
470434
470416
470361
470058
469919
469846
469782
469757
469579
469324
469202
469162
469141
468661
468626
468575
468557
468546
468532
468531
467919
467852
467745
467691
467653
467628
467534
467342
467234
467213
467010
466771
466668
466667
466539
466506
466292
466196
466193
465980
465857
465824
465425
465235
465168
465158
465059
464780
464607
464427
464422
464238
464197
463986
463895
463769
463739
463532
463377
463211
463162
462848
462765
462669
462586
462530
462279
462183
462117
461902
461899
461897
461710
461664
461521
461461
461145
461006
460954
460729
460492
460393
460393
460300
460216
460012
459995
459727
459719
459579
459500
459258
459073
458733
458649
458428
458312
458273
458265
458202
458195
458121
457917
457646
457607
457504
457271
457133
456985
456965
456879
456836
456832
456789
456758
456428
456375
456346
456236
456108
456081
455967
455952
455948
455800
455768
455745
455685
455444
455361
455359
455350
455345
455281
455278
455265
455247
454909
454797
454513
454507
454506
454435
454377
454093
453881
453876
453736
453561
453402
453394
453297
453275
453267
453058
452956
452665
452400
452397
452284
452176
452041
452006
451947
451886
451715
451710
451629
451621
451173
451115
451095
451058
450988
450984
450788
450663
450534
450468
450282
450162
449992
449965
449717
449654
449601
449487
449452
449319
449080
448952
448875
448744
448653
448652
448502
448479
448440
448417
448317
448301
448000
447982
447808
447778
447720
447647
447447
447360
447246
447136
446789
446310
445826
445822
445735
445734
445434
445413
445298
444939
444910
444799
444799
444757
444731
444665
444622
444596
444185
443979
443832
443806
443707
443531
443525
443485
443409
443363
443318
443297
443258
443103
442745
442668
442573
442497
442227
442191
442113
442084
441999
441871
441828
441714
441560
441507
441450
441422
441357
441236
441172
441126
441062
441057
441052
440724
440696
440556
440555
440542
440468
440363
440008
439799
439661
439580
439555
439540
439319
439232
439199
439144
439105
439060
439003
438814
438772
438613
438554
438541
438498
438475
438394
438337
438194
438163
438131
438031
437948
437871
437762
437717
437644
437556
437367
437311
437241
437032
437032
436802
436777
436757
436725
436720
436245
436178
436133
436024
435993
435775
435727
435666
435641
435610
435464
435434
435232
435195
434918
434906
434654
434620
434565
434497
434391
434192
434126
434088
433822
433574
433316
433233
432290
432289
432062
432004
431938
431894
431796
431729
431438
431282
431233
431174
430920
430853
430575
430447
430423
430365
430272
430202
430196
430122
430021
429860
429841
429747
429723
429648
429640
429545
429478
429293
429291
429033
429005
428836
428789
428774
428705
428576
428297
427877
427765
427685
427369
426728
426651
426627
426593
426587
426489
426351
426233
426032
425740
425729
425551
425349
424899
424726
424577
424490
424478
424373
424296
424294
423945
423944
423849
423806
423793
423708
423660
423651
423593
423010
422838
422770
422727
422361
422197
422194
422161
422099
421926
421891
421793
421757
421750
421662
421107
421056
421005
420929
420900
420780
420706
420676
420606
420555
420461
420430
420428
420408
420375
420352
420289
420203
419903
419845
419699
419679
419494
419408
419363
419259
419192
419164
418903
418868
418809
418803
418717
418686
418669
418591
418399
418348
418192
417924
417760
417652
417642
417578
417433
417414
417398
417379
417131
417001
416975
416871
416649
416421
416389
416361
416342
416248
416197
416172
416106
416087
415866
415825
415788
415748
415647
415581
415325
415207
415195
415178
414913
414824
414669
414619
414386
414361
414185
414079
414072
414033
414024
413884
413880
413585
413545
413472
413370
413186
413159
413051
413043
413042
413034
412985
412957
412912
412702
412675
412627
412549
412402
412391
412231
411859
411706
411701
411676
411654
411623
411559
411500
411491
411483
411465
411387
411363
411322
411097
411032
410932
410930
410668
410655
410642
410606
410509
410459
410440
410410
410279
410158
410117
410055
409785
409700
409656
409527
409475
409467
409353
409341
409334
409333
409086
409056
408943
408897
408848
408658
408521
408435
408302
408299
408215
408095
407794
407645
407584
407474
407418
407375
407355
406813
406664
406663
406597
406529
406394
405969
405847
405789
405720
405536
405503
405502
405463
405446
405439
405415
405198
405019
404755
404732
404683
404559
404495
404476
404446
404226
404221
404187
404044
404030
403694
403649
403550
403185
403033
402930
402878
402582
402478
402446
402346
402221
402143
401649
401642
401607
401591
401584
401277
401117
401116
400833
400790
400656
400599
400458
400218
400197
400054
400018
399947
399885
399880
399847
399629
399330
399309
398996
398899
398853
398839
398769
398754
398565
398550
398543
398327
398290
397819
397762
397724
397655
397614
397542
397532
397522
397135
396926
396636
396548
396478
396400
396393
396035
396029
396003
395983
395921
395907
395902
395759
395627
395528
395485
395466
395416
395336
395245
395142
394981
394918
394889
394820
394813
394734
394580
394513
394506
394253
394245
393992
393975
393959
393804
393783
393732
393701
393639
393590
393513
393437
393434
393234
393202
392900
392885
392695
392585
392560
392298
392207
392134
392023
391996
391965
391818
391714
391383
391328
391173
391122
391107
390903
390609
390554
390526
390359
390027
389769
389749
389663
389512
389333
389243
389222
389120
389054
388984
388969
388842
388831
388795
388735
388582
388402
388279
388188
387971
387767
387747
387727
387667
387620
387524
387380
387374
387359
387094
387069
387060
387013
386963
386897
386598
386525
386406
386387
386342
386312
386304
386269
386175
386060
386000
385903
385400
385157
385134
385012
384988
384931
384816
384750
384722
384720
384568
384506
384412
384129
384083
383932
383407
383294
383096
383053
382784
382758
382755
382754
382711
382628
382564
382552
382481
382404
382385
382323
382237
382205
382157
382150
382128
382005
381809
381708
381686
381650
381432
381391
381197
381049
381032
380995
380985
380904
380618
380590
380512
380447
379972
379811
379809
379727
379445
378817
378378
378371
378328
378244
378173
378133
378070
377854
377800
377204
377155
377112
376975
376965
376762
376741
376657
376618
376598
376577
376568
376562
376540
376523
376491
376359
376210
376188
376167
375990
375978
375660
375517
375490
375181
375061
375048
374958
374693
374428
374380
374232
374179
374082
374027
373789
373674
373660
373607
373496
373453
373415
373285
373135
373117
373080
372948
372925
372801
372701
372607
372441
372287
372279
372278
372276
372205
371873
371777
371699
371616
371300
371181
371004
370924
370821
370753
370722
370566
370497
370446
370221
370025
369950
369678
369670
369631
369556
369544
369363
369287
369228
369207
369063
369031
369025
368852
368653
368607
368558
368557
368507
368507
368470
368320
368255
368180
368141
368136
367950
367902
367856
367710
367655
367469
367330
367313
367294
367229
367229
367142
367098
367042
366999
366993
366965
366964
366938
366919
366719
366643
366616
366451
366400
366276
366177
366124
366057
365930
365894
365720
365697
365620
365574
365399
365389
365200
365067
364887
364868
364360
364347
364296
364227
364148
364111
364039
363990
363897
363750
363648
363580
363267
363253
363213
363185
362955
362846
362766
362742
362734
362729
362589
362572
362569
362547
362465
362249
362139
362113
362098
361949
361850
361832
361377
361336
361116
361100
360900
360795
360607
360466
360395
360289
360261
359971
359892
359862
359831
359797
359795
359785
359577
359531
359445
359403
359355
359261
359114
359071
358755
358677
358598
358041
358025
358010
357702
357630
357516
357511
357384
357346
357298
357201
357152
357041
357013
356985
356767
356730
356176
356081
356056
356034
356019
355870
355778
355688
355668
355621
355561
355471
355195
355171
355139
355134
355022
354900
354849
354835
354824
354700
354626
354414
354344
354337
354230
354085
354015
353836
353622
353606
353600
353362
353160
353004
352881
352583
352580
352555
352510
352475
352371
352324
352277
352174
352073
351940
351831
351810
351807
351805
351620
351534
351517
351161
350980
350947
350820
350661
350566
350554
350547
350399
350183
350024
349946
349922
349919
349707
349697
349664
349648
349628
349617
349500
349429
349392
349369
349229
349187
349123
348841
348782
348752
348620
348376
348284
347989
347878
347611
347524
347476
347465
347337
347262
347169
347167
346952
346895
346793
346624
346602
346512
346259
346180
346012
345943
345750
345703
345528
345521
345360
345308
345008
344765
344582
344568
344517
344226
344214
344154
343913
343449
342979
342896
342890
342869
342862
342814
342800
342604
342499
342246
342199
342132
341935
341861
341854
341810
341786
341642
341547
341424
341381
341369
341135
341097
341093
341005
341003
340896
340890
340808
340519
340431
340289
340253
340247
340099
339847
339768
339764
339729
339714
339594
339496
339064
338662
338615
338434
338427
338156
338124
337957
337831
337583
337378
337299
337297
337292
337241
337170
336982
336629
336590
336434
336317
336300
336193
336121
336013
336012
335989
335947
335805
335772
335677
335600
335420
335405
335394
335197
335071
335054
334869
334760
334735
334707
334480
334479
334401
334382
334334
334239
334219
334215
334171
334053
333802
333681
333665
333482
333440
333326
333287
333215
333179
333135
333129
332932
332851
332630
332552
332507
332489
332414
332392
332230
332109
331955
331940
331814
331750
331554
331482
331448
331416
331366
331350
331079
330963
330914
330775
330669
330666
330626
330568
330488
330458
330261
330129
330108
329936
329925
329827
329679
329641
329385
329225
329199
329066
329036
328876
328595
328530
328326
328235
327796
327736
327480
327456
327393
327386
327255
327093
327033
326915
326502
326216
326205
326123
326009
325835
325782
325688
325653
325578
325556
325462
325458
324878
324784
324679
324534
324393
324371
324241
324238
324181
324148
324089
323980
323920
323890
323821
323752
323716
323689
323577
323528
323455
323352
323317
323291
323209
322976
322939
322889
322530
322418
322224
322221
322095
322090
321951
321911
321790
321726
321612
321593
321345
321334
321313
321311
321043
320984
320975
320774
320737
320490
320474
320429
320424
320357
320341
320324
320257
320187
320015
319985
319852
319807
319731
319661
319433
319373
319184
319158
318939
318857
318769
318027
317736
317581
317490
317316
317174
317030
317006
316995
316914
316882
316848
316724
316633
316519
316439
316407
316343
316226
316225
316167
316161
316099
316029
315906
315576
315533
315504
315111
315059
314860
314751
314751
314747
314648
314552
314551
314297
314181
314158
314128
314121
314086
314045
313782
313775
313642
313630
313624
313267
313261
313133
313122
313082
312974
312967
312930
312890
312856
312735
312316
312224
312049
312043
312031
311858
311852
311757
311724
311684
311474
311439
311434
311244
311240
311188
311102
310947
310829
310789
310619
310468
310431
310259
310138
310019
310016
309894
309834
309795
309774
309690
309686
309578
309466
309334
309325
309202
308952
308929
308879
308836
308747
308674
308664
308581
308557
308461
307995
307587
307586
307496
307403
307064
306945
306904
306895
306881
306869
306831
306816
306555
306520
306505
306435
306247
306242
306180
306101
305988
305754
305610
305558
305529
305303
305286
305146
305122
305048
305021
304985
304804
304767
304712
304709
304559
304536
304400
304393
304185
304094
303888
303820
303779
303725
303307
302985
302931
302887
302877
302836
302819
302772
302711
302441
302296
302172
302089
302076
302028
301991
301958
301721
301698
301409
301339
301324
301195
301173
300975
300789
300749
300733
300686
300684
300451
300417
300336
300333
300328
300142
300141
300122
300099
299756
299710
299662
299501
299499
299476
299225
299180
299084
299076
299004
298804
298696
298692
298647
298637
298619
298596
298536
298467
298462
298349
298328
298287
298115
298075
297927
297769
297701
297479
297283
297252
297228
297159
296975
296787
296768
296487
296416
296218
296172
296049
295931
295906
295762
295707
295532
295494
295331
295248
295180
295153
295068
295057
294964
294958
294887
294857
294680
294672
294663
294616
294285
294249
294237
294199
293939
293760
293707
293704
293513
293327
293263
293080
292771
292566
292432
292342
292291
292199
292002
291908
291862
291662
291607
291549
291311
291289
291285
291268
291265
291189
291148
291023
290862
290812
290767
290586
290385
290147
290137
290028
289946
289876
289819
289749
289737
289587
289256
289214
288986
288977
288836
288742
288719
288557
288533
288368
288201
288114
288086
287855
287809
287785
287709
287634
287543
287539
287456
287198
287166
287066
287051
287028
287018
286948
286902
286787
286748
286719
286619
286474
286357
286119
285924
285775
285761
285727
285689
285567
285567
285311
285216
285149
285004
284918
284909
284671
284670
284586
284550
284346
284130
284077
283896
283830
283663
283457
283430
283415
283290
283108
283056
282984
282896
282792
282787
282742
282710
282379
282108
281769
281736
281647
281644
281534
281385
281235
281050
280773
280750
280742
280683
280681
280578
280333
280165
280052
279824
279496
279432
279293
278654
278619
278562
278513
278468
278169
277990
277944
277924
277789
277724
277512
277477
277380
277325
277252
277194
277032
276425
275881
275848
275805
275782
275688
275611
275366
275220
274947
274887
274860
274832
274676
274634
274607
274456
274393
274391
274310
274275
274229
274201
274197
274055
274016
274004
273981
273906
273727
273629
273588
273043
272957
272806
272627
272597
272449
272421
272403
272321
272186
271943
271780
271771
271754
271752
271636
271619
271510
271480
271478
271279
271169
271032
271020
271010
270718
270634
270287
270040
270007
269949
269805
269769
269711
269632
269616
269566
269359
268962
268926
268907
268770
268662
268595
268584
268336
268111
268106
268078
268055
268009
267948
267887
267792
267778
267553
267514
267508
267454
267443
267074
266954
266839
266732
266678
266678
266661
266477
266094
266061
266011
265975
265824
265792
265614
265572
265517
265468
265466
265237
265229
265208
265201
265137
264941
264799
264796
264744
264691
264646
264527
264422
264383
264225
264185
264117
264055
263854
263661
263555
263505
263421
263295
263294
263279
263255
263139
263083
263075
262970
262791
262755
262663
262572
262515
262211
262183
261973
261635
261348
261262
261246
261086
261069
260967
260800
260749
260733
260587
260492
260453
260305
260248
260015
259968
259777
259693
259492
259457
259417
259242
259081
259058
259036
259017
259010
258814
258776
258555
258538
258517
258409
258284
258183
258129
258129
258085
258058
258035
257875
257690
257550
257550
257520
257462
257165
257069
256846
256750
256746
256708
256694
256598
256595
256565
256503
256457
256373
256319
256257
256078
255932
255900
255606
255517
255422
255417
255361
255311
255302
255156
255089
254975
254762
254744
254722
254669
254533
254372
254339
254250
254108
254106
254043
253974
253973
253928
253618
253502
253401
253309
253191
253179
253093
252915
252764
252638
252332
252197
252061
251994
251990
251805
251744
251712
251609
251603
251507
251448
251434
251335
251327
251308
251201
251165
250963
250904
250831
250802
250660
250598
250569
250567
250221
250201
250115
249619
249609
249563
249526
249509
249410
249354
249240
249168
249167
249128
248925
248443
248418
248364
248362
248343
248335
248324
248132
248009
247934
247631
247580
247548
247428
247425
247197
247059
246900
246797
246705
246281
246189
245939
245870
245804
245663
245621
245559
245458
245456
245418
245240
245218
245174
245121
245089
245056
244997
244984
244981
244973
244688
244362
244358
244347
243885
243798
243665
243398
243314
243263
243252
243250
243242
243238
243084
243070
243007
242744
242477
242368
242342
242313
242303
242246
242201
242144
241440
241390
241389
241377
241078
240878
240800
240751
240742
240713
240588
240224
240157
240091
239939
239887
239754
239681
239642
239552
239451
239334
239233
239028
238964
238859
238817
238766
238712
238402
238360
238289
238269
238241
238013
237976
237936
237851
237847
237824
237752
237629
237562
237529
237384
237316
237307
237150
237127
237007
236910
236813
236469
236442
236391
236175
236146
236065
236039
235980
235905
235543
235488
235470
235254
235189
234996
234932
234898
234784
234506
234445
234356
234341
234275
234091
234008
233812
233806
233804
233795
233716
233613
233423
233406
233286
233020
233015
232963
232926
232854
232641
232534
232529
232487
232429
232394
231988
231872
231730
231716
231690
231528
231432
231353
231243
231221
231194
231145
230943
230607
230341
230332
230304
230230
230044
230005
229986
229920
229657
229568
229387
229347
229306
229305
229296
229090
229009
228952
228697
228487
228432
228391
228381
228146
228066
227910
227756
227751
227500
227476
227437
227409
226989
226926
226818
226726
226712
226646
226377
226261
226241
226214
225881
225835
225834
225819
225476
225454
225441
225354
225297
225272
225265
225255
225133
224996
224901
224845
224822
224723
224672
224666
224652
224540
224430
224411
224392
224322
224288
224275
224271
224141
224115
224099
223992
223985
223977
223898
223799
223759
223739
223684
223674
223673
223550
223516
223491
223448
223438
223294
223100
223053
223007
223004
222756
222420
222416
222385
222170
222105
221862
221687
221658
221649
221645
221641
221573
221481
221479
221462
221258
221244
221238
221194
221145
221138
221070
221016
220867
220637
220495
220395
220255
219995
219968
219890
219841
219830
219697
219651
219464
219324
219288
219243
219188
219105
218987
218931
218649
218630
218603
218481
218421
218291
218272
218209
218040
218000
217806
217767
217741
217729
217489
217449
217252
217243
216859
216779
216709
216662
216609
216420
216350
216155
215849
215668
215631
215616
215499
215201
215055
215009
214980
214979
214614
214611
214142
214130
214122
214096
213952
213922
213856
213785
213774
213662
213525
213422
213391
213359
213353
213080
212926
212847
212798
212711
212674
212435
212327
212240
212149
212038
212000
211906
211798
211713
211704
211626
211618
211535
211452
211434
211231
211204
211104
211057
210773
210749
210394
210377
210351
210251
210237
209906
209741
209392
209313
209305
209301
209291
209082
209027
208967
208958
208894
208793
208516
208502
208486
208473
208318
208313
208113
208089
207927
207903
207677
207481
207351
207122
207112
207075
206855
206752
206613
206474
206428
206379
206358
206339
205935
205809
205680
205649
205496
205425
205038
205017
205003
204972
204950
204713
204565
204467
204348
204198
203903
203894
203870
203862
203820
203778
203755
203661
203577
203561
203539
203223
203141
203081
203022
202942
202774
202678
202548
202224
202039
201998
201963
201787
201527
201436
201435
201368
201339
201213
201088
201004
200979
200949
200920
200866
200696
200536
200399
200393
200377
200241
199884
199816
199805
199793
199746
199679
199529
199454
199350
198962
198886
198836
198809
198755
198723
198640
198638
198597
198420
198282
198214
197932
197890
197869
197764
197719
197671
197663
197603
197561
197360
197298
197286
197229
197113
197059
197023
196995
196953
196910
196592
196499
196485
196454
196426
196362
196306
196090
196073
195954
195853
195659
195657
195643
195455
195398
195250
195030
195021
194822
194786
194779
194623
194511
194505
194400
194287
194254
194215
194112
194024
193902
193806
193668
193434
193402
193325
193306
193235
193127
192893
192877
192785
192676
192593
192580
192544
192488
192072
192055
192042
191924
191868
191828
191818
191725
191715
191686
191664
191625
191580
191564
191420
191405
191273
191245
191206
191205
191005
190887
190871
190818
190796
190685
190565
190466
190358
190354
190327
190257
190230
190149
190110
189993
189692
189667
189568
189534
189440
189355
189249
189245
189221
189148
189085
188992
188872
188806
188723
188518
188455
188402
188396
188349
188300
188277
188220
188059
188041
187856
187786
187696
187684
187608
187496
187379
187367
187348
187260
187158
186855
186755
186615
186463
186463
186460
186408
186257
185977
185960
185938
185886
185807
185740
185513
185498
185328
185310
185212
185018
184961
184861
184672
184668
184539
184448
184337
184292
184268
184180
183674
183508
183430
183386
183381
183242
183131
183059
183016
183008
182935
182850
182781
182696
182640
182638
182602
182433
182428
182321
182307
182287
182191
182191
182105
181960
181581
181578
181560
181417
181401
181204
181195
180930
180904
180840
180831
180819
180708
180536
180401
180164
179773
179688
179583
179549
179510
179467
179263
179214
179202
179199
179142
178991
178914
178774
178764
178674
178485
178140
178035
178013
178001
177992
177975
177763
177731
177731
177719
177564
177513
177427
177195
177160
177073
176962
176847
176827
176682
176518
176184
175800
175723
175720
175670
175545
175288
175282
175241
174904
174824
174734
174578
174441
174391
174343
174335
174316
174109
174073
173911
173875
173761
173453
173390
173270
173181
173108
172793
172752
172743
172311
172293
172240
172223
172216
172212
172161
172112
172051
172047
172041
171916
171859
171805
171743
171666
171656
171480
171210
171100
170966
170851
170810
170611
170293
170288
170287
170210
169614
169340
169221
169170
169099
168934
168923
168806
168800
168745
168745
168597
168555
168550
168528
168446
168365
168146
168099
167945
167880
167742
167730
167729
167581
167527
167518
167353
167273
167252
167095
167062
166993
166948
166860
166816
166748
166694
166304
166196
165879
165790
165668
165558
165418
165149
165134
164857
164743
164738
164442
164435
164163
164089
163683
163609
163416
163314
163090
162848
162809
162788
162605
162536
162382
162168
161974
161874
161849
161819
161808
161797
161447
161387
161368
161231
161221
160943
160922
160920
160831
160830
160735
160559
160475
160362
160344
160257
160106
160063
160052
160022
159929
159923
159918
159876
159876
159740
159545
159419
159394
159376
159372
159213
159173
159160
159098
159063
158884
158626
158415
158360
158245
158218
158106
158018
157730
157714
157654
157634
157599
157439
157435
157366
157313
157272
157254
157106
157102
156781
156672
156665
156653
156633
156608
156605
156556
156541
156540
156384
156299
156295
156275
156215
156185
156032
156022
155942
155601
155579
155464
155447
155375
155303
155054
155052
154889
154746
154693
154565
154492
154268
154167
154010
153973
153755
153664
153635
153415
153274
153237
153223
153218
153151
153106
152899
152872
152850
152719
152667
152587
152562
152558
152350
152317
151726
151574
151364
151335
151319
151285
151084
151019
150979
150910
150500
150310
150291
149802
149779
149738
149658
149588
149401
149260
149138
149060
148710
148671
148637
148488
148324
147903
147857
147781
147766
147678
147670
147540
147471
147440
147425
147388
147372
147281
147269
147208
147190
147176
147135
146826
146760
146757
146753
146618
146066
146060
146033
145995
145535
145515
145494
145437
145427
145171
145000
144887
144837
144723
144708
144565
144412
144349
144330
144311
144149
144101
144083
144026
143915
143799
143759
143719
143556
143497
143455
143389
143208
143204
143196
143192
143120
142952
142920
142836
142794
142765
142392
142304
142104
141784
141515
141488
141340
141030
140946
140890
140753
140695
140644
140636
140422
140301
140157
140044
139976
139881
139685
139268
139257
139175
139094
139081
138837
138621
138475
138466
138458
138414
138391
138301
138257
138168
138078
138026
137717
137693
137688
137583
137569
137386
137359
137189
136960
136815
136780
136730
136686
136653
136530
136460
136373
135987
135877
135824
135668
135497
135493
135450
135293
135187
135114
135084
135009
134864
134740
134715
134627
134607
134469
134428
134336
134089
134059
133852
133664
133615
133552
133419
133090
133034
132939
132893
132875
132726
132698
132530
132255
131942
131757
131634
131573
131564
131546
131399
131228
131154
131068
131013
130592
130551
130517
130509
130315
130122
130086
130085
130065
130047
130018
130006
129949
129868
129855
129109
129068
128982
128948
128798
128779
128772
128754
128640
128531
128220
128038
127862
127800
127769
127707
127681
127627
127433
127427
127396
127089
126814
126682
126371
126314
126134
125794
125768
125722
125585
125553
125437
125404
125334
125166
124793
124757
124464
124348
124292
124237
123949
123943
123836
123227
123112
122928
122810
122502
122471
122076
121952
121769
121666
121597
121468
121087
120922
120751
120605
120547
120308
120138
120122
119983
119976
119761
119670
119584
119530
119515
119351
119339
119327
119307
119214
119051
118925
118424
118398
118181
118156
117996
117865
117758
117629
117509
117335
117217
117134
117071
116935
116809
116799
116745
116739
116504
116412
116390
116350
116182
116151
116100
115920
115863
115844
115685
115655
115550
115499
115453
115447
115379
115369
115339
115277
114985
114983
114803
114701
114660
114585
114579
114554
114434
114331
114160
114132
114093
113989
113714
113591
113466
113205
112924
112875
112722
112585
112435
112283
112261
112184
112094
111986
111856
111791
111788
111471
111466
111457
111435
111257
111224
111158
111130
111093
110837
110782
110718
110651
110622
110573
110538
110269
110254
110240
110090
110084
110010
109987
109767
109737
109704
109585
109541
109362
109203
109096
109011
108994
108990
108875
108774
108758
108715
108640
108549
108313
107865
107766
107753
107486
107207
107188
107181
106964
106962
106947
106834
106809
106315
106297
106198
105992
105917
105838
105680
105570
105544
105411
105349
105290
105275
104936
104904
104137
103986
103859
103692
103147
102753
102737
102710
102591
102565
102422
102329
102108
101970
101933
101886
101750
101618
101613
101403
101394
101360
101324
101324
101245
100935
100777
100750
100683
100588
100587
100554
100517
100444
100392
99889
99879
99831
99791
99605
99495
99463
99306
99300
99269
99153
99013
98971
98952
98749
98714
98690
98459
98363
98335
98300
98219
98108
98091
98021
97931
97914
97901
97780
97621
97599
97469
97433
97312
97215
97197
97187
97114
97108
97090
97028
97022
96821
96794
96520
96499
96388
96279
96269
96165
96130
96031
96025
96023
95947
95939
95901
95853
95820
95796
95627
95561
95353
95276
95152
95077
95050
95014
95012
94945
94897
94875
94747
94627
94524
94474
94358
94330
94149
94136
94112
93949
93941
93864
93812
93711
93700
93679
93659
93586
93553
93541
93537
93521
93500
93477
93467
93458
93415
93305
93121
93012
92979
92948
92821
92655
92513
92264
92257
92236
91927
91543
91428
91265
91205
91200
91199
91190
91049
91047
90728
90589
90501
90421
90342
90267
90127
90072
89996
89785
89631
89506
89500
89436
89322
89280
89084
88817
88752
88626
88598
88423
88416
88360
88295
88169
88145
88028
87924
87764
87650
87511
87431
87370
87122
87087
87069
86934
86798
86290
86244
86189
86164
86155
86014
85784
85673
85668
85628
85489
85376
85184
85086
85014
84912
84840
84731
84641
84519
84493
84377
84363
84361
84343
84342
84129
84007
83839
83696
83644
83643
83403
83277
83211
83107
83025
83009
82960
82909
82842
82748
82653
82648
82576
82432
82262
82210
82078
82078
81969
81886
81876
81750
81720
81569
81364
81316
81221
81146
81092
81052
80803
80593
80548
80416
80109
79761
79590
79547
79450
79082
79065
78888
78842
78841
78768
78678
78529
78498
78464
78451
78362
78361
78338
78276
78223
78020
77899
77831
77810
77743
77665
77494
77485
77372
77176
76992
76942
76753
76611
76467
76437
76391
76325
76299
76103
75944
75874
75858
75820
75798
75710
75704
75685
75623
75611
75543
75343
75063
75029
75022
74817
74714
74708
74705
74650
74545
74511
74451
74425
74394
74208
74118
73821
73792
73698
73623
73419
73391
73321
72899
72817
72780
72757
72711
72703
72648
72584
72583
72553
72532
72482
72407
72316
72166
71935
71837
71804
71704
71675
71448
71373
71358
71342
71334
71218
71187
71063
71021
70988
70763
70710
70689
70686
70353
70226
70156
70156
70153
70152
70070
69998
69801
69599
69574
69480
69034
68823
68775
68739
68736
68731
68667
68522
68513
68513
68448
68270
68246
68230
67972
67922
67881
67683
67266
67198
66968
66945
66688
66672
66561
66541
66415
66207
66187
66079
65674
65608
65518
65460
65420
65260
64995
64892
64710
64697
64692
64509
64427
64367
64019
63968
63784
63397
63301
63122
63117
62965
62768
62759
62749
62716
62634
62575
62507
62501
62496
62467
62372
62231
62127
61733
61726
61670
61327
61261
60853
60843
60754
60644
60586
60373
60346
60334
60007
59968
59871
59757
59746
59692
59486
59193
59179
59178
59151
59069
59039
58974
58920
58642
58577
58438
58393
58375
58061
58007
57971
57934
57871
57746
57619
57593
57481
57390
57249
57023
56997
56891
56869
56866
56755
56587
56562
56448
56412
56246
56122
55941
55885
55705
55653
55593
55544
55372
55237
55194
55155
55071
55029
54898
54896
54851
54825
54743
54647
54635
54555
54532
54527
54475
54451
54391
54329
54309
54183
54081
53977
53923
53914
53808
53746
53717
53595
53521
53353
53309
53114
52655
52608
52598
52588
52506
52366
52346
52327
52318
52240
52129
51995
51965
51806
51773
51655
51601
51462
51448
51446
51187
50941
50777
50691
50675
50649
50574
50493
50454
50291
50166
50165
50141
50063
49950
49925
49833
49631
49543
49428
49421
49243
49210
49065
49010
48910
48770
48766
48753
48699
48182
48076
47763
47710
47455
47434
47336
47328
47189
47117
47112
47076
46949
46923
46718
46712
46608
46593
46473
46466
46386
46087
45825
45616
45160
44844
44733
44339
43863
43861
43833
43822
43688
43552
43478
43454
43448
43386
43291
43042
43013
42914
42799
42390
42070
42069
42004
41845
41768
41706
41640
41579
41537
41507
41285
41168
41024
40997
40849
40734
40599
40263
40241
40176
39920
39647
39594
39515
39376
39326
39261
39169
39042
39026
38950
38919
38787
38672
38605
38322
38013
37620
37464
37459
37368
37119
37111
37037
36974
36955
36918
36843
36804
36685
36676
36653
36596
36483
36385
36288
35897
35772
35646
35611
35560
35367
35356
35356
35220
35104
35087
34957
34849
34778
34755
34445
34420
34226
34128
34090
34051
33998
33977
33843
33692
33659
33615
33607
33594
33413
33376
33271
33208
33084
33083
33043
32992
32973
32882
32848
32698
32634
32168
31980
31668
31657
31410
31368
31358
31258
31215
31190
31177
31156
31121
30980
30845
30685
30666
30550
30431
30344
30317
30258
30208
30119
30107
30068
29529
29443
29351
29283
29195
29131
28975
28702
28612
28537
28460
28341
28298
28195
28084
28016
27992
27640
27638
27608
27509
27464
27449
27291
27149
27125
26774
26722
26647
26493
26364
26313
26170
26161
26146
26080
26055
25970
25963
25852
25848
25833
25630
25553
25528
25525
25505
25352
25203
25099
25084
25072
24995
24789
24764
24702
24692
24680
24429
24323
24279
24273
24200
24195
24004
24003
23990
23952
23915
23654
23629
23610
23358
23221
23071
23066
22989
22816
22710
22568
22487
22463
22343
22316
22315
22232
22103
22090
22084
22041
22015
21805
21800
21470
21367
21166
21032
21027
20920
20535
20531
20259
20250
20121
20016
19891
19880
19856
19757
19718
19626
19611
19548
19528
19345
19213
19110
18984
18907
18824
18670
18670
18583
18395
18395
18278
18236
18122
17948
17901
17797
17732
17687
17682
17610
17388
17379
17268
17254
16928
16745
16688
16617
16612
16602
16438
16143
16110
15994
15735
15550
15525
15520
15467
15331
15267
15203
15046
14581
14546
14497
14492
14482
14474
14271
14148
14116
14091
14062
13968
13955
13953
13886
13863
13838
13645
13581
13334
13284
13210
13192
12790
12655
12306
12292
12289
12236
12207
12081
12003
11976
11967
11927
11912
11814
11786
11700
11612
11611
11524
11478
11219
11152
11098
10884
10857
10836
10833
10771
10597
10511
10380
10306
10299
10274
10254
9887
9748
9736
9683
9671
9588
9545
9515
9362
9227
9101
9067
8967
8716
8601
8577
8378
8375
8354
8292
8255
8139
8131
8094
8001
7968
7955
7865
7830
7801
7794
7744
7561
7482
7458
7412
7406
7234
7213
6946
6843
6722
6691
6648
6543
6422
6140
6128
5702
5694
5510
5496
5451
5411
5305
5203
5178
5087
5071
5062
4952
4824
4743
4625
4521
4473
4428
4219
4210
4204
4050
3910
3891
3803
3597
3581
3399
3263
3240
3067
2869
2833
2812
2644
2595
2507
2385
2385
2370
2319
2253
2208
2148
2062
1639
1614
1074
907
866
834
687
617
560
358
137
48
4
