1000
292257
213907
-454484
258600
457442
97081
-713214
-609450
740515
563342
578607
-287467
-607668
526873
-537018
-611583
536660
774867
-729306
-877199
101050
449524
-351357
-571679
-568412
-838389
138535
-704106
-390165
-22089
-862188
-818190
710868
88307
657734
441174
80157
-638522
823262
946287
-740690
-545838
567117
942012
498147
-895444
334245
449397
884396
-841143
-690223
-338233
427162
-450136
978263
741731
-922425
-493568
185967
-304400
-730904
153004
-370406
-803215
-741603
-953669
-408718
160445
-555384
-634370
405133
-481279
-760325
491110
925358
-961333
-678425
978140
-670619
-681893
680224
-985586
949954
586804
463060
120605
-946582
-830270
237236
646773
-73573
-651395
71672
-207445
880507
268296
-985366
780739
-193244
212548
-214793
224980
-36718
160478
899367
-247562
647888
222241
-692744
-321814
464809
345443
235728
-34249
-545392
-103002
750822
290297
547017
866095
-354838
-922462
-597835
783789
965042
-953405
-162082
935202
111224
-628951
340737
421735
904867
344275
-306774
-678501
-628515
465474
-420846
369139
421352
604383
718965
-254748
-116817
-222956
-794128
-967252
-5908
931683
967457
-804554
-420533
861144
1603
-668173
-793241
-231845
-212749
28910
-885752
-289601
643732
-377586
-726828
-180113
-57829
-743918
-497316
420109
870145
-563103
96037
-367403
-17514
-976323
421080
-186570
577619
-909987
-144013
-984302
-480064
546922
289302
903978
264635
947850
-142345
-573293
797770
157806
825672
798807
-863660
-358093
59454
971014
245943
63521
67213
288409
267814
-949764
73934
653325
851735
-948454
631387
-25443
296846
423693
9643
332505
348218
-245375
-562075
-963674
-750805
-258566
462400
-629679
822109
723571
395047
451587
158208
-654724
-420445
931276
-385966
-626366
-726837
437337
-841958
482692
767088
97770
-491393
-174495
850081
827515
-356671
-261960
-775202
607515
-128347
194748
38127
738993
271848
401219
-473285
-16124
-58509
304751
397274
-440042
940471
-322538
-858839
-569635
-469895
-745447
-692350
-15709
786351
174748
-61149
873537
875004
676149
615737
205190
585902
564279
-459087
272507
-558931
368483
524184
72965
-943633
-169689
507742
143970
403733
-316288
-201132
-890188
516778
-449667
319781
426513
-418587
742210
743033
902723
-958099
-271295
562120
116696
-897275
-751200
323715
578100
29457
-521583
233850
532019
-866757
783073
102194
908488
-707557
-82283
103154
-231016
-841947
499169
-270907
580573
-87956
-748115
465899
-590857
11754
-708501
662071
345797
-870901
612544
-106297
-239683
-172995
261607
50549
-813533
-466574
6941
-589130
538751
126701
535587
971413
157107
811083
630470
-379427
-126195
-569223
829054
-573300
-417401
-938634
477515
968059
963310
-570969
463184
938065
-413897
928158
-804252
132103
-919214
550572
-606792
-253175
833258
43084
-487605
-443052
-404959
-7233
147061
30775
-722330
141481
-580905
110527
501426
499398
906787
403016
791870
337252
-986648
-111627
365636
94314
693412
-580544
-99684
-902729
-112907
-404150
594909
-276550
139496
-263287
-818407
810280
-207178
-757090
645235
-462494
748944
268797
-666586
243279
-581242
262064
-622626
685800
19173
-687764
-680444
-574993
-436834
517398
-437607
-288031
-541946
118075
-446387
-923704
365470
462342
-716423
309775
263455
-120656
963641
-685379
88260
-592610
968133
623271
-927433
843813
272178
531518
801464
284579
-408920
727627
243258
-595743
-473584
206525
-845771
239071
-433733
-734064
-991386
885495
680033
-405069
59601
456034
-402709
-503633
787711
144386
41630
676711
-716287
-955270
532324
325521
-598595
715079
378479
52909
7437
268838
905345
842428
725577
716162
3842
-47635
-540096
736312
975257
-678816
-95034
214262
272032
-463304
783988
918027
-500890
-927819
889688
632249
757469
-136401
45212
-101806
-55791
-668842
-824452
-551995
119604
959442
238437
212075
-272313
-309913
971000
483813
806096
843878
624254
646505
666676
268506
-431605
480337
-982352
-333474
-363765
530874
-212418
455287
642347
-318676
871434
-223334
-387961
-49291
407638
56662
985956
-673413
-770094
869385
-546954
-61481
450224
723794
480772
910065
167266
893761
-236404
50015
290301
-154641
354059
-580466
-653981
823972
442166
780678
-58292
-615941
-516629
817055
922871
657052
195509
-212345
-599421
447682
977294
819966
90142
-455594
848238
-804827
796257
717992
-751206
324138
341621
496348
849589
892520
-914042
760025
943483
211653
-371331
872657
-628166
149865
-65814
-632467
-737362
723144
308688
-423248
-235057
-648264
-976708
514460
536607
696425
-746431
-509064
-741198
272366
597611
727308
-815382
-137358
-377928
362055
572604
123844
-343366
-361855
-841515
953139
439876
-842601
377662
115313
20758
-998170
171314
436585
408544
-440414
187873
-648463
532167
546439
-407630
-516929
-264264
-256682
-359670
439040
-117687
17974
212199
905102
338594
-729704
749854
351206
904206
556732
-925522
-922155
759442
335157
-46916
625113
-243178
-825555
368462
-934804
548049
341395
304616
983078
-872966
-366622
864376
-56332
-378538
465061
305133
483816
-936630
832893
-946216
-980757
-168796
-551045
706296
-487710
-453725
-417753
826874
-556365
-639425
912778
-73500
-933923
-346535
-254880
147130
-126590
318301
-115245
-694159
37564
464207
534516
64081
931982
-430418
-399415
-888794
-971600
852381
-966482
263820
806010
-442150
294466
933122
-149665
-46166
660057
494720
444885
853377
-81121
-224264
-715331
-774901
451065
419075
750237
757508
-938053
694583
-112955
-715109
514413
664783
643983
518669
578217
-145091
-311719
95530
711415
-841574
-454546
492246
964799
-541193
305378
57721
511333
718431
446290
506369
625454
-396097
-349821
-388824
-395218
-659312
630264
85422
-453572
-303542
825981
727525
798049
787934
334872
-693896
-265521
690865
-763693
155353
-850945
-664046
598719
-164071
-633564
-898156
-836670
-170200
-491731
-581542
-482139
-537722
465207
-690142
404370
-119492
-78479
-914243
-89381
-863979
-866424
583409
158086
41188
655116
-890817
394446
-555340
258680
-229874
-464757
164855
649299
-528722
-515797
836855
-487115
-304454
-931643
-198254
-209462
880199
-230568
-871397
-57160
-707289
-879042
951995
135816
-6099
977347
-791309
-158907
-962418
-539246
91940
511194
531294
-752816
804792
-192237
-578279
451220
-381407
-521061
155039
-27594
-734497
-156813
393493
332982
339430
426907
-159132
89695
-943634
232143
-968508
-220453
-947200
-715679
-435444
197537
-157653
4897
-362401
261592
37707
-382843
-929568
-377845
448961
16650
-380474
-762576
-612379
957257
-496816
-397800
233409
-326350
-642124
-929149
564379
874841
-378992
571824
995294
575292
-80616
242332
-798472
-103498
874072
-467074
271795
575996
-383844
-66707
-844702
-864784
7925
-551463
-358832
651176
614381
73891
571678
-323789
982605
-642637
967213
199360
561510
764182
-851779
-605468
-821247
-387741
563758
-65615
-49691
-883259
-980197
174955
12676
943276
-598421
-868110
387487
221730
624035
-478133
-26849
-813262
214269
981670
13285
-577438
270225
-21164
-284228
-842698
-780994
261248
-299500
120461
418642
-616955
-296088
166158
-369828
205568
-604667
969475
94976
907370
444600
-737055
34095
-664162
-598482
-147938
298772
-574797
-11349
-291910
918963
-171668
567007
-735011
-362686
-901221
-509662
-376042
695829
419515
-960989
689486
696827
-393139
-782927
-728037
-605270
-632564
-414918
-505618
487008
725610
-984145
547965
314318
709302
861812
816345
-813142
-341225
-63405
127744
-151140
-285498
835999
844340
141102
349205
872683
-324669
-783318
400173
-625403
-848490
-830506
-797718
-250564
