100
360561
-952794
-342969
271418
801462
345793
726591
53127
-234157
638992
130001
-787149
-156095
-221173
-831384
213875
481257
-402303
-503251
166515
194839
-465583
-362932
-693719
-837355
-718628
-139390
-85274
505964
-720293
624311
-835233
535957
481275
-210997
676355
378722
-408375
747516
-21658
-283084
427899
-506941
841561
170418
-555780
-771744
-272255
734380
215858
-332800
-54273
-48986
-893916
924697
-560925
898800
680188
-730199
-45165
617748
-566710
169822
349103
792970
-274373
-816204
-592577
110572
241948
84752
730062
282329
60046
989436
-892030
-799757
265529
700595
438519
-508794
-623767
-957091
709704
936607
-130690
-991787
566594
127912
-8366
-359103
-738448
-223128
387640
831343
-768390
514762
-851058
-736075
133244
