10000
-975633
194596
-142930
-502713
-577919
507384
-526421
799399
822575
168626
932971
449396
-177057
401169
213694
-1052
-155609
736067
-910701
9568
361603
777123
-775274
-732881
232436
588346
923291
-226813
419549
-957003
-779086
381335
341727
473896
-820908
-23504
-434623
-435438
729802
-664909
-147698
-75949
-857530
-367039
-919887
890620
397071
195665
-458942
314262
814107
11391
166165
-637353
353569
550881
963397
496407
-177971
617110
726921
711318
503135
-690185
842983
874867
765490
-384283
990720
-822796
951240
-514325
-641342
481658
118447
-987212
-706861
446431
900434
-361370
-389646
-442407
266639
656940
-197794
121357
-6168
-795102
-131142
-167251
-944832
-32973
-434243
-347670
-138068
-44082
309716
74178
318655
493722
-474341
127539
124505
815628
246623
988195
944085
682611
-520817
609400
907148
-351049
-804202
-769189
-830819
-64937
5680
149257
681058
932738
27656
-496755
-65628
-523224
532776
655693
258027
709426
910042
-27386
171500
-913999
836395
768640
-532326
473836
-921958
-64810
788607
926469
389503
666484
-949461
770675
-393236
419702
-158639
238566
-649290
-880396
-910679
49891
412934
-567512
786719
501679
257088
90226
-318432
-740789
-966721
-299525
-948763
-123341
857095
550951
-769799
304325
-913676
179340
-39554
-655851
-722221
-670093
516509
121298
42978
301612
909104
380467
-642535
-620754
-939470
451892
-687404
-498389
368220
251887
76908
622532
-975989
-298808
-317067
-416297
613939
56080
-469882
659123
146406
-786847
586942
-820273
-847058
-278157
-74542
-57105
-312045
471983
921884
-631145
-275739
-459441
-190334
-270958
-809766
-717502
-524559
-161792
-977194
-788240
-772960
-496901
-46957
-608514
242609
709485
626364
-606346
344238
348208
493257
-372058
-838071
954594
662789
-771683
400306
263354
430621
909572
339343
739894
122200
867762
-829109
904367
-382660
-696080
-183567
414623
418587
391972
606839
-947894
-385212
310354
375234
183767
-388770
-52615
-64264
-253346
-174058
-680536
-412484
139090
-511362
-906392
226099
-115591
734538
-740092
552424
-488177
-337762
144476
-372357
315500
-283784
194841
-250441
-430946
206547
167023
-934005
504719
-152847
804852
-168437
946622
-782748
-207042
-363398
670910
-222646
48845
313669
-819191
-522962
903664
-493145
689049
57758
-856869
-342035
686234
-645188
-609174
254921
91329
-697788
-694624
-962630
551753
46068
-114244
395783
991159
-735096
694400
785264
-822136
433955
616996
-369929
-40917
-425800
-132125
5302
-623894
913454
457500
-671677
-750438
465531
-801870
-171734
650977
901188
858846
-39721
-495626
265054
-446360
968552
38235
888607
-452635
-459199
-415610
-114901
-669621
-574958
-511886
-302202
608851
-348555
12812
-5192
311127
-143134
603312
-939518
-894553
-477059
881181
491632
-16329
-469576
651710
-665158
-255890
772067
-759978
-569422
-229222
182524
-65102
-274429
-869684
-307155
686180
-112277
-68584
127033
519370
-556046
-200231
242102
366515
628378
-891923
393342
449984
799043
-776494
517295
-822880
-234727
-948271
754001
-847442
914292
-821265
377518
716534
872653
749341
-208584
196983
-540883
-622162
618031
-526605
636152
-905107
426464
879705
799809
-52126
-481896
-946023
725322
819795
221058
729510
-715860
242406
320701
-71247
-77968
682705
-855929
-728206
-314811
-577553
-441396
-69297
82146
554095
-761260
389460
-449997
-932465
569381
-105485
786587
509668
-656788
-161182
-991822
-52411
594831
648213
-297521
173773
-660208
-996795
-837823
687309
-23126
-199076
119129
419981
763380
438539
-220628
-369484
455738
502694
316910
-697716
-884353
-344070
8337
-625898
-360009
225782
697946
-874855
-235092
-620176
185018
694759
-76017
-382415
-68085
675080
835081
-355913
591489
669802
162848
-980437
573411
71429
148677
483689
163739
748036
879227
988570
693868
751416
-90191
-30927
296447
-529745
-710113
966295
-522103
176100
-689847
348166
-384473
-438367
622971
97861
-316053
-983001
-667157
319744
-933480
-743307
-804482
-282159
976704
-831556
841045
301203
296104
424392
-673601
-445361
37101
96517
462606
483405
52657
-235111
776526
-768817
-36311
-64705
-576693
-498072
484293
817893
-684425
-753963
322526
902394
-237802
347183
427444
-534901
552287
300871
258820
653016
333498
624052
-107675
-918218
-320340
746489
275224
66900
302038
-970542
621783
639919
-576097
751906
725334
-933449
-677289
-646060
-511368
569097
366911
902388
-979410
-350774
-167799
708556
-515249
-541574
837482
225774
160011
765838
585478
893812
820854
-325776
-104280
-898837
-140978
-728920
107659
-71436
-671991
614538
552732
-767296
-168762
317426
928639
-436036
610792
-306530
220189
846377
166571
-261031
150036
702225
942363
-801254
-506808
-433820
-215422
748568
575431
477485
275613
934050
124718
599665
70404
419960
-71245
-161651
353419
439467
-259945
161383
176235
362615
-196097
-173988
377668
303287
-302841
199389
-107979
525997
-568959
-315137
-253197
791446
787217
97049
165323
839854
477134
-236977
-534038
-348113
960726
-99034
-481021
674232
105178
-8831
51547
397304
582922
-845760
584557
-992732
641933
951628
966038
125039
-535356
-478851
194886
746108
378891
961761
-665798
-466745
935152
323098
648353
-935112
-30470
-619571
-856963
62609
101230
335760
412180
-108357
-667882
-39782
-4779
-529658
830613
-918660
-809588
559398
-990263
-792958
535399
-88374
-883128
53607
634125
25342
36058
-488658
-344935
-179023
-144787
-545285
722369
-947606
-414542
-717132
-448757
-140699
418534
989501
126279
-891505
301414
827513
-146640
-607882
565857
-76978
971192
-231573
638440
91966
-40656
945305
-70685
-218889
576420
-982123
11717
-869481
-877014
-584755
-469177
874861
-385898
-369708
-656087
238132
907357
-130892
576850
678352
-527447
216068
29984
-575844
627082
151013
415755
183594
665399
409554
789626
818044
948301
113775
960429
-552321
-107368
-197248
955343
-300946
865993
-589401
174341
832025
588804
-22368
266024
111563
-46387
754135
10921
-656184
575478
-434467
-988580
-823075
923292
498329
266210
984249
424969
149097
-609535
-981517
862732
936837
525928
-689307
-223388
660102
-551182
693939
432782
637402
-773678
-965751
331684
-805811
85587
938293
-893084
-267336
455863
-405266
-346476
-826705
-208217
-889513
-95760
721670
787233
494481
118420
131490
-469448
820300
671033
711723
943735
46238
-55157
861067
-664022
-771083
-672104
61038
86723
592023
228901
769459
725535
-916876
822264
-313728
784264
863784
-934377
-773087
96623
274791
639478
971523
132939
469138
-818933
254413
-730120
624126
94431
544341
-769116
796654
99720
856255
813058
-65409
655922
-352443
-827332
-470411
833002
998956
-379198
446781
465143
354124
105607
85576
102696
233032
-849524
456691
-837738
-900127
287246
-726161
202615
270349
-521634
-610051
924541
-382406
-985684
-264609
-107470
136024
-39399
-971832
952367
-538005
863048
-697721
-272769
-209453
-304561
-810097
111906
267893
-638686
752860
725691
651222
-933027
826164
-333472
-606192
346876
773669
-740856
627977
956
-472603
-271692
480631
985544
-667102
-660678
953650
-233508
61890
2768
741187
884189
-496367
-714994
-405889
840502
-221815
937043
-631092
727028
601374
246270
140599
-730669
341810
-227587
-453105
90972
776480
-337167
924577
564945
-728851
740269
743200
-13664
-49197
-579676
583032
938557
-266352
811747
20902
-438197
-670381
621270
626552
929373
153831
809418
-311673
-341801
-159091
-777828
-387154
-713042
559146
389244
631888
588510
330923
-899464
961486
-361123
-209425
903073
-8986
-823259
859767
-944473
-853035
-480780
393339
765414
386257
-766644
403577
695614
-159334
-617561
461694
-431812
402897
153806
287392
172441
-365469
-171507
874643
-837594
526479
289456
-502865
548339
628149
573412
431178
125730
-134821
-263658
303903
707740
-825016
-119120
-60119
-794113
911249
499165
170223
43880
-156803
-972196
715400
234331
169598
386844
114324
207693
-569951
-973517
-997590
-588964
492825
-392571
12776
509569
-690753
880434
298153
-55
88357
156176
357404
-42469
-170141
-529737
-67789
670962
501525
-179820
991097
789102
153263
685122
821504
-38770
119526
955906
-686162
832094
641509
247183
-350100
-600620
658337
-62425
-448283
929508
759007
194664
948521
-177973
-874285
-534076
964332
-769837
6539
102365
237523
258799
-208598
-575758
430872
-654459
291498
-386044
-89931
762795
-969239
847424
752413
-573470
806162
383118
-774855
-133900
806262
-12627
129822
-561808
227461
-843260
-754171
848767
-586718
-69623
-497523
350110
-288400
-822649
-469515
-290248
737567
484907
610842
47768
996414
-306542
-73984
951316
877662
856440
575097
588125
-566514
456154
314388
-443144
178096
25483
-630121
-665068
185192
-737862
726980
776989
876302
560644
-769794
690745
305301
-617084
-770385
-742216
119214
-639457
-287020
-660070
-726137
-9196
-350479
-744901
-749623
202239
820723
-345503
-799193
116265
-248578
-427271
305442
581799
-204515
418218
537471
818076
966334
-703358
-722773
814247
-81386
-395687
-816621
-335752
-376604
-959291
89581
204997
746221
-655384
-444862
-804735
-524669
878689
358106
614500
-528404
946455
-141585
-64262
-785364
548507
69564
-363021
831432
831751
36253
-955806
134640
726975
397383
538227
839588
899658
678393
-837421
814859
559971
570794
190263
394866
248979
836483
55196
-773632
-877974
-734091
66648
-573758
600860
-268483
130991
297351
572867
-548419
269280
-23050
-785645
-61942
-770390
989797
940227
965674
-754822
314147
-872626
-405043
-975333
499
-633296
321503
-38236
988161
-433557
459762
838568
18289
-832504
-87960
265702
-302534
-101527
-947238
-983959
-599593
-105540
-803469
-499945
583177
258124
334938
-997188
-473772
123025
805339
206319
-425206
111774
-967923
-772763
-213382
-585262
575429
194564
-484307
258459
808904
-614574
-114420
138172
220510
-549244
-863391
38847
915137
190724
371497
202052
701734
-244274
-586897
747385
641136
-847401
733077
-384686
-204371
-4403
244108
277340
-904717
320002
-3927
-994950
-171212
550878
-412257
807733
997698
627123
-397529
719325
-208827
-52388
-3010
-730568
449287
795753
602574
-252698
-714413
-607409
318476
-881509
-360235
-691760
-266930
758152
-973285
-475638
680859
453962
798767
-764907
-388527
44080
-730675
-850284
94437
-960584
-248182
-940492
31260
-106996
-865398
-564170
-983319
-109697
-830221
604591
562106
535492
-904230
645995
33131
-758665
757640
733730
-696831
670328
900885
-184430
-341087
-526101
252646
-129488
-581763
483219
-38088
-270084
-694792
-890184
-668915
-394884
-270536
946590
-732563
556490
30084
454175
-606988
460872
-765847
757163
841795
710997
120606
-423473
-301365
-802343
777901
618077
961895
-699677
722225
-608909
621426
-828057
-25754
665522
-538805
-678801
-998374
-436156
726124
-782171
-511442
368496
-152340
-983865
-56136
-898442
123430
-106176
-152069
-709187
-300562
-753202
-715781
427283
210949
-497267
835901
-95549
657484
950970
-853326
965811
438573
280857
-228239
352062
135061
-660800
83088
808972
-632274
-482818
-427675
-784726
-889931
-410871
-472778
892615
134472
928746
687257
612163
989053
873684
575773
-256586
-699823
-603108
148100
638611
262193
-698371
226109
-108845
-134019
-592002
-326736
-723618
490667
-290690
997441
742673
-924563
331634
-523963
-737739
335445
383561
-92572
-324662
87257
-724076
748002
875990
-652976
-920079
336076
299485
945923
-450297
-847057
580567
-895819
-982227
-733255
-669449
-329729
-300765
379847
-438481
-317502
-529440
101740
-946216
-981767
692378
244451
-627952
83449
-454025
474826
710394
217198
655136
197468
321118
743404
39228
334707
-755326
638527
-514166
305189
915965
143509
379260
-748746
-281321
-156087
343878
-81728
368476
721146
-221426
-179428
648754
517138
-512315
273946
-309468
-477423
-574661
774015
-909266
362371
605321
140942
390609
308436
554197
146471
-944587
-158392
-516404
-965123
252828
-730126
880883
834347
-539698
273383
-697169
722972
126329
925725
-680302
59672
-47225
-232332
435450
797126
-989545
-372003
29519
-518421
-282345
-828963
-310962
486580
685002
464785
-706905
-681929
-583833
-897376
793356
-537320
625303
723202
-511369
806752
-416857
380500
613396
819915
853486
311422
871938
-32272
-294113
34880
155332
870594
834814
323487
-60933
818840
99395
-876740
-274881
901770
924469
920457
586261
489336
53244
35342
-104093
-5198
368885
463544
893838
-742823
-727812
652093
-643897
479665
-16962
499222
645122
-778840
238371
-514551
138008
49296
806416
-416823
261419
391959
685411
-210912
807093
92900
723864
947395
541976
660948
351805
-924722
-525588
167435
-391669
434326
614197
133489
621770
-515289
-54106
-221839
-778054
-114702
-362396
552726
610036
232418
863802
-182097
203804
249266
165112
-519850
-30835
371360
-498865
-110234
-808371
954244
-114114
677262
7786
-307558
100193
-298843
749424
5597
638512
249936
-425145
699219
-193894
-639886
-363026
282764
-642886
510982
-487654
-396608
-23285
-490441
629604
905511
677776
-112686
-460550
828543
-515425
-117047
-930048
-303260
852145
501370
688872
196662
-30936
996153
266250
-226649
-571609
-292272
744970
-820681
-837631
-166551
864430
-699217
506568
-613500
793206
-225606
-327531
314541
208540
-36097
-57275
764356
-824804
-969588
974827
324392
65757
923253
605462
397933
-6019
890664
-845282
106941
661996
669330
-778914
-196767
471997
-630644
124059
384934
-238737
959693
907311
-767640
-103915
124246
-976913
-961299
794800
149620
-449974
959822
594175
606689
1344
-57182
157547
-90791
-378331
-862810
858005
932362
-193006
-568587
-171714
163768
-125143
844929
-966606
381502
693484
-592820
519261
864392
-687825
-388517
-109786
955565
-997302
64849
641818
-193007
280819
-806357
55904
-146790
-623562
56364
13648
349645
-842207
-346064
530602
708892
-260266
183519
-658138
102186
-677562
312896
-41411
199121
-538647
635043
-146554
906081
-929370
-238123
485579
162946
-9754
-901581
-472601
-751740
-454836
-989945
-229306
570593
542221
270475
664616
122294
896683
-785678
196333
-8892
-837676
454989
-381771
106509
-812639
-977711
-919607
267133
576514
289464
-379157
590790
511673
-332299
-301165
379455
475816
772567
-68148
716279
-840828
478558
168327
-836540
501279
30322
711023
-896689
-344285
-425938
63872
-404327
-132260
435626
-434614
281733
509112
-184250
681135
-829627
951820
-833402
-600592
621684
-397780
-894575
29745
689
905952
966612
887049
673239
228052
-407494
706402
-658400
-540648
-592113
765326
277115
596582
106882
-644002
534384
-117218
566170
690845
-665214
-480602
-25871
-707419
357240
503182
563223
-861877
-385604
188660
736835
129189
-658953
-862298
-773386
-182405
-320128
-722578
945977
-307611
436581
987821
837441
-90512
860321
-345864
-869553
-949265
-660531
378131
969701
556744
563812
-404896
-281407
-841102
-310440
-536213
-605866
-280889
80261
-947435
-417099
-312597
933926
559249
-323993
-394496
-898542
-364
-935398
-926549
481944
-466258
-43114
-212877
219289
184604
360141
-812126
-216008
-984399
13847
-839954
829352
-377268
629824
940791
-117257
189829
411544
-248544
-555502
93406
-117629
384871
683934
-201153
253025
20986
523029
515150
-110453
-629629
-175790
-383397
-2102
-198911
779138
-341596
-519942
61330
-209353
-684983
514537
-831474
170247
-869808
-474834
276524
-788835
-173160
309484
492148
-823242
507513
-314086
-137285
-933140
-776950
-129964
-977913
-936394
-511809
-530323
480897
643852
115821
249111
-602574
-309041
-398990
998631
-87322
344897
-556402
-765468
143684
-228618
583316
-520026
-694369
382233
880844
-542478
-540651
-864917
-409209
593
813670
-245357
-828860
-362734
-170442
-478200
-555818
-153269
678494
-301698
-108588
-995551
83096
-582867
-2226
39821
858134
579401
22231
-437749
-366832
-45459
-13125
-694591
-343215
454754
33881
988110
331898
-697175
-836978
652670
73102
-845964
768530
977944
500089
-641666
954513
-134566
606001
-214203
-476897
218293
-948340
-420489
725077
994571
-516160
528221
-622545
43459
447483
-815395
-224679
726407
690711
-130558
225577
496489
497973
-665622
925768
100154
677825
977233
619978
994666
411624
-892309
-522519
382100
-343587
219858
118877
784046
422789
621321
-490644
61914
381358
890169
893790
-595893
45184
55452
-547069
301285
91162
399815
223422
-760174
-734221
-44858
-338486
-840921
-203792
-419394
-373683
-261194
47377
-223920
631704
96651
602629
-477118
444378
611743
290888
582544
730848
452629
388274
-811855
585579
-925154
-377613
786956
-1384
414494
749663
-650047
860429
-160044
154401
950012
-786047
187931
940806
-999550
-540067
-428680
-751905
67726
-619137
-918930
168152
635064
-912076
323483
-791877
972309
-683070
32016
-796478
-533247
118232
796919
293507
311336
415677
793438
-683152
-582926
-93448
-47882
186278
-131114
-545650
-884624
-522805
-20790
503097
-767819
-148441
501828
641476
264272
726158
-280030
732922
-314108
410338
-205257
-345967
-30449
895696
-95577
407992
818563
798323
-964147
376210
-385498
-790399
956723
958928
-108184
-371035
951959
886805
-929764
247061
329871
553626
989752
-40566
109978
-427453
731535
285624
-606268
-650831
126190
328703
-44293
-550788
227074
-422276
383915
-192607
708570
426290
-939068
700098
261223
129252
-189167
-562308
-871440
-928008
165628
846194
-889593
774241
-85536
240072
-453171
2228
-968365
-435108
-975526
532861
34389
288791
-586799
754161
441962
35577
-439200
-589145
-419399
285491
700306
-61693
593271
-391981
43717
682490
-894354
-555251
921554
571175
-488839
-83885
350652
277097
777855
-441781
290414
756230
-142012
-897022
213266
-213949
2178
502792
411921
632244
-187713
382353
-151883
-720515
5733
-863946
-595525
-976678
-282795
-255853
445044
906264
-679843
827400
-159001
-355572
-872963
-58231
-841173
951674
-44243
502942
-432101
-563917
791596
-883683
960535
-800903
-460719
338008
-778902
-603586
-26523
-929011
-6064
-165686
865544
928207
-923047
641532
57269
-137389
-25645
350620
-259932
-615374
-174083
-981423
920039
-292769
-698556
-344415
-346827
790749
-610344
-560592
564374
685621
600320
35821
922132
45742
719681
399792
-940532
865846
-225239
-497347
-930783
-350951
-581347
648342
-432341
780870
106655
196430
-574736
-373485
244384
-943130
840455
578974
718370
722065
215327
578077
-997621
-976781
376813
900204
-855343
76625
49581
-65584
-915911
856399
-137042
-651625
906532
-845328
850775
-452167
-963051
983492
-443803
154087
592043
-572694
30708
-440605
906813
-699916
-328553
581608
-174450
545724
-380633
140469
-674192
-918328
-80021
-992271
440864
-74423
910382
522755
907816
-40789
850529
-676789
-935911
704251
744922
-780307
714686
-889902
-253435
72063
543744
-340572
-731319
147030
248697
-168234
-169423
-600360
-172317
-471449
65615
999886
516586
133766
-180638
-350944
333287
-357446
-344775
-874072
-441981
-398950
-93191
-88958
587141
-3146
95580
-53162
893254
-90089
-863327
13194
-639350
150032
-682397
373512
502166
504334
-580063
237598
-364580
-122578
600180
-212180
-664907
-402170
-234714
-441364
793767
846489
-584951
315925
-471413
-261777
560164
-468557
867845
-958100
-393232
826483
432571
858149
-674802
680113
-394077
452589
136765
-899952
-48697
-923966
756608
-948089
-752543
98438
-201539
-902659
385818
225444
123725
-905720
514002
936298
-310723
71999
-173081
-677851
642907
869886
176544
949607
-661256
424707
411607
-544972
917639
-340574
-551282
424896
887020
614320
581147
516466
-593489
-931688
-11080
-576099
-941530
663262
787311
-710696
-595124
-605585
871412
-140569
847252
481848
-442044
-714101
-345162
-327058
327552
492471
-185449
667402
420857
-253659
715634
-138790
-401512
-238160
77220
873927
336697
622664
-603826
-881594
-821621
-989212
386971
34792
721821
-616251
976638
980854
-51039
12065
-107216
-907871
268102
189715
785444
875685
804488
-294496
-585858
-334986
659839
-920160
640572
755978
-84242
-561361
-261445
460520
563118
79970
943692
-939329
78887
681346
630458
967928
811476
978959
-473132
-753239
-770377
596821
851647
-134936
-242041
433787
-894399
470258
581953
-727046
-265670
-818419
-917871
343923
-207471
-254887
736019
738539
39875
-152037
-993914
-223447
905691
312853
723526
216347
965932
49187
708474
611401
-960831
802977
-897783
682358
-691652
37964
-6680
94897
-550826
-497344
42672
-196280
757586
670767
69453
-637146
819056
-535731
-74587
324176
291404
-729528
587246
320611
-810498
-77320
25328
-458633
792186
319828
-912519
-605191
594429
-371534
-373846
-466381
77801
65890
345070
-648537
873088
-908426
618568
-953153
770674
320279
-488687
452251
-976550
827396
-494218
679828
-81882
-450970
463959
-54039
-482585
-707769
-71188
328783
-293256
190729
207829
-770048
646943
-940682
916370
52726
-243393
-745213
272377
211378
-700406
-181823
-835967
659790
936533
717624
21839
684946
859820
-709715
320132
213707
-186765
-419089
457688
-257361
-491524
689706
75604
896114
400908
228561
45114
-582644
23741
403189
469764
41004
450050
687415
-407612
-762543
-816359
608869
692371
372675
732020
750942
-706124
65142
-662573
-435050
-979014
-475650
454186
-360323
-957356
5203
-383734
286313
171338
1295
897715
-195554
-573954
1052
-594244
-172039
158882
931898
446183
824202
58823
-521315
-876219
306880
143520
403475
977806
831724
542552
207364
-191521
-22575
151506
-322546
-170990
139512
352083
-218272
-156723
767776
-960101
-185607
27184
-564285
-332552
-672787
-788179
-466510
77299
831483
254431
-628959
228980
272175
-424750
-146811
-581826
696981
-497318
-809748
680356
219874
912652
-613429
815490
-801545
-420141
100359
52837
895628
-193235
-968030
476235
-935310
185868
-257681
385323
-849620
-264600
970875
-317621
-741711
302559
838662
392892
-396222
491560
816428
579420
389024
369894
150239
-57229
-134688
646301
-835340
-44717
-391004
485239
-478287
-13871
366558
255767
-76469
422461
-858802
-918632
-228917
468893
908747
771563
-751874
-427084
-797349
-518606
405395
-116355
-725730
768166
680710
877033
193576
-373327
47619
-332183
-128175
-6208
-15189
-305390
-187738
356526
-75177
-96391
989243
-748514
749564
-857962
-778526
779818
-297950
307679
-496706
-788713
511485
61826
-243847
538415
32883
693170
-455586
656197
-282031
-748334
-262536
-325788
-891293
163802
379772
777887
21689
-328767
-847797
243734
-644169
786606
967583
-312196
305186
191581
762819
-670233
-76002
946428
-873050
-267776
254891
575405
-323856
239878
-523202
233482
-210413
-691576
465432
561591
-546392
566503
-274016
-424893
-672471
962586
-987549
-127758
-831278
500145
-373061
363020
693922
-455876
121783
-413044
-172426
947003
685915
-642901
671811
137696
359227
65864
356645
-234430
691159
817482
-996633
-536944
184896
-527240
-552841
362224
997873
-844627
412303
150696
423842
752872
-609462
465270
-922668
274725
98778
-708209
34930
-599185
738464
-580107
-94298
656322
768955
-618236
-176811
-897290
-854415
63655
650477
-266683
442411
538749
-753922
-185342
-869996
231851
-70866
-426464
76458
960704
916628
746906
-798047
-769836
345947
-781961
549700
-143935
671486
225585
-741937
-862831
695287
478265
-298981
156215
315928
-477858
-723460
174598
-142443
-231946
286751
396888
-410414
-181648
922698
466050
-45388
-67173
-532374
157487
-56896
643866
-391852
-722163
-671430
-449214
395838
439123
-128949
700487
-778185
-346376
-844356
-146028
-803837
-401770
922245
38615
-699408
517001
-8610
-670502
660747
-697374
-478617
411498
515900
193794
284464
-438805
680082
788365
-311494
533941
86247
-129015
781229
-77266
-511914
-380334
-518249
394982
79842
160874
-240451
-212615
-784834
-719231
915324
152854
-975271
-996474
-282182
-11085
-30605
-408684
205458
877749
-816343
605311
51618
483699
-854618
902644
552855
-47780
504271
464306
-683436
-443965
-721883
526009
420088
-119912
918036
-871847
267708
-751731
857780
158827
824101
461416
-892132
809512
-428510
-216139
-753635
-320905
664847
-801937
-394811
894455
595513
813150
452925
373624
-490974
-13389
-653577
-6750
322474
-121626
-209458
791645
420220
969134
-492721
-763540
-52484
473682
132639
-755838
304103
224839
-846479
852881
-973333
-999471
159139
-257041
266586
-214750
-73240
551258
-235478
-850085
302071
266567
997319
274824
803368
492428
972227
-20310
28419
316207
-956923
-979784
17796
864185
233602
527873
458644
455309
479634
510007
272988
859438
-588160
534349
728522
864835
765308
-549686
-413771
792190
656101
-548726
26194
563023
315649
-971967
302446
-478031
-101713
715247
-747630
-369145
-509843
500820
-161802
491753
167305
108484
-492795
-797565
-765297
437703
629724
213029
-744476
-9341
-654536
120066
177737
221939
185249
-125330
-558280
-689395
655321
-99880
-794582
-373204
-571702
844601
-589402
-348048
-666037
39493
612088
-539476
480947
146091
-286429
372629
607480
787561
108817
969993
78863
-389075
-973627
-287303
71051
-368917
406586
-427889
-300417
428656
918691
120890
-606176
-834204
946466
-699853
-642129
267743
833792
-189470
42620
952498
-334759
17501
473225
995886
283936
-514113
633296
703604
-234635
-328978
385918
-588188
-929665
-323077
841494
-28213
345966
432226
-560710
-297225
-708215
-72774
-631159
-619035
303121
-140500
-477039
540215
252421
-209864
538966
-525100
-807693
-5915
-829302
234834
112705
584725
998975
469453
154930
296336
-568472
462278
-409728
275644
613607
791639
285007
-319926
-697736
-250578
344382
-259593
-509389
-374020
710177
-557711
116237
-952997
-341278
243294
834513
-255796
658150
-808968
-7153
-329531
-670885
260695
-701368
32100
-889854
-434200
823135
-889645
504661
700670
619535
255128
296817
-306553
107952
-436477
797193
-253764
950917
545335
12362
-66433
232790
-261592
896671
970454
-130263
348258
-798145
-145614
626888
-916131
15797
215803
618276
260726
-217520
-256257
50551
-946717
399856
327058
193004
-382168
-595870
-525513
-201190
347887
-302713
388145
616560
517249
685067
-182655
900393
896234
-308550
524211
21471
512354
-706660
583924
-679175
817883
-754315
439962
-470089
493613
961101
978393
-172333
295530
964008
437299
269195
-110510
-156144
-883812
-743056
-628210
-70375
512061
273227
-318894
239653
-573599
632756
615417
656486
641468
387321
-445493
-612853
809052
-476033
133825
519819
358856
-169904
1851
854969
583415
787512
683657
-91201
851457
547955
-611016
459150
246812
-305398
861603
-19026
-838871
-215174
-89082
-658351
334631
718994
-436662
-279195
-705114
885040
-800261
-948076
743299
-322655
-938387
-91467
-553751
687461
-268914
932201
-503503
-850734
-163325
-380459
868942
-640508
30923
191274
-547271
-145781
-531317
363091
-904697
-607203
-843075
-825317
668323
288636
-743966
864175
755893
919512
-227215
-537040
-643053
-262688
994719
686771
324113
-130994
-526297
31172
-146658
-678447
-202918
-860829
913862
477379
866488
595621
724237
238833
-948584
-629906
-175347
-553475
380900
-711700
-480561
-346053
349196
546127
-428094
494014
156690
682664
-140385
-209347
746844
-301290
-56457
-103888
190333
-508387
-570741
426354
261280
-779068
892685
314834
124535
-957372
-962178
-41681
357485
-269774
671912
-724922
-211755
878859
479002
993058
156689
-934166
639030
-399271
292691
338147
-309754
-587228
-584729
900775
883912
-785207
737631
-670400
-885969
-425523
786639
-350122
38156
333923
-392706
-851493
294100
522664
-114305
-538908
-618862
-422192
-366653
445525
945535
879533
-17172
-716664
-267101
-851114
-866739
-668126
-490478
579676
-504521
-593718
452320
-360064
-74252
748920
482159
95809
127721
-872590
-213936
-898019
377170
-918374
-335105
590794
389006
826298
-769996
935039
960788
305889
-380611
739724
-817390
990191
654374
645269
-599442
723860
718789
543424
-607541
606965
-787795
934389
-663965
-892991
484168
-226145
233483
-437623
806039
771496
265409
-470935
727482
-277314
448035
-695808
76023
506802
-833095
667269
-652350
243463
752074
-267755
536535
738295
-679780
942575
109324
-315555
-882988
-414507
-539272
-33610
-319275
-794288
273185
-14788
543962
-813902
-157443
-775614
-578549
782079
91002
87265
576192
890135
323932
-323014
762573
468924
-563951
876911
389666
-970759
202976
-156533
-890781
64712
177240
-94117
911058
-977340
-826591
-311689
256662
161963
306191
669249
55810
270278
-603602
190071
-420560
-569622
274498
-829312
103944
878762
-925029
-929901
-71409
638386
128156
-820244
287254
-122765
832668
604790
-532397
832759
-752108
-989491
-691941
683469
566110
860956
738118
744432
338033
705644
703897
-10890
743224
573406
525385
-880121
772959
-798057
709405
-1768
594334
660857
-558367
241382
612849
-340976
-678297
921282
291982
446042
675470
571294
-182396
-272778
-27100
724910
252447
-757133
-227233
846297
-514521
727749
-92045
858503
-507001
238263
721677
888177
933941
345346
896239
850250
999532
-111788
-117596
747798
889071
-505300
-709167
-989403
-982822
913691
159714
480259
-683743
99795
642628
-779012
-708811
822859
514574
-529140
-823188
543238
609520
887777
731658
-186869
114115
642348
-604224
-295844
-421323
157856
-643843
430851
-607423
872179
407896
-917514
-541344
-681874
112601
-460386
-250899
-665954
440027
612940
790197
-954403
-823478
530883
-307526
869182
781156
598300
-899236
-73296
-922024
-9740
-634682
-492672
-599284
-366835
-111868
-668049
645980
675082
136479
5906
-672737
764004
633870
97935
-290301
-844898
658336
875315
144246
173838
815281
112826
-320345
-180961
921090
-336862
-848682
642375
605922
-701768
-557403
940219
-795247
206072
141307
275249
497328
-673282
-317951
-603668
182778
844602
174173
-72038
302777
-783686
-31185
651482
697736
668522
55064
-868981
-693681
-509519
-841212
-343041
318024
287905
-410946
707605
-357383
-396219
471423
771000
81255
-61164
-146376
-988445
-796348
881604
53330
57929
-462149
-840665
-223426
-682605
650092
693204
627800
531809
923234
987682
-867243
-961783
-36006
265167
-542120
-9781
936206
-995373
-314166
439392
-435097
415452
893191
525304
-674418
-761621
775094
-897672
555888
177778
732705
206398
212554
-272852
-252696
-51808
-771348
563654
-47668
611986
-531802
751129
471578
824147
253208
62588
585839
-400302
-575232
-581273
-732650
8718
785721
915169
342582
883221
837478
-839049
243422
-913728
-309139
346250
949020
-507463
285846
-135024
-288284
-113893
393628
-331178
-463782
941060
-20229
242929
306454
504361
70231
822433
-176135
575217
43152
-122468
-422687
701177
229583
-955539
-145689
-802371
527243
-466482
-118345
-530678
116616
-683383
23105
-745231
824546
-781868
307112
547329
-175276
-809268
-416425
-477060
248199
-765777
833182
-23718
-913944
-547642
853257
731990
-454951
-737131
636714
-255580
-329923
202320
-72365
-72513
277408
988963
-620917
-255508
453866
741725
-443600
-829169
-899649
349550
-2983
-100612
623271
323604
-388120
-106175
-727626
-199922
22058
307226
985631
808167
102186
-255951
798784
126673
-275570
-637496
88171
614278
-974999
346950
927614
-10294
482591
988102
793931
-112692
118552
-468021
-55010
918391
-126430
-907173
528616
-514182
-384739
-1151
-149479
777327
942783
-850383
-365519
216226
-482070
87687
440578
353626
704673
831440
881917
-383620
-740090
-215940
509969
-25916
992125
-277140
-561058
-456190
-612552
147307
25128
-462132
-639313
633902
-310309
910592
793499
857703
482550
355358
179222
280169
-833901
-326581
431333
-871979
-959970
845090
598746
-572511
-913637
128641
104303
508075
278702
-332625
894072
221384
787840
-917367
-310920
-991282
-561730
935701
-531062
-148349
-394203
-621089
649136
596086
46725
937106
510609
419567
995961
863232
-834143
628056
-277434
-859701
-372835
-66629
-441986
798615
-937466
586852
-712568
-696927
-127621
-454563
-827339
93554
-797745
171889
-988584
498204
-286422
-126692
-669460
504624
202732
483241
703427
-816882
699420
-953497
-837932
58720
-371287
-472213
-96087
374704
-228091
-829038
29201
896286
956707
-268181
728699
198206
-197167
306380
412150
282706
-526447
-203040
373644
595060
-732691
593055
775284
-245313
-958480
749935
338383
611951
-392588
436697
573182
277851
-253103
-38666
-524014
-674135
487533
-952072
334584
-902152
754343
-871655
-796311
335831
-951163
114087
-176273
863278
-759523
-684236
-525331
-341714
-228391
13464
-426435
967634
936818
807508
-815356
-863929
364251
705210
390710
-489076
23195
-567993
-182165
976343
-441697
-846333
916673
-69488
992676
-850786
-218671
393324
684216
71404
-100245
-284866
-865858
-322025
-963938
227156
-746951
-434740
550832
-175114
576496
-227730
167215
-469477
-644043
-225106
486717
-541650
-886955
-382857
-753676
271568
-223552
115206
719283
-711811
511672
747996
853642
-23836
11841
-288004
618710
-401222
896689
-119044
-255984
473739
-358671
117117
-698531
-876081
815870
-110698
654315
-467607
-729819
-140235
-659843
-261907
194626
-954299
556343
-618676
355612
199905
-356412
-25995
200795
-418182
-243363
-183526
317866
666595
-715491
207432
-915833
-767314
-288936
-374593
585953
-232538
-116097
683960
-484402
376837
742906
830806
383324
-869748
-942113
-61650
-890042
675162
76113
348127
297760
-614257
578997
998988
520344
-361284
-458611
-202845
18266
-664824
-311453
-563985
414597
-668173
-882421
280906
-849479
882348
-28915
834229
-711006
-459994
358898
-534057
-651344
284687
-432007
-581027
-929056
261092
540238
713418
-378754
602771
-435968
722954
34102
321123
381038
-768626
-999825
-457735
-719328
729093
-974928
54169
202380
53547
-624324
-523467
-363034
937235
-63490
-385855
-335634
-207429
680970
328998
155589
-30035
-998416
705798
-272829
-816599
788694
-515963
-707426
-109776
634132
-553189
-15890
-167622
302295
-800237
650169
790599
458860
-624809
197791
-394025
-215092
829228
-310488
-420152
-543033
-924109
-260965
-775127
507665
-983338
-512406
931990
84401
-891569
985594
-979806
204008
903599
904060
343066
867980
-212494
481593
688224
-315477
-417509
520138
25938
344154
-470814
-513480
-506750
-378985
-677288
821787
346177
271719
164272
297442
727868
773991
799807
-704057
663924
-216439
409303
553882
649284
-186893
-751889
-518443
-619058
720630
-844737
587296
-146400
-707689
167337
-25291
-658082
-946864
-581019
-83600
942800
-532847
-369154
237073
-242721
-488118
-276950
-868042
-304544
227991
147358
-732341
115980
-280522
-478170
399222
150178
-284786
-533403
-827773
751681
-63002
-682862
410730
-804084
-726205
-418874
609365
-455305
-599417
353061
-772306
639840
920985
51846
361410
-143502
343388
-120036
845636
-739715
-264746
973626
735293
244835
-289389
898937
-564725
-430795
-644424
-110953
-140483
182120
-535598
-373068
-501019
75883
-896674
437655
43278
-505790
506845
347935
252518
67682
264998
-516734
-334407
749825
752803
249523
838615
-699257
65996
-67007
-516777
-471364
428698
963269
-142890
486211
-292032
-363860
750873
-160936
970257
-977749
570153
-429378
-722397
-552441
-621362
-682650
-227083
-437768
-694804
875210
727560
-911494
503728
353708
928789
697188
300825
-705245
364163
-773423
352203
57240
-282817
702517
-594609
888452
117724
809082
-767504
-350636
400960
-245194
-234126
368429
-167736
-781837
-667171
-639794
554893
-405876
840130
616236
803960
-610503
867892
239320
581496
-831577
-146816
383633
-24947
406778
-778562
-211307
899620
3788
-731617
-832115
238969
26891
-180484
680731
289479
669448
279855
-300317
386715
-776538
-88748
450339
166524
127774
195451
-760988
-951005
-71151
5300
-88548
-659097
836377
-576667
-473478
-700344
-463448
-521285
-274162
145466
895489
495244
521159
-108822
173837
441834
183694
626200
483250
710451
-131700
-166782
886512
680300
-999002
223497
178439
961471
754100
-134668
131064
-456739
117586
321833
-798762
623539
826461
9718
683261
-823558
829317
-911116
288435
504825
-985500
699551
-137501
811321
441620
-22818
-22587
-878843
169901
700798
-52704
130895
935055
677694
478279
-830319
94745
-169092
462654
681233
-822793
75365
830007
955645
484091
682505
601899
-542645
247302
904155
273165
-508298
216854
-721158
-867709
934296
-904485
877552
-409955
10552
-228947
305650
316227
453681
142044
698720
133237
570653
332855
787716
439948
-75296
-989615
-157070
180091
-370167
-389437
-990242
262642
256951
-856263
93369
-605591
64142
125254
-640341
354879
485977
-844643
958297
917365
-216307
-833939
-874275
547083
-161111
311139
-571107
4881
-477766
50810
972235
906051
540302
176532
-637695
51403
-689082
968022
-900760
-12226
916369
-197366
-114702
-339192
-613001
-243450
99247
392347
546506
-103134
840504
221968
787155
-851790
-238137
643815
141073
-981660
-582378
258756
-304073
-337950
779249
-206638
-678650
-711038
116896
-783090
954378
479322
-119074
-544182
303372
29942
-459108
-663933
-425491
762904
-774770
-566996
-667778
665478
-575120
985597
-615440
30602
-705315
472517
-648335
328749
770385
199550
577470
-768245
-821380
-870959
-535959
-182714
353132
-710302
385276
-975907
-607589
22625
249151
-998224
-622848
758256
794201
895885
206824
484157
-377805
79104
143674
-80479
-290900
350998
-898834
-707269
935163
-904126
932511
563651
910097
964647
-436540
139500
527623
924522
702970
929869
-109488
-870938
-169444
-278616
-139398
-533804
-983208
185748
83794
762988
-970802
986594
-232189
217495
-957343
836916
619051
-831411
-558710
-257540
-901712
940350
-185435
69805
160674
168231
-812450
-877737
-888502
588707
-583678
-186355
918317
-842793
797939
941338
-549731
-558012
250892
-371901
-826737
-647595
79753
738198
-490926
-586078
505741
-423624
-296261
-757487
-839658
607823
-528744
714383
-617047
-364048
171834
524106
659071
756366
-156110
653358
202094
-82177
-73118
737835
-583505
693014
347369
9823
-76675
-530674
-640579
924511
-90914
123350
-736196
-95434
634041
-191327
68522
-392740
118537
929565
-839490
604975
-608856
-525495
-762734
816210
-554352
440288
-492717
-928447
-561939
-380034
67111
-375777
-634402
297679
-147423
-98305
-531713
-649714
-172914
525871
-117233
237239
518933
-409843
679457
-13431
741348
-345447
341579
399639
-682755
-651464
412219
957923
623790
561712
-161873
-445817
-239455
914005
166833
-253054
778674
-117423
-143200
800434
-146981
341062
591969
-356445
41280
462977
-275040
468760
-417965
-187119
-822514
357566
906048
339180
378372
-134970
-948346
33207
-798155
-912501
111717
159421
64646
685706
-808532
-89333
203738
427590
945724
-448041
-673507
794408
-774051
404305
273115
-331157
-225145
671707
363643
-44708
-495610
-727601
835891
-242696
-256863
595322
-746505
918313
-392667
512074
-701254
291451
362598
-393682
848720
93305
343481
-986416
751449
-153341
-990810
-587447
71801
167903
-13627
612928
-156146
160326
-542860
-668920
449505
605920
956223
163293
-688668
-667994
-944059
-959884
796281
928947
470235
-144277
225097
420136
-683857
460784
11872
951337
414932
-465124
453888
-175924
265886
399022
-188086
-493154
892671
889090
164468
541503
-508486
-505292
806960
-854407
115950
-218904
-998295
-935520
-679991
-157976
78923
635830
-866335
-885929
-7360
449388
-266885
-965604
-384507
-785821
539228
747239
859082
-307709
-96688
189903
-479688
-598741
429016
49852
-630773
296734
461023
-740291
-186338
-391965
471548
504313
656706
756964
-835063
-840253
399576
-380744
309577
776496
5462
-242856
-663953
-616380
-957543
679035
-250687
788601
35605
-694370
-13866
-255714
-872838
-394277
-259070
760615
-234197
-277739
665075
-790688
-487855
-274806
940493
21947
446220
342736
-424459
707705
-461329
-253042
623438
513543
-272340
-888272
-429170
-773582
912591
-201265
-70726
-531129
-852261
-224856
664331
-534880
71699
-485622
-669843
123291
-350345
-898498
-362648
-23885
305391
441655
-58368
989163
-683932
-520702
156784
507330
-299660
-103858
-806747
124055
-660380
767950
397502
688571
-395100
-89349
849950
-940003
15157
484705
515720
-99744
226732
-502984
512421
893347
-929577
-770309
294125
861516
106055
-830875
-50361
39585
-9835
-454606
975729
-589323
-766102
550157
-384748
357051
957835
185707
-150762
675427
-737275
-532018
817703
548615
649790
457803
-866098
956962
-904415
555763
-325839
-90851
799911
-709659
716319
-83791
-125826
394777
56648
694909
-79100
-122245
-400696
934426
115344
-200189
-825133
399151
235260
100910
53997
234297
-304074
-407690
-477220
228100
883156
108649
-618086
-325265
-208521
-268910
-465605
266991
986376
649973
-285197
175031
881351
114527
830225
-602869
992286
-745186
275892
934285
317931
60407
79676
-553104
-416446
100209
98282
165663
74125
-719004
754086
-923922
982234
414026
-247864
-197474
-297149
712230
-224531
-419535
-290437
2190
501259
-415813
145233
-749742
120180
883797
212952
-808173
-966082
171379
-614214
17553
-120187
614602
-477255
-347462
-365782
-95970
263895
202255
491883
457827
-170311
-836222
98762
-322022
-882723
-370747
885682
546601
-567379
-915114
598570
652091
-861692
-449094
713159
-652790
817731
469521
302480
156406
330401
132795
288747
211333
381699
986309
397422
-793124
552847
-385275
180032
-61991
919438
933921
-674503
478274
226184
79238
-881119
905268
327772
51264
593735
441423
-789249
-3587
-821181
-147949
-49091
-551037
-899571
-587238
-890810
306733
-540062
-864967
-707049
786059
-819703
-855088
-43540
598998
148350
-586000
470440
976152
-349826
691198
-169227
-67552
196828
-161411
954577
-354079
-251441
-519428
526189
-204381
-606642
-324052
-243657
-141732
-532290
-29108
868276
-697811
35285
-565388
497965
823746
-346157
267751
298670
-311152
319023
-255985
-740297
762700
387548
-262313
425443
912582
-579463
-18481
-96759
-103381
414098
-236487
643059
906120
873617
826746
898494
-649840
887261
-831416
-300833
-986898
35675
-163164
-954892
-526886
-726911
568196
-484529
656050
364458
385256
-461136
-629121
506108
169128
-11017
515623
-628178
-50857
-115876
-686052
147438
-830970
863083
516283
-540362
322519
-635651
-281424
-920596
-762671
138195
-372188
834925
402384
-627018
402592
28796
-274790
-66379
-688592
318642
634381
816601
-583534
-476474
812395
761483
-452660
-450064
190196
-400655
944447
28198
7464
-603924
559233
121577
-489169
596464
-216457
-680292
-5689
-997357
-923844
286581
-789758
526774
988457
617747
-205071
-396030
-145166
261860
-224826
-236282
-788228
380793
-921183
915167
867631
-704633
568110
520901
632301
-575656
-596473
-621807
-351820
385780
683059
-830952
15378
963222
45032
-297581
-464977
-942583
-378525
614059
-801615
805703
-698481
232368
-990765
-248220
-690989
-754919
-437931
3232
428324
749711
223188
257147
-59813
464137
736867
962414
-760211
-735295
-507675
302293
-710137
-546624
811588
-904018
-278083
88430
-893137
-58200
709007
-77328
-416354
506953
519894
-269275
939648
302868
-455998
333503
-711641
-216820
663808
771429
-662224
-572941
617717
739113
-31851
796344
-430306
-194235
164581
165486
795802
433511
-508652
649449
-849486
356995
382113
190349
-219338
-535008
183776
-495021
566802
-743447
-160554
-641045
216058
724465
943820
105135
552893
621492
-858990
61880
348828
-288314
132426
-367908
957603
-156723
-464592
-734883
-623496
-229129
586233
-999625
-337892
971770
809252
-687864
520229
-138666
-83171
-371770
326939
947931
-576479
-420806
-295275
-822850
455197
-514439
250552
788543
-369505
-902138
-775277
-247502
628604
-869522
80293
578785
878284
-204745
-318882
959166
614740
-202987
165475
283776
34054
-740488
169175
-80969
883984
-217767
-793897
886907
498329
-786689
552783
-83415
349961
-612736
181937
17660
666988
-630409
-496203
873596
-18647
384688
-575934
436515
184773
-900681
631142
-558990
-439808
-657304
-884891
732731
461334
-828819
-270726
-80282
-656341
-416493
-695936
-904601
-455733
-157660
-788872
-517933
888086
885828
-450832
700538
444118
-114016
-468884
-16336
248500
12963
945403
-165141
604617
778594
-393600
-979803
171061
125248
-830326
604825
296439
-721594
329793
-621343
-100944
294626
-617601
589164
-372251
-247392
-667491
-219184
974564
-962436
794212
389714
940031
-955723
-20967
730702
452374
-506554
-181758
140461
388473
-597052
304040
2481
441811
-137613
655198
52339
-689858
-419874
159543
180997
316295
498506
-300095
576641
406068
-34906
-926856
-234459
323231
630867
30553
974863
-732387
683138
337426
-103161
-394045
239315
352257
783264
213801
960062
-832657
-82699
20156
-640093
179346
-285304
-336174
-642007
176255
754069
-225927
-786078
378469
316731
-118140
-395525
75046
172926
-435356
273403
168792
694814
-632917
750710
-878158
552029
-974744
274884
722256
-429735
353801
-313944
-480715
687810
-646527
880841
-582120
-906234
846061
225537
-701708
72681
-985611
86109
34107
334166
-940155
49418
-412726
-113262
-942673
-130260
532417
-571318
136145
-944538
-100520
-106111
472426
839554
45586
-818553
170031
-316223
430938
135357
-448611
815394
-968198
-216699
-516571
-264742
108258
138083
280881
-325256
-741438
579095
-518476
-756673
293479
-102459
-669927
-161408
935422
554269
-926052
322563
-125653
133039
-290618
-680090
-531388
-932916
-291828
-475091
767245
381917
-116132
194757
-72873
507238
-475204
240044
644017
369135
-726084
88933
924899
-11332
-871967
-791880
664772
-2509
-414740
-722947
122304
591048
592385
714120
428340
419172
-599469
324894
820168
624034
533133
500652
-114225
-799431
-32568
-964602
717595
816034
405409
801713
868392
698510
-400187
800206
-767000
77832
-66314
980435
-509347
199416
-91206
874796
62258
8094
38957
-84681
-112441
-109568
-492604
-848573
-741163
-884392
-761161
-214052
443633
329517
-234059
-729314
-378065
-275417
517712
235217
-509840
-181535
77669
828645
615376
435474
-335383
-575365
684523
-901515
-826164
648269
840701
-67780
-790036
-879284
-808430
-974035
930139
918815
372955
468084
629895
-961289
17239
12146
515639
-98457
173435
-555230
507383
334396
447672
906959
-704847
-113024
-284647
529965
902248
-293943
-93904
-667881
640901
-342363
470760
771502
171821
280173
-447518
776022
975501
852472
-615486
654446
955220
977391
-275724
472887
577995
-705331
866459
543463
673473
294363
-198249
139337
-43561
-272230
534332
768700
-211612
-850828
258949
-836174
109745
-722330
452060
-406104
335869
742777
706333
460032
-369629
-513259
-278145
-547663
-559639
16462
394790
314869
300779
49620
986091
-734852
363826
-69112
-83478
94562
-5903
-95675
644685
540548
-816878
688160
-766430
60292
-466116
-255940
-444269
-243093
549488
-329407
835761
162736
-292738
-354785
165728
360144
859449
-80622
-778531
2379
799581
739881
211056
-409746
680643
-436397
-531841
-473944
-631971
74378
-122477
-5714
589407
-713971
725110
-272031
-397506
534918
87122
771916
879450
-323925
-59083
-7692
-52055
-118936
-748788
93405
-179325
273263
544154
436171
40589
252610
-495023
-7056
69387
649499
796723
-355096
-260063
-675583
-346898
551572
-122726
420799
-486729
-19137
500616
-865595
661601
100408
-306382
-87540
748206
-228008
-454508
-999517
953241
-597677
767648
-567013
287390
408033
195222
-34842
-286438
840996
-109895
298608
-884763
65366
-630361
-56563
-793102
576648
658523
-696325
-98875
-477035
839813
-650286
-539165
-438638
835214
881652
571747
-92086
561235
155697
-917088
226886
-515903
-854974
-720513
21525
525295
285640
-958653
647676
126392
765633
-49512
-894839
717529
553786
-500122
787189
-290157
-736091
894233
-596872
976898
-28362
-7962
87437
-784202
857149
800572
764450
-237078
-384602
-397609
-370698
978365
-940811
586605
-40544
-467753
870993
-633954
623701
672805
154662
-277417
615510
658923
492812
79489
-619036
-567733
910623
952109
-360930
503765
982956
-863019
-627156
919649
-133675
548113
642024
651948
-104737
574448
559183
-471184
182814
-746724
-563466
440554
-411001
703280
-302574
284545
-772907
643224
31326
-70625
833871
741469
-129120
-58538
549935
6262
-639702
528916
-595378
377881
400770
-973055
545897
-878534
364986
202435
280513
262218
-233467
-127488
254613
985289
179053
692019
-803436
626048
365663
-179220
998868
-336380
333863
933259
-787233
-903256
-358711
936547
-776452
-919004
-273356
792020
265557
307023
-895014
-559119
283985
-990609
-371466
499415
756255
-161
-24725
150868
347029
-643201
392885
68428
11092
-450224
686183
617300
312114
-294194
579187
91356
150698
-862868
66713
484340
-88292
-675101
216762
986153
882767
763328
-997945
32566
-42465
289392
464963
203899
-128411
-227086
-565467
-484025
-510888
600070
820752
870300
-305126
91094
523252
710266
-730639
609653
-674330
-788116
493125
607397
-931806
-307054
-583095
-841505
735070
-625349
-824628
572541
-818223
339051
-619114
113906
403654
417981
-867904
232049
260245
423809
-469315
467282
-864871
-341381
-239894
-894451
79623
-640363
332192
63527
989455
118641
801760
-588611
783155
999827
639554
481122
93210
-445022
-570963
865996
-227351
-799818
-224352
-206313
202091
-655249
-440423
-804623
498225
-124182
-74147
-707928
-99498
-638136
583410
766846
-695633
-284763
-669638
379132
-319301
-188010
-534735
2603
-601963
-814905
-469216
-107840
211630
463652
433422
274041
63232
-448392
-36567
834538
-780230
-887615
81806
772513
-330377
152824
-847590
381721
-89189
-75909
-194581
-767389
-54334
186164
-516499
625946
-360623
-694650
429529
-407692
59941
511278
-739354
228859
137696
-245602
817402
692974
-873069
601487
542744
988179
-156804
617867
151377
-698244
-120029
782086
82920
157361
950536
523709
-438404
318827
-859361
429462
-195993
664487
382031
947421
-795245
-247700
972127
-834173
-869242
607381
194474
548669
879357
617992
96103
-708429
215488
-901664
297312
485406
-501291
-701434
629947
-829453
-445895
-243380
-981812
-13926
320510
-190531
-718907
-482687
-411796
488391
-906011
15744
-425437
-634261
-896650
-688941
-551431
-97416
11571
193997
-533278
146054
-162583
232128
682055
8665
-138116
-974123
911720
-590194
-674812
241514
511157
410516
-876291
-288544
277306
995298
-816292
-996289
-405720
-391434
-643992
960312
-591283
347549
-57089
817509
-635081
-768472
856429
-906556
-271064
-594559
-202065
-468560
-102587
938402
563773
-400359
-249797
-175798
75901
-411501
-194716
-736269
-313366
-206655
802489
-317442
988212
508920
959143
306306
-794476
-87264
-675704
958150
-108399
692009
-585275
635951
-561423
928385
224839
636068
966520
-380408
-755862
-241688
433204
24503
-482396
-612465
-155591
-164296
-916268
482088
-699359
799722
978381
548914
776974
421184
-524496
-340928
-7241
-30383
-918907
926219
-30192
158684
-183380
-351939
-363864
-98137
-696617
31507
232595
-964831
528800
-123598
472904
-588254
393514
971368
-628602
-564207
415296
-986931
868965
-302389
-806594
-505840
94689
-844364
623231
-294166
174155
196813
785035
-634022
-946197
742043
-551272
159954
-721345
-251182
-617414
634533
662424
647730
196952
-797664
688317
-21993
-41194
84222
954116
-834410
-674050
-661049
-501254
-481722
614544
418863
601033
172740
231134
-267276
-740790
262469
972797
-165821
748063
347302
-124816
199947
102934
55428
515555
-914472
-930367
297818
161131
-855435
812515
916607
-681979
-331664
-227161
519316
159102
498903
212890
-629497
-368418
-360818
905474
542968
-126265
125978
-696819
626576
196704
420134
196461
-86643
-229266
778805
957768
691797
737578
179225
154928
93881
-275904
-131275
-455715
-701175
850728
-744315
109884
-251018
910097
899007
-386122
-182226
994603
-587037
-743844
382674
-938632
599794
-381496
-495902
-767988
165258
-729934
-680554
-103648
10169
310818
-857966
-691176
889993
-951853
-918141
-929667
916691
-578133
242857
396170
16505
845159
457486
-406939
-593478
-951566
659795
-727060
-434612
167064
305228
121773
-460588
765899
-638936
-123395
606000
-307867
648395
-29669
462657
-71762
-990169
-644954
228841
-104411
-476296
256092
-675832
-652375
50799
589938
33240
-956518
-919033
-722824
-904524
975804
-619714
-836398
570151
-572780
-168861
-918881
543880
-903919
895949
890380
263245
-525605
845526
295701
204654
-83627
483472
-526536
287278
-309587
695602
-684331
-494630
-491783
-674595
-388229
127257
-603811
-389342
-824326
-905133
-899716
598426
-127977
-712958
153905
-23057
-193591
204986
271689
-389549
345485
363777
-366183
317453
421064
-183687
-143123
-537412
-218306
-97690
-69279
-134259
138622
-497322
-327153
-662205
682247
-568063
-671102
439233
576573
-203993
930872
992649
63202
243696
602467
848816
-429480
-766999
-297667
633042
-635231
-997884
-44416
626200
-211441
-333189
446432
294818
626940
-393470
755386
671142
-440426
-618909
222011
-740096
-413944
-144413
618581
987424
-750206
725745
-96270
215531
-287231
-840923
80158
-512322
-361824
985383
-530913
-361843
123973
-572025
154043
297522
243198
140907
239774
-772359
-868523
169673
-829497
705086
-99066
-781935
598831
-648487
-498468
-831513
-646884
-526659
-212406
-49002
-240444
-820626
-235603
556442
-77229
789357
-530587
-59173
146442
495124
183201
313370
29386
682025
539730
-661184
338225
739979
612405
-415775
-752217
-60788
273716
-240850
-295616
-772994
-464516
893202
-24744
794408
864511
817690
-913974
727009
-24575
431924
-199847
-737684
774812
77609
402891
-165274
-580481
-43511
-993952
14330
-928121
-577564
849596
497047
-442054
-73044
781552
973298
-51933
809037
132929
450013
-230627
-907247
-209004
344791
127202
-673915
-474648
-365382
813462
-815121
837204
-844101
147985
197578
-559655
-526388
5008
598840
286647
104087
-301420
297116
578602
-186183
-851722
450135
-153441
-556731
-516825
634479
-180983
95893
958892
-56528
-449101
-157020
-260328
830788
224721
-839461
-573811
767318
67736
409512
783628
368307
-963707
593960
-420187
658024
-450195
248182
433969
-273584
808501
559119
-287380
627871
-607776
510291
915315
-522206
-592779
685098
-482850
248508
385567
928282
55119
-784291
33203
-6444
-724304
821158
376517
55931
-900499
-190406
145676
-11304
299015
293881
797178
873424
-495013
-600544
978326
815320
854856
-937218
739973
-731749
603429
-25162
-839766
924176
301719
938905
-737810
-980147
617226
900721
443211
888193
-694786
-587054
-858342
513647
137079
653109
14369
265371
688879
-568011
183253
758014
-735515
-655655
-306663
742856
-756805
177134
157899
165193
-448280
-198402
637987
-449247
-591330
870643
930051
-306943
-782669
265324
785797
904164
394843
-442291
993027
-755432
-561819
-944061
-111411
-447851
838990
883908
-901399
-143982
3846
435660
-118085
-575152
-6562
-334864
644169
932241
562872
254640
-616204
946566
-954196
744468
-589185
95133
-980021
-4904
948966
15255
622035
-362389
642489
-41476
28198
398915
-772149
179110
-999478
230482
-827036
-155442
915924
633305
170298
623842
-952482
-8863
370042
165638
590103
972653
801209
861187
509422
521042
-647991
635483
112285
-514059
203599
-128744
503618
-564615
-888142
-122594
658648
-599855
-517662
-780005
-69299
-370908
181919
356276
266308
-800703
-370262
-129303
197674
-775164
462535
-251689
-585269
-422275
-824799
-609717
-91393
-750082
658690
-497778
681971
268447
-25467
-738615
742613
-264532
-169607
-269117
809806
342972
-477876
423856
587112
-381568
243587
-822160
989097
661244
746489
-298766
-330422
26949
56956
-478320
-286967
384406
295423
-815140
-735604
53814
-745680
751223
-308794
773759
22475
824095
353032
-614075
-794371
-869153
-68977
234777
-717652
992173
-150405
138917
-414769
-12190
223426
493780
-378523
491963
523163
915077
184844
-672223
-493240
-619137
460141
-367446
-606315
-749666
527563
-600481
-152879
-373219
-251221
490408
972153
321639
-484018
946880
912356
93013
779594
-414056
-764729
-893614
628887
-698417
88394
-977683
193655
458494
-635750
-41999
737190
341462
-444231
581927
-789637
174385
700257
-499308
-319786
-28785
151568
178405
-196371
721810
785009
748069
-22790
-116359
-60629
-276792
287099
43233
35640
885263
367313
48179
-33738
-710804
-577930
26748
-873457
-30316
834706
-776809
734767
141507
176288
-996242
238829
-320622
-292795
827965
387215
-503626
-858868
-528093
904799
259543
-269768
642811
985145
-54212
-407629
-372617
876342
611359
558151
-911082
-602927
140668
-224557
-47971
-999542
-517870
365689
536996
-634426
131055
-615132
-425863
759462
107208
6003
538965
-339630
134143
-190397
587402
156202
135199
-47913
-706258
-768485
-221827
-52850
885712
399225
-806294
700681
936388
837614
107457
15253
-533258
185034
641047
-711849
255919
229387
398704
3530
145897
-262275
-970777
898329
-449263
163235
714948
845061
-151871
623196
-831462
202809
903261
-397391
22924
-504651
-954809
-491729
92862
-453438
-145922
349734
-577295
447034
728071
131018
-323747
264192
-242584
231610
553181
816088
86797
-144954
-137549
-344379
348872
972354
-181103
884144
454989
797658
169842
-594031
-330258
-716991
305274
73801
-340180
-734216
-548522
-994785
-368909
358841
76198
-929656
-853341
-783192
-127317
-818044
158018
125466
-940942
315762
-761965
342638
853957
675062
122406
-55356
-519381
441761
992729
-68127
-694350
-936410
388993
741484
-669298
587371
-249100
628307
-586031
464216
-383891
404721
687543
363370
-335339
490683
-241139
-225906
167311
386302
484542
-438742
66678
-745308
-500523
203898
-391852
294407
-524547
785645
-227601
-424472
-421350
981176
824776
740355
891085
-26120
-56013
610986
-131557
56794
-459645
416724
-616472
32191
-330719
245228
-890541
-84736
-172016
401237
-497068
-955731
560027
-131359
745621
-422483
743762
283340
453111
-905945
596147
546482
59530
-73829
-635756
496421
-478236
-202250
-257570
850229
16908
402538
-851655
-990471
-882913
609154
905272
810169
408743
-103500
570936
772732
525347
-690296
-853614
-738059
-589521
363186
240199
-665872
-196670
-34530
267729
-225259
384075
-587995
465012
-267304
-947600
-632217
-823962
-614845
946803
920505
-958473
878519
121452
267938
573460
-776370
-933760
-832639
-11242
-909708
494845
-524646
449417
-234901
768185
-849454
477679
-124193
-753937
-496160
-891475
-655083
-39840
-475885
-210883
-67645
-935272
964139
346925
650099
692019
645731
-638676
-466038
-881613
-241334
-164009
-396647
153947
-281289
558198
723922
-224788
498256
365822
101605
-216627
686212
-303583
217370
-586692
929052
-848124
-853655
101148
-241252
-513981
361214
582369
308825
289459
-64812
68404
-605985
776850
841521
515309
130827
808259
389586
136058
-751369
898600
-330457
-944782
371541
-530918
-535720
479031
506993
-127774
64908
13820
-68291
-264628
-779947
579066
469219
-345548
578776
-154691
-175790
-425635
101481
447303
551079
-89553
720074
643252
588492
503375
315910
517818
108774
-650177
-185239
-494341
624359
-739211
908433
325712
94730
397917
863797
-94891
80939
381245
1910
-471600
-799595
225501
-174985
208245
596774
-427196
475500
-982501
-264347
647238
457912
364314
686502
-63417
-292943
839707
112987
851924
-317126
530583
-540669
-461411
865306
993330
318442
610878
998563
180209
637053
-720057
-944084
-84348
-653433
921818
-484768
246929
-429242
208526
408797
644745
-232945
-675651
933765
-699516
-490242
156492
937378
-108204
446166
76407
-932913
529595
214909
491575
846679
-448841
235053
-284889
183186
656375
775616
626060
-760099
-163359
167270
805071
-475703
925689
-206459
571855
-24620
-385208
-873095
556254
375694
-625001
-152867
725736
-212443
-724554
-748526
732373
618440
-277637
-174038
-107880
770046
222435
91011
-874841
-985535
-967038
-698459
-205010
-479542
-789103
875891
-299563
-469311
160503
-607281
-701002
373128
-528202
-91272
801556
-588369
-744738
-427776
762886
163508
-987590
-399474
894244
-942892
484190
-329295
-658001
667806
187797
886855
-358867
732095
501816
943053
-760204
-648927
-71665
-901349
-858544
37285
-40230
-855442
730783
-692828
-29024
-305146
-135298
588214
-991023
588889
180659
939304
592069
-98330
940290
545123
-378964
-437990
522954
-406010
870400
641045
-441594
-666351
-564728
643993
-727017
153428
427802
-453156
-940864
-130152
-894645
-163672
921053
983745
14259
-932997
128121
679637
625562
513358
-697286
-142517
827852
309231
-699149
-467809
-450446
639329
822522
-212492
383246
-374554
-35213
-881585
-653555
-164329
-102427
-41419
325269
-333817
-502108
251058
948779
183723
-436974
-345824
801633
484349
401135
-119437
509395
260434
-696355
383202
-545382
826221
636461
-753488
-336109
-611147
-559914
-365697
466949
628769
911673
149509
294319
-857136
-264854
667032
-475823
-373217
886328
653584
-15422
-222111
-336606
194684
644114
650717
-404647
-114657
-220948
-196822
-261451
-323389
-581077
354265
-581139
191319
-340482
954776
-465758
-209898
-155413
594148
-862266
469111
-888124
-319716
-267106
173756
-846621
-695621
-243815
-779418
-628491
539673
-753789
-648477
-128696
618757
-361631
-127210
-368762
-471493
930663
-14082
21841
847725
33478
-613557
-479852
-903385
-835548
494904
659210
-530394
-92867
-677031
-164829
-95599
-75348
855388
933369
-659631
100132
595763
314632
-216283
217802
-887461
624447
958505
-805011
-735929
134708
591932
-818363
404357
957033
-218255
-71603
218915
669442
-251019
377903
-385350
735453
-986856
957883
172115
-20447
-761606
-757823
-989026
499037
282204
550634
-613321
-531743
191884
7206
-92135
592015
943870
782363
-343965
887882
469909
578926
-636045
125697
893058
-946150
967099
-652114
-781412
-656577
-988819
612491
-593465
-175817
279857
-280668
-65087
-214091
-743444
-472427
-162897
934046
912603
-647860
286483
454848
429694
643422
-768643
-61293
-166993
-110101
268576
-700399
-101337
356967
-502245
720080
910740
879891
233938
64689
737611
-191712
538791
524320
-970881
366802
704994
-120248
56611
-891849
-664554
992031
-565590
-63646
-871854
843960
-774094
-513315
285717
166456
-54439
-362736
669305
-496966
287669
897392
240982
-634313
-882417
316055
-971867
311324
-974621
820523
-139274
856154
-448053
158304
712921
-623701
496786
416375
-803483
-902405
-74785
-717841
302815
663379
179081
-294098
-888276
-147877
-792670
528352
743765
-729630
930491
-765841
-744581
378143
-882952
-340238
431481
-125769
290800
-167176
248298
656092
-463500
395883
276604
919102
-820326
-684334
-918345
822935
312224
-591356
539925
439786
723778
-840092
-384779
-631755
-824322
-468745
945248
-258673
559382
724943
-235722
-739456
386658
782060
-140462
449724
236442
386917
-378729
969168
934623
-738442
-492713
-838120
-550269
-470026
812249
-987849
799135
-207611
-946854
783654
879129
-101643
-766266
657752
167237
660624
-685407
835590
632872
-90529
-158893
-957003
687262
749897
883588
474723
672766
158361
-665013
583176
-688667
-982813
-660729
-609534
-43472
589418
-870908
-35334
295524
-124404
687885
-433278
338526
-157583
312265
-960623
-66994
966058
175182
-575253
-707954
-825999
-639936
-751760
417909
952004
978918
-35483
-809887
109847
-768200
265581
-228296
717899
830853
-868822
-834822
-294278
-227722
987519
-287388
141521
-896148
-862814
-93354
313490
-289496
-976738
450148
521078
-738505
356157
-28620
-380076
927006
405339
31913
847360
645375
229063
-450992
448042
342706
-836983
877484
-419532
-330833
930045
736117
-93536
-846970
628345
356108
553060
-132548
-358529
-540726
150157
979494
767725
-772452
-768512
-436220
-54332
-81124
-340031
814393
62481
-776820
-659914
884930
579175
455286
942760
860148
-446204
-337776
914440
-535613
-642025
-2521
-687975
-656598
-488862
-513980
-620823
-65532
751925
464790
644856
-198009
-761306
-766099
212968
974457
658713
-865040
945627
-448503
-575113
-851008
-930845
305707
-729685
707555
938220
361572
-737207
393037
-266988
-853910
119343
581566
795212
321690
-284604
-813068
970863
-800086
-167021
-154737
796676
120174
326500
67983
500360
-71296
959295
-98264
644065
39789
-880865
-679240
-359534
-453142
-805438
740089
152162
89226
352077
-373122
706335
599293
-950553
-749815
-40784
-357506
-44224
-421731
632051
101892
876078
215269
-588470
573126
291081
868070
-211394
-17863
949365
-995962
848812
-460237
-936563
719162
957578
-44905
217226
-768165
-754622
-404427
-503493
-951340
-385822
476472
854112
-516352
350664
879472
-554320
-24091
235665
-511619
-942095
882756
975854
7707
-344910
-384367
-74325
877230
533416
108631
-843103
-613155
-78489
456225
541227
-580643
574934
-649760
738248
-620166
388115
-388794
-344160
705060
742458
18020
-848433
-816400
385015
-496143
-937988
-468043
-140408
539340
-166851
964467
367298
112637
299912
-578204
397318
420802
-975522
498188
-7475
146472
44319
958022
913775
703611
92191
236743
665424
356741
-235950
-537995
-46818
-512653
-855982
-660116
-378140
984504
-258733
-48225
148262
-595799
-196522
355306
959345
237717
95354
-175368
437532
-169408
368672
117619
-527147
885910
188309
219011
-174692
300348
660138
491690
-166141
645550
203432
-230615
242738
-367780
161548
-684782
-896772
-225952
78680
688242
-474585
876724
184385
-261556
315874
402362
484568
784663
673095
-723154
743121
965408
862481
-645244
938618
-546742
432289
173981
568178
733196
-497730
640718
-716333
-891658
20905
-132779
443226
136804
-138745
-888658
-278161
-229969
-594516
459262
7372
705195
-591867
240937
-71191
848421
-522589
-740716
-139510
-350054
396336
-140107
971483
161637
-16269
-318137
512743
-6711
-214373
-807651
-114277
-686991
-89984
982992
707336
736375
-8278
-605258
961603
-190960
-413891
-430002
-971613
-833376
-133963
-455175
-392914
652599
604578
-854431
-109049
922825
-323890
705621
549694
-902083
837537
-342151
717821
655917
52756
242292
-321157
-989193
-431624
-682172
532012
-1525
-750837
-169423
-420902
-269855
-141405
-209839
-496766
-815383
582590
905356
464619
872535
620846
416780
166695
-332989
164378
71317
860769
-168114
846969
-92973
120286
823404
6652
-438171
761830
-579551
-470538
588584
464475
411
-365867
946531
-425864
-720104
127696
173772
439595
347054
124912
-142617
317643
-566279
908023
439979
515071
991865
636640
206416
870026
885090
52867
412136
210486
-438959
-598489
863124
436756
796756
434610
-514262
403736
-12365
-102609
929116
-322313
653289
-211714
426866
951455
-864921
330672
282268
836990
-198086
969375
-612840
-87033
-450084
483665
-138303
-413048
-488395
-381668
341507
352107
248956
-405246
193119
780067
755640
114293
-490889
541825
256391
256975
490836
-801765
357702
-14166
264209
-23344
539774
-152043
812894
-561540
-250162
-532570
-700192
947642
-59738
144437
-454954
700888
-798810
-916615
-314006
362160
-773475
-238677
-237801
-892108
-731780
387223
-689078
-72063
492600
626403
-399666
596868
-243028
208008
969680
-129326
297571
-102444
311573
-867499
517917
862253
970634
-552754
-357320
-939068
124261
33003
-856077
-63104
-28690
916631
104738
-381078
-531949
-410632
22338
-44673
203448
-595808
-769793
-824633
-344952
-482573
456136
-549974
492857
704926
-536762
-556631
-445450
216813
513004
858979
818369
-660466
153846
397335
109155
964138
638567
-993312
144396
-617896
710535
395441
-408604
-681424
289366
885106
545930
-485752
-374443
-88393
-514689
-46748
282159
517954
-849553
-598566
682923
96805
798081
423465
977802
923028
-244667
-788988
-859730
356376
-379048
-42774
-96801
548845
51794
43213
658384
-629160
-822912
-744078
871456
-282474
-604470
-997118
-481539
-252804
456117
-310498
266238
909443
-426775
-702136
-49014
-149871
838491
32320
-290676
609066
417205
-825459
13034
-583930
-612344
895792
414729
-418027
288843
214047
585563
-292264
531894
850673
-352498
-307968
-749821
-275729
-807942
-920022
123474
-344736
-193529
465868
-465135
160343
315804
-840198
-595248
-580192
776009
-393219
271466
-172432
814590
-56989
-304571
-485608
-152874
-270817
-944838
-60179
935414
719823
216267
-950976
893761
-720412
-243820
-686408
-365432
-417799
-99887
-92499
-178243
744702
299425
895106
803726
-965219
-138648
-334942
-26906
-516198
-646818
768950
902309
964729
954656
-208946
100126
-682604
-835024
-617729
719838
168048
-497787
-12280
-507777
-615236
863880
-26668
-789001
-289623
724304
-51583
-58490
-632602
318492
-46464
-312194
-453495
-67324
-978643
-608019
-364536
367110
-557766
742847
680744
-620126
-863850
-323450
943706
885374
589422
-443750
325634
306276
716687
-267525
152110
800593
-721591
437450
968185
339036
879156
903137
-757950
77989
931140
-299996
682284
-976136
385339
271035
360171
-332173
-985030
-603066
-477037
182213
524480
362522
186138
464333
792696
-534474
-173519
-323645
173834
66288
-904933
418902
-709291
308725
-548913
721326
-868069
591672
361054
734776
-240561
-819267
-919427
-3568
215765
598389
33527
684807
959099
594615
-848586
-656520
-758380
-168151
506431
834344
768480
-527715
-503300
685558
236555
-414122
-524119
337989
278942
-998544
426926
619568
-681501
576413
488734
-639559
-911478
118537
679463
259673
-448697
-996291
-598906
113144
-525769
-528311
466777
-7517
365117
849687
-714743
-690446
4156
725534
-309496
-407311
330520
-14491
-118431
-577813
708864
867640
-676060
223047
-795993
-233913
-992090
-174202
504013
276244
714146
-373778
497819
185790
-224576
-798285
406753
2378
-373432
799335
-336138
-467077
256622
121252
-189030
-894309
-386375
-245606
-183231
995084
-339683
951233
31059
-773629
-311280
-110528
892023
-545799
69573
897861
758652
-417621
-792462
408912
-256706
282645
-778209
-421274
51379
732159
-775897
231206
-990642
-196831
857568
-22791
318644
103237
-781896
-866174
-486361
-599156
-703192
824597
925978
-893084
707720
911162
-434085
-644810
-717675
15483
-832356
279469
-436244
316507
-192395
118309
200991
442585
-547431
88676
210208
323135
-369559
-152124
841338
-131012
-960799
-786794
586615
-966459
904400
534855
-102823
-970662
938000
783063
-598573
998081
-28862
979354
931908
-328627
-718804
-984594
85701
-588686
618775
683639
565090
484007
-559504
-779011
845331
119422
-980744
-528758
-628950
95570
816187
-953651
609700
983818
508631
112802
293245
287449
699196
-158614
-371777
117967
841279
924866
841791
974861
330827
336243
331867
-414716
69699
149612
-458104
-91728
952453
-808861
-6749
-574418
-669033
-63687
-565837
-270902
16711
340360
565876
-977189
872668
-604125
-626824
294112
390369
178320
-906821
-517390
-352589
520865
764886
-49244
-748124
-211765
-785782
-285789
-98111
527286
-978254
-566088
224684
797306
187876
871696
806778
-526606
823977
405723
-743779
-13469
95311
-586795
290440
-72253
609706
-11485
-885416
-37256
461910
-669785
-576119
-813263
915539
-378996
96321
-792771
107460
-414867
-53059
-13513
696399
353578
38502
-4151
255486
-448468
299577
223359
152947
-313841
-896410
-900841
381877
-49492
-906531
149614
696627
-52451
-331721
417589
410852
-495313
78036
-348005
-644379
-394889
577126
200576
372878
26680
39317
211001
902427
972959
25781
-525203
-317853
-967261
-467807
-385853
-585420
817422
-380800
510225
429134
-596263
343254
589470
-634333
178374
-903115
817286
-496039
-846685
97042
-95089
481117
-999730
334037
-174173
-819887
144873
-666224
797359
128672
-928057
-637328
-174493
-46187
540650
321764
-529005
-858979
546566
-671190
60461
733365
-264474
-573572
-893677
-260507
612961
643985
206616
-834399
-462670
619387
954080
465570
-882924
-287773
-184907
-27769
952212
-903508
-882297
379394
-378088
-21528
909037
87382
-545451
352070
468514
-709268
-500446
-894150
124999
146658
-623742
-138174
-781697
95782
-997281
891054
204396
-124803
975416
-562903
415285
209758
-757511
909510
456576
-895073
305313
-165194
-107179
-144318
689449
-109965
918385
-67481
-526068
-64290
347787
-710049
-613208
-959525
-44656
-325638
-854469
662371
929522
210999
812711
749020
269850
691610
-533009
996741
149281
-885243
-281857
551225
592208
-625396
628076
80901
-679725
-495673
41945
-184791
-956164
-74094
48990
-549461
35029
860628
380300
-771896
-356039
-612336
-89162
-785993
93406
524027
346927
935074
323027
-884555
583531
978187
807758
701747
-907564
193939
472555
828925
455194
-962034
482876
207902
-610381
224478
827337
15061
-322633
792915
-944295
265304
248130
15986
-736775
-867600
746574
949031
220372
-272171
-618086
-937570
-390334
-446269
-615822
-339121
-589367
490226
-484644
350444
-343403
724404
191657
598345
-232335
808097
154405
-35063
276602
-899673
579735
-985036
810689
-91443
978581
-953398
353394
-54746
-83750
-67991
290747
748671
508767
-883287
-621756
-86356
741565
589033
-631492
-747539
517302
-642799
-897907
967621
865540
-289922
68373
-960733
-889770
24752
807850
174747
-321215
-150391
607006
-292022
-712993
-459213
-183969
961149
526106
-786133
703314
-257681
821666
-459969
-563235
-565636
-241342
24667
-20745
981808
227944
402532
-252710
461687
-425553
702024
-984420
12428
-13964
-389997
375965
532524
-203474
-554292
-17234
984346
708427
-450439
19679
-79720
-943592
-317179
25950
294307
-537763
847101
864530
-169018
-778286
-302779
168968
-727296
988943
294958
-922195
-4667
-801315
-927869
64601
649761
-798857
-244962
-698284
485670
-553716
824553
492495
564335
52699
-618152
-761472
302588
168938
-840335
338466
460216
299872
138724
-250084
-705455
-263668
152529
-458114
-473754
-986407
297675
-569434
-633340
479915
-517347
-651068
835195
-647243
450103
875874
-899839
-164412
-999790
111165
844989
194350
498183
763200
357775
613831
52802
-851599
-179333
453993
-724292
-80147
-412807
618681
-537044
-847225
-689506
-326866
-366371
530020
814149
-367380
-534980
-702628
475727
-928698
-716641
447509
-972201
-494188
-667953
286494
735581
-15007
-953676
-14279
761227
-566296
-303725
-252655
7459
-98674
-429849
-385368
-177210
820350
-246567
797429
649665
678704
-95924
462245
-756097
545858
174016
-585898
855829
-109613
377240
302844
750909
119057
490737
361572
-556391
893412
246739
16690
-940157
-423260
-182052
799895
235271
717255
327336
-358057
603286
-36204
397547
-876530
340611
265227
579282
-526220
718957
43766
-290133
403102
-466536
-63278
-633952
436470
34408
647485
-1343
611740
478121
-178892
-387265
-926982
-828739
757773
89406
-835526
-378678
195499
867701
20607
274735
-637457
895051
-833521
868532
-555174
-910332
448633
-928868
-614152
205905
356554
567486
-718924
-939795
160970
287255
-11511
-769280
-617829
915254
788573
196000
348991
-423342
599998
664674
-394194
-24403
208161
-949073
-103984
858868
-113830
534895
932968
251753
329829
-84313
-517617
535272
264984
321261
830232
-7362
884591
992314
-900254
951254
-18260
298107
-754290
-376576
988687
969578
-406196
-428959
997536
121691
-298102
-834364
162735
-108651
-432564
368243
248077
-310582
106629
-550934
938165
253242
-584871
-772510
-367418
627447
-891149
-864176
777635
905249
976173
329394
-746879
732493
-494048
-958619
261050
119020
-468954
528940
-770422
324059
491627
-276026
-590341
-166611
-633414
-836015
-129762
-508445
-571290
580011
-871095
319475
893884
137338
-271577
-576665
660748
48452
488412
73705
-437745
833848
-103180
-462638
327968
265105
396958
-123049
314589
651738
-30008
47610
-352585
-420275
453869
51700
-946433
479185
605875
923006
-182887
-72801
558702
-268385
-565052
-692798
66098
322177
887184
214784
-720759
40314
-506169
-794481
-821320
489591
-76696
634875
-835740
-600467
257303
-34662
513721
450298
-690065
435381
-306037
-950281
-227249
564605
-756581
-307481
459088
945981
-969162
-326510
-270272
223986
551325
-55627
-711054
-262016
-103561
6210
253684
859147
-748008
-706844
2208
-748845
379446
-945570
-403541
-699939
774152
284416
-504388
508778
400476
-530568
-926002
951905
184962
-828925
-598
-702045
-558417
-502918
-45764
929156
-382778
-81227
-222330
-224742
762771
-10290
547064
76938
-287564
959620
831483
-691316
809841
-222286
903592
130491
690814
-310957
307167
41635
-66562
-780183
341269
814142
-411216
116593
-447020
-371346
-767859
407513
903737
246075
867265
-943937
754889
-281232
-870442
493975
-732680
-946491
140168
