1000
-998848
-994548
-992220
-988875
-988866
-988797
-982959
-981924
-975091
-975041
-972461
-970735
-970493
-969965
-967763
-965860
-962783
-960509
-958797
-956751
-954183
-952681
-951513
-946300
-945315
-941059
-939520
-938300
-936357
-936147
-935572
-935226
-933012
-928691
-927766
-926076
-925809
-925514
-925489
-923381
-922628
-921586
-921479
-921215
-920264
-919663
-919197
-918680
-917789
-916330
-915836
-914225
-913856
-913632
-913508
-908107
-906676
-901966
-899528
-896672
-895156
-894149
-893907
-890760
-890433
-885200
-884596
-884237
-883125
-882326
-881346
-878346
-875836
-871266
-871230
-870941
-870894
-866052
-865862
-863528
-863384
-862932
-861241
-860229
-855673
-855548
-854488
-851683
-850948
-849078
-846830
-842205
-841428
-839569
-837708
-834565
-833404
-828990
-827391
-826026
-821256
-820929
-820167
-819552
-817704
-815278
-813960
-811828
-811195
-806701
-803728
-803651
-801426
-797644
-794913
-793389
-791947
-791921
-791685
-790876
-790740
-789415
-787745
-787004
-783126
-782590
-782060
-781190
-778938
-775417
-772114
-770857
-768459
-766896
-765801
-762480
-759365
-759107
-757304
-756716
-753488
-751480
-749351
-746488
-746364
-746231
-746105
-744223
-739845
-737943
-735659
-733872
-732629
-732323
-731903
-730248
-727651
-726513
-724223
-723706
-722061
-721795
-719524
-717304
-711538
-711154
-710681
-707386
-705832
-704291
-704010
-697009
-695357
-695312
-694805
-693641
-689506
-688745
-688703
-683803
-680177
-677650
-675739
-672915
-670472
-666730
-665480
-664490
-657059
-651167
-650536
-646775
-642301
-637739
-633132
-632329
-630822
-629121
-627000
-623150
-621280
-617110
-613545
-608980
-608037
-606773
-605810
-605013
-600662
-600220
-593678
-588295
-585967
-585207
-584807
-581406
-576887
-575675
-575203
-573490
-572302
-569080
-566040
-565923
-565184
-563947
-561220
-559674
-557227
-556828
-556341
-551151
-549785
-546336
-544502
-544411
-543006
-539162
-538801
-537189
-533322
-531009
-526836
-526691
-523984
-522759
-521247
-519334
-518201
-516905
-515378
-512746
-511851
-509047
-509043
-505750
-505592
-502717
-501095
-501028
-500971
-499277
-498897
-497927
-496141
-496003
-495385
-491816
-487583
-485269
-483519
-483308
-480539
-479626
-479548
-479329
-478155
-476637
-475629
-473520
-471227
-468576
-465908
-460602
-455297
-454937
-454458
-453014
-449913
-449676
-448530
-446037
-445450
-444209
-443805
-441625
-440661
-437566
-437444
-433303
-433110
-431092
-425610
-425406
-423587
-422969
-422525
-419673
-419317
-418661
-418558
-416309
-415069
-409204
-407592
-399551
-396789
-391251
-390519
-389993
-388205
-387133
-385515
-384467
-374352
-369764
-369241
-364823
-361797
-360294
-357768
-356290
-355826
-354663
-353828
-352796
-348615
-347070
-338323
-338104
-337500
-336290
-332667
-332635
-331548
-330381
-329647
-327748
-327450
-325238
-324229
-323377
-322793
-322684
-319305
-318323
-317090
-314201
-312424
-309539
-307507
-303411
-303290
-302883
-296174
-295176
-292803
-290159
-288108
-285494
-279783
-276590
-272452
-271135
-270927
-268235
-267876
-267196
-262933
-262843
-260528
-258995
-258047
-255668
-254052
-249219
-245558
-244790
-242129
-242127
-242071
-240310
-235536
-232109
-228008
-223222
-218737
-213880
-208998
-208776
-207803
-205690
-199022
-197776
-194971
-190306
-187740
-182598
-174846
-162647
-160236
-154693
-151360
-147042
-146854
-144942
-141028
-140770
-139452
-139408
-136848
-136625
-134640
-134007
-133623
-132850
-127997
-126261
-121551
-117278
-116700
-111990
-110967
-107306
-105909
-105670
-105436
-99143
-98526
-97312
-94357
-91325
-90943
-88729
-87713
-87553
-84706
-84114
-80102
-77236
-75729
-72198
-68992
-68704
-67652
-63169
-63026
-60300
-58367
-51162
-41216
-38883
-36970
-30150
-29213
-29063
-26311
-24094
-22305
-21782
-16911
-15482
-13726
-13545
-13250
-12881
-8986
-7599
-6454
4458
10010
11585
14154
18326
29479
29800
31437
32759
32898
33843
34077
37591
39846
40214
42270
42309
43566
44763
47457
50609
52429
52590
53366
54524
59707
62478
65294
66440
67225
68280
70123
71136
71230
76442
81835
85823
87058
88498
91216
95953
97471
103685
105968
107805
109020
109348
110927
111554
111881
112065
112995
113614
114942
115050
117589
118114
122188
122538
123874
124554
125128
126542
128196
129882
130114
131971
133578
135796
139220
140052
141603
143551
145898
145986
151710
152746
155586
155673
157393
160127
161618
162531
163701
163742
164364
173470
183362
183729
185145
187594
188599
189672
189779
190418
193228
195400
196394
197056
199764
202118
202904
203365
206646
207035
211998
218082
221041
225010
226917
227108
228633
228897
229893
231394
234620
235126
236632
236641
237211
237282
239967
245748
249378
253961
255132
258750
262181
262836
265733
272073
281964
282756
283556
285706
285949
286149
286787
286849
294023
294586
295209
304663
305392
305651
306132
308041
310035
311148
311507
312559
314673
315507
315982
317208
323064
324220
326210
326396
328351
329677
330889
331880
332089
333616
336263
337287
339784
340002
342370
343519
345967
346286
349116
351886
354435
358210
359315
359572
359634
365221
366532
371803
373768
374357
374881
377409
377891
378082
382046
383597
384579
387503
396333
398293
400075
401137
402780
407976
409994
410528
411539
413306
414570
414968
418267
418392
421322
421939
422863
423610
427115
427225
428343
430094
431374
433234
439681
440806
443565
446369
450635
451040
452914
453648
455347
455704
457373
458962
459485
459731
462736
463750
464530
465218
466788
467121
471926
472779
473146
474169
475090
476393
479316
480837
486004
486182
489924
491052
492992
494221
497264
497691
500602
505493
510041
512876
513225
513593
516125
517345
517380
518151
518574
518719
519421
520953
522065
524224
527096
528096
532486
532494
533782
534396
534764
535115
541759
544295
546112
547301
547892
548898
551343
551484
551608
551701
553307
554136
554718
561469
562883
563035
563343
564602
565623
568410
569143
572291
572814
573902
574834
575231
578683
580555
581589
582147
582603
583282
584143
585401
587357
589092
590208
590719
591871
592659
593489
593603
605377
606892
608425
612348
614100
615040
615787
617127
617319
620785
622621
624638
625182
625527
626669
627248
627600
632234
632327
633136
633686
638070
640865
642895
645178
647156
658487
658724
658963
658985
659589
662340
670601
671546
672981
674125
678811
680561
682873
683399
684215
688921
689057
690945
691746
692263
695126
706657
708703
710468
714530
714688
717058
720555
721755
723298
723922
725484
725973
726191
727159
728152
728814
734237
735517
736029
737955
740168
740607
741510
743264
749995
751121
751278
751636
754729
755970
756103
758114
759507
761202
761317
762059
765380
767209
767425
768460
771107
771764
772311
772561
772633
772891
773521
776785
778420
780065
780593
783025
784896
785279
788118
790759
794427
795346
798370
799174
799988
801120
802372
804027
807968
814420
815824
818080
818373
821720
822542
828303
833989
836206
841484
841993
848008
848820
849462
850311
850758
851150
856464
858812
859090
860966
862555
862906
864033
867725
871480
874414
877409
877570
878317
878962
882529
887313
890209
893454
896309
898255
903759
904058
910042
911108
911264
912411
915281
916084
916300
917964
919469
920620
921992
927521
927757
932068
932098
933419
936328
938833
940160
942616
944481
948788
948839
949186
950348
952709
957539
958952
961928
965725
966745
968458
971444
973994
975956
977735
977989
979760
980448
980876
980997
981280
982025
984776
985946
988196
991465
992352
994008
998212
998405
