100
-999444
-994256
-982028
-953703
-946571
-944060
-923076
-901092
-882104
-857794
-820432
-783837
-780873
-767146
-762270
-709073
-708193
-680088
-678893
-656446
-648763
-618420
-601858
-595005
-590870
-570499
-563398
-562039
-542705
-537511
-517791
-491382
-475616
-474353
-464308
-460470
-453077
-444717
-440219
-435450
-434916
-402201
-390577
-381051
-369625
-359246
-302214
-295488
-135419
15924
54369
109791
116378
119615
141433
147075
164596
187637
197224
202449
249396
260369
302945
308632
338202
346826
357637
377060
398544
403444
429568
491192
523409
527469
533068
577786
634697
646379
653647
709330
736676
767123
776288
780939
799708
810743
815925
819856
830772
834101
881822
887737
904611
913503
917053
927677
953176
956921
989364
998558
