10000
-999373
-999314
-999245
-999180
-998672
-998453
-997823
-997651
-997569
-997407
-997279
-997256
-997175
-997028
-996838
-996815
-996591
-996563
-996524
-996449
-996331
-996124
-996057
-996027
-995678
-995434
-995429
-995362
-994630
-994629
-994621
-994608
-994089
-993988
-993326
-993260
-993156
-993125
-992871
-992586
-992475
-992287
-992254
-991763
-991212
-991193
-990960
-990405
-990312
-990215
-990215
-990199
-990075
-989363
-989229
-989072
-988894
-988892
-988752
-988689
-988591
-988252
-987840
-987681
-987527
-987334
-987331
-987256
-986625
-986621
-986454
-986428
-986412
-985937
-985199
-985055
-984717
-984603
-984575
-984470
-984399
-983215
-982597
-982282
-982234
-981545
-981507
-981037
-980846
-980405
-979667
-979493
-979282
-979214
-979032
-978984
-978906
-978536
-978347
-978220
-977382
-976831
-976501
-976023
-976022
-975992
-975280
-975275
-975143
-975008
-974472
-974291
-974268
-974106
-974054
-974049
-973960
-973562
-973434
-973041
-972971
-972968
-972342
-971597
-971528
-971411
-971321
-971218
-971112
-970833
-970652
-970598
-970594
-970172
-970163
-970086
-969942
-969666
-969517
-969503
-969489
-969443
-968927
-968893
-968640
-968551
-968492
-968441
-968315
-968242
-968225
-967382
-967039
-966893
-966798
-966646
-966547
-965672
-965574
-965568
-965521
-965520
-965218
-964616
-964328
-964312
-964276
-964257
-964103
-964045
-963819
-963674
-963666
-963470
-963374
-963220
-962874
-962855
-962746
-962642
-962517
-962212
-962136
-961944
-961825
-961575
-961513
-961273
-961160
-961006
-960923
-960461
-960421
-960170
-960108
-960103
-960056
-959860
-959621
-957972
-957894
-957186
-956802
-956735
-956626
-956148
-956109
-955737
-955590
-955209
-955138
-954929
-954637
-954530
-954471
-954057
-953936
-953669
-953656
-953516
-953513
-952900
-952723
-952683
-952672
-952536
-952346
-951698
-951618
-951089
-950908
-950784
-950741
-950580
-950158
-950134
-949735
-949648
-949578
-949479
-949308
-948813
-948670
-948655
-948414
-948035
-947948
-947742
-947660
-947415
-947198
-947061
-946284
-946126
-945925
-945513
-945450
-945410
-944878
-944762
-944631
-944585
-944429
-944399
-944255
-944202
-944013
-943784
-943368
-943347
-943135
-942582
-942555
-942525
-942329
-942150
-941988
-941258
-941058
-940650
-940624
-940613
-940525
-940345
-940332
-940183
-939931
-939918
-939712
-939565
-939096
-938969
-938935
-938932
-938919
-938811
-938742
-938672
-938502
-938407
-938239
-938216
-937852
-937246
-937098
-936964
-936855
-936761
-936222
-936062
-935844
-935532
-935220
-935165
-935007
-934729
-934691
-934565
-934227
-934099
-934007
-933965
-933907
-933545
-933511
-933481
-933434
-933334
-932889
-932629
-932134
-931772
-931663
-931619
-931540
-931425
-931184
-930736
-930714
-930579
-930559
-930321
-930226
-930223
-930084
-929795
-929458
-929369
-929247
-929099
-929089
-928659
-928590
-928498
-928490
-928307
-927944
-927794
-927575
-927303
-927156
-927139
-927008
-926645
-926461
-926307
-925786
-925314
-925268
-925171
-925046
-924837
-924819
-924704
-924474
-924337
-924029
-923897
-923743
-923737
-923709
-923115
-923009
-922743
-922581
-922507
-922467
-922295
-922205
-922111
-921964
-921901
-921267
-920968
-920711
-920520
-920400
-920320
-920106
-919901
-919750
-919605
-919390
-919056
-918410
-918256
-918204
-918143
-916888
-916702
-916151
-916042
-915300
-915139
-914967
-914794
-914633
-914334
-914211
-913819
-913776
-913745
-913624
-913602
-913537
-913339
-912980
-912870
-912780
-912735
-912675
-912618
-912346
-912178
-911748
-911717
-911713
-911542
-911453
-911443
-911302
-911293
-911172
-911157
-910753
-910259
-910123
-910071
-908950
-908894
-908840
-908621
-908539
-908476
-908304
-908015
-908004
-907506
-907384
-907199
-906919
-906887
-906879
-906844
-906735
-906588
-906553
-906440
-906141
-905757
-905666
-905526
-905433
-905408
-905304
-904890
-904888
-904804
-904510
-904242
-903961
-903886
-903832
-903830
-903756
-903740
-903491
-903180
-902681
-902524
-902288
-902288
-902236
-902003
-900899
-900765
-900537
-900427
-900351
-900336
-900056
-899910
-899489
-899235
-899229
-898614
-897964
-897425
-897290
-896952
-896608
-896376
-896275
-896243
-896201
-896191
-895990
-895912
-895676
-895524
-894956
-894923
-894753
-894551
-894461
-894261
-894021
-893935
-893871
-893805
-893657
-893587
-893516
-893295
-892518
-892393
-892307
-892273
-892192
-892120
-891688
-891647
-890988
-890909
-890906
-890799
-890380
-890195
-889489
-889464
-889307
-889177
-889124
-888833
-888543
-888522
-888422
-888068
-887762
-887635
-887410
-887369
-887197
-886987
-886903
-886854
-886641
-886379
-886328
-886315
-886176
-886086
-885732
-885684
-885485
-885337
-885332
-884813
-884473
-884355
-884070
-883737
-883416
-883360
-882535
-882509
-882338
-882199
-882074
-882028
-881904
-881836
-881835
-881666
-881330
-881318
-880915
-880910
-880663
-880621
-880446
-880148
-879792
-879497
-879055
-878848
-878656
-878609
-878495
-878439
-878375
-878360
-877874
-877837
-877407
-876802
-876749
-876565
-876044
-876028
-875796
-875731
-875531
-875518
-875441
-875425
-875153
-874945
-874895
-874891
-874854
-874730
-874370
-874352
-874158
-874146
-874103
-873930
-872912
-872834
-872438
-872293
-872229
-872121
-872098
-871888
-871696
-871588
-871487
-871450
-871411
-871081
-870827
-870674
-870386
-870068
-869881
-869707
-869632
-869618
-869551
-869059
-868816
-868731
-868717
-868141
-867885
-867619
-867509
-866910
-866721
-866657
-866215
-866023
-866004
-865951
-865520
-865316
-865035
-863975
-863901
-863835
-863721
-863506
-863385
-863351
-862879
-862595
-862544
-862540
-862185
-862173
-861928
-861891
-861799
-861718
-861675
-861412
-861275
-861170
-860865
-860757
-860518
-860191
-860088
-859974
-859829
-859800
-859759
-859693
-859655
-859335
-859102
-859097
-859094
-858855
-858643
-858224
-858192
-858185
-857646
-857584
-857537
-857519
-857455
-857301
-857257
-856657
-856580
-856352
-856031
-855721
-855713
-855308
-855014
-854994
-854867
-854666
-854323
-854281
-854273
-853902
-853550
-853465
-853315
-853082
-852942
-852779
-852718
-852443
-852439
-852399
-852267
-851813
-851590
-851027
-851006
-850960
-850834
-850373
-850330
-849793
-849772
-849653
-849631
-849435
-849172
-849044
-849044
-848974
-848909
-848898
-848840
-848554
-848473
-848080
-847538
-847359
-847011
-846952
-846853
-846660
-846620
-846276
-846258
-846088
-845860
-845799
-845753
-845658
-845595
-845419
-844877
-844732
-844672
-844341
-844286
-844100
-843981
-843975
-843908
-843753
-843726
-843446
-843319
-843247
-843053
-843024
-842756
-842662
-842636
-842470
-842002
-842001
-841775
-841589
-841298
-841149
-841116
-840940
-840833
-840785
-840190
-840132
-840128
-840029
-839725
-838695
-838506
-838437
-838389
-837965
-837880
-837796
-837554
-837313
-837282
-836987
-836922
-836807
-836335
-835945
-835816
-835414
-835400
-835351
-835155
-834878
-834674
-834502
-834351
-834289
-834027
-833176
-833140
-833063
-832855
-832747
-832551
-832222
-832145
-831960
-831624
-831614
-831562
-831381
-831361
-831234
-831103
-830936
-830772
-830286
-829453
-829311
-828904
-828791
-828730
-828691
-828531
-828522
-828503
-828305
-828231
-828089
-827772
-827467
-826829
-826825
-826765
-826573
-826503
-826387
-826272
-826269
-826214
-826180
-826157
-826150
-826070
-825991
-825553
-824838
-824629
-824374
-824286
-824279
-824257
-823822
-823686
-823608
-823531
-823488
-823407
-823115
-822879
-822431
-822280
-822107
-822065
-822055
-821875
-821773
-821667
-821263
-820961
-820157
-820145
-820120
-820000
-819912
-819746
-819721
-819389
-819285
-819078
-818861
-818320
-818263
-818260
-818201
-817529
-817420
-817379
-817330
-817184
-817132
-816704
-816565
-816098
-816058
-815601
-814616
-814360
-814155
-814041
-813583
-813439
-813359
-812618
-812521
-812174
-811790
-811592
-811479
-811390
-811314
-811199
-810577
-810413
-809949
-809547
-809345
-809229
-809053
-808888
-808876
-808784
-808726
-808639
-808511
-808401
-808104
-807896
-807765
-807693
-807352
-806983
-806632
-806573
-806378
-806349
-806309
-806295
-806226
-806139
-806098
-805980
-805793
-805657
-805448
-805393
-805097
-804697
-804668
-804574
-804370
-804322
-804108
-804036
-803837
-803717
-803567
-803525
-803053
-802962
-802936
-802615
-802325
-802111
-801659
-801443
-801408
-801306
-801187
-801171
-801089
-800868
-800671
-800666
-800583
-800405
-800333
-800320
-800083
-800041
-799915
-799552
-799509
-799218
-798928
-798909
-798907
-798869
-798444
-798347
-798085
-797876
-797772
-797771
-797742
-797495
-797226
-797064
-796941
-796940
-796841
-796583
-796318
-795991
-795836
-795664
-795456
-795387
-795340
-794258
-794137
-793995
-793966
-793932
-793177
-793054
-792835
-792663
-792603
-792490
-792438
-792202
-792061
-791801
-791729
-791677
-791442
-791373
-791328
-791239
-791193
-790968
-790430
-790217
-789841
-789790
-789684
-789106
-788996
-788985
-788797
-788399
-788332
-788229
-787978
-787888
-787822
-787474
-787273
-787145
-787015
-786707
-786651
-786490
-785694
-785638
-784879
-784791
-784650
-784629
-784540
-784103
-783746
-783585
-783380
-783378
-783170
-783109
-782668
-782664
-782249
-782091
-782056
-781880
-781823
-781576
-781544
-780484
-779919
-779889
-779854
-779798
-779797
-779780
-779768
-779651
-779580
-779537
-778788
-778627
-778372
-777999
-777772
-777534
-777333
-777275
-777270
-777219
-776941
-776931
-776833
-776809
-776347
-776329
-776267
-776207
-775822
-775761
-775737
-775384
-775375
-775342
-774881
-774861
-774622
-774518
-774401
-774324
-774223
-774216
-774043
-773910
-773693
-773675
-773638
-773313
-773021
-772762
-772575
-772290
-772117
-771892
-771625
-771309
-771156
-770876
-770669
-770568
-770390
-769707
-769663
-769646
-769504
-769408
-769374
-769264
-769261
-769019
-768979
-768965
-768422
-768242
-768193
-768064
-768036
-767930
-767845
-767792
-767579
-767549
-767204
-766887
-766834
-766168
-765761
-765485
-764893
-764693
-764251
-764242
-764236
-764009
-763895
-763860
-763654
-763478
-763000
-762648
-762450
-762270
-762239
-761991
-761932
-761761
-761423
-761394
-761182
-760947
-760679
-760360
-760200
-760174
-759718
-759518
-759309
-759175
-759161
-758995
-758488
-758318
-758265
-757825
-757648
-757474
-756921
-756730
-756680
-756575
-756504
-756371
-756294
-756072
-756034
-755530
-755517
-755265
-755133
-755017
-754822
-754756
-754743
-754670
-754567
-754557
-754344
-754342
-754267
-754003
-753879
-753776
-753536
-753174
-753023
-752627
-752501
-752315
-752151
-751953
-751936
-751922
-751865
-751700
-751618
-751504
-751432
-751152
-750917
-750765
-750614
-750524
-750489
-749770
-749714
-749536
-749430
-749261
-749197
-749117
-748480
-748437
-748421
-748133
-748026
-747651
-747625
-747544
-747527
-746853
-746289
-746255
-746209
-746174
-746103
-745856
-745746
-745637
-745605
-745552
-745344
-745202
-744973
-744465
-744366
-744351
-744168
-744092
-744091
-744048
-743890
-743710
-743668
-743614
-743597
-743261
-743221
-743088
-743054
-742906
-742746
-742549
-742284
-741780
-741373
-741275
-741002
-740698
-740665
-740551
-740455
-740102
-740081
-739461
-739435
-739413
-739211
-738388
-736993
-736508
-736490
-736456
-735981
-735449
-735398
-735238
-735120
-735024
-734899
-734897
-734670
-734410
-734217
-734049
-733529
-733319
-733259
-732790
-732639
-732262
-732261
-731741
-731306
-731302
-731183
-731058
-730903
-730872
-730077
-729967
-729486
-729359
-729279
-729244
-729136
-729060
-728860
-728822
-728804
-728278
-728203
-728092
-727819
-727721
-727579
-727467
-727430
-727290
-726894
-726819
-726686
-726389
-726037
-725816
-725782
-725586
-725302
-725292
-725035
-724979
-724970
-724844
-724842
-724645
-724272
-724137
-724135
-724096
-723872
-723687
-723636
-723597
-723431
-723126
-723108
-723079
-722984
-722687
-722643
-722576
-722132
-721824
-721294
-721130
-720237
-720136
-720103
-719674
-719664
-719464
-718975
-718856
-718764
-718674
-718164
-717765
-717724
-717529
-716971
-716790
-716777
-716379
-716241
-716007
-715949
-715852
-715480
-715163
-715024
-714919
-714690
-714250
-713950
-713483
-713392
-712727
-712571
-712460
-712250
-712243
-712219
-712061
-711964
-711779
-711563
-711550
-711349
-710774
-710690
-710385
-709972
-709895
-709509
-709106
-707942
-707788
-707465
-707399
-707360
-707359
-707139
-706860
-706814
-706679
-706636
-706622
-706577
-706505
-706490
-706482
-706342
-706253
-705801
-705759
-705581
-704525
-704306
-704144
-704128
-703895
-703881
-703759
-703139
-702820
-702285
-701290
-701228
-701132
-701072
-700549
-700451
-700407
-700297
-700259
-700054
-699899
-699723
-699350
-698687
-698667
-698287
-698227
-698101
-697571
-697098
-697016
-696983
-696959
-696546
-696083
-696060
-695245
-694999
-694947
-694928
-694638
-694524
-694379
-694155
-693596
-692989
-692977
-692860
-692847
-692728
-692542
-692338
-692318
-692223
-692157
-692105
-692003
-691652
-691602
-691583
-691473
-691382
-691307
-691234
-691000
-690939
-690913
-690674
-690412
-690109
-690087
-689915
-689888
-689599
-689260
-689064
-688951
-688539
-688407
-688304
-688090
-687879
-687812
-687754
-687642
-687276
-687159
-686969
-686926
-686460
-686393
-685813
-685303
-685036
-684999
-684745
-684718
-684569
-684370
-683445
-682987
-682252
-682177
-682148
-682078
-681828
-681776
-681505
-681220
-680909
-680816
-679468
-679375
-679160
-678914
-678746
-678636
-678528
-678239
-678218
-678206
-678188
-678144
-678077
-677962
-677735
-677434
-677383
-677253
-677171
-677016
-676744
-676355
-676157
-676115
-675832
-675716
-675448
-674617
-674505
-674503
-673997
-673868
-673863
-673717
-673635
-673548
-673439
-673043
-672877
-672053
-671781
-671675
-671507
-671428
-671035
-670760
-670572
-670524
-670395
-670240
-670116
-670046
-669928
-669489
-669451
-669424
-669250
-669191
-668948
-668591
-668533
-668445
-668357
-668143
-668092
-667851
-667745
-667439
-667400
-667359
-666850
-666601
-666345
-666077
-665384
-665322
-664458
-664349
-664344
-664321
-664284
-664282
-664278
-664130
-664016
-663820
-663626
-663496
-663473
-663207
-663002
-662789
-662684
-662392
-661544
-661542
-661413
-661342
-661003
-660905
-660811
-660738
-660290
-660281
-660088
-660068
-660017
-659926
-659885
-659721
-659693
-659584
-659534
-659364
-659310
-659106
-658881
-658748
-658284
-658283
-658269
-658156
-657458
-657380
-657376
-656925
-656000
-655822
-655688
-654707
-654629
-653699
-652922
-652805
-652510
-652340
-652303
-652180
-651650
-651629
-651397
-651337
-651124
-651089
-650902
-650864
-650773
-650546
-650421
-650385
-650109
-650109
-649817
-649591
-649370
-648878
-648813
-648731
-648370
-648210
-648044
-647953
-647832
-647242
-647207
-647150
-647115
-647093
-646670
-646521
-646504
-646297
-646297
-645930
-645847
-644469
-644455
-644080
-643770
-643269
-643266
-642860
-642572
-642495
-642176
-641785
-641736
-641612
-641523
-640702
-640476
-640032
-639944
-639922
-639734
-639609
-639178
-638754
-638526
-638518
-638443
-638160
-638080
-637822
-637661
-637499
-637269
-636917
-636675
-636501
-636263
-635383
-635260
-635071
-635067
-634938
-634900
-634816
-634764
-634591
-633771
-633611
-633319
-633155
-632709
-632570
-632508
-632267
-631819
-631814
-631801
-631631
-631607
-631587
-631556
-631299
-631255
-631186
-631020
-630933
-630899
-630884
-630664
-630570
-629967
-629900
-629610
-629442
-629038
-628778
-628670
-628669
-628572
-627848
-627779
-627513
-627445
-627001
-626869
-626441
-626231
-626186
-625688
-625625
-625027
-624460
-624124
-623563
-623390
-623239
-623061
-622882
-622817
-622782
-622763
-622352
-622066
-621807
-621560
-621363
-621020
-620951
-620579
-620429
-620408
-620351
-620089
-619305
-619278
-619154
-618949
-618496
-618235
-617929
-617369
-617005
-616878
-616839
-616664
-616575
-616489
-616373
-616354
-616333
-616291
-616196
-615965
-615892
-615321
-615166
-614997
-614828
-614696
-614590
-614352
-614318
-614160
-613467
-613413
-613345
-613329
-613311
-613175
-613120
-612872
-612733
-612217
-611521
-611497
-611441
-611178
-610904
-610578
-610428
-609938
-609586
-609549
-609398
-608915
-608778
-608719
-608688
-608660
-608138
-608047
-607891
-607471
-607363
-607074
-607014
-606710
-606551
-606512
-606223
-606123
-606023
-605849
-605581
-605477
-605427
-605374
-605190
-604953
-604746
-604509
-603832
-603727
-603566
-603346
-603225
-603031
-602900
-602854
-602802
-602538
-602476
-602435
-602209
-602172
-602150
-602067
-601976
-601917
-601870
-601687
-601650
-601641
-601410
-600519
-600260
-600165
-600138
-599606
-599540
-598581
-598223
-598210
-598160
-597715
-597514
-597210
-597030
-596995
-596877
-596872
-595889
-595831
-595580
-595192
-594807
-594553
-594344
-594279
-594155
-593930
-593661
-593207
-592625
-592404
-592263
-592069
-591802
-590996
-590839
-590688
-590638
-590567
-590308
-590273
-590258
-590147
-590146
-590143
-589733
-589659
-589316
-589216
-589154
-589140
-588526
-588420
-588420
-588413
-588255
-588247
-588071
-587810
-587543
-587437
-587393
-587348
-587271
-587148
-587013
-586653
-586639
-586589
-586161
-585868
-585796
-585649
-585517
-585254
-585100
-584644
-584626
-584545
-584483
-584357
-584341
-584012
-583963
-583373
-582875
-582501
-582020
-581317
-581139
-581129
-581092
-580932
-580496
-580483
-580266
-580219
-580117
-580062
-579994
-579935
-579880
-579636
-579464
-578583
-578515
-578417
-578291
-578214
-578213
-577937
-577906
-577771
-577765
-577647
-577428
-577204
-577098
-576788
-576749
-576368
-576342
-575987
-575537
-575493
-575379
-575350
-575231
-574834
-574487
-574395
-574388
-574219
-574020
-573869
-573857
-573307
-573132
-573044
-573028
-573021
-572949
-572911
-572853
-572799
-572737
-572706
-572625
-572580
-572122
-571791
-571690
-570972
-570651
-570552
-570134
-569618
-569608
-569528
-568788
-568438
-568394
-568375
-567737
-567708
-567444
-567314
-567192
-566765
-566679
-566650
-566461
-565888
-565856
-565715
-565377
-565346
-564733
-564431
-564316
-564134
-563985
-563459
-563205
-562916
-562542
-562524
-562486
-562477
-562257
-561969
-561647
-561646
-561596
-561367
-561234
-561031
-560725
-560622
-559893
-559866
-559690
-559447
-559408
-559058
-558645
-558585
-558527
-558474
-558076
-557650
-557608
-557603
-557379
-557321
-557110
-556997
-556990
-556987
-556783
-556498
-556397
-555700
-554661
-554065
-554029
-553731
-553530
-553388
-553154
-552929
-552921
-552472
-552344
-552306
-552221
-552122
-551899
-551893
-551594
-551086
-551034
-550835
-550614
-550313
-550268
-550073
-549580
-549415
-549415
-549045
-549037
-548965
-548812
-548583
-548024
-547976
-547902
-547458
-547203
-547168
-546979
-546457
-545972
-545959
-545912
-545652
-545486
-545423
-545255
-544723
-544537
-544083
-544051
-544042
-543939
-543903
-543728
-543692
-543546
-543274
-543083
-542802
-542743
-542690
-542332
-542155
-542100
-541574
-541489
-541020
-540894
-540875
-540551
-539931
-539871
-539590
-539239
-538956
-538940
-538708
-538637
-538303
-538300
-538300
-538234
-538066
-537716
-537709
-537675
-537518
-537507
-537241
-537223
-537182
-537174
-536924
-536032
-536017
-535907
-535758
-535679
-535618
-535435
-535247
-535234
-535049
-534954
-534912
-534852
-534707
-534470
-534431
-534353
-533915
-533270
-533175
-533074
-532902
-532825
-532756
-532664
-532516
-532409
-532279
-531982
-531882
-531585
-531558
-531378
-531378
-531314
-531282
-530857
-530799
-530706
-530601
-530350
-530299
-530236
-530164
-530042
-529765
-529731
-529643
-529586
-529365
-529311
-529184
-529035
-528495
-528166
-528158
-528142
-527850
-527432
-527166
-527111
-526995
-526788
-526683
-526662
-526152
-526142
-526065
-526042
-525969
-525947
-525932
-525366
-525195
-525152
-525041
-524889
-524887
-524673
-524567
-524444
-524324
-524156
-523903
-523859
-523644
-523572
-523530
-523182
-523004
-522568
-522435
-522329
-522312
-522049
-522026
-521935
-521889
-521857
-521558
-521475
-521389
-521015
-520683
-520325
-519955
-519951
-518952
-518947
-517986
-517697
-517503
-517501
-517289
-517223
-517129
-517087
-516778
-516386
-516315
-515958
-515775
-515422
-515390
-515379
-515369
-515234
-514701
-514293
-514234
-514164
-514137
-514075
-513836
-513803
-513375
-512870
-512759
-512458
-512223
-512221
-511972
-511625
-511548
-511426
-510653
-510644
-510151
-509990
-509679
-509110
-508950
-508756
-508644
-508459
-508125
-508099
-508039
-507710
-507607
-507564
-507319
-507201
-506985
-506792
-506665
-506590
-506449
-506446
-506341
-506059
-505775
-505728
-505495
-505441
-505379
-505272
-505081
-504963
-504633
-504406
-504272
-503707
-503332
-502735
-502596
-502551
-502103
-501950
-501948
-501843
-501778
-501574
-501438
-501380
-500803
-500795
-500645
-500514
-500421
-500343
-499924
-499871
-499703
-499638
-499604
-499484
-499254
-499212
-498853
-498814
-498678
-498400
-498290
-498182
-497737
-497576
-497478
-497451
-497445
-497344
-497248
-497168
-497048
-496967
-496892
-496226
-495919
-495852
-495791
-495404
-495356
-495128
-494991
-494546
-493562
-493423
-493387
-493174
-493172
-492797
-492551
-492288
-492181
-492160
-492074
-491831
-491715
-491510
-491473
-491137
-490664
-490457
-490420
-490414
-490078
-489559
-489536
-489435
-489177
-489168
-488966
-488925
-488874
-488749
-488268
-488148
-487877
-487853
-487500
-487322
-487315
-486960
-486912
-486820
-486792
-486737
-486671
-486486
-486402
-486399
-486327
-486169
-485984
-485944
-485433
-485300
-484914
-484737
-484640
-484637
-484528
-484413
-483750
-483440
-483022
-482808
-482576
-482327
-482210
-482158
-482149
-481869
-481797
-481701
-481454
-480630
-480363
-480311
-480300
-480288
-480230
-479799
-479277
-479020
-479017
-478999
-478750
-478466
-478331
-477658
-477298
-476890
-476878
-476875
-476201
-476067
-475952
-475930
-475598
-475421
-475312
-475021
-474914
-474819
-474567
-474440
-474417
-474154
-474124
-473858
-473805
-473472
-473472
-473400
-473181
-472835
-472815
-472802
-472354
-472296
-472203
-472108
-471988
-471853
-471455
-471343
-471249
-471237
-471130
-470188
-469938
-469902
-469353
-469296
-469262
-469182
-468965
-468965
-468764
-468619
-468604
-468602
-468589
-468528
-468421
-468354
-468027
-467980
-467979
-467745
-467579
-467469
-467347
-466748
-466652
-466524
-466513
-466283
-466199
-466157
-465537
-465524
-464334
-463441
-463252
-463011
-462813
-462509
-462415
-462400
-462184
-462096
-462001
-461905
-461348
-461197
-460860
-460770
-460406
-460287
-460262
-460013
-459938
-459862
-459852
-459651
-459545
-459262
-459181
-458731
-458590
-458418
-458180
-458177
-457470
-457200
-457105
-456903
-456899
-456714
-456589
-456584
-456336
-455986
-455978
-455873
-455762
-455256
-455168
-454758
-454640
-454612
-454194
-454035
-453938
-453350
-452983
-452892
-451924
-451732
-451659
-451604
-451444
-451202
-451003
-450968
-450958
-450751
-450045
-449503
-449459
-449351
-449184
-448755
-448545
-448463
-448329
-448256
-448135
-447510
-447502
-447326
-446894
-446801
-446575
-446462
-445597
-445547
-445546
-445402
-445205
-445046
-445036
-444745
-444432
-444374
-444361
-444347
-444124
-444028
-443803
-443776
-443619
-443280
-442373
-442357
-442262
-441783
-441609
-441315
-441082
-440570
-440460
-440413
-440366
-440287
-440017
-439603
-439434
-439341
-439331
-438463
-438392
-438316
-438145
-438063
-437924
-437821
-437720
-437595
-437469
-437428
-437224
-437188
-437162
-436808
-436414
-436203
-436193
-436116
-436096
-435789
-435607
-435605
-435443
-435317
-435036
-434859
-434625
-434513
-434501
-434387
-434316
-434194
-434185
-433730
-433689
-433394
-433141
-432925
-432728
-432635
-432515
-432222
-432088
-431615
-431382
-431181
-430830
-430406
-430366
-430323
-430291
-430007
-429912
-429749
-429710
-429675
-428932
-428885
-428635
-427706
-427668
-427615
-427382
-427256
-426592
-426460
-426199
-426156
-426077
-425846
-425373
-425320
-425127
-424363
-424183
-424056
-424009
-423887
-423538
-423175
-423061
-423052
-422936
-422741
-422285
-421771
-421448
-420932
-420802
-420655
-420642
-420393
-420362
-420259
-420168
-420070
-420055
-419743
-419660
-419642
-419604
-419283
-419131
-418927
-418459
-418437
-418289
-418002
-417531
-417492
-417451
-417436
-417124
-417039
-416951
-416896
-416712
-416250
-416234
-416232
-416192
-416188
-415755
-415488
-415466
-415450
-415399
-415343
-415282
-415233
-414786
-414715
-414436
-413823
-413448
-413090
-413044
-412696
-412558
-412161
-411963
-411822
-411697
-411499
-410991
-410449
-410412
-410334
-410018
-409611
-409544
-408915
-408608
-408448
-408432
-408009
-407987
-407867
-407692
-407569
-407497
-407091
-406979
-406964
-406893
-406810
-406603
-406193
-405969
-405842
-405458
-405129
-403975
-403737
-403642
-403262
-403017
-402575
-402484
-402430
-401637
-401539
-401189
-401188
-401068
-400889
-400714
-400358
-400288
-400113
-400021
-399923
-399854
-399853
-399619
-399587
-399528
-399434
-399292
-399262
-398811
-398766
-398754
-398499
-397775
-397596
-397495
-397053
-396956
-396898
-396856
-396702
-396654
-395895
-395464
-395095
-394852
-394824
-394696
-394661
-394456
-394323
-394261
-393803
-393467
-392953
-392750
-392706
-392705
-392531
-392486
-392270
-390234
-390088
-389991
-389255
-389043
-388568
-388023
-387592
-387472
-387446
-387316
-386949
-386931
-385992
-385827
-385816
-385742
-385232
-384347
-383883
-383600
-383572
-383542
-383500
-383331
-382842
-382086
-381548
-381517
-381443
-381413
-381403
-381184
-381135
-381004
-380644
-380617
-380388
-380082
-379849
-379805
-379417
-379368
-379269
-378889
-378713
-378692
-378652
-378507
-378502
-378049
-377724
-377711
-376878
-376848
-376344
-376263
-376087
-376014
-375701
-375680
-375588
-375285
-375121
-374745
-374107
-374003
-373934
-373840
-373440
-373356
-372857
-372495
-372441
-372052
-372010
-371991
-371950
-371897
-371880
-371523
-370936
-370866
-370599
-370179
-370086
-370047
-369793
-369728
-369477
-369154
-368777
-368595
-368264
-367755
-367698
-367563
-367505
-367298
-367223
-367205
-366868
-366699
-366174
-366118
-365875
-365797
-365614
-365461
-365333
-364291
-364156
-363867
-363781
-363672
-363558
-363194
-362908
-362767
-362751
-362653
-362513
-362307
-361594
-361556
-361500
-361256
-361214
-361069
-360989
-360845
-360642
-360624
-360543
-360531
-360168
-359837
-359799
-359254
-359173
-359104
-359013
-358988
-358937
-358643
-358596
-358373
-357979
-357969
-357936
-357706
-357646
-357500
-357169
-356930
-356830
-356797
-356367
-355926
-355873
-355821
-355473
-355451
-355450
-354733
-354622
-354421
-353983
-353425
-353345
-353325
-352975
-352795
-352544
-352452
-352404
-352334
-352281
-352268
-352236
-351871
-351830
-351733
-351576
-351420
-351222
-350765
-350473
-349608
-349373
-349135
-348800
-348546
-348503
-348411
-348269
-348150
-348147
-347427
-346287
-345461
-345331
-345164
-344816
-344702
-344699
-344529
-344411
-344396
-344362
-344100
-343409
-343400
-343299
-342858
-342847
-342544
-342450
-342190
-341993
-341851
-341777
-340938
-340774
-340656
-340635
-340609
-340198
-339948
-339450
-339421
-339249
-339059
-338669
-338650
-338608
-338571
-338370
-337940
-337909
-337903
-337854
-337764
-337578
-336966
-336953
-336703
-335937
-335556
-335388
-335372
-335104
-334520
-334515
-334154
-334102
-333956
-333699
-333587
-333539
-333134
-332534
-332450
-332169
-332161
-331788
-331545
-331287
-330485
-330377
-330317
-330254
-330137
-329932
-329734
-329349
-329278
-329024
-328757
-328212
-328026
-327907
-327855
-327794
-327775
-327774
-327739
-327629
-327518
-327456
-327192
-327046
-326920
-325695
-325644
-325407
-325366
-325027
-324893
-324139
-323811
-323705
-323595
-323585
-323425
-323318
-323135
-322841
-322789
-322678
-322584
-322091
-322028
-321865
-321729
-320727
-320719
-320607
-320064
-320035
-319597
-319417
-318648
-318635
-318595
-318305
-318254
-318234
-318018
-317716
-317518
-317417
-317411
-317303
-317123
-316592
-315885
-315212
-315132
-315044
-315030
-315009
-314829
-314781
-314383
-314275
-313423
-313068
-312995
-312818
-312548
-312474
-311219
-311038
-311005
-310445
-310050
-309992
-309964
-309903
-309891
-309800
-309743
-309341
-308903
-308881
-308662
-308643
-308585
-308475
-308328
-308116
-307956
-307870
-307693
-307519
-307263
-306889
-306884
-306416
-306384
-306199
-305316
-305267
-304862
-304663
-304443
-304015
-303902
-303869
-303377
-303366
-303253
-303216
-303091
-303076
-303001
-302995
-302985
-302907
-302655
-302576
-302555
-302183
-301915
-301868
-301824
-301595
-301268
-301204
-301202
-301183
-301017
-300313
-300253
-300116
-299843
-299400
-298546
-298543
-298519
-298215
-297942
-297841
-297798
-297285
-297124
-296811
-296749
-296705
-296404
-296361
-296164
-295854
-295850
-295822
-295782
-295626
-295562
-295545
-295520
-295211
-295043
-294996
-294932
-294464
-294158
-294061
-293950
-293853
-293792
-293743
-293247
-293048
-292859
-292588
-292405
-292387
-292250
-291913
-291857
-291791
-291776
-291744
-291711
-291261
-291016
-291002
-290166
-289873
-289856
-289824
-289726
-289661
-289366
-289363
-288981
-288497
-288497
-288306
-288301
-288154
-287957
-287863
-287766
-287658
-287359
-287253
-287217
-286683
-286648
-286079
-285913
-285751
-285529
-285425
-285346
-285104
-284945
-284924
-284716
-284550
-284494
-284304
-284050
-283946
-283934
-283711
-283681
-283650
-283372
-283234
-282885
-282773
-282699
-282519
-282224
-282158
-281714
-281425
-281313
-281179
-281162
-281087
-281019
-280742
-280663
-280609
-280487
-280475
-280441
-280387
-280316
-279818
-279738
-279596
-279077
-278876
-278617
-278447
-278407
-278367
-278208
-278182
-278132
-277656
-277643
-277580
-277486
-277306
-277293
-277290
-277108
-276649
-276368
-276324
-276045
-276023
-275723
-275055
-274989
-274985
-274894
-274876
-274763
-274233
-274227
-273413
-273214
-273194
-272741
-272714
-272610
-272340
-272225
-271968
-271934
-271840
-271762
-271532
-271481
-271378
-271227
-271186
-271172
-271116
-271015
-270870
-270688
-270687
-270665
-270578
-270482
-270220
-269952
-269888
-269875
-269633
-269079
-269074
-268682
-268672
-268645
-268408
-268316
-268053
-267949
-267755
-267444
-267154
-266799
-266572
-266530
-266515
-266425
-266233
-265871
-265670
-265501
-265377
-265297
-265291
-265113
-264939
-264767
-264594
-264340
-263880
-263754
-263690
-263684
-263256
-263023
-262842
-262738
-262730
-262501
-262352
-262198
-262121
-262022
-261990
-261959
-261886
-261849
-261734
-261596
-261279
-261233
-261188
-261082
-260424
-259943
-259812
-258705
-258338
-258219
-258145
-257624
-257415
-256758
-256687
-256642
-256598
-256456
-256413
-256230
-256188
-255868
-255720
-255489
-255333
-255312
-255044
-254901
-254185
-254055
-253467
-252986
-252939
-252621
-252398
-251786
-251704
-251689
-251625
-251612
-251429
-251196
-251169
-250948
-250873
-250691
-250683
-250674
-250618
-250433
-250207
-250029
-250027
-249919
-249798
-249487
-249269
-249184
-249054
-248785
-248686
-248202
-248182
-247977
-247966
-247431
-247265
-246964
-246951
-246904
-246656
-246460
-246175
-246031
-245866
-245459
-245194
-244942
-244510
-244341
-244266
-244171
-244171
-243858
-243766
-243728
-243067
-242992
-242986
-242910
-242582
-242254
-241569
-241340
-240769
-240686
-240531
-239560
-239443
-239242
-239026
-238688
-237900
-237832
-237800
-237615
-237600
-237355
-237335
-237252
-237171
-236602
-236599
-236518
-236392
-236269
-236265
-236064
-235967
-235918
-235854
-235399
-234975
-234460
-234086
-233445
-233184
-233115
-232955
-232865
-232632
-232598
-232551
-232128
-232120
-231956
-231577
-231562
-231411
-231215
-231012
-230804
-230756
-230319
-230140
-230025
-229417
-228670
-228285
-228181
-228009
-228009
-227977
-227862
-227756
-227746
-227418
-227225
-226976
-226719
-226576
-226567
-226367
-226265
-226230
-226212
-226055
-225749
-225730
-225702
-225593
-225345
-224989
-224915
-224776
-224531
-224511
-224126
-223965
-223906
-223724
-223690
-223619
-223539
-223334
-223022
-222949
-222749
-222614
-222579
-222413
-222256
-222062
-221959
-221497
-221325
-221200
-221071
-220494
-220373
-219895
-219744
-219228
-218792
-218451
-218409
-218134
-218047
-217978
-217734
-217507
-217334
-217103
-216137
-216119
-216011
-215811
-215738
-215699
-215599
-215378
-215176
-214865
-214823
-214807
-214761
-214722
-214509
-214416
-214385
-214194
-214085
-213725
-213306
-213297
-213129
-213037
-212998
-212924
-212913
-212749
-212252
-212098
-211844
-211796
-211633
-211587
-211444
-210964
-210907
-210217
-210021
-209550
-209270
-208334
-208170
-208033
-207910
-207868
-207832
-207398
-207201
-207075
-206942
-206885
-206698
-206157
-206062
-205993
-205951
-205533
-205397
-205230
-205059
-205033
-204851
-204663
-204150
-204100
-203807
-203684
-203192
-203181
-203132
-203124
-203114
-202903
-202838
-202318
-202138
-201967
-201587
-201033
-200946
-200866
-200825
-200653
-200473
-200251
-200193
-200062
-199705
-199701
-199693
-199609
-199488
-199322
-199095
-198794
-198752
-198455
-198288
-198127
-198002
-197993
-197981
-197948
-197763
-197494
-197268
-197157
-197137
-196893
-196814
-196759
-196677
-196466
-196419
-196406
-196295
-196222
-196153
-196145
-196082
-195743
-195731
-195682
-195399
-195079
-194299
-194268
-194259
-194234
-194180
-194138
-194105
-194075
-193097
-193091
-193021
-192760
-192384
-192237
-191689
-191618
-191581
-191463
-191460
-191220
-190888
-190774
-190309
-189906
-189817
-189328
-189116
-188878
-188818
-188806
-188419
-188380
-188126
-188095
-187209
-187139
-186790
-186749
-186725
-186446
-186356
-186339
-186051
-186000
-185967
-185843
-185768
-184913
-184831
-184827
-184537
-184492
-184178
-184130
-183631
-183200
-183115
-183092
-183089
-183073
-182810
-182435
-182375
-181083
-180907
-180895
-180770
-180676
-180657
-180639
-180402
-180255
-179986
-179982
-179678
-179078
-178863
-178750
-178346
-178176
-177820
-177686
-177554
-177538
-177306
-177200
-176893
-176834
-176630
-176589
-176475
-176456
-176445
-176326
-176119
-175924
-175804
-175766
-175482
-175267
-175099
-175031
-174832
-174724
-174380
-173987
-173933
-173562
-173482
-172398
-172352
-172344
-171937
-171369
-171241
-171237
-171231
-171121
-170998
-170995
-170927
-170573
-170549
-170426
-170356
-169809
-169520
-169507
-169378
-169148
-169113
-168948
-168905
-168805
-168688
-168665
-168603
-168228
-168105
-167944
-167407
-167402
-167182
-167008
-166941
-166882
-166611
-166574
-166501
-166336
-166122
-166068
-166054
-165768
-165343
-165298
-165184
-165156
-165053
-164849
-164144
-163974
-163393
-162870
-162836
-162673
-162488
-162475
-161884
-161503
-161462
-160731
-160478
-160389
-159699
-159627
-159256
-159185
-159131
-159081
-158921
-158762
-158691
-158666
-158579
-158558
-158491
-158333
-158222
-158153
-157382
-157316
-156913
-156694
-156599
-156386
-156018
-155765
-155659
-155646
-155550
-155237
-154846
-154429
-154264
-154252
-154152
-153845
-153613
-153354
-153325
-153086
-152950
-152834
-152824
-152492
-152165
-151938
-151736
-151406
-151395
-151226
-150622
-150551
-150345
-149464
-149328
-149321
-149082
-148621
-148478
-148022
-147936
-147923
-147808
-147776
-147599
-147474
-147334
-147182
-146794
-146704
-146545
-146419
-146077
-145995
-145991
-145890
-145855
-145678
-145658
-145594
-145352
-144802
-144608
-144572
-144534
-144458
-144253
-144119
-143784
-143771
-143673
-143537
-143399
-143349
-142746
-142714
-142386
-141848
-141822
-141679
-141439
-140927
-140707
-140631
-140592
-140552
-140332
-140052
-139525
-139254
-139204
-138940
-138646
-138607
-138552
-138350
-138295
-138272
-138120
-138064
-137664
-137640
-137356
-136974
-136883
-136498
-136415
-136388
-136151
-135832
-135753
-135722
-135647
-135589
-135526
-135234
-134902
-134870
-134282
-134254
-134231
-133658
-133529
-133419
-132974
-132681
-132608
-132383
-132156
-131963
-131643
-131574
-131254
-131197
-130892
-130658
-130295
-130216
-130112
-129686
-129241
-129205
-128930
-128698
-128612
-128175
-127956
-127022
-126995
-126903
-126785
-126664
-126643
-126437
-126375
-125965
-125222
-124859
-124558
-124443
-124401
-124356
-123998
-123780
-123749
-123429
-122550
-122354
-122321
-122259
-122194
-122150
-121881
-121546
-121277
-120714
-120506
-119973
-119899
-119509
-119455
-119196
-119170
-118748
-118511
-117910
-117881
-117731
-116869
-116727
-116669
-116617
-116258
-116224
-115752
-115644
-114474
-114336
-114327
-113791
-113788
-113693
-113654
-113529
-113518
-113251
-113104
-112727
-112664
-112574
-112477
-112189
-111878
-111581
-111458
-111330
-111273
-111089
-111060
-110996
-110923
-110809
-110770
-110702
-110660
-110597
-110343
-110049
-109896
-109789
-109728
-109557
-108941
-108718
-108515
-108499
-108320
-108212
-108103
-108028
-107848
-107796
-107441
-107360
-106642
-105488
-105092
-104981
-104590
-104237
-104062
-103551
-103458
-103035
-102733
-102515
-102331
-102068
-101793
-101749
-101517
-101509
-101255
-101150
-100903
-100514
-100482
-100263
-100233
-100226
-100135
-100079
-100077
-99636
-99592
-99542
-99253
-98941
-98930
-98574
-98503
-98418
-98390
-98368
-98033
-97805
-97760
-97285
-96945
-96174
-95774
-95768
-95211
-95114
-95103
-95038
-94848
-94791
-94763
-94745
-94501
-93963
-93765
-93618
-93250
-93227
-93002
-92878
-92870
-92789
-92785
-92739
-91734
-91640
-91408
-91362
-91322
-91207
-90957
-90950
-90900
-90296
-89922
-89889
-89739
-89676
-89219
-89019
-88677
-88376
-88171
-88105
-88020
-87994
-87610
-87486
-87274
-86559
-86342
-86173
-85328
-84718
-84671
-84621
-84274
-84253
-84119
-84085
-83519
-83306
-83005
-82945
-82749
-82709
-82495
-81951
-81705
-81400
-81338
-81311
-81200
-81159
-80674
-80013
-79774
-79746
-79718
-79250
-79058
-78644
-77999
-77930
-77772
-77734
-76399
-75966
-75890
-75703
-75558
-75523
-75056
-75004
-74928
-74475
-73940
-73539
-73535
-73496
-73362
-72984
-72043
-72009
-71991
-71739
-71181
-70907
-70870
-70662
-70396
-70141
-70089
-70062
-69994
-69707
-69668
-69591
-69509
-69456
-69437
-69170
-68868
-68521
-68387
-68041
-67979
-67936
-67656
-67485
-67458
-67404
-67399
-66981
-66899
-66670
-66625
-66591
-66558
-66187
-65779
-65438
-65209
-65110
-65070
-64680
-64494
-64468
-64365
-64361
-63635
-63240
-63198
-62806
-62718
-62693
-62114
-62069
-61940
-61331
-61316
-61110
-60922
-60590
-60473
-60445
-60413
-60360
-60293
-60287
-59662
-59512
-59233
-58917
-58742
-58599
-57186
-56336
-56220
-55653
-55652
-55424
-55325
-54940
-54730
-54729
-54622
-54298
-54237
-54219
-54167
-54114
-53867
-53733
-53681
-53594
-53511
-53355
-53324
-53267
-52969
-52667
-52160
-52068
-51648
-51625
-51532
-51279
-51163
-51124
-50868
-50857
-50842
-50632
-49917
-49853
-49580
-49317
-49280
-49074
-48878
-48700
-48648
-48486
-48314
-48190
-48137
-48006
-47950
-47662
-47237
-47085
-46420
-46352
-46179
-46028
-45916
-45813
-45572
-45525
-45517
-45222
-45104
-44891
-44710
-44608
-44540
-44310
-43731
-43501
-43477
-43421
-42672
-42402
-42323
-42297
-42265
-41631
-41455
-40627
-40609
-40606
-40427
-40356
-40106
-39801
-39730
-39692
-39639
-39398
-38943
-38918
-38893
-38624
-38367
-38301
-37459
-36865
-36820
-36795
-36395
-36281
-36248
-36202
-36198
-36058
-35995
-35957
-35890
-35662
-35022
-34834
-34374
-34334
-34219
-33845
-33771
-33515
-33217
-33163
-32832
-32099
-32041
-31914
-31861
-31143
-30801
-30676
-30496
-30391
-30354
-30100
-29907
-29703
-29663
-29539
-29434
-29416
-29409
-29327
-29031
-28836
-28659
-28607
-28389
-28295
-28053
-28028
-27893
-27596
-27396
-27089
-26995
-26972
-26969
-26885
-26564
-26298
-26248
-26149
-26133
-26105
-25982
-25920
-25477
-24350
-23982
-23842
-23266
-23223
-23194
-23120
-23055
-22833
-22683
-22509
-22412
-22363
-21819
-21814
-21258
-20971
-20479
-20233
-20170
-19717
-19498
-19350
-19339
-19272
-19019
-18896
-18765
-18666
-18613
-18548
-18490
-18230
-18119
-18079
-17968
-17838
-17368
-17221
-17148
-17092
-16788
-16436
-16378
-16125
-16049
-15633
-15389
-15271
-15238
-15211
-15170
-15032
-14981
-14809
-13701
-13645
-13592
-13586
-13513
-13472
-13169
-12943
-12804
-12754
-12721
-12660
-12576
-12329
-12205
-12166
-12106
-11834
-11763
-11715
-11606
-11362
-11305
-10927
-10580
-9850
-9523
-9401
-9324
-9108
-9005
-8954
-8144
-8044
-7537
-7116
-7076
-6835
-6439
-6366
-6016
-5932
-5783
-5671
-5657
-5567
-5224
-5095
-4795
-4553
-4364
-4043
-3816
-3788
-3781
-3618
-3607
-3051
-2956
-2884
-2438
-2178
-1988
-1886
-1862
-1723
-1639
-1588
-1463
-1272
-930
-805
-671
-582
-370
-26
-1
124
170
245
446
544
667
938
1608
1693
1702
1793
1804
2057
2186
2875
2964
3136
3251
3339
3692
3832
3915
4001
4231
4234
4327
4368
4379
4468
4581
4821
4894
4961
5189
5384
5394
5585
5765
5919
5974
6259
6291
6435
6961
7055
7195
7262
7417
7460
7535
7598
7771
7810
7823
7984
8019
8139
8317
8558
8693
8716
9120
9130
9142
9211
9310
9540
9580
9597
9604
9862
9864
10165
10279
10413
10431
10824
12085
12172
12331
12761
12912
13196
13287
13348
13427
13656
13675
13806
14065
14077
14162
14165
14451
14493
14564
14659
14730
14780
14833
15023
15157
15183
15499
15587
15653
15671
15738
15949
16034
16039
16384
16951
16953
16970
17022
17204
17308
17322
17469
17832
17860
17977
17983
18011
18098
18739
18848
18888
19020
19042
19308
19546
19663
19846
19910
20648
20848
20854
21058
21694
21818
21869
22097
22486
22761
22768
22935
23421
23566
23652
23741
23791
23987
24162
24245
24268
24575
24742
24908
25064
25426
25446
26263
27073
27569
27736
28390
28704
28837
28844
29237
29339
29362
29472
29493
29563
30019
30187
30190
30759
30877
31208
31611
31622
31910
32001
32450
33137
33205
33318
33696
34643
34937
35310
35616
35625
35962
35993
36029
36812
36826
37106
37401
37809
37913
38394
38728
38790
39507
39550
39630
39644
39889
40008
40529
40584
40623
40723
41058
41153
41225
41499
41543
41567
41850
41872
42040
42097
42240
42317
42494
42507
42824
42862
42896
42896
42908
43117
43125
43127
43179
43585
43757
43864
43960
44039
44245
45425
46047
46075
46239
46261
46781
46788
46908
46912
47105
47120
47558
47603
47937
48197
48569
48569
48597
48640
48739
48768
48897
48949
49015
49055
49151
49748
49796
50383
51040
51046
51114
51380
51644
51915
52265
52330
52503
52644
52714
52796
53034
53062
53178
53346
53371
53576
53583
53635
53825
53955
54044
54131
54618
54890
55297
55347
55429
55505
56120
56212
56285
56394
56400
56412
56525
56582
56689
57279
57518
58068
58070
58245
58371
58628
58668
58826
59153
59303
59732
60489
60996
61113
61430
61541
62020
62033
62278
62718
63075
63256
63351
63374
63374
63393
63867
64088
64097
64193
64312
65218
65580
65588
65719
66046
66403
66696
67294
67746
67774
67846
68374
68395
69125
69859
69997
70311
70437
70508
70744
71106
71140
71236
71324
71403
71564
71710
71805
71831
71841
71921
72079
72087
72663
72683
72707
72943
73213
73294
73474
73639
73727
73792
73860
74125
74419
74636
74645
74711
74762
74799
75011
75207
75264
76074
76089
76207
76641
76666
76864
76913
77051
77103
77172
77340
77551
77598
78457
78670
78793
79171
79383
79439
79568
79618
79656
80173
80203
80493
80864
80906
81200
81607
81821
81893
81934
82085
82240
82515
82835
82841
83095
83124
83302
83342
83405
83720
83745
83849
84568
84596
84673
84705
84825
85096
85540
86337
86342
86408
86452
86665
87020
87641
88055
88168
88260
88369
88877
88970
89126
89369
89391
89481
89602
89908
90303
90346
90355
90555
90604
90801
90881
91043
91178
91384
91730
91924
92311
92443
92507
92572
92805
93065
93132
93424
93491
93880
94163
94471
94472
94690
94787
94979
94988
94997
95085
95324
95336
95439
95503
95962
96787
96899
96972
97001
97041
97071
97107
97498
97709
97965
98564
98638
98716
98782
98929
98955
99133
99200
99385
99781
99869
100120
100299
100430
100532
100791
101657
102046
102326
102334
102606
102812
102962
103141
103253
103292
103413
103567
103605
103820
103958
103958
103977
104070
104237
104782
105016
105030
105226
105484
105669
106078
106094
106163
106282
106381
106425
106600
106638
106694
106746
107242
108070
108906
108967
109076
109623
109739
109912
109917
110041
110371
110832
110855
110985
110987
111187
111230
111352
111394
111564
111578
111623
111701
112042
112388
112442
112489
112545
112587
112982
113219
113488
113687
113712
113771
113900
114198
114410
114441
114468
115012
115185
115592
115608
115801
115903
116085
116623
116747
117034
117148
117700
117787
118143
118310
118508
118937
119011
119252
119261
119367
119645
119672
119855
119888
120346
120499
121243
121467
121470
121612
121671
122539
122856
123111
123142
123295
123490
123701
123861
124005
124542
124665
124763
124899
125064
125415
125430
125517
125767
126030
126032
126368
126661
127053
127160
127194
128563
129170
129277
129282
129446
129832
129987
130226
131330
131350
131480
131602
131677
132156
132291
132305
132365
132850
133236
133315
133392
133787
133803
134219
134250
134415
134491
134518
134826
135436
135926
136740
136753
136951
137213
137249
137628
137734
138264
138329
138547
138948
139009
139178
139229
139349
139887
140817
140974
141301
141403
141527
141587
142098
142480
142915
143190
143438
143888
144015
144243
144492
144596
144977
145534
146076
146159
146201
146423
146485
146514
146756
147187
147520
147890
147906
147910
147985
148020
148079
148373
149055
149202
149255
149501
149588
149995
150037
150458
150531
151121
151130
151137
151165
151380
151579
151605
151624
151637
151991
152063
152990
153621
154049
154371
154465
155136
155173
155297
155438
155761
155928
156335
156387
156454
156540
156576
156968
157170
157221
157968
158098
158418
158467
158545
158549
158735
158820
158924
159328
159408
159524
160571
160923
161543
161886
162008
162077
162814
163525
163778
163822
163889
164376
164439
164446
164466
164510
164569
164678
164697
164890
165199
165248
165411
165768
165981
166269
166297
166933
166982
167032
167068
167234
167420
167520
167618
167867
167900
168157
168167
168387
168407
168741
168879
169333
169380
169557
169942
169976
170365
170405
170531
170807
170821
171473
171847
172406
172497
172700
172912
173095
173155
173724
173879
174118
174154
174322
174639
174749
174836
175022
175076
175086
175689
175774
175925
175954
176209
176614
176729
176824
176913
177128
177327
177490
177519
177599
177605
177608
177837
177958
178056
178627
178841
179161
179283
179505
179539
179637
179828
179934
180024
180115
180122
180352
180469
180561
180567
180748
180873
180874
181241
181302
181563
181601
181711
182094
182122
182317
182406
182584
182648
182768
183087
183126
183514
183586
183618
184543
184575
184707
184780
184879
185225
185493
185789
185984
186207
186580
186858
187123
187132
187188
187213
187314
187323
187365
187960
188372
188413
188928
189049
190277
190306
190317
190361
190568
190797
191246
191698
191740
191747
191791
191807
192088
192120
192353
192406
192633
193724
193779
193935
193995
194079
194413
194553
194555
194674
194801
194979
195005
195410
195616
195700
195810
195966
196135
196166
196275
196348
196799
196960
197065
197446
197963
198005
198967
199196
199336
199667
199808
200205
200534
200549
200750
200879
201038
201111
201130
201291
201466
201880
202231
202249
202504
202699
202815
203577
204122
204286
204612
205016
205057
205335
205390
205630
205801
205836
205902
205938
206047
206532
206764
207017
207369
207477
207616
207770
207903
208073
208078
208079
208131
208368
208788
209276
209563
209763
209825
209985
210206
210374
210408
210566
210595
210737
210881
211012
211096
211146
211153
211480
211575
211857
211976
212175
212248
213578
213606
213763
213765
214048
214092
214129
214207
214402
214726
214802
215103
215130
215241
215343
215730
216173
216497
216510
216620
216674
216749
216857
216926
216947
216972
217797
217814
218217
218244
218294
218306
218307
218432
218729
218828
218968
219215
219425
219484
219674
220139
220454
220538
220616
220931
220958
221213
221227
221234
221264
221336
221527
221857
221986
222001
222068
222101
222171
222257
222271
222573
222928
223047
223263
223318
223577
223776
224113
224167
224224
224250
224259
224680
224802
224985
225063
225100
225192
225390
225391
225754
226133
226329
226488
226772
226791
227268
227719
227738
228380
228461
228534
228894
229331
229411
229553
229644
229852
230275
230437
230847
230873
231112
231293
231334
231364
231372
231397
231535
231906
232135
232171
232443
232904
233174
233824
233989
234156
234313
234358
234375
235553
235787
236135
236187
236263
236376
236624
237499
237536
237540
237597
237687
237730
237803
238126
238143
238517
238548
238793
238809
239874
240000
240025
240087
240387
240443
240612
240616
240856
241050
241194
241405
241461
242487
242705
242805
242884
242942
243374
243424
243625
243641
244311
244588
244830
245188
245225
245344
245855
246050
246572
246655
246701
246932
247020
247678
247954
248479
248662
249005
249200
249432
249610
249667
249831
249831
249835
249964
250502
250534
250561
250630
250737
250984
251304
251499
251500
252129
252392
252723
252730
253452
253468
253626
253658
253819
253872
253911
254007
254129
254193
254341
254348
254355
254394
255012
255025
255250
255378
256139
256200
256370
256532
256571
257018
257260
257721
258019
258173
258184
258677
258894
258899
258913
259606
260056
260094
260241
260252
260322
260492
260518
260657
260673
260761
261438
261974
262284
262433
262877
263166
263319
263369
263397
263660
263706
263904
264081
264164
264520
264685
264831
264883
264971
265146
265149
265399
265665
265696
265960
266115
266664
266833
266935
267039
267582
268278
268296
268906
269186
269191
269329
269428
269485
269787
269992
270038
270309
271254
272410
272534
272584
272989
273091
273643
273737
273824
273845
273991
274456
274533
274710
275146
275218
275455
275572
275647
275752
275909
276006
276371
276380
276516
276588
276830
276887
276932
276956
277276
277313
277950
278220
278496
278817
279402
279406
279693
279738
279786
279814
279949
280272
280407
280476
280739
280957
280991
281030
281157
281243
281899
282011
282187
282306
282451
282510
282862
282970
283224
283249
283380
283461
283667
283767
284020
284382
284566
284627
285040
285344
285569
285643
286014
286129
286179
286364
286493
286595
286886
287120
287152
287194
287423
287840
288102
288429
288491
289639
289823
289896
290163
290205
290227
290269
290317
290464
290960
291121
291929
292118
292388
292435
293069
293170
293301
293510
293560
293674
293713
293732
293764
294260
294448
294536
294561
294671
294731
294801
294956
295028
295137
295382
295445
295705
295859
295924
296115
296498
296604
297940
298469
298849
298888
299159
299480
299766
299861
300298
300658
300773
300779
301094
301199
301492
301515
302479
302542
302832
303241
303304
303309
303329
303746
303865
303918
303929
303948
303967
304172
305087
305261
305306
305608
305711
305736
306073
306200
306274
306298
306334
306584
306756
306993
307172
307455
308186
308260
308467
308481
309364
309379
309405
309420
309605
309932
310237
310387
310500
310527
310544
310564
310698
311246
311284
311296
311354
311820
311869
311976
312209
312360
312555
312738
313112
313388
313576
313585
313642
314118
314123
314472
314792
314871
315512
315543
315632
315924
315966
316074
316117
316151
316706
316784
316930
317234
317355
317656
317669
318142
318180
318208
318628
318698
318772
319194
319212
319393
319473
319774
319784
319838
319989
320157
320225
320640
321251
321514
321584
322186
322198
322292
322332
322351
322400
322621
322734
322738
322857
322939
323474
324459
324674
324769
325003
325012
325509
326008
326314
326385
326654
326783
327095
327443
327608
327695
327893
327936
327995
328201
328634
329144
329546
329846
329865
330170
330241
330385
330661
331528
331922
332118
332309
332445
332544
332635
332890
333023
333320
334334
335157
335243
335301
335509
335764
335870
335967
336031
336050
336632
336679
337239
337541
337655
337659
337751
338103
338634
338886
339101
339511
339688
339881
340005
340037
340045
340054
340237
340417
340529
340881
340936
341056
341638
341786
341829
341831
341980
342138
342213
342225
342563
342571
342597
342924
343010
343196
343262
343674
343936
344065
344087
344269
344599
344600
344601
344819
344823
345070
345116
345265
345386
345641
345817
346004
346248
346330
346377
346952
347197
347533
347615
347720
348219
348250
348292
348372
348376
348438
348478
348505
348710
348784
348887
348974
349243
349447
349510
349536
349600
350033
350315
350323
350436
350472
350983
350987
351027
351094
351275
351305
351336
351578
351967
352028
352242
352323
352586
352701
352718
352942
353353
353527
353899
354111
354960
355184
355459
355577
355713
355916
356410
356441
356819
356975
357025
357541
357637
357718
357730
357824
357833
357873
358222
358342
358354
358478
358681
358718
359162
359219
359452
359630
359906
359920
359949
360026
360292
360323
360380
360492
360793
361016
361615
361637
361646
362242
362297
362560
362969
363058
363252
364200
364413
364489
365080
365254
365381
365457
365564
365627
365780
365958
365966
365992
366493
366523
366585
366950
367028
367219
367259
367298
367776
367838
367950
368171
368196
368778
369074
369274
369393
369691
369748
370066
370178
370356
370363
370604
370681
371185
371531
371616
371764
371851
371977
372594
372663
373165
373294
373348
373552
373747
373786
374111
374155
374204
374265
374672
374705
374713
374997
375030
375088
375164
375285
375421
375516
375618
375622
375630
376079
376101
376219
376571
377012
377106
377160
377453
377778
378192
378288
378477
378677
378907
378965
379343
379612
379639
379715
379723
379816
379833
379908
380537
380789
380907
380912
381202
381697
381917
382350
382970
383182
383356
383403
383591
383617
383732
384052
384578
384603
385241
385662
386057
386414
386591
387187
387378
387633
388030
388117
388384
388788
388851
389057
389081
389090
389184
389395
389692
390040
390119
390180
390871
391111
391174
391305
391584
391613
391746
391944
392068
392238
392261
392297
392500
392614
392642
392788
393118
393297
393305
393337
393585
394197
394288
394374
394456
394529
394632
394753
394804
394844
395326
395442
395553
395801
396362
396430
396442
396497
396545
396656
398225
398265
398898
398984
399125
399160
399357
399501
399598
399995
400194
400205
400552
400675
400921
401232
401292
401311
401620
401675
401768
401779
402114
402167
402799
402875
402937
403389
403592
403611
403748
403951
404478
404634
404890
405031
405079
405110
405732
405995
406321
406594
406635
406685
406783
406917
407165
407203
408168
408318
408702
409073
409101
409288
409358
409428
409749
409829
409923
409933
410065
410376
410483
410545
410641
410755
411111
411687
411878
412150
412259
412479
412770
412966
412996
413158
413166
413504
414091
414390
414485
414486
414510
415046
415077
415148
415197
415362
415728
416020
416132
416326
416916
417005
417407
417716
417936
418273
418671
418849
418898
418939
418944
419534
419724
419745
419908
420070
420369
420488
420498
420604
420642
420745
421734
422577
422782
422827
422846
422921
423095
423606
423616
423846
424096
424202
424234
424332
425226
425402
425444
425677
425686
426375
426464
426718
426904
426927
427122
428053
428054
428512
428620
428705
428788
429417
429469
429686
429813
429894
429990
430278
430548
430633
430761
431317
431377
431380
431475
431507
431803
431938
431989
432040
432085
432486
432613
432967
433006
433051
433116
433160
433245
433711
434293
434675
434739
435043
435061
435287
435432
435485
435673
435770
436000
436117
436161
436422
436464
436724
436735
437282
437441
437593
437909
437973
438427
438461
438496
439152
439347
439484
439520
439574
439591
439983
440360
440420
440546
440549
440692
440785
441076
441235
441577
441640
441816
441979
442093
442538
442593
442691
442940
443095
443396
443457
443782
443944
444289
444321
444519
444645
444775
445055
445148
445157
445270
445326
445432
445433
445540
445882
445967
446216
446323
446333
446435
446753
446864
446902
446986
447554
447647
447805
447898
448169
448234
448256
448692
448768
448786
448813
448821
448984
449381
449869
450161
450460
450544
450628
450651
450841
450871
451067
451196
451283
451600
452001
452045
452102
452430
453060
453205
453360
453657
453673
453771
453810
453886
454032
454393
455375
455869
456401
456520
456584
456763
456875
456900
457032
457315
457326
458032
458471
458702
458883
459059
459573
460554
460595
460758
461133
461594
461886
461991
462022
462073
462356
462443
462535
463063
463083
463176
463325
463348
463567
463688
463914
464093
464173
464193
464671
464704
465088
465105
465146
465362
465839
465917
465933
466156
466645
466894
467197
467493
467569
468383
468586
468629
468739
468801
469104
469140
469184
469331
469491
469558
469599
469649
469948
470155
470253
470566
470581
470803
471037
471774
471898
472361
472563
472650
472670
473059
473275
473320
473891
473967
474041
474176
474272
474462
474848
475153
475305
475343
475617
476108
476245
476642
477043
477117
477214
477487
477643
477830
478175
478774
478812
478859
479440
479530
479688
479775
479823
480090
480135
480569
480583
480859
480960
481014
481271
481428
481720
482008
482215
482234
482271
482453
482586
482726
482815
482883
482887
483539
483623
483827
483847
483976
483993
483999
484539
484728
484852
484998
485001
485082
485151
485614
485699
485911
486423
486588
486696
486730
486858
486990
487134
487586
487725
487967
488161
488547
489088
489123
489222
489556
489729
489898
490085
490255
490798
490805
491319
491930
491942
491983
492087
492416
492638
492669
492700
492741
492794
492822
492967
493271
493357
493827
494108
494294
494424
495236
495275
495509
495646
496408
496441
496541
496573
496763
496866
496966
497030
497498
497513
498049
498475
498612
498661
498701
498862
498897
499271
499709
499732
499916
500664
500685
500893
501180
501386
501611
501741
501852
502140
502803
503268
503313
503314
503322
503829
503971
504421
504675
504935
504963
505048
505069
505141
505747
505871
506067
506082
506172
506285
506337
506510
506658
506672
506787
506827
506935
506952
507240
507485
507670
507697
507742
507929
508029
508072
508412
508586
508850
509557
509856
509903
510112
510128
510170
510332
510367
510545
510818
510875
510885
511117
511435
511629
511818
511879
511906
511986
512103
512163
512432
512446
512816
512844
513315
513503
514494
514688
514960
515030
515341
515441
515809
516007
516052
516203
516613
516902
517062
517156
517482
517670
518173
518740
518768
518773
518943
519116
519165
519221
519678
519979
520003
520271
520327
520707
520840
521216
521594
521798
521840
522468
522902
523055
523359
523844
524050
524233
524865
525012
525217
525245
525599
525629
525716
525740
526176
526726
526954
526957
527337
527419
527760
527998
528002
528665
528824
529329
529400
529857
530154
530563
530571
530583
530602
530837
531007
531358
531459
531724
531849
531899
531967
532300
533185
533186
533271
533820
533823
534251
534264
534322
534491
534530
534562
534576
534626
534736
534817
535115
535251
535311
535410
535454
535757
535862
535874
535937
536248
536255
536622
536770
537564
537731
537878
537937
538273
538509
538527
538583
538742
538918
539179
539568
539577
539661
540021
540182
540345
540426
540514
540878
541170
541771
541783
541825
542099
542103
542106
542332
542495
542555
542612
542732
543116
543223
543292
543295
543504
544087
544168
544287
544434
544673
544675
544701
544949
545433
545605
545824
545883
546023
546239
546593
546735
546867
547191
547256
547584
547806
548000
548080
548343
548639
548808
548891
549129
549146
549179
549365
549501
549682
549736
549894
550070
550115
550314
550671
550888
551488
551684
551811
551967
551975
552554
552690
552715
552894
553182
553217
553228
553448
553691
554000
554210
554263
554433
554449
554483
554874
555072
555100
555148
555201
555571
555625
556129
556402
556639
556708
556762
557104
557386
557422
557464
558089
558796
558845
558985
559040
559211
560059
560162
560187
560590
560613
560956
561004
561043
561352
561842
562072
562083
562089
562220
562303
562408
562567
562578
562634
562767
562768
563637
563980
564675
565392
565397
565509
565787
566145
567220
567274
567388
567630
567817
567875
568122
568337
568560
568682
569229
569354
569551
569647
569683
569936
570421
570739
571552
571749
571751
571851
572218
572394
572403
572751
572775
572782
572851
573081
573445
573558
573614
573614
573843
573915
574075
574076
574180
574441
574609
574639
574940
575533
575794
575953
576050
576464
576716
576829
576832
576870
577214
577304
577581
577707
577996
578043
578396
578471
578544
578544
578604
578746
578966
579015
579115
579288
579356
579412
580447
580455
580643
580930
581188
581358
581589
581604
582373
582378
582425
582447
582605
582644
582835
582868
582919
583350
583443
583508
583617
583671
583704
583735
583868
584108
584142
584263
584483
584491
584690
584693
584717
584817
584823
584862
584980
585035
585599
585875
585882
586246
586416
586432
586829
586974
587045
587368
587574
587659
587758
588179
588249
588307
588454
588521
588566
588712
588760
588904
589069
589130
589169
589228
589282
589389
589463
589703
589739
589805
589913
589983
590052
590063
590233
590258
590321
590473
590537
590605
590752
591242
591254
591626
591724
591925
592010
592015
592300
592528
592762
592769
592827
592871
592953
592989
593148
593351
593396
593664
593679
593751
594199
594428
594535
594567
594618
595275
595371
595430
595686
595725
595879
596620
596786
596984
596997
597302
597313
597716
597756
597760
598292
598330
598434
598442
598680
598758
598760
598776
599013
599020
599083
599351
599392
599596
599738
600078
600202
600262
600820
600962
601392
601851
601912
601933
602138
602224
602506
602737
603120
603539
603570
603635
603814
603972
604229
604288
604297
604383
604607
604737
604768
604804
604809
604884
604884
604966
605211
605340
605349
605387
605494
605499
606151
606201
606326
606356
606515
606525
606883
606936
607151
607230
607282
607645
607714
607790
608423
608842
609028
609125
609388
609446
609511
609657
609889
609977
610037
610121
610121
610487
610853
610986
611493
611799
611920
611960
612073
612688
612845
613438
613510
613933
614281
614301
614357
614968
615022
615335
615835
616350
616670
616895
616979
617034
617159
617161
617796
617800
617957
618712
618907
618915
618946
619376
619398
619725
619850
620360
620539
620601
620618
620858
620979
621038
621105
621680
622043
622199
622260
622610
622780
623224
623490
623540
623650
623706
623886
624018
624585
624595
624878
625039
625095
625527
625792
625884
626420
626466
626478
626610
626618
626746
626920
626967
627181
627723
628064
628130
628661
628835
628998
629105
629159
629183
629242
629321
629333
629408
629450
629627
629678
629963
630028
630331
630380
630436
630517
630618
630721
631007
631051
631079
631400
631679
631825
631849
631849
632059
632110
632241
632277
632448
632673
632882
632926
633235
633281
633489
633729
633969
634031
634120
634324
634476
634748
635304
636278
636421
637067
637347
637351
637486
637505
637702
637860
638017
638078
638397
638415
638553
639452
639585
640025
640088
640193
640430
640477
640711
640780
641631
641680
641798
641944
642317
642384
642506
642763
643001
643238
643288
643514
643954
643989
643999
644008
644537
644918
645217
645226
645270
645315
645955
646098
646653
646673
646685
646807
647397
647517
647798
648016
648095
648286
648569
648791
649536
649625
649709
649769
649822
649889
650095
650129
650294
650417
650477
650608
650681
650717
651559
651705
652361
652371
652448
652553
652628
653255
653328
653614
653651
654014
654028
654103
654147
654218
654438
654789
655070
655103
655134
655264
655311
655491
655509
655830
655854
656269
656350
656435
656451
656606
656701
656722
656816
657091
657205
657461
657660
657746
657849
657914
658292
658633
658775
658826
659193
659526
659543
659763
659821
660049
660055
660301
661145
661230
661358
661569
661594
661908
662438
662904
663023
663085
663260
663508
663586
663884
664027
664060
664681
664910
665267
665844
666268
666454
666463
666968
667073
667109
667337
667426
667468
667630
667833
667959
669228
669393
669677
669679
669877
670026
670099
670367
670959
671820
672718
673210
673235
673250
673321
673361
673680
673975
674021
674071
674101
674308
674517
674519
674645
674878
674903
675121
675168
675265
675450
675609
675798
676038
676204
676444
676513
676776
676848
676897
677041
677184
677213
677970
678127
678309
678974
679292
679301
679395
679785
679854
679920
680043
680369
680438
680625
680634
680930
680986
681028
681286
681313
681889
681927
682064
682069
682094
682119
682160
682810
682910
683218
683346
683509
683594
683745
684392
684417
684507
684698
684777
685194
685254
685259
685530
685605
685913
685927
685986
686140
686404
686846
687210
687219
687268
687345
687542
687567
687623
688376
688481
688660
688663
688673
688886
688976
689106
689275
689680
690425
690684
690751
690946
691022
691324
692092
692251
692330
692558
692750
692765
692797
692913
692939
693023
693072
693716
694287
694317
694359
695358
696129
696388
696687
696743
697007
697270
697406
697771
698143
698185
698190
698320
698493
698566
698728
698784
698947
698966
699009
699106
699109
699161
699238
699355
699364
699456
699735
699861
699919
700303
700314
700385
700642
700825
700954
701132
701267
701452
701618
701621
702551
702629
702661
703062
703346
703361
703484
703824
704022
704483
704599
704722
704879
705766
705822
706047
706355
706530
706717
706774
707095
707216
707353
707375
707447
707534
707573
707662
707819
708049
708082
708240
708902
708978
709299
709411
709525
709531
709885
710382
710650
710738
710776
710782
711133
711159
711185
711297
711508
711692
711815
711887
711888
712238
712248
712330
712491
712750
712990
713904
713987
714085
715194
715211
715304
715579
716464
716495
716661
717083
717217
717340
717542
718118
718163
718255
718400
718425
718556
718605
718635
718723
718737
718769
718908
719079
719216
719293
719366
719450
719553
719756
719898
719979
720068
720204
720317
720876
721099
721108
721549
721586
721623
721637
721692
722053
722123
722173
722316
722364
722697
722836
723225
723538
723721
723954
724262
724265
724336
724799
724800
724970
725084
725117
725479
725631
725725
726172
726268
726281
726480
726770
726935
727707
727875
727889
727927
728223
728384
728397
728404
728609
728655
728830
729627
729646
729982
730388
730851
731305
731422
731684
731745
732114
732439
732524
732538
732603
732697
732811
732832
733021
733304
733682
734060
734216
734310
734640
734670
735253
736148
736234
736238
736644
736656
736903
737037
737100
737254
737946
737958
738195
738907
738986
739145
739963
740104
740325
740346
740482
740561
740587
741092
741352
741624
742027
742064
743042
743386
743522
743879
744022
744250
744429
744927
745234
745544
745736
745938
746780
746801
747124
747256
747411
747694
747700
748041
748091
748163
748214
748258
748533
748984
748991
749564
750001
750162
750309
750917
750980
751272
751538
751863
752187
752419
752618
753853
753933
754415
754483
754837
755031
755182
755199
755232
755240
755264
755298
755447
755610
755698
755768
756089
756487
756767
756811
756822
757142
757513
757584
757742
757905
758185
758576
758705
758976
759964
760983
761229
761283
761408
761616
761859
761945
761966
762139
762391
762409
762415
762471
762750
762810
762939
762962
763091
763133
763227
763793
763807
764584
764855
764855
765059
765117
765475
765549
765569
765762
765787
766484
766543
766763
766918
766940
766978
767090
767131
767362
767581
767623
767705
767714
767843
767939
768114
768525
768600
768606
768707
768835
769289
769508
769722
769730
769929
770073
770095
770376
770382
770627
770806
770915
771174
771320
771919
772422
772635
772693
772838
772913
773718
773945
774032
774363
774376
774651
774664
774707
774714
774851
775302
775989
776081
776296
776386
776426
776729
776812
777135
777214
777220
777480
777563
777675
777745
778328
778385
778516
778706
779366
779383
780441
780790
780974
781213
781261
781401
781677
782398
782845
783056
783260
783606
783638
783772
784275
784641
784691
784891
784973
785070
785078
785292
785310
785537
785927
785959
785977
786325
786624
786772
786831
787044
787231
787432
787476
787532
787552
787662
787685
788210
788348
788621
788722
788800
789248
789724
789754
789963
790388
790801
791004
791124
791295
791411
791487
791538
791615
791925
792039
792269
792383
792521
793926
794515
794659
794991
795063
795197
795222
795399
795737
795972
796260
796485
796834
796945
797006
797007
797124
797639
797800
797864
798261
798421
798540
798560
798570
798851
799042
799060
799062
799766
799844
800050
800423
800530
801247
801372
801517
801967
802094
802597
802687
802739
802846
802915
803057
803102
803284
803329
803431
803546
803565
803669
803776
803910
804190
804218
804609
804726
804949
805825
806304
806330
806345
806713
807059
807146
807483
807644
807767
807853
807956
808034
808226
808434
808477
808553
808765
808837
809500
809569
809658
809949
810551
810670
810823
810928
810992
811528
811868
811932
812314
812367
812631
812778
813382
813571
813751
813752
814169
814213
814233
814571
814719
814851
815438
815519
816710
816891
816892
817008
817045
817134
817207
817415
817606
817876
818163
818255
818433
818769
818780
818793
818944
819029
819587
819625
819707
819869
820045
820250
820251
820690
820712
820755
821076
821417
821519
821655
822243
822738
822916
822979
823141
823440
823458
823461
823829
823877
824290
824365
824519
824550
824572
824637
824750
824793
824867
824921
825219
825481
825546
825817
825825
826083
826198
826542
827249
827314
827677
827722
827794
828056
828249
828310
828648
828699
829020
829138
829311
829632
829658
829737
829750
829891
830196
830421
830673
830678
831100
831826
831976
831981
832070
832089
832183
832193
832415
833007
833545
833714
833976
834066
834286
834311
834354
835269
835346
835457
836251
836257
836386
836436
837375
837476
837529
837699
837786
837814
837979
838169
838475
838520
840444
840485
840524
840671
841000
841198
841446
841446
841482
841513
841520
841546
841730
841934
842100
842278
842673
842742
843303
843509
843509
843856
844393
844722
844867
844885
845309
845518
845921
845975
846069
846175
846327
846488
846706
846797
846972
847059
847060
847946
847972
848465
848961
849178
849282
849404
849459
849708
849883
849886
849900
849977
850094
850213
850709
850873
851274
851434
851927
851967
852016
852416
852542
852676
852973
852985
852993
853068
853315
853368
853772
853836
853975
854241
854407
854793
855127
856301
856475
856560
856987
857246
857344
857490
858464
858617
858770
858791
859253
859399
859654
859665
860169
860545
860594
860766
860966
861002
861025
861443
861629
862418
862704
862810
862875
863162
863165
863437
863623
863641
863766
864074
864125
864376
864475
864626
864641
865022
865119
865299
865407
865536
865724
865951
866564
866877
867303
867357
867506
868054
868162
868220
868800
868804
869101
869147
869396
870474
870626
870826
871454
871788
871940
872230
872578
872790
873085
873304
873599
873827
873884
873914
874121
874402
874484
874642
875122
875348
875619
875651
875874
875909
876592
876833
877075
877077
877289
877355
877587
877599
877790
878034
878142
878173
878308
878312
878497
878692
879300
879946
880080
880223
880273
880342
880523
880550
880873
881020
881168
881311
881333
881338
881687
882179
882541
882617
882727
883193
883312
883320
883957
884021
884201
884208
884299
884569
884951
885097
885432
885474
885933
886324
886376
886615
886641
886740
886758
887234
887239
887359
887525
887559
887594
887631
887719
888256
888314
888847
889081
889230
889260
889586
889837
889975
890032
890132
890667
890753
891306
891344
891404
891439
892426
892584
892733
892763
892772
892837
893000
893090
893165
893213
893351
893855
894233
894377
894407
894645
894786
894934
895395
895556
895790
895823
896251
896332
896362
896431
896458
896535
896782
896826
896927
897083
897391
897558
897998
898065
898686
899219
899251
899421
899421
899436
899770
899789
899901
900152
900211
900502
900628
900808
900855
901330
901933
902252
902935
903010
903736
904772
905152
905401
905887
905910
906472
906507
906540
906645
906944
907297
907440
907560
907604
907779
908117
908154
908268
908315
908506
908860
908985
909402
909571
910911
910945
911065
911258
911346
911427
911539
912382
912664
912672
912826
912840
912950
913307
913387
913564
913882
914013
914217
915206
915292
915764
915806
915885
916264
916416
916470
916588
916743
917128
917245
917544
917695
917845
917858
918027
918046
918058
918122
918191
918192
918353
919041
919126
919204
919395
919405
919504
919520
919528
919565
919784
920255
920276
921018
921274
921733
921831
921898
922161
922169
922544
922565
922577
922852
922903
923349
923976
924013
924021
924457
924507
924616
924906
925135
925308
925417
925590
926006
926252
926311
926375
926453
926750
927111
927138
927240
927735
927974
928545
928770
928830
929233
929278
929856
930225
930259
930283
930459
930516
930536
930591
930969
931340
931931
932027
932066
932300
933067
933068
933247
933465
933478
933511
933535
934128
934133
934451
934592
934804
934963
935043
935240
935635
935934
936107
936210
936241
936897
936922
936999
937180
937718
937997
938797
939038
939051
939256
940033
940462
940720
941457
942910
942921
943154
943190
943690
943932
944007
944269
944379
944432
944439
944710
944728
944897
945016
945033
945257
945289
945399
945513
945918
946019
946179
946349
946420
946584
946586
946723
947142
947252
947265
947496
947522
948056
948365
949051
949198
949363
949549
949710
949836
949921
950254
950829
951083
951690
952074
952193
952205
952226
952622
952686
952764
952766
952940
953043
953107
953305
953405
953610
953656
954168
954396
954424
954764
954769
954957
955606
955648
955735
955828
955831
955877
955914
955917
955986
956467
956495
956497
956516
956822
956910
957255
957528
957575
957725
957725
958783
958854
959102
959234
959303
959737
961071
961180
961453
961514
961946
962037
962131
962177
962511
963960
964036
964332
964476
964516
964684
965154
965265
965321
965397
965751
965900
966517
966768
966945
966963
966992
967002
967046
967326
967675
967719
967792
967797
968169
968450
968520
968590
968705
968761
968993
969167
969352
969414
969556
969594
969666
969696
970506
970610
970923
971135
971217
971445
971804
972297
972507
972758
972917
972922
972971
973020
973200
973276
973277
973764
973810
974139
974431
974604
974623
974872
974969
975164
975424
975775
975878
976265
976573
976769
976983
977046
977177
977251
977443
977602
977741
977911
977922
977975
978002
978212
978436
978450
978456
978855
979250
979494
979494
979938
979941
980115
980381
980662
980666
980995
980998
981294
981434
981531
981605
981968
982174
982228
982243
982363
983317
983596
983643
983767
983783
984226
984383
984555
984635
984943
985327
985605
985806
986005
986252
986506
986605
986664
986825
986872
987347
987427
987523
987646
987892
988142
988348
988454
988655
989364
989589
989617
990143
990163
990426
990542
990694
990732
990827
991417
991728
991905
991983
992015
992037
992158
992303
992893
993083
993134
993203
993235
993286
993858
994553
994771
995094
995158
995360
995472
995669
995740
995826
996041
996415
996751
996761
996854
996970
997055
997574
997623
997624
998059
998173
999025
999029
999333
999350
999400
999595
999598
999803
999896
999924
