10000
1
3
130
214
220
501
589
659
689
866
979
1048
1099
1179
1191
1223
1517
1523
1541
1542
1597
1647
1971
1981
2058
2229
2230
2346
2346
2783
2790
2911
2968
2990
3086
3202
3250
3303
3372
3674
3709
4123
4173
4215
4282
4285
4524
4757
4775
4891
5003
5100
5272
5302
5335
5335
5426
5438
5693
5714
5819
5850
5875
5889
6035
6107
6178
6276
6333
6367
6413
6514
6658
6660
6674
6959
7013
7206
7314
7322
7551
7617
7678
7688
7734
7911
7998
8002
8053
8110
8129
8262
8372
8440
8493
8530
8653
8781
8792
8805
8905
8982
9020
9036
9088
9126
9392
9524
9748
9801
10099
10115
10166
10181
10242
10319
10332
10388
10423
10462
10495
10537
10850
10974
11180
11205
11318
11347
11423
11663
11729
11874
12002
12075
12077
12135
12297
12313
12343
12368
12409
12507
12674
12709
12899
12968
12978
13217
13222
13245
13408
13435
13463
13466
13536
13627
13746
13951
14195
14404
14554
14625
14704
15133
15186
15193
15260
15304
15337
15430
15496
15613
15937
16113
16413
16507
16512
16539
16925
17157
17319
17325
17418
17480
17709
17737
17967
18051
18057
18095
18290
18321
18490
18738
18794
19073
19087
19457
19681
19683
20218
20229
20422
20539
20789
20863
20921
20922
21002
21042
21211
21316
21323
21490
21563
21665
21750
21807
21902
21991
22023
22053
22570
22592
22928
23009
23028
23086
23145
23217
23412
23467
23493
23604
23632
23751
23803
23871
24075
24308
24398
24490
24517
24528
24753
25069
25081
25137
25294
25343
25351
25505
25617
25732
25965
26083
26200
26510
26676
26783
26853
26855
26861
26866
26968
27039
27096
27119
27250
27261
27499
27512
27513
27739
27813
28080
28115
28584
28641
28736
28740
28768
28872
28894
29025
29146
29344
29665
29775
29777
29821
29829
30059
30429
30441
30472
30518
30546
30913
31143
31143
31398
31507
31538
32068
32385
32462
32499
32675
32741
32768
32870
32873
33248
33252
33253
33265
33452
33454
33822
33826
33930
34023
34066
34104
34257
34380
34563
34565
34581
34603
34701
34784
34929
34940
35111
35211
35285
35648
35703
35721
35749
35798
36014
36025
36100
36185
36268
36308
36398
36554
36683
36764
36821
36867
37084
37105
37261
37391
37395
37498
37552
37927
38196
38199
38203
38224
38249
38285
38335
38463
38525
38783
38833
38857
38924
39224
39332
39375
39837
39889
40053
40199
40322
40353
40446
40594
40667
40708
40768
40985
41386
41388
41483
42064
42098
42176
42340
42404
42435
42436
42471
42471
42513
42856
42937
42948
42965
42979
43068
43123
43160
43396
43530
43615
43741
43809
43815
43848
43857
43969
43992
44035
44167
44214
44251
44388
44737
45110
45226
45331
45442
45501
45566
45742
45778
45934
46013
46092
46130
46224
46268
46352
46398
46475
46534
46580
46765
46791
47249
47359
47384
47403
47475
47537
47652
47694
47753
47793
47898
47914
48066
48119
48179
48407
48434
48772
48900
48925
49095
49100
49175
49294
49440
49444
49643
49801
49835
50075
50283
50308
50370
50405
50421
50444
50446
50589
50682
51038
51180
51276
51277
51317
51317
51377
51481
51584
51651
51752
51765
51775
51777
51889
51964
51997
52196
52362
52392
52460
52466
52624
52904
52928
52989
53003
53066
53131
53295
53365
53468
53621
53758
53783
53783
54073
54103
54126
54147
54229
54329
54366
54378
54564
54738
55167
55184
55453
55585
55593
55661
55726
56006
56189
56207
56228
56278
56304
56501
56574
56842
56864
57485
57547
57629
57911
58031
58222
58270
58381
58536
58627
58702
58835
58924
59241
59595
59629
59861
59868
59879
60082
60122
60467
60605
60831
60997
61033
61327
61378
61623
61651
61729
61749
61841
61927
61997
62002
62107
62127
62258
62436
62564
62568
62580
62672
62774
62923
62952
63117
63380
63448
63608
63800
63869
63933
63975
64063
64123
64294
64294
64340
64468
64581
64884
64884
64887
64974
65013
65068
65088
65150
65303
65343
65380
65471
65678
65790
66056
66068
66134
66205
66266
66278
66375
66465
66512
66553
66704
66728
66796
66868
66940
66959
67027
67095
67342
67387
67549
67619
67634
67731
67978
68076
68164
68206
68221
68365
68492
68522
68836
69038
69114
69291
69483
69556
69574
69815
69818
69976
70106
70135
70320
70331
70333
70335
70404
70542
70634
70744
70887
71227
71329
71384
71392
71457
71635
71670
72100
72119
72139
72185
72295
72375
72431
72464
72548
72618
72643
72782
72824
72857
72948
73028
73105
73135
73167
73345
73367
73400
73423
73449
73531
73565
73655
73826
73901
73919
73963
74036
74127
74207
74227
74327
74380
74756
74805
74959
75063
75477
75492
75804
75864
76095
76194
76204
76235
76407
76488
76499
76648
76711
76847
76868
76921
76967
76975
77018
77053
77112
77231
77256
77318
77477
77703
77740
77812
77916
78008
78011
78051
78195
78223
78322
78414
78685
78764
78805
78970
79027
79126
79128
79288
79326
79442
79468
79515
79516
79561
79785
79788
79945
80044
80215
80250
80301
80321
80382
80418
80460
80684
80693
80737
80760
80776
80828
80860
80980
80999
81011
81058
81069
81214
81318
81324
81396
81430
81585
81606
81768
81922
82033
82045
82746
82833
82837
82863
82929
83052
83202
83452
83504
83530
83606
83659
83663
83682
83886
84046
84229
84290
84322
84404
84496
84594
84594
84944
85124
85347
85444
85520
85622
85769
85789
85850
85878
86007
86026
86053
86106
86219
86244
86304
86334
86450
86530
86866
86949
86963
87211
87251
87261
87367
87398
87806
87820
87861
88084
88138
88403
88628
88661
88900
88960
89011
89188
89557
89651
90067
90227
90406
90562
90587
90611
90882
90902
90931
90936
90980
91293
91308
91342
91376
91405
91577
91676
91707
91747
91858
91948
92170
92196
92306
92353
92400
92482
92556
92559
92639
92725
92781
92806
92827
92875
92946
92956
93016
93038
93273
93275
93388
93723
93816
94136
94305
94452
94479
94751
94917
94923
95196
95311
95319
95321
95388
95500
95564
95713
95805
95833
96063
96152
96254
96258
96355
96497
96502
96525
96608
96683
96704
96809
96931
97008
97130
97269
97425
97459
97476
97692
97779
97845
97902
97932
97953
98029
98080
98133
98139
98352
98389
98562
98627
98908
99090
99180
99202
99205
99326
99342
99359
99448
99554
99626
99733
99895
100061
100082
100161
100437
100587
100612
100747
100953
101293
101294
101412
101700
101723
101981
102028
102038
102081
102197
102214
102265
102356
102373
102452
102725
102981
103035
103125
103159
103160
103344
103352
103558
103662
103792
104081
104089
104126
104154
104186
104218
104647
104737
104793
104966
105016
105171
105182
105228
105371
105524
105550
105829
106032
106130
106212
106233
106343
106482
106527
106633
106780
106818
106842
106912
106947
107388
107634
107780
107788
107790
107871
107938
108138
108216
108271
108322
108352
108441
108566
108631
108759
108824
109193
109383
109396
109402
109432
109480
109530
109544
109601
109738
109759
109782
109930
109930
109973
110063
110171
110226
110254
110378
110594
110686
110709
110822
110864
111061
111065
111203
111394
111419
111520
111577
111582
111635
111725
111906
112075
112092
112212
112227
112253
112262
112314
112373
112400
112553
112611
112916
112963
113128
113275
113483
113545
113596
113786
113940
113991
114166
114204
114229
114481
114528
114815
114881
114926
114936
115073
115163
115175
115209
115547
115715
115807
115830
116155
116266
116301
116329
116412
116636
116824
116944
116991
117082
117124
117172
117221
117275
117623
117679
117795
117843
117876
118042
118085
118405
118422
118517
118685
118924
118941
118958
119014
119159
119467
119535
119670
119845
119880
120011
120114
120156
120198
120204
120209
120220
120223
120316
120392
120477
120563
120632
120672
120684
120728
120946
120989
121111
121428
121457
121578
121838
122145
122196
122244
122360
122417
122490
122698
122796
122960
122961
123084
123131
123173
123186
123241
123289
123483
123759
123775
123874
123988
124009
124215
124337
124408
124457
124565
124574
124753
124893
124968
125335
125725
125730
125731
125743
125749
125763
126217
126371
126406
126522
126536
126581
126923
126923
126955
127061
127102
127186
127322
127328
127338
127436
127676
127713
127726
127844
127871
127875
127930
127938
128010
128014
128172
128218
128251
128385
128483
128517
128587
128773
128862
128904
128980
128982
129165
129280
129324
129429
129887
129939
130109
130134
130144
130167
130215
130358
130419
130535
130544
130584
130644
130718
130893
131057
131099
131206
131466
132033
132051
132095
132191
132261
132330
132551
132722
132753
132798
132912
132913
132938
133112
133163
133274
133274
133278
133279
133367
133406
133471
133503
133510
133647
133753
133913
133953
133957
134060
134143
134263
134267
134274
134302
134330
134352
134611
134707
134718
134844
134844
134904
134952
135147
135206
135257
135362
135491
135590
135657
135674
135696
135727
135783
135788
135810
135834
135892
135952
136162
136255
136451
136780
136833
137006
137056
137065
137131
137314
137318
137435
137526
137785
137821
138033
138139
138205
138270
138322
138360
138438
138518
138600
138692
138693
138720
138794
138857
138878
138930
138942
138976
138977
139026
139042
139061
139065
139588
139668
139752
139879
140124
140206
140220
140490
140543
140738
140804
140935
140945
140957
141077
141199
141211
141219
141305
141426
141445
141469
141480
141526
141539
141838
141911
141965
142045
142050
142086
142110
142157
142332
142370
142446
142470
142567
142790
142924
142977
143170
143267
143613
143668
143680
143768
143976
144052
144381
144485
144533
144595
144595
144620
144638
144843
144859
144877
144922
145013
145054
145072
145270
145443
145473
145676
145697
145741
145741
146148
146244
146405
146432
146467
146528
146626
146736
146745
146769
146813
146993
147082
147094
147207
147815
148251
148288
148399
148435
148512
148656
148682
148830
148848
148868
149175
149298
149561
149565
149636
149701
149936
150047
150081
150253
150354
150686
150822
150845
150893
150934
151222
151251
151334
151418
151659
151788
151973
152066
152137
152221
152360
152377
152383
152491
152517
152591
152772
152816
152842
152974
153045
153125
153145
153205
153364
153457
153768
153917
153920
154015
154289
154381
154541
154576
154736
155077
155200
155472
155528
155614
155664
155891
155892
155984
156318
156527
156558
156631
156669
156777
156803
156823
156915
156924
156931
156985
157038
157050
157200
157419
157694
157712
157868
157918
157951
157969
158006
158040
158428
158436
158449
158499
158607
158618
158808
158853
158929
158944
159103
159145
159151
159215
159320
159459
159485
159506
159519
159528
159550
159580
160482
160487
160915
160999
161018
161160
161287
161430
161571
161936
161991
162239
162275
162296
162335
162421
162582
162693
163172
163185
163294
163679
163716
163729
163777
163820
163887
164018
164105
164122
164135
164230
164374
164409
164638
164721
164810
164837
164918
165026
165260
165540
165564
165649
165823
165869
165910
166036
166084
166087
166108
166411
166421
166478
166479
166591
166604
166711
166941
167123
167225
167354
167364
167577
167694
167837
167849
168163
168475
168691
168735
168792
168924
169003
169075
169230
169390
169404
169461
169622
169971
170202
170375
170562
170584
170636
170664
170678
170735
170983
171073
171106
171136
171148
171195
171256
171793
171805
171864
171880
172000
172139
172284
172412
172413
172589
172691
172696
172754
172775
172779
172830
172931
172941
172965
172975
173023
173038
173055
173083
173148
173179
173209
173324
173408
173411
173499
173505
173697
173756
173758
173853
173946
173981
174029
174130
174178
174200
174235
174270
174332
174351
174367
174373
174373
174423
174436
174668
174713
174759
174855
174892
174896
174936
175038
175262
175417
175458
175482
175526
175590
175640
175659
175774
175986
176003
176245
176296
176494
176831
176846
177046
177071
177181
177190
177228
177268
177371
177787
177796
178165
178222
178320
178388
178419
178453
178862
179117
179294
179342
179449
179496
179648
179813
179835
179933
180224
180343
180375
180649
180671
180841
181021
181100
181103
181112
181120
181160
181216
181301
181317
181371
181442
181638
181762
181786
182070
182250
182317
182381
182392
182829
182839
182866
182887
183123
183188
183188
183391
183467
183842
183844
184063
184338
184350
184416
184628
184931
185082
185231
185272
185582
185726
185887
186062
186081
186149
186178
186208
186226
186348
186495
186634
186879
187128
187242
187299
187329
187358
187383
187392
187424
187447
187464
187506
187525
187568
187634
187668
187730
187871
187946
187993
188389
188484
188718
188733
188823
189323
189372
189431
189547
189609
189673
189796
189895
189899
189993
190084
190260
190354
190644
190720
190761
190780
190806
190823
190837
190984
191174
191239
191295
191336
191346
191993
192099
192170
192217
192228
192276
192573
192665
192756
193014
193088
193243
193254
193324
193364
193411
193453
193486
193511
193524
193532
193543
193557
193637
193664
193926
193977
194033
194092
194115
194286
194441
194468
194532
194554
194729
194755
194815
194934
195200
195288
195339
195346
195382
195452
195627
195925
195958
195990
196010
196153
196250
196342
196379
196513
196530
196557
196704
196775
196921
197364
197455
197561
197562
197945
197955
197966
198280
198384
198389
198476
198530
198591
198983
199107
199193
199356
199450
199481
199601
199699
199767
199838
199998
200035
200078
200148
200200
200328
200342
200351
200411
200456
200522
200647
200741
200911
201193
201379
201474
201535
201605
201644
201703
201826
201858
201953
201961
202227
202249
202276
202494
202499
202626
202728
202761
202775
202850
202883
202912
203098
203111
203511
203623
203634
203638
203661
203706
203738
203868
203912
204046
204295
204581
204619
204630
204702
204719
204801
205142
205203
205361
205542
205601
205752
205756
205846
205881
206087
206136
206174
206251
206269
206396
206427
206578
206702
206924
206955
206981
207122
207187
207190
207192
207243
207249
207251
207261
207268
207297
207302
207310
207369
207520
207536
207597
207652
207727
207734
207882
207945
208025
208059
208089
208194
208376
208576
208634
208800
208952
209001
209278
209371
209392
209490
209640
209698
209723
209786
209787
209799
210224
210330
210388
210449
210557
210578
210648
210733
210772
211284
211661
211686
211712
211779
211993
212286
212443
212469
212621
212772
212860
212932
213196
213243
213310
213388
213433
213441
213453
213477
213517
213530
213576
213581
213625
213665
213764
214018
214021
214116
214233
214418
214577
214755
214894
214907
214997
215271
215538
215582
215653
215669
215762
215845
215952
216034
216071
216247
216249
216401
216420
216441
216511
216521
216543
216805
216809
216979
217013
217201
217269
217391
217502
217531
217571
217615
217665
217803
217881
218069
218105
218105
218203
218310
218332
218372
218670
218915
219042
219058
219132
219225
219249
219419
219611
219685
219955
219983
220027
220045
220063
220105
220136
220202
220354
220404
220464
220527
220539
220544
220564
220763
220803
220934
220992
221254
221334
221397
221681
221960
222051
222066
222089
222175
222190
222297
222427
222516
222530
222746
222818
222849
222860
222929
223002
223012
223016
223119
223320
223682
223694
223705
224019
224114
224328
224360
224426
224469
224496
224534
224632
224910
224969
225283
225421
225619
225752
225899
225913
225963
226015
226175
226332
226337
226496
226556
226606
226632
226640
226642
226783
226933
227252
227310
227441
227544
227557
227670
227713
227805
227808
227909
228104
228129
228341
228451
228498
228507
228688
228724
228738
228904
228920
229112
229195
229248
229266
229592
229639
229799
229980
230063
230239
230353
230357
230476
230722
231053
231432
231519
231649
231724
231938
231997
232091
232132
232279
232305
232341
232448
232653
232688
232757
232769
232837
232855
232924
232941
232946
232968
232986
232999
233049
233286
233481
233504
233520
233578
234027
234353
234424
234437
234480
234526
234694
234901
234958
235020
235102
235115
235332
235364
235452
235459
235504
235610
235880
235890
236155
236213
236340
236386
236491
236590
236628
236789
236821
236839
236853
236898
236912
237239
237296
237505
237591
237594
237600
237653
237703
237746
237939
237993
238106
238113
238217
238464
238549
238857
238883
238888
238895
238944
238950
239023
239040
239115
239226
239279
239294
239403
239541
239546
239553
239566
239578
239632
239650
239854
239873
240019
240021
240073
240336
240449
240569
240577
240622
240712
240740
240896
240923
241069
241212
241339
241537
241662
241729
241748
241883
241953
241958
242376
242619
242654
242762
242938
242950
243034
243180
243246
243322
243342
243741
243794
243826
243855
243916
243979
244059
244774
244890
244913
244962
245186
245347
245464
245482
245493
245498
245526
245596
245612
245628
245726
245872
246016
246108
246228
246237
246280
246750
246762
246794
246954
247351
247527
247548
247628
247663
247959
248093
248208
248266
248305
248331
248443
248540
248792
248907
248916
248940
248945
248967
249195
249331
249383
249643
249659
249733
249789
249971
250052
250077
250088
250201
250210
250248
250269
250422
250678
250777
250852
251090
251128
251146
251211
251451
251472
251541
251604
251722
251904
252004
252411
252584
252592
252731
252812
252884
252977
253001
253031
253281
253287
253383
253657
253737
253840
254098
254144
254190
254384
254518
254571
254815
254868
254921
254985
255114
255174
255201
255232
255305
255338
255420
255428
255442
255542
255857
256065
256360
256447
256451
256659
256707
256804
256901
257029
257045
257077
257096
257133
257141
257296
257381
257403
257478
257499
257579
257748
257834
258071
258234
258273
258333
258373
258454
258530
258653
258710
258745
258797
258826
258861
259243
259424
259508
259523
259598
259633
259942
260098
260139
260312
260417
260461
260487
260676
260721
260799
260866
261072
261144
261186
261255
261828
261996
262309
262460
262643
262685
262921
263011
263231
263306
263543
263573
263658
263672
263676
263771
263922
264103
264146
264169
264333
264476
264656
264718
264848
265228
265230
265509
265578
265649
265664
265754
265770
265797
265906
266007
266043
266126
266291
266307
266425
266469
266495
266613
266687
266752
266796
266903
266941
267019
267028
267097
267128
267280
267306
267311
267419
267445
267533
267629
267717
267779
267781
267799
267848
267969
268140
268148
268203
268316
268350
268526
268616
268633
268675
268854
268932
268959
269247
269268
269328
269450
269582
269662
269684
269812
269942
269971
270149
270229
270374
270421
270436
270469
270602
270677
270802
270865
270871
270892
270934
271080
271097
271393
271415
271422
271441
271537
271721
271763
271784
271790
271790
271834
271855
272042
272153
272190
272442
272533
272537
272541
272544
272631
272649
272658
272700
272888
272953
272999
273017
273172
273265
273272
273336
273340
273450
273460
273739
273814
273836
273954
274052
274118
274193
274199
274214
274228
274308
274312
274359
274754
274776
274848
274940
275061
275196
275449
275591
275666
275786
275888
275955
275988
275997
276181
276258
276348
276417
276451
276496
276616
276656
276682
276705
276957
276962
276993
276997
277210
277345
277399
277549
277567
277673
277742
277755
277764
277794
277821
277971
278043
278197
278231
278273
278404
278616
278684
278878
278896
278969
279107
279321
279496
279782
279794
279829
279844
279868
279901
279907
280115
280168
280173
280250
280645
280673
280824
280947
281232
281317
281369
281542
281585
281594
281708
281920
281971
281997
282015
282267
282354
282608
283035
283118
283138
283222
283261
283272
283292
283347
283562
283715
283785
283897
284201
284534
284547
284547
284894
285021
285025
285361
285363
285447
285479
285498
285503
285549
285580
285615
285819
285860
285876
285947
285975
285989
286013
286168
286557
286686
286718
286781
286873
286939
286988
287066
287074
287328
287367
287434
287445
287654
287677
287727
287857
288019
288396
288465
288788
288826
288840
288866
288945
288980
289235
289251
289251
289292
289306
289642
289647
289804
289834
289909
289914
289919
290046
290291
290452
290543
290574
290601
290674
290721
290776
290808
290872
291044
291102
291216
291472
291646
291660
291688
291710
291777
291904
291997
292577
292649
292908
293459
293518
293753
293811
294150
294162
294170
294385
294482
294553
294559
294725
294734
294744
295115
295166
295167
295227
295241
295241
295341
295563
295694
295791
295943
296051
296094
296292
296478
296681
296695
296703
296969
297007
297028
297142
297168
297192
297370
297469
297500
297559
297574
297718
297903
298158
298168
298516
298686
298948
299014
299156
299405
299439
299498
299538
299633
299751
299777
299793
299867
300103
300162
300209
300229
300508
300621
300673
300685
300691
300966
301260
301861
302244
302309
302504
302570
302675
302798
302837
302862
302875
303165
303255
303347
303373
303531
303545
303753
303836
303909
304057
304128
304161
304219
304279
304286
304491
304521
304792
304820
304831
304869
305010
305159
305286
305430
305745
305746
305813
305839
305919
305924
306028
306096
306251
306457
306582
306648
306780
306871
307305
307342
307606
307626
307772
307804
307883
308281
308351
308353
308523
308942
309000
309177
309202
309715
309726
309734
309735
309774
309785
310255
310287
310296
310338
310580
310958
311005
311793
311971
312097
312112
312188
312226
312314
312432
312446
312488
312528
312634
312741
312966
313073
313099
313529
313543
313610
313857
314034
314284
314467
314503
314558
314618
314922
315077
315129
315158
315178
315213
315344
315352
315488
315490
315514
315628
315685
315706
315718
315843
315864
315866
316118
316160
316347
316401
316436
316537
316649
316686
316838
316845
317086
317212
317324
317520
317524
317561
317601
317814
317875
317876
317968
317991
318132
318143
318236
318283
318531
318579
318580
318621
318764
318790
319185
319858
319873
320118
320591
320869
320915
320979
320988
321021
321048
321165
321340
321434
321464
321465
321498
321510
321543
321553
321605
321771
321776
321828
321851
321867
321904
321921
322109
322120
322233
322263
322299
322320
322349
322612
322616
322918
323013
323179
323195
323558
323718
323761
323863
323891
323986
324070
324131
324135
324524
324575
324624
324773
324936
325485
325506
325597
325640
325707
325732
325751
325819
325879
325957
326238
326360
326391
326443
326645
326662
326872
327179
327201
327265
327308
327332
327494
327593
327729
327808
327894
328064
328185
328242
328269
328309
328492
328573
328702
328766
328773
328813
328839
328882
329046
329137
329163
329203
329240
329273
329471
329512
329541
329621
329707
329712
329723
329728
329741
330228
330486
330551
330642
330730
330733
330756
330798
330798
330854
331003
331098
331143
331187
331228
331270
331326
331431
331499
331525
331710
331859
332045
332290
332363
332385
332493
332713
332727
332780
332905
332926
333031
333091
333118
333481
333561
333641
333840
334110
334306
334327
334346
334360
334409
334506
334510
334611
334742
334784
334918
334927
335079
335114
335397
335417
335901
335954
336152
336526
336529
336552
336656
336699
336745
336868
336888
336990
337014
337030
337043
337175
337180
337228
337432
337546
337563
337862
337911
337941
338083
338120
338377
338397
338668
338705
338707
338824
338943
339002
339029
339077
339085
339102
339121
339392
339437
339495
339515
339665
339712
339788
339824
339856
339875
339929
340051
340200
340268
340514
340530
340542
340697
340733
340752
340928
340946
341212
341298
341598
341703
341763
341915
342129
342175
342355
342564
342900
343081
343085
343302
343387
343402
343696
343708
343719
343785
343878
343919
343922
343960
343963
343994
344008
344102
344111
344161
344193
344230
344255
344260
344388
344589
344622
344632
344842
344847
345105
345138
345269
345383
345436
345572
345577
345605
345676
346027
346202
346520
346701
346733
346757
346885
346909
346924
347064
347098
347214
347317
347553
347705
347739
348094
348241
348251
348283
348353
348403
348423
348584
348666
348960
349072
349123
349298
349306
349392
349397
349409
349478
349515
349656
349668
349980
350162
350277
350379
350424
350518
350642
350771
350939
351173
351287
351289
351316
351393
351442
351459
351465
351644
351717
351798
351871
352041
352166
352187
352238
352537
352587
352616
352622
352641
352853
352927
353026
353143
353222
353253
353304
353372
353415
353446
353469
353635
353637
353649
353728
353889
353963
353967
354152
354299
354303
354375
354477
354637
354838
354921
355017
355027
355127
355161
355172
355187
355221
355252
355291
355402
355597
355600
355634
355701
355806
355847
355926
355956
356075
356190
356364
356444
356522
356546
356561
356627
356953
357010
357124
357470
357529
357827
357923
358011
358106
358247
358270
358365
358440
358575
358688
358696
358741
358769
358835
358866
359083
359111
359215
359578
359597
359601
359628
359717
359773
359922
359975
360120
360122
360160
360313
360338
360405
360430
360434
360701
360703
360781
361153
361169
361325
361553
361567
361731
361897
361933
361963
362029
362110
362121
362188
362289
362327
362465
362589
362617
362736
362778
362872
362992
363055
363157
363296
363299
363386
363577
363599
363852
364057
364189
364358
364550
364553
364695
364712
364917
365069
365152
365247
365259
365303
365395
365574
365761
365857
365938
365984
366091
366134
366165
366270
366439
366511
366614
366679
366705
366739
366775
366785
366789
366807
366817
366833
366845
367086
367209
367262
367498
367785
367855
368139
368203
368252
368397
368399
368486
368626
368676
368767
368800
368801
369082
369084
369101
369119
369136
369370
369588
369664
369904
370186
370227
370259
370334
370524
370743
370942
370972
371110
371177
371209
371229
371271
371323
371475
371683
371790
371847
372023
372080
372105
372136
372136
372274
372377
372481
372535
372536
372729
372897
372981
372996
373029
373038
373057
373167
373260
373346
373537
373767
373802
373940
374002
374154
374311
374314
374328
374350
374419
374436
374564
374676
374718
374923
374928
375100
375106
375135
375303
375330
375362
375363
375421
375622
375629
375666
375757
375808
375814
375887
375943
376116
376142
376166
376225
376251
376415
376530
376576
376749
376779
376816
376890
376943
377052
377068
377107
377193
377209
377332
377401
377482
377688
377799
377810
377996
378121
378160
378316
378556
378623
378725
379025
379094
379187
379228
379435
379478
379698
379762
379852
379909
380301
380335
380341
380362
380520
380546
380598
380691
380985
381172
381290
381456
381479
381599
381623
381651
381672
381796
381896
382047
382082
382156
382180
382514
382640
382672
382766
382922
382927
383085
383092
383322
383380
383505
383618
383799
383882
383998
384022
384055
384187
384200
384287
384309
384361
384381
384638
384688
384894
384904
384906
384913
385007
385274
385417
385446
385453
385498
385659
385705
385796
385881
385892
386271
386336
386451
386682
386826
386842
387009
387018
387036
387083
387329
387349
387513
387565
387713
387739
387890
387893
387938
388288
388431
388548
388665
388735
388740
388772
388797
389159
389221
389290
389303
389348
389361
389497
389514
389514
389533
389594
389602
389679
389779
389911
390092
390106
390193
390211
390326
390500
390552
390569
390604
390778
390824
390843
390882
390884
390935
391022
391142
391929
391993
392012
392049
392066
392108
392442
392480
392573
392594
392719
392876
392881
392982
393043
393087
393428
393532
393707
393808
393824
393854
394098
394279
394538
394649
394841
395066
395094
395465
395486
395553
395633
395765
395825
395875
395877
395895
396085
396107
396108
396178
396256
396442
396448
396455
396471
396508
396511
396536
396758
396800
396833
396839
397019
397301
397375
397570
397756
397793
397804
397868
397907
397936
397944
398013
398075
398075
398111
398358
398421
398510
398525
398602
398969
398992
399003
399075
399109
399230
399253
399318
399374
399476
399535
399579
399630
399826
399828
399914
399950
399968
400031
400325
400331
400386
400403
400429
400431
400472
400584
400584
400777
400871
400975
401031
401519
401547
401557
401643
401672
401680
401739
401786
401798
401918
401938
401970
402014
402062
402222
402299
402460
402541
402642
402737
402894
403123
403156
403166
403220
403238
403385
403572
403689
403702
403956
403991
404010
404075
404259
404335
404447
404453
404485
404541
404570
404687
404732
404763
405009
405022
405050
405433
405467
405565
405689
405702
405793
405866
405918
405937
406022
406037
406078
406185
406322
406322
406688
406792
406905
407000
407062
407147
407357
407774
407780
407793
407821
408025
408172
408219
408260
408273
408407
408446
408801
408858
408898
408987
409120
409342
409398
409938
410192
410260
410296
410334
410413
410502
410548
410718
410777
410884
410897
410942
410978
411025
411072
411137
411230
411368
411434
411449
411777
411870
411964
412057
412342
412426
412487
412490
412719
412743
412999
413045
413148
413218
413256
413296
413312
413566
413596
413711
413945
413967
414047
414086
414205
414267
414355
414617
414624
414795
415130
415266
415480
415626
415707
415754
416025
416407
416506
416659
416776
416784
416819
416889
416954
417036
417224
417358
417491
417550
417746
417830
418031
418103
418209
418520
418657
418794
418853
418972
419016
419043
419281
419322
419333
419481
419530
419646
419991
420030
420042
420071
420169
420302
420397
420622
420628
420636
420641
421008
421149
421286
421364
421395
421446
421451
421458
421500
421563
421571
421615
421711
422005
422222
422600
422671
422712
422741
422745
422792
422888
423074
423323
423457
423530
423583
423610
423746
423750
423963
424001
424355
424385
424409
424481
424532
424548
424616
424693
424925
425027
425086
425245
425549
425555
425868
425913
426188
426213
426287
426424
426553
426578
426765
426810
426963
426972
427002
427172
427231
427242
427314
427339
427372
427497
427564
427665
427821
427839
428113
428135
428365
428408
428589
428690
428819
428931
429056
429180
429310
429340
429391
429601
429621
429863
430163
430177
430280
430338
430363
430415
430502
430738
430865
430945
430993
431059
431078
431107
431221
431247
431490
431512
431516
431520
431538
431568
431629
431635
431726
431736
431743
431775
431850
431862
431880
431936
431991
432219
432371
432428
432504
432716
432722
432728
432856
432915
432984
433083
433085
433121
433159
433165
433200
433472
433602
433611
433644
433733
433810
433874
434147
434155
434195
434240
434464
434596
434652
434850
434949
435131
435370
435463
435846
436375
436494
436562
436703
436735
436757
436870
436979
437044
437086
437181
437278
437382
437535
437768
437836
437842
437886
437978
438029
438139
438159
438196
438314
438332
438446
438629
438643
438808
438934
439409
439499
439541
439574
439793
439865
439908
439930
439949
440028
440116
440118
440750
440937
441015
441035
441082
441148
441386
441490
441490
441712
441767
441774
441847
441931
441960
441972
441994
442118
442132
442153
442174
442206
442303
442349
442388
442618
442654
442720
442761
442985
443023
443051
443352
443354
443466
443560
443621
443634
443646
443713
443731
444022
444057
444100
444104
444130
444154
444175
444227
444234
444390
444758
444778
444819
444861
445044
445074
445185
445244
445386
446004
446112
446367
446539
446833
447089
447210
447295
447468
447471
447534
447588
447740
447759
447857
447927
448168
448182
448293
448336
448524
448632
448847
448884
448952
448956
448969
449049
449167
449237
449432
449720
449820
449892
449928
449984
450042
450141
450178
450207
450272
450370
450580
450675
450676
450684
450973
451057
451106
451113
451298
451396
451523
451693
451759
451863
451919
451925
452033
452052
452115
452168
452251
452282
452429
452597
452627
452689
452883
452956
453335
453416
453482
453541
453663
453919
453921
453935
454015
454150
454180
454413
454434
454533
454627
454673
454796
454915
454918
454958
454969
454991
455007
455009
455288
455392
455410
455563
455728
455849
456194
456234
456365
456444
456607
456656
456657
456806
457165
457198
457209
457244
457683
457707
457754
457922
458270
458349
458624
458722
458743
458850
458895
459256
459354
459453
459512
459571
459749
459756
459855
459858
460010
460096
460099
460261
460353
460399
460473
460495
460580
460601
460646
460777
460805
460833
461117
461205
461214
461224
461272
461282
461757
461927
461948
461949
461968
462014
462241
462276
462569
462601
462631
462715
462830
462976
463151
463216
463268
463379
463379
463445
463476
463603
463699
464015
464462
464609
464709
464823
464935
464975
465261
465346
465373
465395
465403
465436
465553
465733
465775
465978
466071
466075
466100
466194
466212
466303
466318
466370
466678
466706
466732
466901
467221
467285
467312
467428
467561
467568
467658
467739
467837
467898
468172
468215
468218
468394
468584
468795
468812
468844
469685
469717
469814
469866
469928
469959
469967
469995
470017
470035
470050
470154
470231
470476
470546
470563
470605
470738
470838
470879
470958
471016
471066
471077
471081
471343
471589
471705
471739
471774
471809
471900
471978
472034
472098
472163
472175
472610
472627
472713
472761
472840
472898
473036
473039
473054
473064
473161
473204
473401
473493
473629
473800
473844
473976
474111
474150
474223
474300
474489
474626
474822
474831
474855
474856
475050
475156
475289
475393
475579
475606
475701
475823
475883
475887
475977
476222
476241
476277
476542
476623
476675
476791
476845
476895
476936
476991
477043
477364
477397
477622
477705
477736
477793
477916
478178
478263
478308
478487
478537
478795
478802
478908
478910
479257
479283
479517
479562
479682
479982
480051
480065
480090
480094
480115
480175
480290
480365
480632
480721
480873
481047
481164
481206
481252
481318
481525
481592
481624
481654
481724
481737
481776
481813
481907
482056
482190
482393
482436
482476
482480
482567
482900
483052
483064
483402
483409
483494
483542
483545
483585
483659
483806
483834
483924
484045
484176
484230
484278
484388
484570
485050
485063
485176
485206
485269
485291
485322
485565
485965
486047
486312
486540
486707
486737
486835
486940
487020
487060
487064
487192
487228
487281
487358
487408
487552
487683
487795
487964
488128
488460
488708
488733
488739
488995
488997
489145
489219
489255
489369
489387
489778
489917
490161
490231
490249
490273
490289
490428
490460
490707
490730
490776
490822
491009
491079
491138
491342
491362
491370
491376
491411
491777
491787
491835
491927
492265
492344
492414
492498
492668
493132
493222
493327
493534
493628
493737
493910
493929
493930
494041
494102
494149
494368
494482
494626
494747
494756
494962
494964
495046
495126
495173
495192
495299
495315
495320
495346
495500
495550
495632
495645
495672
495772
495823
495902
495949
496071
496243
496256
496302
496343
496552
496610
496801
496828
497103
497231
497282
497312
497500
497753
497782
497800
497900
497924
498096
498173
498492
498557
498629
498906
499246
499385
499786
499792
499817
499950
499990
500068
500212
500504
500609
500640
500776
500778
501047
501132
501176
501222
501539
501581
501656
501803
501806
501854
501932
501969
501994
502014
502020
502055
502075
502323
502635
502709
502767
502782
502790
502821
502872
503076
503257
503544
503753
503820
504048
504244
504246
504342
504414
504424
504470
504497
504643
504647
504681
504771
504774
504834
504885
504930
504932
504965
505355
505388
505413
505751
506250
506325
506329
506401
506427
506520
506661
506743
507026
507395
507425
507481
507635
507669
507733
507773
507813
507903
507949
508073
508095
508188
508210
508212
508317
508317
508334
508429
508559
508681
508688
508735
508882
508935
508972
509008
509162
509243
509559
509563
509579
509619
509705
509838
509845
509982
510056
510115
510117
510143
510198
510308
510322
510375
510554
510568
510738
510918
510954
510992
511195
511276
511341
511391
511548
511740
511792
511926
511981
512160
512356
512418
512558
512733
512737
512840
512917
513104
513120
513289
513552
513744
513841
514137
514168
514296
514299
514363
514380
514443
514758
514828
514831
514905
515018
515041
515050
515055
515075
515201
515385
515456
515489
515521
515547
515588
515687
515789
515858
515897
515907
515969
515989
516033
516093
516141
516237
516428
516715
516809
516881
516954
517189
517344
517482
517511
517588
518025
518210
518391
518523
518532
518571
518581
518609
518618
518782
518841
518890
518909
518948
518969
519041
519146
519198
519245
519246
519246
519382
519754
520074
520145
520380
520385
520686
520707
520805
520945
520973
521124
521152
521263
521382
521382
521413
521536
521581
521725
521743
521981
521985
522064
522210
522321
522623
522633
522731
522750
523008
523113
523186
523200
523334
523335
523678
523733
523836
523910
523929
524092
524209
524240
524262
524292
524458
524477
524680
524816
524834
524885
525051
525203
525283
525318
525352
525468
525510
525577
525597
525717
526056
526089
526290
526338
526403
526414
526504
526648
526915
527024
527034
527124
527142
527167
527314
527522
527586
527857
527949
527970
528140
528270
528543
528548
528549
528725
528753
528893
528988
529025
529174
529220
529241
529306
529331
529334
529375
529648
529780
529941
530234
530361
530381
530460
530679
530775
530931
530947
531180
531274
531295
531359
531386
531542
531558
531617
531823
531837
532042
532042
532119
532133
532168
532281
532362
532406
532407
532497
532575
532585
532753
532916
532979
533139
533369
533401
533401
533413
533449
533450
533512
533540
533944
533997
534186
534618
535130
535167
535208
535293
535314
535333
535428
535509
535546
535558
535620
535763
535845
536164
536235
536293
536349
536565
536643
536858
536915
536995
537075
537122
537144
537238
537286
537423
537550
537741
537876
538034
538110
538125
538184
538190
538272
538351
538374
538398
538449
538470
538936
539141
539172
539397
539889
539989
539998
540027
540071
540097
540335
540450
540737
541234
541342
541407
541434
541435
541456
541575
541643
542104
542394
542610
542860
542983
542997
543015
543051
543109
543207
543268
543280
543445
543503
543574
543640
543646
543719
544019
544024
544096
544125
544200
544239
544332
544366
544416
544549
544561
544575
544664
544698
544809
544833
544877
544886
544945
544990
545276
545386
545776
545947
546052
546770
546770
546892
547271
547300
547409
547427
547470
547636
547660
547721
548072
548154
548440
548467
548473
548476
548551
548846
549082
549107
549265
549399
549430
549551
549626
549637
549646
549753
549882
549913
550133
550175
550358
550463
550551
550594
550609
550615
550629
550734
550803
550830
550852
550997
551065
551431
551452
551516
551737
552008
552139
552180
552470
552784
552817
553048
553152
553224
553408
553513
553549
553804
553887
553997
554173
554228
554247
554274
554381
554549
554813
554864
554883
554933
554964
554974
555012
555203
555317
555389
555547
555626
556064
556136
556138
556170
556202
556205
556440
556499
556533
556558
556603
556657
556675
556940
557086
557163
557271
557287
557453
557582
557596
557789
557822
557827
557837
557899
558148
558248
558287
558346
558378
558378
558685
558914
559007
559018
559032
559183
559199
559210
559280
559459
559638
559814
559886
559957
560203
560412
560428
560539
560710
560818
560976
561057
561086
561231
561389
561390
561651
561681
561683
561907
561917
562076
562126
562192
562250
562349
562425
562441
562692
562853
562897
562992
563031
563389
563502
563586
563587
563794
563860
563880
563916
564085
564252
564352
564407
564424
564449
564602
564786
564936
565089
565161
565561
565615
565648
565650
565706
565756
565922
566012
566016
566025
566048
566156
566254
566307
566364
566446
566476
566567
566665
566713
566734
566911
567411
567486
567898
567914
567942
567984
568059
568068
568152
568334
568414
568428
568435
568453
568608
568873
569189
569225
569380
569459
569554
569630
569789
569805
569940
569976
570111
570158
570203
570274
570334
570801
570974
571016
571068
571102
571136
571321
571326
571360
571607
571629
571737
571742
572006
572099
572107
572107
572121
572365
572431
572460
572504
572622
572932
573026
573064
573090
573092
573202
573360
573461
573482
573935
573996
574011
574372
574456
574505
574591
574719
574720
574900
574952
575012
575077
575243
575412
575420
575534
575583
575637
575655
575703
575767
575962
576062
576081
576111
576118
576119
576131
576392
576435
576665
576688
577057
577150
577357
577391
577413
577661
577845
577867
577967
577971
578077
578407
578417
578489
578491
578715
578720
578903
578919
579023
579090
579129
579146
579184
579235
579297
579412
579435
579580
579597
579782
579803
579833
579840
579990
580063
580148
580338
580536
580574
580603
580629
580736
580888
580966
580972
581416
581497
581618
581803
582002
582091
582359
582517
582611
582741
582763
582824
582869
583140
583206
583211
583313
583351
583364
583499
583544
583570
583592
583607
583626
583654
583767
583790
583818
584010
584146
584571
584612
584994
585093
585117
585253
585262
585620
585657
585701
585708
585995
586000
586262
586479
586639
586689
586864
587044
587062
587146
587195
587331
587364
587484
587538
587575
587614
587800
587824
587875
588000
588193
588254
588284
588299
588339
588490
588539
588724
588747
588814
589010
589200
589291
589312
589377
589507
589548
589717
589755
589829
589836
589915
590044
590129
590436
590461
590470
590505
590506
590507
590652
590690
590779
590885
591062
591289
591879
592130
592423
592434
592515
592547
592770
592981
593147
593227
593280
593356
593403
593565
593601
593615
593879
593960
594094
594329
594403
594604
594616
594939
594968
595180
595253
595402
595456
595518
595635
595724
595732
595874
595935
595975
595989
596231
596327
596476
596711
596716
596787
597014
597239
597677
597717
597743
597805
597867
597889
597900
597940
597974
598015
598017
598082
598366
598371
598376
598386
598407
598519
598610
598684
598728
598745
598770
598818
598924
598939
598977
598986
599013
599237
599372
599436
599531
599568
599596
599749
599943
599960
600345
600384
600489
600502
600564
600814
600903
600953
601161
601322
601429
601504
601528
601545
601632
601675
601782
601862
601931
602124
602392
602393
602401
602410
602485
602548
602620
602980
603168
603213
603257
603336
603396
603519
603593
603614
603643
603819
604107
604202
604377
604640
604664
604886
604964
605452
605499
605541
605589
606103
606135
606136
606142
606202
606285
606293
606641
606657
606709
607012
607462
607538
607635
607714
607763
608060
608193
608234
608291
608591
608634
608677
608690
608941
608969
608993
609079
609124
609487
609503
609596
609619
609749
609855
609961
610051
610221
610364
610464
610574
610690
610962
610985
611023
611077
611161
611169
611179
611204
611496
611515
611598
611755
611788
611824
611878
611921
612080
612307
612324
612391
612530
612567
612883
613040
613067
613146
613194
613275
613634
613642
613723
613736
613767
613768
613989
614039
614069
614106
614216
614371
614474
614698
614743
615031
615082
615240
615250
615353
615408
615413
615653
615784
615895
615962
615968
616032
616217
616407
616468
616523
616721
616850
616858
616919
616936
616983
617124
617262
617300
617351
617391
617399
617485
617500
617502
617656
617677
617838
617899
617933
618044
618078
618142
618510
618543
618630
618662
619077
619245
619275
619441
619443
619765
619847
620006
620055
620079
620517
620620
620934
620936
621027
621151
621264
621305
621336
621539
621552
621681
621882
621930
621950
622074
622075
622144
622193
622524
622605
622634
622655
622871
622909
622918
622996
623102
623228
623303
623319
623595
623616
623662
623790
623812
623840
624085
624116
624180
624191
624232
624298
624450
624495
624568
624670
624693
624778
624783
624829
625345
625489
625547
625548
625589
625639
625667
625668
625864
625879
625934
625961
626268
626347
626400
626610
626660
626667
626747
626764
626883
626893
627161
627193
627214
627235
627299
627393
627428
627501
627548
627662
627751
627778
627824
627875
627887
628163
628199
628379
628424
628753
628803
628958
629079
629198
629385
629390
629502
629539
629620
629802
629810
629842
629986
630116
630132
630710
630896
630930
630938
631109
631115
631142
631192
631359
631516
631566
631610
631702
631767
631848
631849
631994
632011
632016
632026
632075
632108
632119
632131
632203
632259
632278
632293
632324
632377
632399
632419
632458
632517
632754
632892
633051
633102
633695
634036
634045
634141
634486
634878
634965
635058
635193
635278
635339
635420
635451
635503
635636
635660
635735
635824
635889
635945
635964
636267
636609
636837
636910
636932
637060
637086
637088
637341
637585
637641
638225
638267
638329
638354
638371
638381
638387
638504
638511
638581
638614
638615
638633
638801
638953
639091
639156
639251
639279
639297
639490
639642
639694
640029
640096
640136
640218
640327
640335
640509
640523
640817
640869
640881
640937
641007
641152
641177
641194
641222
641245
641318
641347
641418
641578
641610
641708
641740
641989
642062
642235
642243
642244
642268
642463
642570
642838
643013
643014
643200
643205
643310
643476
643688
643794
643803
643990
644012
644110
644163
644167
644198
644261
644279
644500
644563
644659
644687
644734
644819
644826
644871
644906
644923
644958
644972
645085
645216
645286
645538
645586
645604
645639
645862
645972
646013
646022
646026
646176
646382
646402
646471
646511
646808
646870
646964
647027
647053
647187
647456
647483
647526
647527
647570
647577
647595
647852
648065
648221
648267
648343
648399
648449
648464
648653
648765
648778
648838
648875
648928
649025
649029
649296
649317
649483
649534
649548
649653
649678
649832
649854
649982
650038
650062
650067
650239
650315
650509
650569
650716
650771
650882
651049
651060
651195
651299
651313
651366
651573
651657
651766
651983
652109
652187
652272
652309
652313
652445
652494
652500
652516
652580
652701
652907
652940
652967
653137
653233
653233
653293
653310
653396
653547
653752
653829
653995
654378
654702
654739
654743
654758
654783
654932
654992
655017
655197
655241
655474
655683
655683
655694
655712
655728
655843
655883
655997
656011
656052
656358
656382
656710
656737
656805
656888
656912
657008
657054
657064
657099
657253
657304
657311
657343
657589
657669
658017
658211
658258
658342
658464
658483
658598
658704
658827
658870
658922
658940
658991
659017
659057
659090
659198
659447
659508
659553
659709
659724
659761
659888
659944
659977
660129
660166
660253
660332
660444
660589
660646
660663
660868
660977
660989
661191
661381
661482
661566
661921
662098
662243
662346
662354
662399
662404
662481
662536
662562
662579
662582
662657
662836
662930
662940
663023
663077
663225
663260
663301
663346
663467
663472
663570
663622
663658
663668
663716
663913
663991
664014
664125
664215
664376
664413
664434
664628
664683
664765
664959
664984
665116
665317
665360
665454
665480
665497
665615
665759
665871
665921
666214
666308
666325
666362
666401
666444
666626
666634
666786
666836
666932
666958
667193
667286
667377
667406
667433
667530
667643
667660
667665
667751
667774
667835
667877
667902
668041
668058
668076
668528
668529
668543
668550
668672
668835
668845
668963
669081
669109
669305
669407
669425
669476
669890
669963
669985
670062
670081
670111
670176
670322
670328
670402
670533
670606
670626
670815
670935
670936
670956
670968
670973
670997
671061
671137
671190
671719
672028
672088
672203
672239
672468
672504
672565
672580
672757
672814
673044
673144
673204
673217
673260
673266
673268
673359
673365
673465
673843
674091
674129
674221
674282
674282
674313
674568
674746
674759
674760
675025
675183
675197
675343
675378
675418
675646
675734
675762
675813
675949
676088
676106
676231
676279
676306
676602
676675
676746
676974
677165
677199
677233
677272
677703
678133
678514
678528
678539
678733
678983
678998
679063
679154
679182
679198
679257
679563
679662
679785
680006
680089
680133
680180
680353
680407
680459
680469
680515
680562
680570
680761
680820
680823
680831
681673
681683
681706
681730
681749
681831
681947
682117
682211
682216
682263
682430
682616
682695
682721
682917
682937
682969
683012
683024
683106
683185
683185
683207
683306
683472
683495
683501
683512
683587
683615
683644
683669
683704
683731
683792
683867
683921
684445
684533
684579
684588
684606
684844
684849
684971
685186
685287
685303
685332
685387
685413
685492
685492
685503
685545
685567
685710
685789
685941
685977
686031
686107
686241
686383
686617
686632
686790
686983
687025
687219
687229
687234
687379
687423
687427
687505
687528
687535
687730
687758
687963
688047
688281
688318
688350
688378
688429
688445
688580
688670
688739
688773
688806
688978
689269
689472
689532
689561
689742
689882
689996
690187
690190
690245
690258
690318
690379
690389
690416
690418
690645
690671
690765
691021
691078
691291
691358
691389
691429
691512
691692
691782
691824
691981
692078
692231
692240
692249
692677
692898
692990
693001
693216
693295
693295
693405
693825
693925
694037
694138
694231
694299
694399
694419
694432
694543
694669
694670
694720
694737
694773
694975
695001
695157
695178
695322
695381
695487
695505
695575
695761
695839
695978
696021
696070
696094
696124
696182
696532
696558
696750
696758
696816
696861
696929
697159
697224
697312
697366
697410
697473
697612
697660
697841
697876
697881
697882
697890
697996
698211
698246
698792
698875
698945
698955
699136
699383
699421
699501
699547
699737
699903
700320
700433
700463
700796
700803
700889
701018
701024
701053
701054
701282
701308
701382
701533
701560
701640
701646
701785
701789
701827
701832
701910
702029
702171
702178
702182
702345
702524
702565
702604
702615
702693
702750
702804
702808
703084
703158
703406
703415
703787
703800
703826
703830
703875
703909
704024
704039
704071
704072
704146
704371
704409
704693
704738
704756
704759
704760
704814
704902
704914
704921
705026
705031
705039
705084
705157
705278
705383
705590
705745
705797
706056
706094
706218
706289
706366
706384
706392
706513
706801
706962
707162
707167
707274
707375
707560
707580
707628
707644
707739
707925
707959
708144
708535
708602
708810
708851
708919
708974
709101
709150
709212
709360
709364
709616
709705
709734
709899
709927
709966
709996
710115
710134
710330
710353
710432
710484
710530
710832
711027
711034
711498
711587
711677
711775
711792
711971
712038
712138
712158
712193
712249
712367
712391
712693
712777
712786
712963
713001
713089
713231
713777
713801
713910
713931
713945
714015
714067
714521
714878
714904
714951
715027
715482
715742
715841
715999
716073
716111
716129
716163
716168
716665
716761
716824
717041
717196
717203
717331
717363
717376
717457
717591
717700
717778
717855
717893
718184
718201
718220
718248
718402
718419
718678
718805
718836
718933
718941
719084
719093
719117
719125
719143
719317
719549
719689
719907
719935
720021
720040
720063
720114
720206
720229
720313
720390
720895
720935
721011
721226
721597
721617
721664
721781
721841
722045
722058
722125
722455
722722
722784
722865
722911
722959
722974
723029
723254
723499
723649
723748
723779
724050
724102
724169
724250
724288
724346
724729
724905
724935
724954
725049
725137
725257
725319
725417
725418
725430
725512
725539
725715
725759
725827
726065
726167
726226
726362
726375
726514
726598
726606
726756
726898
727016
727036
727091
727146
727355
727420
727822
727868
728077
728175
728269
728486
728667
728734
728738
728867
728942
728987
729254
729314
729543
729653
729655
729753
729773
729805
729825
729900
730430
730463
730551
730777
730901
730963
730980
731009
731009
731263
731289
731400
731426
731735
731758
731805
731904
732004
732181
732222
732505
732538
732541
732600
732666
732845
732982
733196
733260
733305
733343
733378
733551
733776
733844
733866
733895
733935
733970
734064
734080
734106
734707
734725
734750
734801
734805
734898
735090
735477
735642
736108
736288
736323
736474
736545
736635
736652
736950
737119
737232
737358
737459
737643
737704
737751
737775
737842
737851
737880
737981
738081
738383
738698
738780
738896
739047
739073
739075
739273
739439
739496
739508
739630
739682
739685
739714
739792
739811
739813
739833
739851
740146
740193
740434
740451
740521
740573
740583
740603
740716
740808
740876
740984
740989
741047
741130
741244
741265
741275
741446
741544
741614
741759
741997
742152
742272
742294
742296
742359
742423
742623
742635
742689
742748
742779
742829
743039
743093
743463
743488
743537
743599
743603
743838
743877
743979
744115
744366
744381
744420
744483
744543
744548
744621
744670
744674
744992
745212
745722
745803
745967
746000
746122
746451
746587
746625
746638
746642
746663
746760
746762
746766
747087
747155
747376
747562
747564
747658
747828
747882
747950
747984
748003
748057
748087
748125
748873
748981
749081
749099
749204
749465
749484
749498
749515
749648
749923
750095
750285
750304
750516
750662
750867
750902
750929
750945
750975
751267
751275
751337
751358
751429
751582
751765
751851
751867
751870
751901
751935
752092
752245
752483
752499
752525
752593
752706
753035
753057
753211
753220
753261
753344
753486
753684
753988
754258
754269
754302
754484
754506
754537
754740
754745
754843
754896
754905
755032
755034
755109
755265
755307
755440
755510
755530
755807
755900
755981
756007
756048
756240
756279
756388
756400
756402
756474
756557
756577
756578
756579
756665
756777
756894
757241
757376
757420
757593
757705
757733
757749
757760
757866
757919
758082
758242
758323
758515
758568
758596
758727
758785
758786
758831
758870
758902
758980
758981
759030
759211
759323
759483
759651
759822
759824
759931
759972
760020
760189
760303
760320
760544
760727
760744
760806
761058
761179
761206
761226
761270
761289
761503
761568
761611
761961
761968
761983
762059
762086
762201
762239
762250
762471
762599
762719
762728
762874
762929
762944
763195
763285
763287
763466
763567
763678
763695
763768
763966
763980
764007
764106
764250
764319
764423
764454
764461
764558
764720
764726
764736
764825
765325
765413
765419
765631
765757
765759
765905
766105
766183
766189
766223
766257
766283
766512
766552
766690
766946
767022
767038
767102
767339
767365
767448
767503
767538
767680
767798
767886
768048
768131
768184
768185
768294
768299
768342
768497
768567
768831
769294
769332
769459
769576
769819
770104
770395
770413
770437
770586
770722
770769
770843
770887
770906
770935
771025
771248
771255
771354
771427
771488
771517
771594
771754
771824
771835
771913
771977
772053
772398
772420
772645
772682
772827
772870
773076
773227
773412
773464
773589
773595
774087
774274
774280
774332
774703
774781
774879
775036
775071
775195
775322
775468
775657
775743
775772
775883
775956
775988
776150
776153
776307
776403
776409
776484
776627
776673
776740
776783
776886
777050
777120
777492
777547
777579
777733
777739
778165
778192
778274
778344
778529
778795
778839
779008
779020
779036
779104
779115
779198
779338
779381
779533
779624
779722
779722
779732
779811
779852
779928
779966
779973
779992
780034
780045
780107
780252
780283
780355
780369
780460
780526
780576
780803
780831
780931
780992
781121
781158
781255
781500
781573
781636
781888
782100
782221
782245
782386
782631
782675
782881
782914
782959
783051
783058
783146
783372
783445
783538
783825
784051
784149
784324
784375
784512
784795
784797
784852
784870
785030
785062
785064
785214
785233
785270
785295
785361
785451
785725
785830
785866
786054
786266
786284
786286
786350
786461
786504
786612
786780
786966
786979
787021
787039
787080
787158
787283
787403
787578
787629
787715
787771
787812
788018
788094
788287
788328
788466
788513
788520
788774
788785
788843
788859
789378
789490
789523
790054
790070
790126
790138
790216
790344
790365
790432
790564
790746
790989
791075
791152
791301
791323
791538
791650
792262
792283
792328
792391
792549
792605
792676
793128
793405
793445
793590
793856
793952
793997
794173
794184
794194
794221
794244
794256
794403
794606
794633
794781
794919
794919
795050
795127
795356
795391
795464
795493
795524
795647
795902
795996
796000
796202
796490
796520
796523
796687
796728
796788
797072
797155
797204
797380
797394
797420
797488
797512
797715
797770
797795
797816
797988
798139
798395
798404
798468
798502
798610
798725
798751
798785
798860
799119
799263
799402
799745
800308
800409
800546
800694
800695
800791
800877
801191
801447
801461
801556
801645
801714
801867
801950
802192
802452
802602
802695
802890
802901
802961
803013
803028
803049
803335
803342
803362
803432
803481
803547
803550
803744
803908
803909
803930
803937
803960
804054
804184
804191
804336
804400
804424
804943
805103
805108
805235
805241
805373
805547
805571
805629
805662
805773
805792
805823
805901
805919
805928
806138
806159
806253
806303
806471
806529
806612
806734
806855
806872
806914
807012
807259
807399
807401
807490
807809
807912
808445
808693
808836
808839
808918
809199
809289
809347
809416
809898
809911
809967
810024
810048
810117
810188
810235
810252
810295
810441
810445
810642
810768
810828
810922
811009
811014
811069
811746
811754
811755
811786
811793
811835
811852
812024
812062
812100
812115
812139
812215
812359
812413
812882
812899
812916
812920
813102
813197
813220
813286
813305
813483
813519
813586
813722
813767
813946
814014
814086
814108
814488
814499
814545
814716
814934
815492
815512
815623
815658
815692
815717
815819
815826
815915
815935
816141
816216
816358
816413
816457
816590
816733
816990
817178
817258
817267
817371
817428
817564
817606
817655
817693
817868
817888
817918
818000
818024
818195
818478
818603
818706
819027
819055
819110
819219
819266
819448
819540
819549
819549
819845
819881
819884
819969
820024
820151
820247
820457
820465
820563
820883
820885
820909
821002
821121
821155
821191
821323
821329
821403
821545
821707
821720
821814
821943
822109
822131
822135
822264
822376
822487
822521
822542
822575
822637
822680
822716
822717
822737
822761
823025
823045
823146
823299
823420
823620
823689
823709
823887
823914
824100
824179
824456
824492
824588
824603
824647
824665
824721
824725
824771
825044
825079
825159
825424
825433
825490
825503
825510
825528
825569
825605
825953
826011
826033
826176
826218
826288
826307
826398
826667
826901
826902
826957
826984
827160
827162
827251
827422
827430
827501
827523
827654
827677
827759
827822
827853
827985
828079
828087
828174
828193
828201
828382
828491
828691
828740
828816
829029
829071
829240
829360
829381
829466
829707
829965
829984
830009
830222
830302
830349
830456
830512
830568
830630
830799
830835
830861
830892
830950
830997
831026
831268
831282
831431
831447
831457
831552
831569
831678
831929
831983
832006
832101
832223
832247
832342
832455
832513
832527
832632
832833
832837
833043
833102
833538
833743
833813
833994
834015
834030
834106
834248
834511
834572
834621
834624
834698
834699
834762
834817
834820
834898
834927
835032
835059
835062
835141
835174
835243
835292
835308
835360
835370
835431
835517
835597
835908
836072
836093
836122
836126
836204
836284
836320
836575
836755
836787
836914
836938
837153
837217
837282
837287
837387
837461
837465
837496
837657
837727
837738
837786
838069
838241
838341
838465
838601
839028
839201
839346
839398
839511
839620
839631
839644
839851
839966
840205
840383
840479
840527
840786
840810
840872
840950
840978
840984
841054
841062
841122
841136
841383
841413
841551
841599
841777
841819
841879
841928
841939
841952
842112
842224
842249
842346
842367
842369
842522
842686
842703
842736
842933
843068
843082
843086
843104
843254
843373
843462
843929
844043
844055
844262
844377
844516
844554
844628
844782
845032
845273
845286
845334
845408
845411
845459
845621
845812
845833
845843
845862
845947
845962
846202
846231
846312
846344
846405
846431
846439
846478
846646
846689
846807
846948
847010
847129
847140
847193
847519
847575
847888
848132
848281
848365
848475
848519
848570
848596
848828
848880
849029
849118
849258
849390
849412
849457
849499
849500
849526
849619
849641
849989
850022
850096
850281
850326
850519
850579
850655
850669
850795
850816
850869
850900
850927
850950
851486
851621
851631
851686
851697
851703
852054
852172
852526
852723
852736
852807
852842
853013
853044
853072
853183
853222
853265
853470
853527
853575
853674
853775
853789
853841
853996
854031
854164
854181
854272
854500
854931
855208
855243
855249
855309
855317
855363
855838
855973
856114
856137
856144
856176
856235
856354
856496
856632
856756
856838
856969
857073
857086
857131
857240
857332
857441
857449
857469
857665
857704
857814
857924
858003
858052
858107
858218
858232
858234
858396
858448
858484
858531
858728
858767
858802
858822
858857
858925
859056
859094
859103
859132
859189
859218
859650
859793
859819
859826
860118
860189
860208
860209
860294
860299
860307
860313
860353
860455
860468
860479
860543
860618
860707
860722
860728
860838
861216
861340
861482
861517
861561
861619
861634
861645
861744
861810
861812
861818
861821
861884
862026
862293
862302
862325
862439
862721
862769
862786
863250
863369
863396
863415
863427
863511
863625
863655
863828
864000
864058
864424
864468
864530
864551
864573
864705
864962
865004
865049
865101
865180
865284
865376
865379
865583
865631
865662
865938
866315
866331
866396
866425
866435
866472
866562
866980
867018
867231
867280
867416
867572
867667
867698
868176
868226
868240
868475
868510
868526
868531
868671
868679
868853
868879
868894
868947
868986
869132
869199
869401
869615
869869
869918
869919
869951
869998
870107
870504
870541
870730
870734
870777
870942
870979
871037
871074
871146
871205
871302
871329
871405
871566
871623
871625
871635
871794
871835
871920
872199
872209
872219
872277
872400
872651
872701
872840
872945
873085
873106
873248
873401
873514
873530
873565
873614
873867
873922
874045
874138
874161
874713
874908
875066
875266
875308
875432
875497
875500
875513
875537
875819
875883
875980
876001
876072
876084
876361
876432
876448
876556
876622
876807
876879
877058
877358
877469
877492
877634
877774
877852
877929
877940
878052
878185
878240
878329
878453
878541
878834
879041
879103
879514
879571
879695
879700
879708
879775
879827
879979
880069
880071
880321
880408
880429
880640
880781
880786
880817
880874
880887
880897
881333
881459
881555
881602
881720
881796
881890
881893
881940
882008
882031
882103
882202
882224
882279
882313
882431
882476
882870
882932
883014
883140
883169
883248
883255
883465
883478
883504
883668
883742
883830
883883
884003
884133
884144
884162
884202
884273
884283
884314
884394
884407
884445
884533
884651
884848
884916
884957
885193
885217
885259
885399
885422
885429
885452
885467
885483
885693
885714
886004
886018
886150
886358
886526
886701
886733
887073
887498
887581
887777
887801
887916
888132
888236
888349
888812
888842
888844
889043
889168
889202
889445
889448
889463
889543
889707
889792
889820
890070
890112
890141
890205
890251
890428
890462
890474
890602
890611
890641
890643
890678
891199
891272
891345
891386
891423
891504
891571
891574
891656
891666
891785
891959
892056
892294
892455
892523
892597
892788
892850
893072
893092
893188
893259
893520
893546
893680
893750
893889
894131
894187
894250
894257
894481
894523
894586
894682
894758
894893
894982
895010
895161
895313
895349
895434
895514
895519
895551
895578
895580
895628
895672
895751
895852
895883
895939
895950
896112
896115
896205
896273
896386
896762
896822
896979
897022
897199
897322
897428
897636
897851
897889
898225
898247
898640
898689
898695
898708
898762
898816
899015
899039
899176
899209
899288
899386
899426
899439
899457
899490
899649
899759
899964
900002
900267
900316
900357
900437
900507
900510
900566
900881
900991
901077
901359
901446
901488
901687
901726
901821
902185
902260
902262
902349
902360
902454
902490
902589
902643
902694
902739
902751
902845
902928
902934
903066
903070
903106
903184
903406
903586
903901
903915
904176
904372
904623
904635
904724
904727
904877
905176
905232
905270
905425
905463
905515
905637
905654
906031
906065
906282
906426
906435
906454
906704
906757
906851
906884
907098
907209
907217
907436
907531
907592
907610
907624
907700
907819
907935
907939
908109
908240
908329
908352
908469
908512
908632
908739
908816
908836
908994
909024
909061
909167
909177
909277
909531
909732
909770
910018
910147
910251
910266
910423
910450
910495
910556
910778
911089
911436
911658
911902
911966
912170
912381
912705
912745
912802
912873
913003
913200
913297
913409
913411
913449
913520
913625
913668
913756
913766
913797
913819
913928
914010
914236
914249
914349
914412
914489
914618
914654
914733
914895
914955
915177
915247
915263
915390
915409
915580
915723
915926
915933
916013
916035
916354
916576
916659
916784
916879
916906
916945
917147
917438
917448
917529
917577
917729
917740
917812
917962
918106
918404
918504
918515
918658
918691
918842
918843
918867
918938
919026
919032
919100
919119
919133
919308
919342
919440
919590
919626
919642
919669
919673
919869
919953
919971
920053
920110
920394
920398
920513
920576
920590
920650
920679
920793
920824
920829
920865
920888
920936
921127
921153
921294
921379
921458
921596
921613
921619
921854
921928
921936
922108
922167
922253
922326
922373
922433
922623
922704
922786
922861
923130
923132
923175
923266
923434
923508
923659
923675
923763
923842
924012
924236
924323
924327
924591
924670
924806
925026
925051
925344
925350
925401
925419
925641
925667
925773
925900
925902
926042
926050
926064
926095
926330
926463
926488
926506
926515
926652
926731
926778
926893
927034
927072
927233
927274
927379
927530
927638
927842
927975
928001
928086
928151
928188
928202
928214
928446
928448
928451
928494
928856
928914
928915
928975
929059
929192
929416
929674
929712
929929
930115
930123
930417
930570
931215
931257
931269
931298
931414
931518
931658
931668
931947
932215
932310
932595
932809
932813
932841
933026
933146
933187
933396
933423
933436
933560
933569
933578
933584
933686
933723
933732
933815
934006
934200
934406
934513
934542
934560
934752
934814
934862
935175
935185
935336
935346
935371
935514
935537
935552
935579
935824
935840
935872
936045
936346
936485
936509
936520
936535
937096
937113
937158
937268
937308
937526
937570
937717
937882
937899
937998
938200
938329
938400
938448
938490
938516
938574
938689
938905
938962
939101
939129
939174
939233
939306
939464
939629
939775
939798
939852
940120
940325
940409
940477
940544
940579
940669
940752
941083
941098
941116
941138
941182
941241
941242
941300
941317
941422
941539
941686
941746
941762
941858
941861
941986
942224
942292
942310
942724
942803
942808
942835
942847
942891
942954
942998
943095
943130
943186
943213
943221
943410
943695
943703
943777
943856
943887
943938
944146
944256
944262
944304
944437
944470
944502
944606
944947
945173
945209
945413
945516
945623
945940
945959
945969
946124
946132
946347
946691
946704
946736
946887
946996
947102
947187
947319
947476
948022
948125
948336
948507
948600
948703
948751
948819
949082
949159
949199
949409
949446
949651
949769
949911
949936
950036
950065
950153
950335
950380
950449
950530
950769
950773
950776
951097
951158
951169
951232
951425
951638
951740
951869
951926
952003
952124
952244
952435
952440
952465
952792
952899
952980
953004
953042
953175
953386
953435
953458
953630
953729
953850
953860
953929
954048
954080
954260
954541
954694
954860
954861
954955
954965
955015
955034
955062
955081
955156
955171
955351
955659
955661
955677
955796
955882
955885
956169
956297
956437
956439
956484
956486
956753
956823
956833
956833
956933
957081
957197
957226
957293
957571
957593
957623
957688
957884
957942
957966
958153
958282
958428
958484
958583
958651
958799
958812
958849
958938
959057
959065
959221
959359
959393
959403
959425
959496
959540
959624
959686
960122
960234
960278
960445
960448
960567
960598
960625
960723
960834
960843
960883
960899
960926
961056
961366
961448
961856
962155
962164
962193
962200
962302
962736
962887
962963
963595
963728
963760
963820
963835
963865
963876
963948
964010
964085
964100
964132
964404
964580
964647
964752
964803
964833
965000
965024
965263
965294
965296
965534
965782
965819
965864
965885
966151
966271
966628
966784
966951
967231
967429
967611
967987
968025
968132
968142
968337
968425
968585
968896
968900
969199
969224
969646
969736
969776
969810
969812
969866
969958
970136
970212
970237
970469
970494
970813
971055
971242
971351
971421
971522
971529
971568
971622
971803
971859
972263
972598
972674
972734
972970
973197
973209
973251
973614
973874
973897
974156
974171
974182
974223
974273
974459
974472
974576
974673
974706
974852
974854
974867
974870
974948
975256
975257
975348
975436
975451
975461
975490
975592
975868
975934
975957
975957
976051
976142
976257
976345
976522
976558
976574
976634
976748
976880
977481
977652
977709
977822
977897
977917
977938
978063
978098
978549
978610
978685
978701
978873
979150
979224
979287
979376
979432
979554
979579
979615
979800
979955
979977
980051
980218
980237
980307
980394
980423
980484
980570
980580
980618
980641
980929
981046
981169
981176
981231
981343
981474
981476
981675
981770
981811
982141
982228
982409
982469
982669
982672
982738
982747
982762
982862
982975
983015
983117
983342
983365
983565
983604
983992
983996
984100
984229
984333
984437
984484
984519
984563
984666
984802
984857
984971
985098
985203
985254
985297
985473
985627
985656
985873
985883
985951
986254
986414
986434
986442
986448
986522
986533
986612
986728
986773
986842
986890
986979
987144
987203
987258
987283
987337
987345
987427
987526
987555
987607
987657
987770
987904
987912
987955
987972
988180
988403
988562
988818
988825
988833
988899
988920
988955
989061
989098
989232
989243
989325
989395
989759
989761
989780
990012
990026
990238
990242
990244
990320
990436
990726
990813
990837
990869
990871
990999
991187
991252
991535
991535
991567
991636
991669
991697
991876
992078
992190
992222
992250
992523
992571
992579
992583
992632
992690
992736
993152
993331
993405
993427
993636
993770
993802
993825
993877
993957
994001
994161
994211
994371
994463
994530
994571
994598
994784
994940
994953
994965
995093
995295
995391
995401
995666
995765
995894
996051
996135
996139
996219
996233
996308
996365
996379
996411
996413
996484
996493
996644
996794
996804
996877
997240
997623
997914
998099
998106
998180
998212
998372
998602
998875
998962
998998
999112
999145
999170
999208
999326
999327
999469
999498
999596
999761
999770
999784
999891
999897
999914
