100
0
7333
34330
42045
44437
81763
84406
84952
87612
93723
127493
142320
145077
145255
163043
172955
184153
184226
202709
207901
211038
215672
215811
222632
224457
245945
262011
267581
274627
292290
298034
320956
335373
342712
345900
367677
374873
387625
394864
399863
399928
407061
420095
421800
425153
426043
435201
439800
442629
453443
460674
462227
465284
468023
481383
493761
523567
524522
525522
539491
540404
549643
579136
584735
586313
610296
617816
632506
644804
646146
650620
663397
667819
690814
698294
720103
733562
740738
752883
753681
779540
808515
830510
837965
844478
862959
864162
870006
872736
885839
894903
897562
897927
903162
905282
925396
942399
944190
947377
959977
