48
1074
2370
2385
3067
3910
5305
5496
5702
6128
6140
6691
7561
7830
8577
8716
9683
10511
11219
11478
13886
14474
16438
16612
16688
17797
18395
18670
19548
19757
22041
22084
23358
23952
25505
25852
26146
29131
29443
30980
31190
31368
33376
35646
35772
39026
39376
41579
42070
43454
43478
48076
48770
49833
51655
52655
53521
54391
54527
55029
55237
56448
56869
57593
57934
62496
64509
64892
66079
66187
66672
69034
70152
72703
73419
73623
74118
74714
75944
78464
80109
80593
82842
84129
84361
85376
85489
85668
88817
92979
93467
93500
95627
96165
96388
96499
97028
97090
97108
97931
99791
100777
101886
106834
106962
109203
115447
115550
115863
116412
117629
118925
119584
122076
124237
124292
125166
125437
125553
127627
127707
128754
128982
129855
130086
130509
131068
134059
134336
134740
135187
136730
136780
137583
138026
140157
140422
140636
142765
142920
143196
143497
144887
147670
148488
149138
149588
151084
151726
152562
152667
152899
153274
153635
153664
154693
155303
156185
156672
157634
160022
160943
161849
161974
163090
164743
166860
166948
166993
168365
168745
168923
169614
170288
170611
170810
172041
173181
175720
175723
176962
178001
179202
179773
180164
181578
182287
184268
184539
185740
185938
187260
188300
188402
190358
192785
193434
193902
194511
195643
197113
197298
197719
198809
198962
199746
200696
201088
203022
203820
203903
204713
205809
207481
208313
208516
208894
209291
209906
211057
211535
212847
213353
214130
218649
218931
219968
221258
221479
221481
221641
223759
224430
224540
224672
226214
228381
229296
231353
234356
235254
237384
238241
238289
240224
243084
243242
244362
245089
245218
245870
248362
248364
250569
252332
253309
253502
255361
256078
257550
258538
259777
261246
262211
262755
263421
265137
265201
265517
266061
267454
267553
268336
270634
271636
271943
274201
274947
277512
277789
277944
277990
279824
280052
280742
282896
282984
284346
284550
285149
286902
287018
287028
289876
291189
294285
295153
295906
296768
298619
300122
300142
300336
300749
301409
302819
303725
303888
304709
305021
305048
306180
306242
306881
306945
307586
308747
310789
311434
312031
316914
316995
317316
317581
317736
319661
319731
320424
321345
323752
324784
325653
326205
328326
329199
329925
330129
330458
331366
331940
333135
333665
333802
334480
335071
336121
336434
337957
338124
338156
339496
339729
339847
340519
340896
341861
342246
342604
342800
344154
345360
346259
346512
347611
348376
349429
349946
350661
352475
353600
354015
354085
355022
355688
357516
357702
359785
361116
362098
362734
363253
364148
365620
366616
367294
368557
370566
372441
372607
373415
373496
373789
375978
378133
378371
379727
380590
380985
381032
382205
383096
386304
386406
386963
387374
387727
388969
395528
395983
396035
396393
397532
397762
399880
400197
400218
400833
404044
405503
407418
409353
410606
411387
412627
413370
413880
413884
414033
414669
414913
416421
416649
417398
417414
417924
418903
419164
419363
420375
420780
421662
421891
423593
423708
424726
426233
429033
429640
430575
430920
432062
434126
437032
438131
441714
442497
443318
443979
444622
449654
451058
452006
452284
453058
453394
453881
454377
454513
455345
455768
456108
457271
458649
459995
460216
461006
461710
461902
462117
463739
464427
465158
466668
469141
474227
475235
475644
476100
477594
477693
477893
478194
478264
479453
480998
481422
483658
484569
484767
485741
492121
492285
493391
493986
494405
494463
495167
495545
495622
495768
496961
497976
498917
499716
502211
502830
503839
503992
504090
505204
505663
508095
509192
509562
509876
511688
512436
512483
513673
514042
515230
515475
519266
519888
523194
527477
527930
528509
528772
529261
530917
531165
531594
533145
533988
536011
537559
538052
538911
541850
541996
542049
542578
543024
545628
546487
546682
546797
549499
549795
551084
552443
553293
554053
554345
554880
555567
555821
556746
558904
560441
560500
560902
561830
562210
562518
562766
563599
564155
567080
567739
568086
569858
570759
571865
572091
572514
572591
573590
574389
574537
576060
576243
576305
581401
582123
582694
582741
583876
584067
584620
585474
587238
587820
589507
592080
592581
592785
592941
593316
594378
594459
595052
597866
599565
600555
602128
603128
605661
606232
606809
607037
609267
609446
610540
610854
611328
612463
613207
613834
614369
616784
616882
617269
617719
619033
619196
619293
619388
622131
624513
625202
627602
628557
628951
629232
630878
633487
633631
635178
635892
636315
639137
639144
640364
641220
643199
644016
646995
647971
648484
649393
649686
650048
650883
651628
651726
653811
654111
656736
657090
657137
657332
657580
657665
658533
659693
661397
661710
662137
662989
664893
665240
666501
667715
670829
671580
673485
673564
674912
677635
678207
678767
678809
678939
679004
679838
681316
683518
683882
686579
687340
687702
692512
692611
693895
695082
695691
696503
698116
700238
700425
701494
702160
702252
702544
702559
703110
703299
704772
706067
706706
707117
708486
708921
709636
711236
711352
711946
713174
715924
717612
720523
724263
724605
726157
726413
729731
729965
729967
730194
730736
732436
733903
734031
734974
735054
735204
735612
736903
739033
739462
740479
741422
741570
741942
743222
744967
745075
746585
746771
748766
749554
749749
750310
751757
751866
752837
754036
755147
755674
759090
759683
761135
761424
762251
762791
764564
765020
765282
765898
766593
767467
767925
768415
768704
770938
772216
773861
774071
774854
775084
776323
776339
777641
778763
779014
779548
786789
788462
788671
790653
791973
792005
794632
798209
798393
799990
802937
803467
806800
807059
809621
810908
811549
814737
815045
815495
815713
817929
818796
818961
819563
821041
822125
822199
825773
826043
826281
827054
827555
827743
827915
828121
829409
831581
833115
835610
836204
836775
837134
838083
838315
838628
838676
839607
839989
841265
841715
841742
842263
842656
843639
843796
846073
847375
848287
848909
851626
852841
853288
854191
858875
858927
860900
861596
863629
865097
865490
865950
867125
870252
870613
871981
872010
872213
872254
872264
872791
872976
875551
878563
878780
878961
881184
881394
881856
882335
882527
883760
883863
884526
885657
885840
886422
886622
887606
887974
889643
889981
893655
896515
897636
898386
898654
900374
900841
901501
901889
906214
906861
907518
908461
909911
910227
910377
913716
914191
914308
914711
915546
915733
919364
920142
920446
921222
923356
924480
927672
928567
928803
930119
933766
934392
934604
935635
937370
937568
937711
937999
940154
941430
941514
943345
944164
946636
946819
947488
948060
953772
954654
955052
955318
956573
959262
959436
959575
960401
960994
962016
966276
966609
967407
972461
973163
974316
975369
976067
976489
978831
979082
979416
981598
982027
982069
982243
982817
982962
985074
985147
986739
987330
987560
988555
989605
989852
990142
991518
991662
991734
991851
991947
993010
994613
996807
997511
997680
997824
998872
999235
