100
6344
10610
12468
23812
30247
35120
45470
56257
56296
77035
77143
115987
131946
173636
176470
185930
192887
198230
208608
216844
221443
233785
242095
263719
279080
281526
288320
290329
292959
297902
309006
315054
333157
344189
346322
347600
348868
355344
366623
366830
368837
384418
401527
422025
431429
442164
450005
451900
459674
466555
477541
479518
482777
484119
485311
495644
521899
550728
567541
569226
576210
578250
582678
583983
595891
598758
603690
610094
639388
662514
664840
701811
706725
717103
717836
719610
723704
724087
730857
760680
766646
781954
806829
818976
819973
823191
890694
899878
909026
911107
914724
915290
918821
932390
936464
943671
946503
948589
966512
994536
