1000
0
254
584
1035
1326
1643
2625
2831
2862
3563
4419
4794
7843
8509
11338
11393
11470
12802
14540
15091
15971
16149
16460
16691
17189
17682
18324
18451
18898
19607
19976
24819
25161
25854
26044
27722
29501
30263
32579
33906
34670
35490
35598
36323
37640
38933
40086
42231
42784
44221
46320
46423
47322
48046
48625
51406
51795
53687
55245
55367
55574
56484
56543
56815
57849
58985
59174
60875
61394
62324
63554
64499
65660
66814
67665
69204
69623
69846
69918
70668
71039
73873
74358
74731
75079
76215
76422
79006
79279
79766
80153
81593
82607
82907
83920
85897
86933
87282
87745
89527
91198
91639
91820
94600
95429
96463
97762
99791
101033
102383
103942
104086
104637
106087
106151
106269
106668
107125
108906
109324
109675
110491
111545
112092
112734
112996
116967
117087
118002
119603
122302
123825
124077
124505
126123
126925
128329
128636
129372
130817
131077
131491
131685
131977
135901
136600
136846
137824
139106
140071
141185
141585
142164
143204
146210
146721
146947
147315
148065
151532
152056
152221
153360
153546
154585
155929
157196
157733
160534
160770
161418
162256
163868
164601
165379
165844
167852
168897
169240
172608
173630
174189
174662
176560
177547
179084
179238
179680
181341
181392
183368
183409
183578
184059
185373
188004
189619
195180
196097
197752
198523
199617
200006
200257
200265
200828
201599
202493
203702
204935
206156
206523
207165
207423
210551
210831
214374
215340
217456
217877
219692
220951
221571
223123
223557
224598
226261
229208
229956
231169
231509
233335
235886
236717
237366
237538
238587
239202
239478
239739
240198
241058
241809
242224
242331
244693
244814
245607
246371
248679
251083
251112
251943
252180
252451
252765
254038
254066
255828
257015
257229
257300
263531
267582
267913
271134
273048
273383
273788
273858
274361
274609
278142
279749
280617
281209
281844
282915
283034
283274
284204
286676
286897
287214
291337
291618
292820
292898
295334
295835
296573
297364
298121
298538
298605
298855
299103
301943
303074
303498
304826
304843
305295
305537
306704
307507
307710
309426
309636
311041
312166
312586
313374
314861
315313
315476
315546
316472
316830
316873
319629
320418
320580
322024
324259
326533
327328
327778
328262
329719
332128
333221
334393
334639
335350
335395
336455
337453
337777
337882
338531
338719
339350
339857
344914
345408
346581
347113
347397
347948
348986
351460
353550
354690
355308
355311
356325
357092
357784
358192
358343
358435
359649
361179
363568
363952
364038
364164
364321
364825
365315
365630
365760
365915
366020
366055
366773
367307
367628
367689
367875
369078
371296
371585
372097
374188
374579
374650
377008
377356
378462
382232
382478
383311
384927
385976
387522
388106
389206
390001
390024
390924
392318
393450
393458
393564
395217
396712
398178
398913
398922
399086
399186
399188
401228
401638
402655
402799
402877
404031
404993
406163
406723
406888
407857
409200
410418
410692
411309
411343
411687
412230
412234
414527
414871
415786
416874
417318
418657
418969
419539
420056
421150
421596
422570
428101
428533
431559
431790
431822
432166
432709
435768
435994
436881
437062
438769
440943
440953
441299
444176
444778
445783
446902
447762
448963
449104
450249
450685
452612
453934
454347
455417
456051
456508
456755
456983
457290
458820
458885
459917
460413
460901
461787
462751
465782
467187
467466
467559
468836
469798
473859
473916
474193
474639
475154
476466
478532
478532
479160
481848
483133
485274
485981
485984
486742
488295
488590
489011
489058
489180
489484
490389
490620
491929
493003
493956
494741
496648
496665
498056
500637
501943
502511
503240
503652
508579
508685
508977
510670
510927
511044
511332
512348
512892
513662
514028
515062
515333
518056
518412
518879
519433
520335
521456
521590
523674
526900
527143
527765
528094
528767
530917
532039
532366
532642
533107
536422
537920
537956
539861
540038
540685
540830
542465
546271
546423
546547
547642
548205
548783
549161
549438
550637
552632
555804
556811
557154
558114
558383
558500
559118
560272
561441
562609
562628
563305
563755
563908
564481
564773
564858
567670
568635
568839
571561
573068
573097
575596
576409
576865
578980
579163
579233
579985
580292
580484
580651
580734
581724
583599
583717
584393
584825
585891
586036
586229
588123
588167
588533
589212
589572
589992
591562
591984
593965
596196
598294
600490
601079
603192
604122
604307
604738
605208
606108
606383
606884
607103
608944
608970
609917
610049
610838
611028
611638
612896
613206
613504
614767
616747
618801
620696
621597
622037
622894
623482
624163
624999
627507
627930
629813
630411
630996
633259
633745
634692
634844
635282
637700
637941
639035
639303
639883
642546
644108
644277
645034
645052
645279
645759
645837
646207
646214
647166
647249
647545
648090
649568
649660
652810
654109
654943
657352
657689
657906
658229
658929
660987
665169
667878
668763
669234
671078
673663
674311
674784
679187
680025
681160
681192
681428
683157
684921
686231
687068
687672
688102
688394
688926
688928
689988
692165
693744
693808
695262
697554
697671
697978
698089
700336
700435
700442
704358
705693
707193
707300
708041
708168
708463
708859
709092
715416
715934
717799
717858
717962
719061
721260
721330
722303
723019
723467
723720
727490
727889
730451
732681
733373
734243
735429
735790
735986
736456
736950
738664
738754
738813
741579
742403
743288
743328
746820
748735
748803
749527
749632
749775
750152
751222
751720
751797
752151
753083
754816
755148
755612
757072
757228
757230
759708
760621
761666
762051
762483
763601
763723
765261
765306
765389
765427
770991
773655
775424
776067
776917
777082
777414
777644
778612
778906
781449
781786
783770
785004
785974
791946
793432
793514
796494
797916
799646
801800
803178
803982
804043
804901
805416
807018
807676
808146
808269
808638
808867
809023
809515
809736
810236
812175
813903
814698
825012
825294
825844
828221
828604
829706
830781
832299
833500
834741
835124
835830
836110
837865
838120
839042
839705
841569
844069
845869
846432
849514
850394
851458
851793
852339
852758
852938
853064
853589
855736
857490
859508
859550
859995
860073
861304
862466
863086
864856
865992
867724
870272
871526
876720
877908
878606
881763
883550
884098
884382
884724
885420
886025
886105
886659
887568
888128
888923
889154
890600
890756
895327
896009
897208
897638
898815
898955
900601
901089
901881
903154
903292
903339
903962
905773
910015
910539
910810
912530
913891
914946
918327
918525
920698
922704
922743
922963
923228
925058
925320
926293
926376
926601
927921
929832
930194
933175
934457
935463
936074
936530
938001
939173
939619
940123
941986
942144
942375
942450
944723
945039
945402
948229
948530
948956
950275
950334
952826
954703
956305
956337
956460
957251
958913
960789
961968
963901
965678
965831
966645
969413
970131
970194
970479
971175
971731
971837
975862
977217
981150
981744
982544
982970
983548
984665
984677
987503
989551
989723
990855
992678
993419
994006
994384
994880
995717
996492
997945
