1000
172
2447
2521
3626
5367
5646
5760
6355
6436
8522
11110
11991
15398
16496
17249
18220
19673
20101
20231
21204
25643
25787
27751
28915
28948
29228
29260
30847
32645
32808
33438
34162
36911
36953
38130
39638
40664
42235
42315
43081
43623
44021
44591
44966
45085
47493
48847
49479
49635
50065
52315
53652
54448
54785
56029
57489
58387
58798
60562
60948
61189
61739
61866
62095
63322
65384
66004
67188
68616
69705
69919
70208
72288
72483
72561
76977
77048
81437
81848
82300
82353
83609
83808
86099
86157
86751
87107
88647
89702
91483
92750
93414
93935
94785
95103
95916
96322
96777
97405
100289
100696
104358
105689
106337
106801
107037
110774
111468
112438
112941
113221
114552
115374
116232
116579
117468
118634
119425
120451
122536
123156
123508
124523
125072
125716
126696
128827
130362
131613
132178
132501
136074
136642
136953
138893
138922
140154
140253
140790
141923
142796
142991
143190
144966
145292
145444
146139
146464
146952
148132
149668
149699
150042
150526
150628
150825
151466
151847
152432
152521
153705
154550
155052
155210
157058
157099
157622
157806
157955
163007
163444
165550
166365
166424
166713
167228
169387
169811
170621
170971
171372
172534
174208
174256
175651
177730
177817
180501
181923
182251
185541
187948
188879
189293
189412
189501
190112
190456
191369
192740
193942
194273
195233
195546
196900
197312
197480
198461
198612
198999
200070
200400
201688
202945
203947
205408
206142
206486
206698
207218
208053
208511
209604
212931
215716
217766
217879
217885
219961
220755
221242
221626
222082
222965
223480
225106
226594
227775
228618
231672
231719
233791
235161
235660
239181
240748
241744
242311
243053
243436
243861
244762
245855
246080
246803
247661
248845
249146
249363
249887
252739
253496
254225
255364
255846
256357
256910
257431
257914
259112
259833
262119
262391
262814
263896
265473
265627
267106
267271
267463
267767
268132
268546
268690
272977
274073
274316
275556
275927
276049
278736
278946
279303
283914
284097
284957
285049
285858
286344
286607
290066
290889
292257
293042
296790
297497
298435
299920
302686
303977
304076
304690
306605
306730
306806
307768
309934
309989
310364
315719
316318
316413
317089
317657
319291
320573
321537
321583
321737
322751
324428
325576
328629
329287
329577
329731
330999
331980
332214
332800
332950
332977
333081
334182
334354
334781
334873
342438
344647
345935
346580
347210
350625
351168
353533
354010
355857
357960
358358
359455
361107
362007
362202
365966
366839
370459
370923
370954
371387
372006
373671
373748
373769
373830
375019
375538
376785
376806
377087
377185
377782
379660
381175
384644
385671
385694
385753
385825
387989
388919
390843
392156
392513
393906
395316
396750
398043
398064
398654
399704
401338
401382
401408
402252
403851
403992
407387
408146
409263
411066
412767
413061
413067
413831
414144
414170
414782
414944
416620
416768
419605
419832
422880
423604
425165
426061
427530
427654
428757
429819
430128
432026
432656
432930
433360
436023
436825
437502
438864
438907
439354
441514
443792
444367
446731
446930
447045
447436
447777
448539
448581
448992
449590
450361
451131
452566
457402
458489
458524
459931
461899
462857
463359
463594
463741
463993
464247
465181
465741
466057
466804
467416
467966
469867
470665
471023
471168
471989
472374
472869
475522
475687
476044
476558
480632
481993
483277
483957
485502
487034
487480
488396
489331
489510
490651
490704
491564
493089
493386
493871
494515
494992
495287
496234
496637
497013
497050
497387
498108
499056
499194
500955
502107
504286
504487
505070
505115
505222
505917
506135
506290
507223
508496
508904
508919
513150
513706
514723
515382
516552
518435
518560
522437
522490
523931
524325
525015
526112
527453
528543
528554
529713
532234
533726
534182
534214
534852
535793
536861
538431
538962
540374
540526
540867
540987
543456
544218
545918
546055
548213
548501
548867
549412
549826
551599
553644
555904
556158
556239
558516
559434
560615
561111
563123
563711
565835
567445
567910
567948
569397
570150
570528
572212
572475
574897
575359
576739
576930
577987
578211
579205
580710
582186
582563
583710
585081
585400
586818
586882
588353
588355
589127
589742
591443
592002
593331
594058
594693
594982
595466
596086
598945
601381
602451
602603
604716
609937
611838
612438
613301
613584
614603
614975
616215
616769
617928
618635
618801
621205
622404
622892
623157
624153
625486
628137
628315
629418
629481
630069
631289
631354
632190
633564
635495
635842
636349
640053
641210
641478
642202
643794
645639
646204
647167
647274
648869
649535
650269
651125
652295
653492
656016
656467
658629
659219
661477
668003
669995
674041
674538
674577
676133
676652
677019
677188
677674
679563
680749
681061
682029
685243
687053
687054
687226
687371
688779
689910
691484
696429
696844
697317
697576
697960
698024
698234
700735
701107
701199
701321
701708
702844
703234
706049
706585
706962
708397
709273
710637
711398
713161
714250
714431
714904
715897
716020
716442
716563
717451
717738
718377
719334
721465
722258
722688
722737
724121
724276
724323
724900
725166
725336
727328
727499
727692
732857
733090
733767
733903
735667
736021
737312
737992
738605
739331
740192
742831
743822
744455
744576
746623
746809
749228
749556
752069
752612
752865
753627
753842
754805
757174
760795
760972
761377
761900
762614
766219
767607
768092
768629
770097
771556
773126
773163
773827
773860
773937
775061
776437
776842
780140
780649
781479
785757
786113
786798
789679
789957
790303
791148
792812
792909
794538
795341
796695
797621
798694
799082
799319
801467
802149
803135
803553
804103
804233
804695
804771
805598
805947
806292
806944
807657
809117
809204
809460
809869
810027
810130
812364
813360
818120
818231
818253
820402
821947
822679
823026
824196
825490
826259
826623
829244
833595
834104
834408
836067
836815
838178
840252
841091
841538
841829
841982
842812
845767
846544
846697
847024
847184
850928
850973
851130
853444
854451
855640
857202
857492
858626
859143
862066
862568
862916
864280
866570
867240
868183
868404
870531
872286
873179
875551
875566
876096
876808
877674
878134
878614
878884
879608
880317
882488
884392
884543
886908
888181
888876
889596
889735
891457
891642
892575
892692
892837
896280
898546
898554
898683
900212
901127
901854
902245
902631
903160
904850
906463
907130
907185
907979
908743
910902
911514
911949
912555
913978
917843
918690
919380
921201
921629
923958
925514
925905
927171
928690
930047
930313
930577
931334
932611
933465
933986
936403
939822
939853
939999
940257
940418
940936
942465
942990
943104
946056
947740
948905
949879
949962
950593
950779
951561
953317
956120
958041
959371
959754
959925
960155
960853
961108
961274
961494
961499
962138
963502
963677
963681
965384
965635
967678
968379
969169
970697
971015
971146
971630
972432
972913
974391
974794
975164
975310
975391
977784
978183
978204
978737
982346
984277
984676
987042
987224
987585
987971
988513
988893
989217
989353
991620
992544
993139
994773
998374
