10000
81
159
205
228
296
411
425
693
695
787
818
842
877
990
999
1211
1230
1323
1326
1438
1449
1491
1628
1641
1641
1717
1718
1897
1937
1952
1993
2125
2134
2137
2160
2354
2422
2788
2847
2874
2901
2966
3018
3061
3072
3203
3400
3422
3614
3741
3761
4138
4185
4267
4469
4475
4563
4573
4730
4769
4787
4865
5046
5276
5679
5722
5950
5969
6675
6845
6882
6949
7067
7095
7160
7172
7202
7224
7302
7329
7394
7444
7588
7592
7654
7659
7693
7815
7881
7936
7951
7993
8042
8080
8196
8249
8287
8771
8865
8947
8984
9060
9154
9166
9285
9492
9666
9707
9758
9858
9911
9963
10048
10062
10196
10343
10344
10385
10498
10588
10727
10861
10990
11050
11115
11207
11567
11616
11760
11830
11855
11932
11976
12049
12307
12379
12393
12414
12599
12626
12757
13001
13094
13242
13401
13404
13540
13561
13609
14167
14222
14363
14523
14620
14632
14678
14790
15023
15078
15102
15111
15136
15303
15390
15458
15540
15558
15620
15637
15649
15730
15755
15761
15779
15947
16214
16400
16403
16411
16596
16860
16913
17039
17112
17220
17229
17247
17268
17278
17358
17422
17520
17556
17612
17723
17961
18022
18037
18046
18346
18418
18544
18622
18671
18713
18844
19124
19222
19357
19544
19583
19635
19875
20047
20060
20116
20213
20282
20286
20301
20618
20762
20845
20887
20912
20981
20986
21124
21239
21287
21295
21615
21686
21734
21809
21896
21898
21949
21955
21961
21995
22085
22096
22155
22157
22246
22247
22428
22485
22519
22655
22679
22713
22853
22895
22946
22947
22999
23025
23197
23365
23412
23497
23548
23552
23578
23633
23705
23754
23821
23852
23963
23982
23990
24246
24343
24367
24410
24626
24700
24846
24940
24975
24984
25032
25218
25260
25293
25342
25347
25462
25510
25518
25538
25570
25646
25671
25735
25769
25813
25877
25925
26035
26319
26328
26453
26903
26956
27020
27175
27271
27300
27323
27401
27469
27646
27710
27762
27823
27909
27911
27925
28053
28127
28271
28445
28645
28710
28849
28957
28995
29126
29786
29894
29906
29908
29995
30050
30053
30236
30418
30430
30437
30504
30661
30726
30780
31153
31270
31364
31393
31616
31719
31857
31947
31949
32038
32093
32097
32246
32270
32517
32796
32864
32886
32894
32902
32999
33096
33200
33270
33392
33482
33486
33499
33688
33714
33791
33795
33851
33906
33909
34036
34040
34143
34154
34513
34621
34686
34932
35019
35114
35139
35212
35273
35285
35306
35316
35337
35464
35559
35679
35689
35729
35800
35934
36003
36406
36520
36787
36894
36940
36960
37027
37083
37172
37285
37484
37626
37652
37736
37912
37951
38104
38111
38197
38202
38218
38366
38413
38540
38559
38672
38934
38978
39193
39199
39274
39651
39812
39843
39874
39879
39960
40060
40117
40328
40358
40481
40640
40686
40849
40944
40999
41064
41265
41308
41341
41344
41695
41945
42019
42060
42345
42357
42366
42450
42518
42800
42873
43017
43040
43053
43095
43177
43286
43475
43564
43594
43730
43855
43890
43918
43934
44005
44139
44157
44304
44483
44583
45223
45289
45290
45479
45572
45606
45691
45712
45732
45772
45773
45792
45806
45846
45908
46067
46074
46232
46256
46414
46442
46444
46448
46578
46844
46868
46941
46997
47030
47080
47103
47200
47257
47335
47528
47596
47674
47720
47930
47952
47991
48048
48053
48095
48239
48274
48418
48692
48695
48741
48750
48822
48912
49014
49037
49325
49340
49390
49467
49507
49517
49660
49663
49663
49702
49827
49878
49909
50003
50065
50137
50149
50152
50207
50371
50372
50374
50423
50451
50507
50534
50602
50646
50660
50707
50748
50814
51061
51072
51233
51265
51333
51426
51484
51496
51532
51718
51827
51891
51988
52063
52098
52186
52278
52300
52574
52681
52722
52729
52740
52742
52897
53028
53185
53189
53311
53377
53530
53625
53995
54153
54281
54447
54457
54700
54770
54842
54888
54904
55128
55300
55437
55487
55488
55803
56013
56106
56150
56157
56182
56416
56482
56493
56754
56804
57106
57197
57373
57390
57486
57499
57518
57669
57980
58132
58342
58418
58635
58664
58689
58720
58739
58835
58921
59019
59025
59044
59269
59598
59608
59658
59714
59715
59716
59797
59959
60019
60028
60032
60086
60123
60132
60207
60308
60340
60426
60563
60878
60928
60929
60977
61009
61063
61334
61340
61446
61527
61766
61767
61794
61817
61893
61949
62137
62245
62251
62591
62601
62615
62673
62788
63013
63076
63142
63201
63220
63272
63284
63344
63473
63802
63914
63933
64098
64221
64294
64362
64390
64448
64476
64812
64830
64866
64981
65180
65197
65448
65472
65493
65626
65928
66113
66137
66185
66186
66204
66465
66626
66654
66846
67018
67067
67227
67318
67321
67328
67478
67497
67512
67652
67719
67782
67792
67816
67880
67940
68058
68174
68306
68436
68544
68618
68637
68939
68964
69028
69095
69138
69178
69374
69395
69606
69628
69638
69813
69817
70119
70130
70250
70328
70394
70461
70544
70583
70739
70820
71146
71238
71317
71419
71635
71647
71718
72072
72105
72225
72244
72431
72488
72558
72610
72724
72755
72771
72863
72877
73151
73245
73379
73433
73447
73909
73949
73969
74045
74045
74089
74098
74190
74256
74405
74617
74820
74853
74873
74878
74911
74916
74942
74991
75257
75293
75309
75320
75518
75605
75632
75676
75882
75918
76155
76217
76309
76318
76353
76535
76567
76608
76666
76814
76969
77013
77100
77112
77185
77296
77497
77511
77539
77620
77778
77875
77965
78008
78032
78097
78345
78367
78395
79054
79081
79421
79528
79566
79621
79680
79787
79837
79905
80033
80371
80510
80686
80756
80768
80810
80927
81038
81272
81335
81342
81556
81626
81649
81720
81816
81818
81903
81908
81956
81967
81967
82112
82143
82181
82187
82274
82953
82966
83106
83268
83340
83529
83732
83840
83915
83922
83966
84127
84129
84194
84352
84523
84676
85154
85158
85192
85242
85290
85305
85487
85586
85816
85830
85830
85843
85968
86003
86005
86222
86313
86343
86410
86437
86646
86648
86977
87106
87418
87487
87511
87571
87594
87662
87663
87729
87738
87932
88053
88109
88180
88203
88410
88419
88427
88446
88473
88491
88608
88850
88938
89007
89071
89098
89143
89184
89221
89287
89348
89391
89614
89735
89750
89800
89807
89855
89863
89927
90150
90215
90324
90366
90472
90495
90561
90617
90643
90655
90719
90733
91065
91096
91127
91127
91265
91423
91467
91561
91772
91816
91884
92053
92091
92115
92116
92155
92218
92605
92868
92894
92894
93131
93169
93186
93423
93448
93514
93526
93545
93725
93726
93858
94025
94268
94433
94462
94567
94588
94677
94776
94809
94872
94930
94983
95217
95234
95608
95670
95685
95698
95731
95739
95759
95873
95955
96192
96199
96327
96375
96378
96762
96774
96794
96878
96933
97002
97020
97086
97101
97104
97144
97185
97314
97335
97349
97693
97696
97807
97840
97845
97907
97985
98463
98524
98542
98567
98815
98873
98873
98900
98954
99035
99145
99163
99264
99359
99430
99467
99598
99621
99623
99673
99759
99777
99845
100101
100178
100444
100510
100728
100740
100829
100848
100929
100996
101111
101179
101265
101436
101555
101560
101728
101798
101802
101936
102039
102199
102218
102252
102337
102418
102429
102457
102479
102564
102629
102740
102742
102763
102827
102829
103271
103388
103746
103941
103969
104049
104053
104189
104305
104419
104442
104500
104551
104691
104736
104818
104885
104920
105083
105107
105142
105218
105589
105645
105787
105817
106085
106701
106714
106900
107218
107321
107415
107454
107592
107892
107949
108077
108088
108185
108200
108415
108557
108631
108735
108866
109139
109156
109203
109211
109288
109434
109542
109552
109738
109815
109837
109863
109926
110130
110369
110489
110506
110685
110756
110789
110822
110833
110950
111034
111079
111094
111103
111158
111343
111382
111428
111684
111749
111815
111940
112136
112223
112309
112512
112562
112573
112604
112735
112950
112975
112995
113086
113358
113426
113465
113487
113619
113636
113902
114147
114247
114382
114422
114480
114535
114590
114667
114824
114862
115010
115081
115224
115257
115347
115397
115496
115549
115609
115639
115702
115820
115860
115961
116032
116127
116413
116458
116482
116677
116771
116773
116797
116897
116916
116996
117046
117074
117155
117173
117229
117371
117440
117450
117468
117503
117568
117675
117888
118042
118109
118112
118178
118724
118940
119024
119077
119467
119519
119528
120006
120229
120330
120403
120407
120602
120669
120740
120748
120934
121050
121130
121365
121715
121857
122086
122311
122427
122486
122550
122588
122681
122705
122844
122976
123011
123116
123126
123187
123252
123276
123329
123763
123770
123792
123809
123969
124009
124033
124156
124411
124479
124597
124846
124899
125405
125490
125784
126287
126351
126363
126501
126549
126567
126699
126895
126968
127029
127158
127233
127400
127501
127791
127970
128173
128214
128327
128364
128519
128659
128725
128792
129223
129230
129605
129666
129787
129841
130159
130238
130432
130490
130634
130749
130791
130842
130859
131251
131317
131543
131558
131766
131803
131843
131978
132009
132009
132013
132277
132316
132502
132680
132748
132814
133010
133205
133310
133361
133617
133830
133875
133879
133908
134042
134123
134508
134647
134786
134789
134796
134964
134976
135145
135199
135409
135627
135662
135683
135713
135730
135735
136307
136352
136393
136423
136707
136727
136728
136751
136945
137004
137483
137554
137598
137714
137728
137833
137988
138022
138046
138106
138436
138481
138500
138523
138599
138609
138671
138904
139122
139142
139230
139306
139324
139413
139448
139604
139648
139886
139935
140019
140228
140262
140321
140460
140511
140559
140638
140839
140848
140885
140899
140965
141023
141063
141174
141258
141403
141422
141445
141557
141562
141586
141603
141623
141697
141733
141821
142174
142258
142415
142424
142428
142438
142471
142472
142518
142536
142543
142563
142568
142677
142684
142700
142823
142844
143221
143429
143438
143548
143691
143698
144083
144160
144183
144318
144392
144439
144569
144643
144674
144751
144758
144936
144957
144969
145035
145063
145187
145346
145367
145486
145523
145794
145802
146032
146126
146139
146279
146721
146745
146860
146868
146871
147113
147123
147158
147252
147252
147281
147282
147414
147455
147602
147657
147715
147760
147800
147836
147871
147892
147976
148061
148066
148082
148136
148195
148227
148410
148428
148477
148717
148978
149192
149209
149509
149643
149707
149960
150255
150343
150344
150420
150464
150479
150592
150713
150803
150938
150990
151153
151376
151380
151431
151469
151516
151593
151637
151657
151696
151706
151764
152210
152249
152274
152438
152763
152931
153165
153211
153390
153414
153514
153642
153705
153755
153957
154123
154239
154243
154264
154313
154536
154767
154780
154973
155037
155104
155313
155432
155652
155984
156146
156524
156562
156661
156901
156981
157019
157021
157288
157290
157491
157537
157548
157640
157718
157805
157821
158050
158183
158377
158496
158551
158698
158715
158858
158935
159020
159057
159113
159292
159335
159517
159651
159665
159686
159714
159800
160001
160005
160015
160062
160158
160195
160246
160456
160571
160581
160745
160770
160861
160968
160971
160989
161129
161174
161333
161469
161513
161604
161676
161835
161949
162044
162081
162111
162165
162185
162233
162259
162266
162401
162615
162746
162813
162914
162946
163053
163110
163138
163624
163778
164116
164253
164316
164375
164532
164587
164729
164787
164806
164823
165114
165161
165180
165201
165322
165420
165549
165606
165631
165825
165953
166145
166401
166457
166525
166712
166815
166890
166930
167045
167159
167285
167457
167574
167911
167916
167979
168079
168117
168272
168351
168368
168382
168564
168610
168931
168998
169004
169017
169091
169108
169117
169126
169444
169470
169508
169687
169769
169816
169861
169931
169974
170079
170249
170367
170546
170694
170853
171066
171080
171211
171371
171444
171477
171615
171637
171659
171672
171695
171724
171804
171846
172284
172467
172588
172776
173165
173195
173295
173355
173365
173753
173775
173866
173941
173962
174162
174322
174597
174884
174935
175180
175198
175208
175451
175544
175634
175686
175779
175967
176130
176152
176228
176305
176576
176651
176693
176828
176845
176871
176898
176903
177000
177011
177028
177040
177045
177061
177212
177413
177523
177586
177621
177909
177930
178066
178132
178154
178253
178346
178711
178743
178833
178942
179094
179181
179305
179330
179486
179571
179581
179698
179748
179842
179868
179882
180158
180198
180362
180391
180402
180520
180529
181045
181132
181185
181228
181298
181367
181433
181479
181499
181542
181606
181721
181734
181789
181798
181846
181885
181941
181969
182309
182349
182572
182770
182935
183005
183051
183073
183084
183100
183170
183275
183600
183924
183996
184060
184116
184272
184321
184916
185122
185156
185264
185281
185325
185335
185343
185434
185459
185486
185521
185538
185541
185628
185747
185756
185956
186014
186088
186206
186232
186268
186268
186326
186372
186410
186421
186423
186646
186738
186799
186878
186900
187187
187225
187506
187781
188203
188320
188350
188388
188457
188473
188514
188560
188839
188932
188966
189084
189086
189247
189308
189379
189793
189812
189909
189998
190020
190485
190501
190517
190734
190752
190775
190866
190918
191230
191249
191297
191445
191536
191656
191707
192088
192181
192239
192321
192363
192373
192444
192530
192568
192585
192841
192956
193119
193170
193267
193412
193505
193518
193577
193640
193779
193857
193889
193893
194006
194042
194285
194341
194419
194466
194474
194486
194555
194647
194688
194713
194760
194780
195116
195506
195918
196153
196216
196283
196335
196386
196404
196426
196458
196643
196647
196744
196959
196995
197004
197022
197037
197208
197235
197547
197583
197735
197899
198061
198074
198076
198080
198082
198182
198311
198404
198407
198427
198551
198606
198752
198803
199069
199161
199315
199342
199568
199584
199932
199962
200082
200147
200210
200410
200486
200676
200693
200705
200954
200960
201085
201208
201308
201512
201527
201564
201568
201586
201609
201690
201691
201725
201749
201841
201962
202010
202048
202084
202176
202181
202224
202291
202315
202347
202464
202546
202744
202777
202980
203042
203369
203399
203519
203658
203764
203966
204480
204715
204821
204831
204852
205051
205190
205246
205315
205421
205530
205612
205655
205725
205908
205933
205946
206161
206398
206462
206513
206579
206692
206847
206934
207027
207215
207295
207342
207462
207574
207618
207618
207656
207685
207910
207988
208136
208303
208319
208428
208505
208629
208634
208776
208776
208788
208805
208861
208906
208935
208963
209013
209113
209350
209380
209633
209654
209914
210137
210147
210330
210500
210582
210643
210686
210770
211249
211275
211279
211297
211774
211820
211830
212018
212097
212271
212306
212386
212518
212569
213051
213056
213395
213396
213734
213793
213873
214051
214115
214164
214176
214246
214276
214600
214650
214651
214706
214767
214813
214851
214869
215241
215289
215342
215553
215572
215573
215578
215767
215911
216022
216296
216338
216389
216547
216554
217129
217230
217518
217611
217663
217750
217803
217850
217858
218247
218344
218424
218519
218561
218650
218841
218859
218969
219167
219209
219254
219421
219560
219695
219725
219910
219932
220026
220029
220091
220177
220433
220555
220560
220698
220703
220907
221118
221138
221207
221232
221372
221504
221601
221603
221668
221682
221699
221729
221741
221855
221958
222035
222153
222201
222280
222324
222391
222458
222502
222525
222725
222784
222797
222947
223002
223158
223178
223197
223269
223344
223378
223562
223818
223859
224297
224309
224341
224526
224556
224559
224929
224982
225182
225239
225398
225500
225522
225549
225609
225974
225978
226035
226056
226230
226282
226507
226514
226523
226572
226644
226651
226681
226761
226876
226902
227033
227176
227256
227488
227597
227642
227685
227906
228133
228349
228435
228875
228882
228922
229180
229216
229220
229260
229289
229414
229452
229542
229745
229898
229946
230000
230093
230241
230299
230417
230531
230637
230717
230891
230955
231308
231543
231591
231591
231602
231604
232325
232365
232634
232760
232925
232970
233160
233248
233320
233365
233483
233563
233645
233682
233735
233802
233819
233837
233983
234161
234208
234588
234865
235058
235069
235160
235264
235305
235398
235424
235429
235681
235688
235717
235783
235838
235922
236112
236397
236459
236481
236626
236634
236891
236905
237021
237077
237098
237174
237216
237240
237330
237348
237674
237814
237844
238033
238073
238125
238209
238237
238262
238265
238513
238579
238599
238618
238664
238696
238714
238954
239101
239114
239116
239202
239255
239258
239305
239396
239570
239593
239677
239682
239766
239766
239851
240030
240117
240125
240340
240572
240604
240654
240664
240709
240724
240839
241173
241197
241258
241279
241359
241379
241423
241508
241728
241773
242009
242536
242550
242874
242906
243145
243349
243501
243543
243553
243958
244088
244099
244143
244260
244293
244316
244429
244480
244494
244632
244641
244654
244695
244759
244898
244963
245499
245587
245612
245643
245776
245816
245822
245911
246001
246094
246136
246297
246307
246450
246468
246688
246776
246789
246964
246964
246982
247022
247039
247083
247317
247357
247365
247401
247404
247431
247465
247755
247978
248010
248064
248294
248317
248337
248361
248467
248537
248617
248867
248891
248957
248991
249129
249151
249395
249486
249699
249800
249950
250097
250142
250432
250488
250489
250528
250685
250698
250933
251121
251175
251232
251294
251362
251447
251451
251477
251723
251809
251863
251880
252155
252547
252556
252624
253045
253121
253148
253185
253294
253417
253524
253557
253599
253613
253617
253620
253637
253669
253694
253783
253808
254064
254500
254548
254586
254753
255055
255140
255416
255530
256083
256127
256149
256229
256250
256259
256263
256323
256402
256479
256596
256609
256624
256691
256723
257087
257089
257161
257231
257526
257580
257855
257911
257986
258091
258129
258180
258325
258369
258371
258395
258411
258430
258593
258598
258617
258714
258746
258969
259039
259146
259244
259273
259346
259381
259407
259410
259464
259484
259645
259688
259809
259986
260011
260061
260086
260531
260556
260592
260673
260677
260805
261394
261428
261565
261734
261860
261991
262053
262060
262175
262200
262388
262410
262414
262431
262515
262551
262622
262737
262915
263017
263440
263491
263529
263535
263537
263628
263663
263817
263924
263947
263974
264117
264278
264311
264319
264361
264435
264445
264563
264788
264880
265517
265556
265891
265935
266194
266212
266410
266530
267499
267515
267551
267682
267715
267911
268045
268298
268303
268306
268381
268564
268581
268593
268614
268660
268688
268689
269032
269099
269327
269343
269519
269590
269637
269656
269734
270036
270117
270193
270301
270317
270372
270514
270568
270585
270778
270797
270817
270895
271039
271240
271274
271331
271331
271354
271466
271706
271727
271735
271779
271897
271974
271980
272066
272222
272242
272332
272350
272399
272434
272501
272630
272788
272922
272968
273039
273069
273203
273392
273473
273649
273679
273781
273828
273829
273999
274030
274035
274750
274994
275148
275337
275407
275467
275691
275837
275855
275953
275975
276318
276424
276500
276505
276547
276557
276575
276735
276847
276925
276944
277222
277270
277296
277361
277433
277503
277524
277594
277789
277954
278071
278089
278320
278373
278442
278625
278753
278913
279544
279595
279777
279791
280143
280182
280261
280328
280373
280540
280557
280580
280677
280861
280953
281125
281208
281234
281274
281294
281585
281617
281682
281772
282027
282041
282174
282174
282241
282331
282481
282577
282614
282718
282827
282874
283002
283164
283463
283729
283740
283744
283792
283935
284060
284088
284091
284095
284392
284393
284407
284558
284939
285010
285016
285050
285081
285099
285132
285258
285515
285523
285577
285596
285649
285679
285748
285847
285893
285912
286063
286300
286367
286396
286600
286651
286695
286776
286890
286971
287023
287061
287160
287194
287463
287480
287718
287819
287895
287915
287982
287989
288059
288112
288124
288205
288346
288381
288556
288595
288718
288944
289155
289516
289592
289613
289752
289763
289782
289839
289843
289869
290282
290292
290391
290470
290547
290548
290561
290570
290579
290678
290728
290785
290842
290969
291085
291238
291300
291479
291509
291512
291552
291681
291869
291875
291906
291926
291996
292000
292005
292074
292176
292305
292399
292561
292597
292602
292626
292772
292799
292870
293052
293142
293231
293275
293353
293372
293412
293488
293512
293538
293589
293707
293879
294523
294588
294635
294710
294751
294806
294844
294864
294887
294947
295055
295141
295201
295337
295419
295465
295468
295944
295991
296167
296355
296356
296407
296620
296833
296904
296944
296979
297409
297477
297652
297683
297796
297917
298030
298055
298438
298557
298658
298680
298723
298767
299190
299320
299422
299655
299758
299891
299905
300130
300133
300229
300490
301196
301865
302045
302050
302076
302086
302162
302215
302229
302235
302280
302316
302477
302553
302582
302815
302830
302832
302848
302997
303011
303423
303510
303595
303605
303634
303755
303961
304087
304146
304153
304347
304395
304528
304914
304980
305002
305018
305122
305133
305308
305430
305516
305690
305723
305732
305778
305819
305824
305834
305945
306027
306344
306394
306462
306476
306542
306553
306590
306603
306707
306757
306865
307053
307191
307221
307703
307983
308073
308210
308220
308381
308472
308518
308608
308662
308820
308840
308926
308988
309163
309168
309189
309256
309268
309420
309461
309518
309597
309754
309783
309790
309855
310053
310104
310148
310171
310495
310518
310523
310731
310758
310798
310829
311038
311139
311140
311352
311382
311442
311464
311575
311584
311678
311700
311727
311994
312164
312219
312233
312350
312388
312593
312780
312820
312916
312928
312973
312980
313096
313155
313497
313554
313630
313673
313682
314018
314047
314060
314073
314420
314571
314660
314777
314852
314862
315121
315246
315360
315411
315411
315437
315479
315688
315940
315995
316269
316300
316423
316496
316621
316776
317014
317107
317215
317292
317470
317608
317621
317655
317729
317860
317881
318133
318274
318294
318398
318467
318546
318568
318589
318599
318683
318724
318756
318844
319003
319074
319193
319247
319372
319519
319531
319563
319565
319824
319868
319951
320056
320337
320458
320892
321080
321131
321243
321510
321586
321627
321632
321754
321855
321855
321883
321927
321934
322233
322345
322449
322463
322491
322517
322673
322749
322898
322915
322992
323057
323363
323402
323441
323458
323465
323645
323658
323685
323792
323897
323967
323993
324011
324029
324100
324141
324181
324188
324244
324248
324338
324349
324436
324973
324988
325026
325034
325288
325493
325501
325518
325712
325945
325951
326045
326124
326140
326203
326274
326397
326559
326617
326750
326894
326919
326937
327041
327186
327227
327261
327338
327421
327821
327856
328037
328237
328258
328341
328390
328569
328585
328924
328989
329038
329110
329334
329349
329436
329546
329789
329846
329855
329869
329892
329937
330027
330053
330064
330177
330312
330361
330397
330574
330757
330791
331254
331795
331938
332232
332319
332384
332422
332423
332506
332797
332856
332866
332996
333200
333221
333277
333380
333450
333848
333926
333944
333954
334103
334215
334229
334454
334533
334608
334678
334879
334998
335237
335336
335411
335417
335479
335484
335573
335830
336056
336065
336103
336140
336212
336234
336418
336454
336528
336599
336747
337108
337124
337315
337369
337381
337639
337853
338194
338229
338470
338574
338644
338723
338748
338759
338862
338932
339030
339077
339081
339096
339273
339297
339326
339424
339629
339642
339674
339701
339705
339875
339894
339949
340022
340045
340223
340232
340323
340435
340528
340574
340749
340784
340790
340861
340911
340925
340963
340987
341241
341262
341538
341628
341691
341694
341802
341848
341871
341894
342088
342146
342213
342244
342253
342258
342693
342744
342893
342962
342974
343025
343058
343355
343373
343393
343583
343689
343946
344296
344356
344360
344464
344517
344538
344614
344711
344801
344803
344932
345107
345177
345618
345630
345747
345754
345766
345779
345792
345867
345909
345924
346118
346130
346159
346215
346255
346287
346603
346662
346787
347013
347144
347464
347782
347837
347887
348043
348089
348118
348119
348384
348609
348666
348983
349109
349315
349329
349337
349498
349613
349743
349846
350132
350180
350221
350297
350404
350475
350529
350618
350733
350856
350935
350980
351269
351636
351838
351978
351999
352060
352090
352152
352345
352580
352881
352928
352988
353019
353143
353257
353372
353524
353538
353578
353901
353969
354019
354030
354238
354255
354268
354281
354287
354299
354467
354577
354658
354769
354826
354886
354929
354967
355303
355306
355367
355372
355399
355491
355598
355678
355703
355906
355913
355922
356001
356013
356023
356213
356216
356346
356363
356502
356776
356798
356903
356975
357164
357167
357186
357339
357435
357464
357480
357563
357631
357965
358066
358154
358191
358242
358263
358368
358411
358543
358622
358946
358995
359023
359130
359152
359189
359439
359503
359565
359626
359660
359749
359887
359906
359989
360040
360236
360260
360286
360437
360508
360628
360677
360751
360792
360859
360897
360940
361006
361329
361578
361641
361660
361700
361717
361732
361749
361834
361975
362131
362164
362185
362248
362353
362356
362582
362632
362649
362699
362704
362885
362962
363044
363159
363161
363195
363237
363308
363441
363456
363621
363696
363763
363770
363777
363907
363960
363999
364089
364135
364379
364602
364759
364833
365010
365065
365085
365146
365333
365342
365424
365537
365569
365702
365834
365838
365918
365964
366032
366304
366320
366387
366583
366644
366662
366691
366774
366821
367016
367020
367037
367258
367335
367347
367615
367931
368273
368301
368352
368495
368556
368632
368672
368723
368725
368753
368834
368899
368962
368997
369027
369317
369392
369410
369476
369576
369748
369902
370091
370372
370514
370571
370593
370596
370666
370719
371009
371160
371185
371449
371568
371601
371646
371729
371885
371901
371914
371994
372070
372123
372138
372243
372244
372371
372533
372691
372790
372790
372851
372952
372973
373079
373104
373106
373213
373277
373331
373765
373867
373880
373953
374006
374182
374250
374259
374377
374415
374599
374726
374781
374910
375100
375229
375261
375313
375345
375523
375576
375696
375731
375971
376065
376264
376309
376391
376951
377087
377464
377701
377789
377830
377882
377977
378021
378022
378139
378245
378376
378529
378600
378624
378838
379084
379148
379313
379384
379444
379452
379473
379503
379656
380172
380275
380447
380520
380654
380714
380726
380744
380748
380797
380812
380818
380907
381063
381240
381286
381413
381440
381660
381733
381802
381824
381897
381951
382017
382095
382204
382268
382392
382422
382437
382494
382690
382702
382938
383065
383226
383273
383278
383521
383595
383705
383962
384008
384018
384071
384166
384184
384202
384477
384661
384864
384940
385058
385221
385226
385345
385394
385445
385532
385593
385612
385690
385856
385925
385973
386043
386064
386075
386237
386347
386470
386472
386730
386736
386899
387009
387027
387227
387439
387638
387830
388011
388122
388145
388273
388322
388335
388588
388663
388697
388705
388830
388918
388921
388963
388965
388994
389109
389184
389220
389457
389686
389702
389730
389904
390004
390106
390111
390147
390448
390543
390647
390828
390842
391022
391420
391630
391727
391764
391893
391992
392090
392166
392282
392840
393107
393373
393573
393647
393886
393941
393990
394080
394431
394477
394506
394550
394661
394752
394949
395068
395190
395241
395356
395443
395496
395517
395519
395593
395834
395894
396143
396143
396349
396521
396609
396663
396851
396989
397030
397100
397194
397225
397363
397386
397506
397512
397635
397681
397718
397883
398112
398222
398286
398338
398571
398573
398693
398766
398783
398888
399215
399291
399328
399428
399582
399705
399810
399882
400207
400236
400321
400448
400478
400683
400768
400790
400791
401057
401083
401117
401230
401281
401342
401363
401653
401733
401818
402103
402276
402343
402353
402573
402628
402650
402906
402917
403009
403073
403257
403260
403362
403708
403816
404116
404181
404260
404264
404322
404527
404572
404604
404625
404744
404839
404848
404945
404984
405135
405312
405313
405480
405715
405739
405927
405939
405945
405980
406053
406188
406200
406370
406442
406477
406577
406658
406712
406952
407053
407164
407579
408123
408220
408424
408430
408883
409299
409403
409542
409558
409778
409955
410128
410169
410450
410655
410837
410930
411340
411361
411371
411386
411497
411572
411830
411957
412049
412120
412128
412188
412237
412362
412663
412689
412768
412838
412854
412910
412960
413097
413199
413266
413436
413637
413704
413793
413801
413874
414240
414561
414632
414838
414847
415022
415161
415209
415265
415394
415433
415629
415665
415673
415681
415737
416353
416457
416583
416664
416787
416821
416923
417080
417090
417163
417204
417313
417330
417379
417468
417496
417546
417585
417810
417932
417980
417984
418038
418041
418055
418093
418136
418350
418443
418467
418485
418741
419006
419082
419255
419287
419296
419356
419359
419378
419718
419782
420332
420547
420621
420656
420972
421038
421151
421370
421376
421424
421459
421561
421650
421752
421756
421893
421983
421985
422063
422435
422484
422589
422644
422700
422874
422911
423119
423153
423351
423395
423460
423581
423596
423750
423857
423963
424053
424189
424557
424924
425204
425257
425442
425610
425845
425914
425961
426153
426182
426210
426299
426861
426953
426977
427007
427030
427142
427368
427374
427381
427398
427424
427493
427737
427837
427847
428127
428199
428216
428243
428283
428473
428589
428593
428731
428784
428836
429115
429440
429472
429560
429598
429637
429817
429883
429966
430111
430135
430224
430326
430469
430504
430537
430566
430588
430721
430732
430837
431043
431138
431225
431246
431259
431326
431473
431514
431568
431756
431759
431777
431939
431968
432110
432214
432241
432492
432579
432627
432640
432878
432925
432953
433079
433288
433335
433414
433494
433496
433509
433563
433669
433928
433968
433982
433987
434147
434169
434217
434245
434277
434368
434409
434462
434472
434572
434896
434948
435502
435660
435725
435788
435800
436010
436046
436095
436108
436128
436150
436169
436382
436414
436514
436755
436755
436931
436966
437230
437262
437455
437499
437811
437835
437958
438037
438043
438192
438340
438367
438417
438495
438654
438758
438806
438817
438818
438831
438905
438943
438958
439065
439085
439138
439150
439174
439220
439590
439622
439685
439772
439848
440004
440423
440492
440585
440619
440639
440678
440822
440825
441132
441252
441276
441330
441347
441370
441648
441668
441680
441885
441916
441958
441997
442067
442135
442200
442208
442253
442387
442408
442847
442935
442965
442978
442988
443037
443065
443068
443080
443442
443500
443550
443805
443859
443873
443985
444100
444166
444210
444220
444271
444294
444542
444550
444558
444587
444626
444630
444936
445064
445141
445171
445548
445554
446089
446223
446403
446602
446631
446648
446773
446785
446817
446835
446888
446965
447106
447208
447277
447639
447833
447879
448019
448040
448171
448177
448235
448316
448451
448650
448762
448885
448893
448910
448948
449078
449080
449104
449169
449206
449444
449451
449803
449849
449940
450063
450148
450211
450235
450244
450458
450523
450580
450599
450624
450674
450870
451022
451084
451179
451374
452038
452137
452147
452350
452586
452617
452810
452836
453139
453235
453354
453376
453633
453904
453918
454006
454141
454157
454159
454361
454374
454565
454898
454902
454930
454971
455074
455101
455123
455156
455157
455393
455436
455514
455557
455632
455643
455763
455780
455914
455955
456166
456227
456376
456785
456981
457194
457200
457230
457409
457448
457569
457589
457760
457900
457920
458008
458030
458119
458142
458166
458312
458429
458502
458515
458707
458865
458891
458937
459108
459201
459239
459583
459985
459997
460125
460177
460180
460188
460203
460254
460303
460631
460772
460806
460812
460903
461115
461349
461792
461806
461931
462184
462226
462229
462245
462307
462335
462476
462684
462814
462992
463107
463219
463285
463311
463314
463536
463571
463642
463656
463970
463981
464032
464071
464213
464283
464369
464482
464570
464627
464817
465038
465128
465197
465270
465275
465325
465367
465407
465663
465671
465748
465947
465983
466156
466185
466201
466202
466231
466417
466596
466759
466763
466790
466830
466839
466965
466995
467014
467039
467096
467293
467312
467467
467479
467576
467593
467618
467652
467653
467655
467779
467798
467844
467997
468016
468098
468165
468187
468378
468432
468460
468472
468580
468597
468675
468697
469051
469072
469098
469221
469252
469317
469332
469487
469497
469575
469600
469611
469934
469981
470072
470129
470216
470295
470335
470421
470438
470450
470518
470859
470865
470932
470985
471076
471153
471160
471267
471395
471908
471962
472096
472171
472183
472241
472553
472569
472653
472756
472776
472829
472923
473028
473061
473149
473175
473246
473424
473472
473596
473611
474090
474121
474137
474322
474806
474934
474995
475033
475104
475139
475299
475335
475429
475845
475862
475905
475953
476111
476121
476249
476253
476559
476561
476678
476724
476781
477009
477149
477241
477331
477634
477643
477751
477806
477856
477910
477944
478229
478383
478496
478509
478515
478550
478645
478829
478960
478978
478999
479029
479092
479119
479304
479668
479701
479845
479877
479909
480084
480358
480462
480606
480797
480797
480827
481058
481135
481239
481240
481636
482248
482412
482766
482925
483127
483242
483305
483307
483313
483337
483491
483738
483753
483944
484127
484210
484354
484420
484479
484564
484644
484688
484786
484806
484836
484940
484952
484956
485178
485248
485293
485316
485439
485441
485463
485631
485722
485727
485836
485952
486113
486132
486175
486176
486370
486437
486483
486590
486634
486756
486776
486838
486872
487035
487140
487270
487314
487322
487520
487569
487580
487726
488028
488091
488307
488403
488666
488872
488982
489000
489099
489173
489233
489262
489423
489553
489568
489589
489597
489745
489767
489813
490048
490080
490288
490348
490354
490420
490566
490600
490672
490686
490810
490931
490931
491450
491562
491566
491592
491666
491706
491744
491862
492096
492117
492172
492199
492268
492303
492345
492480
492628
492750
492891
493460
493522
493692
493717
493866
493922
493958
493989
494077
494136
494319
494427
494655
494672
494693
494785
494789
494856
495000
495092
495217
495275
495426
495460
495529
495601
495625
495679
495688
495713
495765
495831
496032
496133
496145
496193
496356
496399
496521
496610
496823
496904
497075
497188
497350
497595
497621
497648
498087
498138
498140
498267
498293
498381
498456
498586
498695
498733
498899
498922
498960
499042
499092
499113
499299
499300
499496
499527
499581
499592
499650
499659
499838
499974
500014
500277
500283
500333
500362
500387
500618
500710
500863
500869
501118
501127
501258
501563
501672
501749
501817
501828
501947
502245
502308
502340
502344
502364
502395
502464
502552
502587
502607
502757
502759
502814
502880
503000
503021
503082
503150
503234
503284
503407
503507
503539
503551
503619
503664
503677
503750
503759
503913
503957
503978
503999
504048
504088
504114
504132
504362
504541
504543
504749
504821
504879
504931
505013
505168
505502
505525
505576
505831
505883
505943
506051
506069
506149
506191
506212
506407
506438
506487
507054
507082
507097
507283
507299
507558
507698
507924
507970
508058
508066
508238
508363
508397
508624
508657
508796
508807
508863
508914
509132
509154
509164
509515
509614
509958
510123
510155
510202
510545
510635
510647
510965
511316
511376
511473
511563
511585
511670
511857
511878
511918
511970
512005
512407
512519
512674
512704
512714
512796
512807
512829
512903
513066
513092
513449
513456
513515
513676
513743
513871
513901
513914
513924
514012
514072
514203
514223
514247
514348
514906
515149
515166
515252
515435
515526
515595
515598
515952
516016
516052
516251
516313
516318
516439
516494
516620
516652
516684
516888
516901
516999
517196
517264
517374
517403
517595
517612
517625
517724
517742
517787
517836
517980
518008
518024
518051
518245
518272
518366
518422
518541
518799
518807
518880
519085
519199
519237
519321
519336
519393
519561
519574
519711
519966
520202
520203
520242
520333
520417
520483
520943
520993
521036
521207
521484
521500
521521
521588
521665
521735
521816
521888
522080
522085
522239
522244
522379
522522
522755
522817
522876
522967
523004
523140
523245
523371
523395
523402
523402
523527
523726
523788
523794
523875
523922
524229
524247
524417
524573
524688
524691
524700
524897
525125
525207
525303
525333
525503
525631
525665
525855
525878
525906
525936
526002
526048
526057
526081
526092
526245
526253
526288
526307
526436
526472
526639
526872
526875
527045
527103
527135
527235
527330
527371
527459
527471
527540
527560
527749
527761
527777
527920
527928
527972
528295
528341
528374
528636
528799
528950
529133
529217
529261
529436
529523
529662
529845
529919
529984
529989
531121
531180
531206
531304
531379
531389
531457
531629
531685
531764
532101
532125
532202
532314
532343
532609
532626
532836
532877
533096
533115
533143
533208
533218
533601
533828
533850
533999
534177
534211
534220
534247
534411
534500
534510
534562
534607
534721
534896
535132
535175
535280
535405
535421
535441
535444
535565
535622
535636
535651
535720
535779
535890
536143
536289
536356
536401
536417
536434
536551
536574
536663
536719
536813
536823
536991
537182
537514
537587
537614
537654
537740
537939
537985
538124
538159
538162
538278
538336
538356
538425
538456
538819
538998
539023
539051
539083
539104
539176
539320
539321
539340
539544
539587
539659
539662
539667
539677
539718
539746
539905
539942
539979
540134
540160
540227
540236
540484
540535
540561
540645
540771
540846
540929
541031
541083
541208
541235
541376
541507
541690
541766
541817
542067
542075
542090
542216
542344
542386
542579
542701
542769
542849
543074
543075
543500
543505
543630
543742
543785
543816
543856
543919
543991
544076
544163
544219
544267
544397
544581
544583
544621
544680
544716
544770
544816
544943
545029
545058
545150
545547
545548
545555
545594
545722
545882
545883
545893
545925
545975
546032
546103
546269
546402
546632
546664
546697
546845
546853
546895
546927
546990
546995
547163
547166
547201
547234
547291
547686
547694
547705
547915
548167
548231
548448
548570
548597
548601
548601
548695
548762
548817
548939
548940
549251
549279
549289
549496
549596
549606
549607
549629
549638
549717
549728
549762
549855
550163
550164
550174
550352
550513
550604
550692
550748
550886
550908
551326
551341
551440
551538
551541
551556
551611
551636
551829
551902
551904
551932
551968
552011
552027
552116
552210
552217
552226
552275
552311
552316
552326
552632
552719
553097
553139
553271
553331
553372
553450
553460
553466
553494
553532
553617
553633
553689
554041
554198
554228
554448
554557
554701
554903
554964
554975
555025
555069
555144
555157
555179
555486
555573
555749
555975
556025
556073
556196
556280
556290
556376
556386
556461
556584
556679
556685
556810
556991
557132
557407
557743
557900
557900
557942
558016
558017
558030
558104
558183
558195
558341
558363
558410
558742
558780
558833
558898
559017
559170
559400
559403
559468
559554
559642
560014
560072
560124
560132
560264
560399
560634
560735
560741
560763
560779
560831
560992
561133
561253
561259
561265
561271
561287
561289
561292
561330
561434
561509
561765
561982
562153
562410
562426
562456
562570
562789
562872
562933
563249
563978
564110
564132
564137
564208
564226
564229
564310
564518
564605
564655
564777
564791
564827
564890
564894
564924
565017
565143
565187
565199
565328
565344
565392
565433
565523
565713
565725
565770
565782
565890
565993
566000
566013
566059
566201
566261
566579
566630
566646
566719
567149
567246
567255
567256
567422
567536
567547
567760
567885
568004
568029
568181
568357
568453
568477
568531
568669
568696
568722
568741
568933
569027
569264
569501
569636
569642
569690
569696
569701
569761
569849
569865
569994
570263
570352
570397
570446
570454
570632
570812
570833
570952
571126
571165
571348
571417
571512
571553
571652
571754
571877
571999
572003
572255
572586
572611
572969
573025
573160
573290
573430
573438
573866
574017
574174
574178
574209
574379
574437
574505
574553
574586
574610
574672
574710
574739
574858
575047
575162
575181
575231
575232
575290
575308
575449
575601
575639
575694
575775
575793
575818
575895
575943
576076
576130
576204
576319
576363
576396
576417
576506
577213
577231
577264
577497
577512
577676
577728
577738
577753
577764
577775
577786
577830
577909
577950
578053
578098
578543
578553
578573
578715
578758
578953
578981
579045
579088
579312
579314
579474
579518
579605
579669
579961
580053
580067
580410
580454
580528
580602
580642
580685
580704
580765
580897
580910
581034
581106
581146
581185
581231
581470
581644
581805
581881
581885
581918
582109
582190
582439
582476
582573
582588
582634
582722
582759
582795
583019
583020
583136
583324
583331
583468
583491
583518
583652
583655
583661
583668
583747
583753
583763
583783
584211
584454
584524
584539
584658
584843
584899
584953
585201
585207
585223
585394
585438
585632
585758
585886
585899
585991
586064
586138
586249
586253
586515
586760
586852
587202
587234
587255
587366
587607
587633
587658
587723
587836
587887
587941
588089
588103
588435
588453
588532
588547
588730
588794
588951
589021
589036
589041
589152
589243
589299
589496
589533
589561
589600
589790
589967
590189
590206
590265
590477
590551
590594
590722
590798
591029
591169
591247
591292
591360
591410
591613
591624
591878
592020
592334
592355
592457
592459
592494
592637
593120
593231
593298
593314
593332
593465
593470
593538
594066
594207
594401
594401
594675
594700
594900
594916
594982
595003
595016
595066
595227
595339
595568
595642
595659
595705
595709
595900
596071
596129
596352
596418
596591
596896
596984
597034
597039
597049
597114
597129
597313
597326
597330
597334
597494
597570
597651
597707
598012
598026
598085
598094
598120
598126
598488
598560
598769
598826
598841
598877
599081
599120
599226
599276
599469
599817
599864
600237
600281
600304
600385
600394
600535
600666
600674
600716
600907
601041
601140
601233
601261
601317
601326
601360
601363
601373
601394
601537
601628
601666
601853
602029
602122
602140
602435
602690
602707
602803
602910
602931
602985
603030
603125
603169
603178
603332
603403
603491
603492
603794
603810
603862
603883
603894
603930
604013
604102
604122
604141
604188
604250
604251
604265
604436
604569
604684
604696
604859
604867
604936
604966
605596
605713
605719
605740
606006
606017
606043
606224
606240
606299
606413
606556
606586
607222
607355
607451
607473
607593
607733
607899
607936
608024
608103
608141
608239
608303
608336
608354
608410
608590
608732
608863
609038
609339
609363
609449
609520
609810
609869
609895
610203
610444
610511
610610
610701
610730
610818
611043
611194
611315
611353
611375
611568
611657
611815
611850
611909
612055
612080
612420
612553
612572
612710
612772
612789
612815
612984
613058
613191
613344
613440
613527
613559
613586
613822
613825
614004
614122
614430
614671
614795
614807
614820
614827
614853
614888
614933
615030
615035
615122
615188
615583
615595
615643
615767
615794
615845
616135
616236
616255
616281
616327
616426
616576
616686
616890
616914
616971
616972
617003
617007
617037
617082
617301
617310
617351
617466
617550
617556
617580
617604
617681
617707
617878
617957
617982
617996
618008
618135
618159
618302
618393
618402
618410
618493
618764
618867
618914
618941
618958
618999
619105
619213
619258
619394
619422
619494
619682
619712
619774
619828
619831
619845
619846
619883
620042
620167
620210
620279
620547
620571
620624
620703
621113
621132
621221
621302
621312
621355
621365
621427
621485
621757
621759
621777
621969
621977
621996
622039
622173
622195
622546
622574
622641
622654
622943
623035
623067
623086
623284
623350
623395
623497
623596
623855
623872
623931
624012
624147
624162
624216
624382
624528
624636
624638
624639
624675
624703
624812
624835
625164
625299
625325
625466
625531
625585
625724
625911
625954
626022
626218
626272
626290
626352
626375
626479
626504
627066
627099
627245
627315
627322
627333
627338
627485
627490
627698
627799
627874
627894
628071
628131
628302
628466
628740
628762
628828
628851
628911
629008
629013
629047
629076
629172
629351
629425
629543
629658
629732
629777
629965
630095
630111
630153
630219
630514
630644
630774
630925
631110
631298
631485
631525
631544
631687
631756
631841
631855
631859
631901
631981
632268
632497
632519
632674
632684
632724
632761
633030
633093
633139
633223
633250
633266
633409
633477
633551
633756
633907
633908
633937
633974
634026
634187
634359
634767
634818
634941
634970
635108
635211
635235
635248
635456
635459
635502
635731
635866
636157
636221
636238
636395
636520
636523
636526
636557
636598
636818
636992
637094
637122
637135
637253
637313
637505
637613
637686
637778
637811
637815
637842
637878
637953
638072
638247
638330
638485
638525
638646
638702
638828
638913
639118
639125
639279
639445
639524
639530
639607
639698
639820
639899
639943
640253
640309
640314
640434
640479
640486
640655
640706
640825
640893
640957
641038
641044
641367
641398
641517
641673
641694
641700
641705
641732
641735
641969
642247
642263
642304
642447
642605
642654
642744
642783
642842
642847
643250
643380
643380
643541
643591
643796
644039
644075
644245
644338
644728
644736
644848
644896
644906
644984
645341
645394
645421
645600
645627
645638
645664
645821
645847
645865
646028
646275
646305
646353
646467
646487
646658
646676
646740
646791
646954
646966
646984
647159
647244
647302
647305
647448
647511
647721
647909
648211
648231
648239
648608
648628
648811
649413
649499
649681
649971
650162
650220
650321
650335
650382
650406
650456
650493
650541
650573
650731
650864
650971
651240
651345
651532
651626
651669
651672
651696
651715
652083
652176
652220
652410
652541
652639
652810
653107
653176
653194
653453
653485
653597
653779
654018
654031
654213
654332
654446
654534
654607
654713
654720
654736
654764
655127
655300
655369
655382
655455
655535
655542
655607
655829
655967
656000
656038
656185
656289
656450
656636
656698
656937
657134
657162
657193
657286
657344
657372
657446
657516
657565
657674
657705
657787
657842
658182
658284
658382
658504
658820
659085
659108
659142
659180
659184
659226
659242
659298
659386
659494
659740
659845
659960
660626
660688
660916
660969
661074
661139
661230
661291
661326
661375
661475
661517
661552
661584
661695
661850
661916
662029
662041
662055
662272
662381
662484
662521
662576
662619
662735
662791
662971
663081
663166
663236
663239
663304
663545
663645
663720
663754
663764
663772
663785
664297
664424
664554
664636
664641
664748
664790
664912
664917
665199
665217
665219
665231
665268
665319
665331
665378
665456
665652
665741
665800
665827
666010
666016
666152
666168
666209
666260
666326
666479
666815
667148
667247
667304
667359
667513
667616
667634
667756
667794
667821
667828
667981
668016
668041
668125
668325
668377
668393
668493
668551
668560
668576
668589
668616
668616
668632
668721
668822
668992
669013
669063
669114
669350
669516
669620
669653
669691
669850
669985
669996
670015
670265
670471
670488
670606
670852
670953
671037
671100
671188
671237
671274
671288
671311
671411
671434
671518
671547
671749
671882
671999
672068
672158
672276
672312
672338
672397
672737
672743
672785
672814
672904
672972
673073
673184
673203
673231
673248
673360
673425
673439
673449
673598
673601
673646
673817
673836
674173
674280
674538
674580
674711
674730
674738
674827
674981
675216
675341
675500
675547
675558
675599
675599
675603
675653
675725
675803
676010
676067
676159
676653
676655
676695
676720
676822
676830
676843
677117
677161
677249
677250
677260
677290
677348
677428
677451
677466
677498
677607
677706
677868
677999
678112
678127
678257
678426
678496
678613
678742
678859
678929
679005
679009
679010
679091
679092
679297
679429
679696
679733
679870
679886
679942
680006
680022
680291
680451
680699
680851
680931
681127
681856
681931
681990
682159
682252
682352
682473
682533
682533
682770
682776
682883
682979
682986
683209
683404
683603
683605
683623
683709
683713
683747
683829
683839
683937
683968
684013
684168
684172
684187
684553
684685
684717
684750
684751
684822
684868
685180
685299
685507
685627
685673
685783
685791
685825
685853
686098
686099
686150
686169
686246
686340
686390
686396
686475
686603
686616
686667
686722
686811
686831
687100
687313
687485
687837
688069
688168
688170
688223
688225
688321
688343
688364
688375
688791
688946
689001
689226
689254
689418
689464
689566
689646
689699
689772
689849
689854
689943
690124
690355
690409
690577
690637
690776
690917
691037
691078
691105
691306
691427
691560
691611
691624
691652
691704
692251
692281
692432
692505
692705
692761
692770
692847
692926
692975
693086
693131
693154
693205
693300
693399
693540
693554
693853
693976
694010
694051
694064
694122
694245
694344
694429
694750
694931
695029
695128
695178
695300
695316
695408
695441
695491
695549
695555
695565
695812
695823
695956
696337
696440
696477
696567
696648
696711
696810
696817
697022
697097
697297
697595
697643
697674
698114
698411
698474
698497
698809
698869
698897
699127
699206
699298
699386
699586
699606
699657
699693
699742
699806
699948
699966
700005
700143
700343
700394
700516
700529
700572
700701
700891
700949
700991
701080
701328
701523
701529
701600
701607
701698
701757
702023
702032
702213
702232
702345
702358
702526
702579
702643
702681
702825
702875
702945
703078
703111
703135
703230
703284
703330
703412
703460
703496
703535
703537
704261
704287
704334
704348
704707
704707
704749
704913
704914
704962
705104
705285
705350
705471
705528
705530
705589
705645
705779
705873
705918
706085
706134
706192
706211
706214
706254
706277
706299
706349
706521
706552
706715
706957
706958
706964
707102
707236
707350
707374
707441
707492
707569
707583
707599
707757
707788
707823
707857
708218
708241
708437
708588
708594
708830
708871
708872
708921
708972
709122
709165
709348
709589
709610
709703
709759
709870
709925
710067
710095
710111
710133
710137
710312
710322
710354
710410
710471
710503
710541
710587
710618
710705
710708
710842
710906
710987
711054
711144
711183
711449
711462
711636
711706
711729
711750
711870
711882
712191
712237
712284
712317
712559
712611
712613
712708
712762
712981
712994
713111
713259
713297
713344
713351
713435
713617
713786
713827
713984
714037
714040
714241
714315
714723
714735
714774
714863
714900
714906
714954
714986
715183
715322
715615
715643
715690
715693
715741
715750
715938
716285
716471
716479
716808
716869
716925
717098
717387
717424
717972
718434
718567
718685
718846
718885
718909
719293
719517
719683
719826
720022
720177
720236
720338
720345
720417
720572
720599
721034
721228
721412
721538
721616
721688
722003
722065
722085
722194
722362
722524
722576
722738
722738
722849
723143
723235
723323
723334
723372
723437
723565
723600
723981
723982
723983
724021
724068
724246
724318
724406
724520
724678
724735
724926
724983
724996
725014
725105
725300
725343
725546
725638
725687
725825
725888
725908
725939
725943
726034
726151
726192
726236
726533
726674
727355
727580
727697
727718
727773
727786
727948
728013
728024
728336
728407
728443
728723
728783
728855
728870
728934
728941
728948
729229
729253
729338
729625
729694
729723
729914
730102
730330
730434
730446
730541
730700
730840
730887
730914
730960
731335
731507
731515
731524
731640
731652
731719
731757
732065
732116
732283
732431
732479
732501
732536
732620
732625
732778
732849
732976
733251
733404
733464
733678
733796
734067
734280
734282
734293
734327
734414
734605
734668
734674
734689
734839
734894
734935
734975
735135
735137
735315
735376
735436
735497
735503
735624
735775
735797
735984
736032
736154
736191
736213
736281
736353
736380
736421
736509
736678
736790
737212
737254
737270
737507
737526
737725
737987
738046
738114
738283
738434
738940
738998
739051
739075
739108
739254
739255
739432
739642
739657
739732
739884
740175
740282
740317
740424
740516
740779
740993
741068
741180
741289
741376
741407
741574
741659
742145
742189
742273
742313
742318
742455
742493
742525
742684
742698
742783
742977
743030
743039
743078
743111
743127
743199
743298
743302
743325
743332
743423
743427
743812
743888
743913
744041
744054
744144
744243
744446
744517
744662
744798
744948
745004
745027
745231
745249
745499
745726
745867
745913
745950
745982
746034
746281
746469
746695
746705
746873
747151
747211
747264
747277
747308
747460
747500
747523
747539
747574
747634
747695
747712
748211
748310
748314
748358
748471
748614
748623
748796
748834
748898
749109
749223
749273
749326
749389
749410
750000
750104
750145
750256
750276
750333
750447
750528
750583
750603
750763
750937
751025
751117
751185
751350
751449
751603
751673
751690
751837
752030
752039
752052
752320
752357
752421
752595
752816
752820
752934
753122
753273
753280
753867
753918
753982
754167
754215
754275
754533
754683
754756
754897
755054
755061
755200
755310
755312
755517
755537
755599
755696
755772
755780
755835
755880
755984
755988
756127
756176
756261
756291
756412
756444
756557
756603
756722
756769
757040
757279
757609
757835
757859
758085
758108
758247
758260
758270
758320
758328
758350
758373
758507
758683
758695
758987
759032
759072
759331
759388
759510
759511
759598
759673
760202
760564
760661
760776
760907
760911
760915
761046
761063
761407
761449
761775
761850
761979
762039
762066
762127
762150
762243
762285
762309
762342
762390
762453
762593
762612
762658
762692
762716
762765
762773
762805
762841
762990
762991
763022
763123
763281
763337
763429
763744
763943
764058
764127
764233
764301
764572
764638
764985
764993
765101
765275
765529
765743
765794
766015
766064
766181
766398
766415
766422
766456
766629
766706
766812
766930
767097
767447
767453
767486
767831
767908
767976
767976
767983
768090
768325
768341
768497
768522
769045
769087
769732
769845
769940
769955
769986
770023
770114
770193
770272
770413
770433
770559
770657
770667
770755
770796
770975
771465
771507
771591
771607
771652
771882
771926
771972
771982
772014
772036
772294
772465
772542
772582
772588
772650
772692
772698
772707
773013
773140
773195
773249
773443
773445
773834
774017
774105
774114
774321
774340
774460
774511
774514
774595
774621
774703
774743
774886
774887
774896
774923
774963
775154
775162
775177
775212
775313
775608
775657
775746
775762
775788
775847
775930
776132
776281
776497
776555
776557
776847
776881
776892
776962
777111
777154
777350
777354
777356
777403
777616
777703
777715
777752
777801
777829
777834
777859
777911
777930
778040
778079
778150
778186
778244
778354
778955
778980
779016
779114
779128
779307
779337
779350
779356
779373
779551
779623
779664
779669
779887
779896
779897
779898
780192
780204
780450
780472
780516
780677
780765
780876
780947
781020
781301
781347
781521
781551
781582
781694
781725
781773
781862
781923
782138
782352
782516
782532
782708
782807
782934
782976
783037
783103
783147
783349
783584
784020
784023
784093
784094
784102
784153
784160
784248
784330
784618
784707
784722
784754
784997
785054
785073
785168
785201
785271
785343
785616
785649
785670
785693
785832
785879
785934
786104
786350
786367
786435
786540
786776
786989
787031
787212
787343
787567
787598
787639
787717
788155
788179
788414
788449
788695
788726
788736
788808
788827
788933
789099
789453
789633
789653
789763
789815
789855
789855
790198
790528
790534
790579
790603
790622
790706
790819
791002
791179
791246
791328
791350
791370
791420
791722
791914
792075
792140
792263
792326
792453
792513
792559
792670
792721
792776
792815
792817
792838
792883
792942
793099
793171
793310
793479
793604
793615
793676
793750
793756
793876
794156
794219
794221
794263
794344
794708
794899
795058
795122
795151
795180
795246
795261
795344
795636
795793
795919
796011
796025
796199
796202
796251
796270
796459
796859
796964
797064
797083
797193
797258
797362
797564
797680
797712
797785
797845
797943
798000
798011
798063
798205
798268
798269
798359
798486
798799
798808
798843
798953
799007
799243
799318
799501
799520
799583
799606
799625
799878
799929
799947
800090
800108
800344
800348
800350
800371
800420
800481
800636
801012
801099
801150
801226
801471
801489
801528
801598
801628
801684
801773
801784
801880
802049
802188
802242
802531
802555
802811
802821
802867
803112
803255
803324
803336
803451
803575
803855
803887
803982
804036
804176
804377
804466
804513
804548
804676
804871
805274
805311
805497
805506
805726
805729
805820
805903
805939
805952
805969
806166
806176
806353
806470
806484
806532
806853
806933
806988
807082
807408
807467
807550
807649
807659
807725
807840
807954
808002
808150
808232
808241
808248
808541
808725
809089
809138
809141
809228
809245
809273
809303
809323
809361
809424
809442
809994
810090
810518
810829
811134
811570
811839
811853
812006
812079
812091
812293
812460
812708
812718
812736
812995
813173
813208
813233
813355
813400
813402
813437
813638
813705
813832
813930
813950
814001
814001
814069
814149
814353
814357
814687
814806
814921
815182
815183
815290
815393
815398
815416
815480
815552
815915
815945
815949
816036
816133
816190
816278
816304
816319
816358
816527
816559
816571
816705
816797
816853
817010
817060
817126
817169
817190
817256
817273
817432
817470
817731
817744
817818
817875
817898
818058
818232
818238
818290
818453
818460
818633
818808
818988
819033
819099
819330
819342
819344
819412
819492
819558
819812
819973
820010
820033
820043
820057
820140
820152
820156
820201
820268
820510
820620
820769
820881
820885
820997
821235
821338
821382
821748
821869
822194
822207
822601
822641
822647
822752
822826
823033
823182
823203
823323
823373
823396
823799
824072
824307
824351
824435
824940
825092
825434
825881
825952
825999
826009
826084
826171
826241
826489
826741
826745
826771
826787
826812
826835
826911
827033
827037
827088
827496
827582
827632
827767
827830
828049
828213
828263
828502
828531
828659
828685
828756
828810
829298
829486
829564
829687
829887
830157
830293
830327
830365
830432
830570
830575
830618
830622
830651
830785
831119
831416
831785
831791
831855
832075
832263
832378
832567
832603
832752
832821
832851
833322
833794
833914
834033
834069
834153
834207
834251
834307
834384
834387
834434
834560
834671
834709
834725
834780
834875
835123
835200
835221
835382
835425
835480
835710
835715
835885
835915
836051
836055
836086
836257
836270
836380
836496
836625
836638
836705
836741
836955
837041
837171
837282
837451
837476
837493
837641
837932
837957
838038
838240
838248
838374
838529
838581
838733
839012
839267
839365
839370
839447
839448
839454
839518
839543
839664
839722
839784
839801
839805
840221
840254
840319
840339
840413
840468
840532
840543
840549
840674
840716
840876
840903
840928
841036
841039
841100
841283
841353
841354
841404
841508
841655
841672
841692
841763
841918
841943
841953
842060
842179
842186
842207
842399
842408
842422
842527
842602
842669
842756
842813
842869
842957
843001
843145
843158
843303
843364
843564
843750
843847
844071
844097
844108
844161
844685
844825
844855
844986
845006
845046
845232
845280
845416
845581
845626
845761
845923
846079
846168
846272
846275
846278
846416
846502
846611
846624
846634
846682
846859
846868
846872
847020
847070
847276
847373
847520
847728
847793
848007
848195
848407
848654
848711
848727
848776
848841
848924
849041
849101
849119
849138
849175
849364
849371
849524
849542
849627
849665
849675
849797
849854
849857
849875
850251
850337
850522
850591
850822
850964
851636
851704
851732
851783
851866
852015
852048
852145
852494
852586
852699
852982
853155
853161
853164
853245
853270
853324
853355
853403
853516
853559
853564
854051
854082
854350
854505
854539
854640
854694
854701
854774
854831
854881
855321
855409
855624
855755
855802
855869
855930
855977
856077
856233
856374
856447
856985
856987
857012
857041
857096
857107
857152
857204
857418
857520
857814
857857
857939
858304
858338
858726
858852
858961
858992
859053
859077
859391
859629
859656
859790
860191
860225
860261
860381
860514
860686
860964
861068
861221
861396
861407
861567
861572
861598
862024
862133
862259
862355
862366
862400
862448
862475
862476
862518
862659
862668
862747
863010
863117
863210
863356
863473
863474
863764
863845
863878
864061
864145
864254
864363
864395
864401
864438
864520
864580
864707
864816
864902
865227
865524
865662
865693
865914
865957
866023
866299
866357
866370
866609
866611
866817
866845
866996
866998
867080
867206
867313
867329
867401
867430
867478
867516
867549
867618
867649
867746
867899
867959
868086
868152
868194
868597
868906
868909
869255
869591
869661
869711
869810
869853
869930
870019
870243
870251
870256
870273
870468
870560
870570
870621
870624
870728
871211
871295
871371
871651
871763
871800
871984
872239
872321
872339
872365
872376
872612
872730
872961
873017
873281
873547
873590
873741
873753
873985
874274
874372
874655
874757
874809
874862
874919
875019
875030
875045
875232
875300
875328
875389
875438
875579
875735
875778
875958
876037
876068
876265
876316
876382
876433
876524
876563
876588
876696
876914
876929
876935
877054
877154
877217
877422
877435
877514
877616
877657
877786
877927
877971
878596
878609
878926
878955
879184
879289
879301
879378
879390
879429
879519
879646
879763
879802
880123
880175
880368
880381
880428
880846
880956
881042
881145
881230
881335
881345
881431
881433
881609
881871
881929
881967
881967
882195
882207
882279
882381
882412
882436
882495
882550
882663
882753
882777
882796
882889
883354
883443
883501
883529
883575
883880
883897
884152
884204
884240
884276
884456
884577
884580
884992
884999
885048
885170
885253
885483
885498
885573
885722
886059
886087
886289
886670
886742
886789
886977
886992
887404
887484
887507
887583
887613
887720
887890
888418
888545
888591
888608
888649
888746
888772
888814
888881
888910
888925
889127
889188
889217
889279
889344
889837
889890
890077
890128
890170
890204
890302
890359
890367
890383
890494
890559
890661
890724
890749
890753
890779
890829
890847
891194
891225
891282
891424
891678
891789
891871
891874
891881
891890
891894
891940
892019
892121
892196
892209
892299
892443
892453
892678
892716
892797
892810
892833
892914
893022
893697
893698
893759
893802
893942
893953
893996
894123
894345
894506
894524
894607
894650
894697
894916
894957
894995
895172
895248
895266
895379
895397
895475
895526
895555
895583
895673
895805
895886
896008
896017
896026
896068
896320
896404
896514
896532
896556
896656
896773
896782
896783
896788
896930
897141
897188
897248
897312
897604
897651
897884
897932
897967
897988
898009
898145
898274
898300
898334
898400
898620
898991
899170
899195
899227
899278
899330
899635
899654
899676
899713
899722
899945
900078
900157
900183
900184
900228
900265
900298
900390
900428
900473
900514
900522
900542
900571
900729
900858
900863
900894
900933
901006
901042
901101
901114
901134
901165
901281
901295
901305
901322
901447
901490
901500
901786
901833
901984
902014
902162
902346
902395
902511
902578
902633
902852
903044
903156
903396
903448
903544
903673
903714
903987
904027
904257
904286
904348
904364
904435
904462
904466
904677
904777
904815
904880
905313
905371
905379
905381
905647
905654
905779
905952
905997
906005
906086
906174
906524
906618
906714
906986
907005
907019
907297
907326
907345
907381
907564
907586
907644
907649
907665
907764
907778
907784
908008
908084
908213
908354
908368
908465
908468
908596
908832
908880
908888
908914
909001
909022
909022
909378
909501
909633
909643
909731
909794
909814
909838
909858
909991
910079
910117
910283
910560
910891
911078
911281
911463
911476
911707
911801
911862
911876
912062
912141
912180
912242
912570
912662
912758
912775
912793
912855
912944
912953
913052
913059
913149
913178
913255
913293
913502
914336
914389
914414
914430
914564
914779
914785
914955
915006
915041
915066
915141
915176
915305
915313
915411
915515
915748
915771
915835
915913
916071
916272
916308
916627
916786
916796
916890
917066
917138
917332
917413
917492
917775
918132
918269
918355
918359
918398
918456
918665
918682
918899
919141
919300
919335
919414
919690
920099
920101
920109
920124
920307
920429
920651
921034
921058
921267
921518
921525
921621
921670
921671
921814
922139
922160
922237
922332
922335
922648
922686
922727
922727
922745
922997
923167
923179
923247
923303
923305
923378
923391
923587
923612
923750
923792
923902
923927
924031
924113
924422
924496
924520
924621
924669
924870
924982
925041
925105
925309
925425
925487
925588
925723
925909
926076
926113
926129
926261
926413
926513
926531
926790
926821
927142
927276
927562
927610
927700
927727
927833
927869
927950
928692
928771
928821
928829
928946
929097
929423
929429
929596
929661
930207
930241
930365
930394
930524
930786
930867
930950
930999
931010
931016
931105
931188
931207
931261
931261
931368
931405
931569
931730
931740
931835
932068
932202
932343
932368
932462
932467
932468
932478
932652
932665
932785
932811
932833
932885
932950
932962
933006
933052
933053
933216
933651
933727
933835
934059
934104
934194
934347
934429
934632
934754
934879
934926
935033
935109
935111
935125
935175
935266
935395
935602
935698
935717
935906
935924
936028
936031
936033
936100
936102
936252
936421
936449
936529
936543
936999
937089
937186
937332
937505
937614
937776
937830
937913
938069
938071
938239
938258
938474
938890
938892
938986
938997
939111
939180
939206
939356
939670
939689
939710
939800
939874
939882
939928
940041
940057
940153
940323
940502
940627
940820
940923
940934
940948
941048
941181
941323
941467
941676
941849
942111
942142
942240
942601
942624
942698
942746
942804
942874
942956
943160
943170
943254
943410
943450
943536
943681
943873
943982
944006
944353
944442
944446
944676
944713
944769
944794
944800
944912
945358
945376
945439
945523
945612
945618
945707
945763
945771
945843
946062
946097
946253
946288
946373
946389
946787
946853
946905
946915
947006
947044
947211
947272
947400
947430
947433
947461
947532
947540
947611
947711
948079
948164
948180
948195
948217
948281
948306
948317
948368
948368
948493
948544
948648
948675
948740
948751
948946
948963
949108
949199
949274
949361
949476
949636
949697
949734
949785
949900
949938
950025
950279
950369
950398
950409
950441
950578
950778
950790
950904
950982
951037
951054
951112
951157
951187
951389
951545
951552
951573
951725
951901
951994
952131
952138
952178
952334
952659
952790
952878
952881
952892
953067
953100
953162
953174
953418
953635
953793
954041
954205
954255
954297
954389
954471
954489
954511
954773
955163
955267
955398
955575
955591
955608
955821
955938
956235
956475
956636
956711
956824
956889
956952
957218
957281
957622
957735
957744
957756
957853
958135
958179
958310
958494
958544
958569
958659
958740
958747
958794
958813
958814
959019
959019
959151
959223
959380
959393
959518
959559
959632
959633
959886
959930
960049
960140
960253
960523
960568
960757
960846
960963
961101
961332
961411
961562
961618
961631
961776
961879
962032
962409
962588
962615
962756
962915
963024
963036
963155
963306
963310
963526
963591
963659
963671
963699
963758
963930
963946
964092
964296
964345
964400
964417
964615
964643
964661
964790
964889
965084
965166
965714
965875
965946
965998
966093
966296
966641
966950
967085
967245
967290
967666
967806
968149
968310
968434
968538
968564
968616
968690
968692
968949
969009
969465
969811
969884
969908
969966
970060
970112
970112
970455
970548
970673
970721
970730
971378
971464
971501
971647
971710
971733
971736
971759
971854
972108
972175
972429
972469
972659
972688
972813
972918
973025
973027
973044
973320
973362
973628
973751
973751
973755
973800
973856
973903
973938
974337
974715
974731
974796
974886
975126
975182
975360
975437
975656
975663
975674
975751
975754
975762
975786
975806
975841
975891
975957
976098
976131
976259
976421
976446
976607
976711
976897
976957
977031
977048
977326
977498
977565
977692
977758
977872
977900
977939
977958
977978
978061
978140
978152
978293
978309
978309
978325
978358
978430
978506
978626
978677
979153
979200
979314
979621
979630
979694
979851
979872
980059
980093
980102
980134
980494
980606
980643
980978
981455
981498
981571
981692
981779
982050
982319
982374
982602
982608
982777
982831
982877
982881
982887
982961
983042
983131
983154
983224
983262
983380
983785
983913
983999
984056
984217
984223
984227
984255
984267
984332
984401
984533
984597
984630
984734
984769
984841
984988
985085
985197
985451
985461
985597
985678
985703
985705
985721
985827
985989
986064
986193
986222
986245
986400
986546
986566
986659
986727
986744
986968
987107
987109
987276
987419
987442
987442
987463
987481
987531
987599
987702
987702
987724
987970
988175
988219
988239
988275
988318
988521
988694
988850
989000
989038
989326
989329
989518
989628
989810
990130
990369
990421
990516
990530
990818
990886
991052
991073
991084
991308
991358
991547
991922
992169
992317
992327
992439
992553
992555
992597
992794
992897
993018
993145
993219
993245
993286
993299
993333
993426
993446
993553
993603
993952
994314
994465
994479
994494
994749
994950
995214
995301
995303
995408
995646
995661
995726
995780
995785
995797
996249
996325
996366
996424
996496
996544
996569
996588
996599
996782
996826
997113
997161
997409
997572
997572
997654
997660
997707
997984
997995
997998
998068
998111
998157
998199
998415
998444
998502
998708
998767
998819
998830
998929
999096
999241
999304
999343
999351
999364
999402
999425
999531
999707
999921
999936
999967
