10000
4
9
74
103
314
329
382
419
638
749
759
775
801
876
1022
1113
1177
1471
1556
1569
1638
1726
1963
2057
2083
2147
2291
2547
2553
2640
2796
2809
3056
3093
3109
3252
3289
3297
3492
3511
3520
3532
3691
3766
3820
3854
3869
3893
3938
4042
4050
4224
4267
4347
4368
4454
4482
4488
4845
5001
5029
5035
5245
5256
5280
5360
5383
5424
5443
5623
5635
5636
5913
5925
6035
6362
6466
6521
6574
6621
6737
6888
6937
7140
7261
7273
7280
7298
7330
7330
7388
7393
7436
7463
7568
7634
7730
7846
7936
8257
8447
8571
8662
8683
8689
8693
8736
8848
8892
8970
9351
9471
9557
9755
9775
9841
9916
10013
10101
10113
10167
10355
10416
10609
10700
10793
10967
10968
11011
11061
11096
11173
11220
11253
11377
11462
11484
11502
11528
11552
11553
11559
11732
11839
12145
12247
12348
12354
12460
12561
12576
12675
12699
12799
12894
12990
13054
13246
13250
13424
14124
14240
14251
14258
14373
14383
14682
14721
14889
14971
15427
15538
15562
15629
15741
16072
16241
16251
16318
16355
16407
16533
16545
16608
16624
16722
17072
17140
17169
17250
17335
17383
17656
18091
18152
18155
18282
18296
18477
18551
18578
18771
18900
18908
18967
18980
18983
19045
19073
19141
19612
19776
20031
20035
20140
20140
20193
20227
20233
20234
20276
20460
20475
20586
20640
20676
20746
20801
20946
20975
20984
21193
21312
21356
21467
21520
21748
21862
21914
21967
22028
22029
22071
22173
22233
22400
22690
22721
22816
22906
22940
22988
23085
23290
23332
23387
23399
23602
23879
24049
24074
24206
24235
24240
24266
24275
24339
24520
24711
24803
24811
24886
24922
25018
25148
25223
25328
25548
25639
25836
25880
26091
26291
26314
26415
26446
26453
26459
26525
26735
26796
26804
26806
26916
27324
27431
27443
27511
27679
27714
27786
27792
27805
27828
27885
27886
27892
27953
28002
28165
28185
28315
28316
28360
28393
28497
28547
28837
28891
28894
29238
29564
29576
29596
29651
29653
29708
29729
29790
29797
29812
30002
30130
30311
30518
30621
30695
30788
30804
30992
31080
31264
31297
31363
31723
31826
32218
32330
32352
32380
32462
32529
32652
32766
32788
32881
32963
33278
33350
33442
33467
33473
33477
33719
33811
33876
33940
33999
34400
34413
34448
34553
34601
34656
34748
34879
34929
34961
34996
35050
35089
35094
35095
35126
35236
35370
35381
35398
35413
35629
35668
35685
35708
35803
35883
36028
36102
36111
36249
36381
36404
36409
36453
36455
36579
36599
36711
36741
36801
37071
37079
37128
37163
37471
37706
37819
37842
37867
37910
38036
38048
38056
38057
38126
38273
38323
38471
38749
38771
38809
38871
39023
39049
39106
39109
39132
39166
39255
39315
39490
39516
39568
39614
39627
39765
39893
39916
40208
40350
40429
41154
41262
41657
41690
41782
41811
42136
42160
42161
42205
42242
42269
42443
42528
42595
42609
42895
42925
43069
43153
43155
43205
43382
43453
43468
43569
43610
43707
43774
43810
43938
44039
44081
44144
44399
44423
44563
44565
44636
44740
44849
44866
44875
44952
45010
45265
45322
45370
45416
45614
45644
45927
45932
46080
46196
46365
46641
46729
46866
46894
46988
47032
47216
47254
47288
47402
47532
47600
47676
47756
47866
47914
48013
48060
48085
48095
48143
48147
48260
48271
48434
48499
48627
48630
48802
48820
48907
49058
49078
49303
49339
49370
49475
49558
49600
49725
49802
49956
49978
50106
50254
50391
50410
50516
50562
50583
50831
50905
51094
51153
51237
51241
51542
51982
52113
52331
53037
53048
53062
53306
53471
53475
53763
53773
53803
54235
54816
54911
55042
55058
55160
55226
55324
55367
55407
55528
55530
55548
55974
55989
56040
56047
56094
56188
56216
56441
56755
56756
56866
57047
57049
57052
57059
57184
57350
57354
57403
57467
57544
57575
57647
57758
57818
57824
58046
58089
58178
58317
58367
58530
58588
58623
58638
58706
58812
58877
58999
59121
59142
59401
59505
59591
59909
59922
60032
60066
60112
60194
60246
60300
60354
60365
60440
60450
60496
60562
60609
60617
60640
60830
60833
60848
60853
60897
61065
61308
61378
61938
61998
62001
62033
62310
62418
62464
62528
62578
62707
62893
63028
63148
63162
63333
63435
63524
63590
63714
63820
63842
63913
64101
64103
64134
64189
64252
64370
64519
64591
64668
64847
64916
65243
65410
65520
65858
65999
66099
66217
66251
66291
66323
66336
66390
66544
66547
66558
66560
66584
66613
66633
66861
66949
67358
67493
67511
67537
67602
67659
67694
67762
67844
67959
68229
68243
68359
68422
68576
68626
68805
68977
69009
69029
69138
69426
69552
69693
69798
69805
69909
69922
70347
70390
70691
70722
70794
71067
71171
71172
71274
71330
71452
71628
71799
71829
71914
71933
72033
72540
72542
72551
72605
72718
72735
72756
72760
72831
72887
72887
73116
73153
73214
73232
73259
73338
73427
73427
73464
73519
73539
73544
73670
73697
73762
73988
74011
74289
74325
74338
74352
74392
74521
74588
74597
74600
74654
74749
74814
74843
75062
75189
75253
75320
75360
75388
75495
75500
75551
75840
75844
75859
75932
76016
76032
76095
76101
76158
76241
76289
76311
76690
76750
76933
77071
77096
77285
77388
77419
77798
77963
78000
78060
78160
78217
78252
78328
78336
78348
78561
79029
79095
79187
79196
79260
79295
79463
79564
79699
79792
79934
80029
80231
80416
80421
80443
80460
80528
80548
80908
80974
81046
81204
81283
81341
81540
81620
81973
82112
82118
82130
82155
82158
82289
82292
82363
82367
82479
82756
82902
83045
83269
83270
83364
83383
83395
83452
83511
83531
83551
83602
83616
83640
83701
83817
83940
84292
84469
84586
84657
84770
84913
85061
85067
85332
85447
85476
85515
85548
85591
85993
86276
86294
86785
86792
86830
86945
87089
87110
87146
87278
87509
87539
87547
87586
87625
87933
88204
88355
88405
88460
88476
88497
88546
88590
88782
88783
88871
88991
89513
89770
89802
89829
89829
89896
90216
90385
90408
90420
90481
90773
90795
91241
91272
91605
91677
92016
92196
92252
92373
92533
92623
92735
92785
92874
92877
93098
93105
93193
93197
93326
93337
93372
93385
93425
93436
93466
93687
93940
94013
94035
94103
94327
94474
94615
94647
94671
94717
94736
94947
95069
95116
95146
95184
95264
95292
95361
95428
95501
95578
95726
95740
95743
95827
95874
95910
96041
96257
96515
96569
96668
96721
96763
96810
96907
97014
97303
97448
97463
97573
97655
97842
97906
97966
98171
98177
98238
98302
98338
98410
98728
98747
98754
98796
98842
99040
99051
99123
99577
99579
99594
99613
99919
99966
100016
100045
100100
100101
100249
100351
100422
100478
100576
100745
100751
100878
100929
100954
100990
101005
101161
101285
101371
101502
101621
101632
101651
101958
102031
102074
102298
102337
102372
102543
102556
102938
102938
102956
103116
103158
103368
103431
103832
103836
103919
103945
104007
104116
104335
104349
104474
104502
104658
104769
104772
105105
105177
105326
105408
105440
105499
105554
105575
105592
105602
105611
105917
105986
106297
106410
106496
106631
106795
106840
106847
106850
106905
107008
107040
107048
107069
107084
107217
107219
107341
107538
107541
107563
107583
107628
107778
107788
107801
107807
107820
107920
107964
108100
108121
108566
108618
108766
108881
108941
108985
109174
109195
109278
109429
109473
109505
109542
109678
109723
109723
109794
109885
109888
110036
110045
110050
110056
110107
110694
110781
110921
110945
111041
111196
111347
111386
111403
111441
111455
111496
111706
112004
112151
112262
112489
112534
112744
112781
112929
112937
112996
113057
113220
113263
113360
113403
113538
113551
113657
113687
113703
113855
113925
113991
114040
114118
114301
114440
114530
114539
114556
114747
114991
115043
115075
115126
115167
115242
115244
115258
115349
115351
115369
115377
115397
115884
115986
116028
116284
116286
116304
116333
116546
116561
116599
116615
116649
116718
116730
116795
116918
116989
117084
117168
117274
117304
117605
117637
117834
118092
118277
118358
118609
118670
118709
118757
118764
118775
118853
118910
119019
119026
119054
119132
119137
119390
119434
119559
119572
119593
119624
119648
119774
120019
120121
120249
120331
120346
120815
121089
121180
121206
121494
121611
121678
121724
121734
121737
121792
121865
122078
122362
122410
122568
122775
122840
122855
122874
123001
123074
123112
123167
123349
123455
123486
123524
123746
123764
123841
123925
124107
124135
124168
124223
124269
124508
124780
124856
124868
125038
125144
125199
125450
125747
125806
125847
125965
126094
126104
126116
126136
126184
126194
126233
126241
126243
126393
126645
126698
126726
126897
127050
127091
127170
127176
127226
127541
127581
127600
127890
128176
128194
128201
128293
128457
128582
128613
128724
128864
128929
128953
128959
129009
129106
129212
129252
129334
129346
129528
129563
129674
129782
129881
129885
130109
130121
130174
130281
130319
130486
130619
130758
130784
130875
131004
131072
131260
131450
131828
131875
131888
132404
132474
132546
132626
132774
133080
133280
133502
133598
133631
133650
133883
133968
133970
134046
134297
134356
134525
134539
134548
134649
134711
134752
134925
134933
134936
135052
135111
135190
135852
135889
135900
135921
135926
135987
136128
136311
136433
136475
136477
136630
136656
136660
136694
136758
137282
137708
137850
137972
137980
138220
138316
138385
138423
138689
138759
138816
138888
138996
139227
139341
139366
139368
139451
139542
139602
139731
139779
139876
139932
140002
140031
140456
140690
140704
140705
140869
140883
141043
141196
141271
141346
141538
141560
141818
141836
141917
141939
142073
142166
142188
142481
142671
142937
143017
143099
143349
143736
143759
143809
143813
143851
143988
144061
144134
144158
144270
144272
144393
144610
144661
144682
144721
144806
144832
144894
144918
145034
145060
145252
145500
145552
145655
145737
145818
145935
146071
146130
146242
146275
146278
146310
146529
146704
146725
146855
146985
147068
147085
147095
147188
147198
147276
147358
147644
147694
147843
147934
147939
147947
147964
148086
148107
148204
148230
148303
148318
148341
148401
148414
148435
148513
148700
148729
148735
148744
148774
148814
149000
149016
149017
149228
149242
149251
149254
149261
149297
149326
149328
149333
149355
149386
149601
149662
149762
149841
149864
150335
150528
150600
150630
150642
150659
150715
150739
150739
150778
150804
150826
150986
151170
151239
151601
151650
151763
151837
151843
151966
152093
152095
152160
152168
152207
152267
152323
152347
152373
152580
152585
152626
152627
152838
152919
152980
153010
153050
153157
153484
153535
153559
153702
153747
153759
154028
154142
154364
154378
154501
154572
154614
154660
154802
154836
154839
155104
155190
155302
155346
155380
155403
155474
155508
155518
155535
155562
155966
156042
156050
156148
156186
156345
156367
156521
156698
156917
156930
156950
157030
157193
157318
157365
157372
157486
157567
157898
158211
158354
158355
158423
158450
158470
158490
158562
158714
158978
159155
159198
159233
159253
159351
159414
159532
160058
160075
160090
160108
160244
160632
160701
160722
160799
160857
160979
160997
161210
161317
161360
161528
161628
161630
161636
161644
161708
161731
161740
161755
161935
161970
162051
162059
162175
162250
162281
162383
162437
162471
162543
162715
162863
162879
163036
163068
163361
163629
163651
163725
163860
163868
164042
164068
164128
164173
164183
164372
164435
164593
164734
164745
165059
165080
165115
165374
165430
165630
165669
165743
165882
165989
166068
166093
166394
166484
166535
166571
166711
166723
166864
166931
167078
167106
167146
167311
167419
167519
167539
167649
167881
167907
167927
168148
168433
168509
168679
169115
169560
169638
169680
169701
169817
169981
170023
170094
170793
170906
171178
171215
171350
171358
171487
171502
171603
171624
171841
171886
172156
172374
172407
172468
172563
172661
172913
173123
173131
173318
173351
173462
173750
173754
173803
173917
174036
174090
174176
174200
174232
174258
174278
174445
174499
174511
174525
174536
174694
174846
174933
174984
175360
175444
175473
175508
175698
175780
175819
175998
176051
176113
176285
176335
176431
176460
176615
177019
177345
177445
177496
177519
177562
177599
177739
177825
177899
178095
178110
178244
178433
178603
178745
178825
178928
179122
179134
179188
179347
179479
179592
179623
179820
179944
179945
180041
180281
180346
180564
180590
180616
180846
181214
181233
181383
181593
181654
181692
181728
181826
182173
182185
182234
182341
182366
182380
182401
182420
182486
182612
182664
182759
182771
182774
182776
182780
182857
182956
183034
183234
183400
183422
183675
183803
183889
183897
184267
184402
184452
184542
184601
184660
184745
184759
184967
185041
185076
185109
185212
185399
185589
185724
185939
186075
186207
186252
186376
186378
186385
186396
186408
186449
186664
186690
186996
187107
187187
187191
187215
187231
187258
187410
187439
187501
187561
187584
187791
187818
187848
187861
187867
187905
187937
188088
188205
188359
188406
188450
188544
188617
188637
188710
188728
188730
188904
189081
189157
189276
189391
189417
189532
189585
189898
190023
190088
190100
190405
190428
190436
190450
190585
190662
190722
190722
190856
190949
191110
191235
191387
191548
191664
191862
191921
191926
191972
192201
192289
192306
192351
192351
192499
192565
192615
192875
192939
192964
192980
193321
193327
193361
193424
193441
193576
193836
193905
194017
194019
194114
194305
194442
194465
194513
194746
194769
194814
194823
194936
194985
195095
195117
195336
195418
195427
195512
195540
195799
195919
196057
196085
196109
196151
196194
196253
196286
196349
196404
196538
196680
196725
197118
197332
197409
197473
197642
197799
197940
197989
198049
198069
198239
198451
198642
198663
198755
198757
199070
199137
199293
199300
199326
199447
199515
199684
199719
199720
199737
199762
199767
199922
199987
200124
200131
200301
200506
200558
200584
200836
200976
201169
201307
201606
201641
201769
201831
201878
201944
201972
202101
202176
202269
202296
202315
202384
202386
202435
202466
202560
202856
202940
202958
203025
203292
203324
203495
203676
203713
204134
204297
204322
204323
204604
204690
204869
205023
205453
205617
205801
205869
205926
206055
206074
206313
206436
207009
207231
207324
207653
207805
207821
207892
208020
208048
208133
208172
208235
208270
208295
208336
208674
208825
208908
209056
209064
209066
209073
209093
209104
209172
209191
209202
209205
209206
209268
209292
209334
209567
209624
209638
209669
209933
209972
210017
210119
210140
210177
210483
210488
210493
210660
210850
211137
211284
211382
211432
211529
211619
211658
211874
211954
211966
212284
212422
212441
212476
212822
213066
213144
213180
213270
213317
213432
213476
213609
213801
213867
213868
213882
213883
213941
213946
214050
214073
214214
214433
214444
214631
214867
214870
214897
215043
215177
215189
215221
215222
215403
215456
215458
215512
215870
216225
216265
216288
216396
216449
216505
216628
216759
216812
216872
216880
216995
217009
217126
217219
217479
217510
217529
217575
217626
217720
217731
217776
217898
217899
217966
218109
218162
218261
218315
218485
218558
218722
218773
218833
219094
219107
219466
219549
219661
219692
219726
219753
219895
219931
220075
220253
220327
220375
220377
220431
220533
220700
220810
220916
221013
221123
221158
221324
221410
221462
221576
221888
221954
222110
222131
222189
222239
222299
222327
222412
222544
222552
222684
222722
222762
222972
223134
223268
223302
223372
223395
223460
223559
223565
223619
223659
223664
223668
223678
223795
223826
223951
224032
224193
224614
224800
224836
224949
224979
224997
225126
225212
225815
226271
226335
226388
226465
226548
226638
227009
227049
227139
227384
227398
227514
227573
227797
227814
227853
228104
228273
228280
228495
228525
228546
228806
228976
229078
229147
229261
229366
229375
229526
229575
229593
229628
229976
230141
230366
230480
230756
230804
230935
231030
231131
231168
231172
231185
231202
231251
231389
231389
231816
231884
232118
232288
232297
232300
232347
232376
232497
232558
232725
232933
233024
233086
233096
233184
233449
233458
233489
233508
233515
233705
233781
233997
234001
234174
234377
234388
234620
234737
234741
234773
234902
234941
235122
235146
235152
235366
235410
235528
235728
235937
236295
236409
236435
236456
236557
236597
236976
236984
237056
237129
237486
237491
237525
237527
237730
237994
238124
238188
238217
238261
238718
238823
238840
238850
238884
238893
238932
239044
239117
239209
239242
239253
239329
239370
239516
239545
239576
239708
239798
240022
240122
240413
240697
240851
240970
241176
241188
241199
241327
241328
241334
241401
241433
241589
241617
241699
241762
241969
242043
242333
242356
242495
242605
242616
242629
242685
242849
242982
243056
243182
243299
243340
243734
243768
243797
243821
243884
244131
244245
244321
244369
244760
244769
244952
244954
244994
245045
245072
245125
245385
245472
245476
245500
245537
245537
245814
245821
245853
245935
246031
246060
246325
246346
246414
246428
246442
246525
246564
246834
247103
247216
247259
247309
247317
247331
247348
247384
247604
247790
247843
247959
248009
248218
248321
248370
248371
248423
248634
248640
248847
248866
248878
248912
248912
248915
248983
249006
249023
249025
249194
249228
249231
249244
249286
249304
249527
249776
249856
250133
250264
250350
250431
250542
250572
250604
250607
250618
250850
251044
251046
251176
251358
251384
251488
251564
251566
251578
251799
251809
252015
252030
252190
252240
252368
252434
252482
252486
252882
252972
252973
253018
253047
253071
253170
253332
253363
253445
253541
253560
253623
253630
253739
253815
253872
254016
254153
254515
254520
254539
254576
254733
254807
254978
255046
255147
255330
255397
255439
255587
255959
256046
256296
256308
256503
256604
256634
256649
256687
256692
256888
256897
257060
257072
257131
257158
257298
257367
257384
257519
257550
257643
257804
257970
258170
258227
258289
258539
258545
258564
258651
258698
258703
258743
258903
258971
259028
259056
259228
259229
259230
259350
259353
259461
259521
259535
259601
259644
259703
259738
259790
259798
259859
260010
260020
260197
260198
260265
260325
260413
260440
260525
260679
260712
260773
260790
260918
261002
261020
261159
261198
261232
261314
261478
261534
261637
261751
261858
261873
262046
262328
262372
262492
262493
262786
263135
263450
263453
263503
263518
263523
263623
263708
263735
263934
263955
263979
264059
264133
264151
264155
264264
264355
264440
264680
264803
264808
265047
265226
265261
265275
265287
265430
265573
265574
265664
265682
265840
265866
266134
266194
266328
266344
266354
266510
266689
266823
266926
266935
266936
266944
267136
267145
267162
267260
267383
267472
267547
267592
267634
267734
267791
268018
268255
268315
268328
268387
268430
268520
268599
269437
269846
270003
270039
270223
270243
270597
270624
270635
270705
270772
270802
270852
270912
271001
271195
271248
271491
271498
271533
271570
271915
272123
272241
272258
272562
272645
272660
272676
272730
272834
272982
273065
273137
273481
273538
273551
273561
273656
273675
273938
274039
274047
274066
274068
274103
274148
274447
274671
274685
274862
274944
275059
275157
275160
275261
275274
275336
275344
275589
275602
275609
275760
275988
276007
276051
276346
276351
276647
276945
276991
277072
277256
277315
277653
277911
278092
278390
278404
278505
278703
278739
278769
278861
279053
279317
279330
279525
279585
279653
279685
279707
279734
280184
280190
280257
280421
280450
280525
280762
280912
281007
281409
281509
281552
281573
281623
281876
281973
282040
282083
282113
282175
282801
282836
282885
282895
283075
283102
283200
283292
283347
283392
283580
283963
284044
284217
284291
284376
284392
284450
284472
284479
284523
284625
285110
285114
285237
285252
285582
285666
285861
285910
286034
286072
286257
286366
286490
286555
286940
286971
287018
287229
287308
287715
287766
287921
287940
287977
288168
288239
288357
288432
288533
288655
288739
288895
289034
289395
289432
289479
289696
289704
289855
289963
289965
290308
290532
290538
290616
290620
290631
290640
290763
290764
290804
291101
291109
291141
291343
291645
291773
291824
291853
291883
291907
292279
292284
292502
292517
292571
292721
292892
293099
293234
293278
293347
293425
293688
293701
293878
293966
294019
294055
294150
294283
294290
294315
294461
294567
294642
294658
294915
294970
295015
295342
295537
295756
295785
295795
295901
295998
296099
296126
296210
296310
296709
296744
296853
297052
297132
297202
297263
297302
297354
297559
297722
297762
297813
298160
298303
298439
298483
298600
298674
298698
298731
298736
298789
298845
298848
299239
299249
299333
299443
299508
299560
300009
300083
300120
300177
300399
300450
300492
300671
300796
300902
300970
301068
301145
301175
301272
301315
301379
301513
301829
301856
301968
301989
302122
302251
302307
302412
302640
302642
302712
302865
302896
302954
303109
303321
303438
303475
303505
303573
303625
303673
303879
303935
303987
303998
304112
304114
304203
304306
304309
304380
304475
304577
304696
305025
305147
305263
305367
305545
305617
305651
305884
305907
305937
306049
306099
306145
306160
306255
306311
306510
306836
307105
307136
307184
307407
307512
307593
307717
307747
307821
307930
308007
308094
308145
308445
308727
308733
308839
308905
308927
308964
309000
309128
309166
309214
309440
309533
309591
309879
309898
309935
309949
309965
310008
310150
310155
310280
310389
310400
310407
310460
310542
310572
310627
310690
310847
310874
311106
311161
311272
311366
311406
311459
311508
311516
311563
311836
312156
312429
312533
312667
312680
312696
312746
312779
312879
312890
313226
313231
313244
313260
313280
313327
313453
313457
313751
313831
314082
314242
314424
314476
314553
314766
314986
315055
315105
315471
315475
315839
315865
316030
316104
316177
316357
316501
316682
316712
316825
316865
316923
316997
317221
317260
317269
317303
317442
317445
317472
317578
318016
318086
318143
318169
318809
318965
319094
319296
319395
319398
319414
319528
319568
319768
320010
320110
320577
320583
320594
320606
320620
320777
320891
320935
320974
321003
321153
321354
321407
321530
321600
321816
321843
321855
322106
322216
322364
322498
322598
322624
322674
322817
323247
323327
323363
323416
323627
323862
323896
324007
324053
324334
324725
324780
324884
324887
324979
325060
325069
325145
325172
325417
325426
325585
325592
325618
325646
325659
325696
325706
325755
325788
325844
326144
326179
326418
326525
326770
326784
326790
327235
327371
327500
327549
327549
327710
327778
327841
327927
328054
328352
328416
328616
328884
329099
329115
329529
329746
330003
330010
330019
330129
330321
330367
330471
330667
330729
330740
330861
330908
330943
330956
330970
331012
331166
331218
331256
331362
331392
331869
331954
332182
332203
332208
332363
332822
333100
333244
333343
333405
333546
333565
333675
333796
333898
333943
333996
334357
334358
334421
334471
334474
334604
334680
334749
334765
334998
335019
335131
335166
335216
335237
335288
335309
335501
335597
335748
335786
335796
335859
335934
336072
336218
336222
336249
336252
336466
336565
336574
337243
337257
337360
337368
337402
337529
337572
337633
337873
337912
338035
338151
338185
338262
338263
338368
338377
338534
338573
338727
338778
338874
339227
339326
339338
339351
339415
339445
339570
339573
339583
339783
339829
339928
340007
340014
340214
340412
340697
340774
340818
340833
341000
341003
341167
341170
341421
341425
341455
341649
341693
341821
341859
341904
341989
342014
342037
342066
342096
342166
342259
342612
342949
343032
343095
343167
343206
343258
343339
343505
343518
343552
343624
343874
343904
344025
344267
344435
344439
344540
344689
344703
344728
344806
344817
345032
345066
345195
345196
345311
345449
345495
345499
345827
345992
346052
346096
346116
346219
346406
346434
346640
346737
346759
346852
347012
347098
347156
347252
347669
347868
348026
348108
348272
348437
348458
348518
348528
348636
348704
349123
349140
349158
349250
349301
349311
349443
349537
349539
349670
349745
349938
350104
350191
350197
350209
350337
350434
350603
350638
350806
350810
350874
350946
351282
351526
351578
351863
351870
351904
351990
351993
352009
352015
352021
352066
352080
352116
352484
352553
352611
352681
352700
352809
352813
352868
353124
353211
353346
353419
353446
353667
353878
353977
353993
354051
354161
354261
354283
354496
354804
355170
355215
355468
355555
355672
355688
355695
355761
355846
355887
355953
356007
356042
356046
356139
356214
356276
356664
356784
356798
357151
357165
357226
357294
357361
357436
357450
357577
357634
357667
357873
357977
358201
358561
358635
358716
358835
358895
358903
358989
359026
359060
359120
359245
359320
359384
359415
359426
359431
359539
359606
359620
359628
359736
359765
359847
359855
359935
360006
360080
360219
360222
360576
360787
360927
360984
360992
361156
361218
361245
361345
361398
361508
361668
362043
362056
362153
362175
362207
362421
362470
362511
362550
362588
362759
362814
362835
363129
363278
363315
363388
363668
363698
363968
364019
364165
364220
364243
364420
364459
364561
364670
364727
364775
364881
364892
364923
364967
365085
365489
365848
366024
366110
366111
366157
366251
366384
366478
366599
366661
366697
366785
366808
366870
366873
366929
366972
367315
367385
367570
367677
367681
367731
367732
367801
367821
367858
367930
368143
368155
368162
368279
368401
368532
368559
368707
368785
368793
368814
369012
369080
369095
369262
369380
369417
369434
369563
369613
369780
369881
369986
370049
370209
370284
370328
370329
370366
370402
370612
371081
371148
371159
371291
371388
371396
371469
371554
371585
371724
371779
372066
372327
372614
372758
372897
372912
372981
373020
373135
373214
373267
373518
373541
373542
373567
373592
373600
373879
373937
373985
374131
374221
374251
374312
374389
374499
374507
374523
374605
374668
374833
374920
374958
375065
375189
375307
375380
375491
375530
375598
375828
375854
376048
376059
376132
376508
376541
376706
377105
377312
377447
377518
377612
377800
377884
377903
378130
378221
378251
378345
378384
378414
378429
378477
378507
378648
378652
378779
378780
379177
379259
379309
379345
379386
379402
379446
379474
379493
379499
379603
379616
379810
379836
379949
380146
380252
380429
380672
380676
380763
380890
380909
381018
381034
381109
381295
381323
381351
381535
381697
381741
382004
382040
382091
382155
382170
382272
382346
382496
382584
382846
382858
382869
383292
383434
383670
383915
384006
384141
384173
384209
384248
384265
384524
384734
384865
384885
384898
384935
384989
385327
385332
385353
385532
385694
385705
385716
385785
385930
385980
386104
386232
386420
386599
386608
386651
386762
387102
387145
387233
387456
387458
387461
387635
387647
387672
387714
387718
388030
388056
388102
388103
388158
388275
388507
388766
388811
388836
388866
388925
388954
388956
388961
389203
389239
389255
389283
389286
389332
389379
389458
389477
389726
389818
389994
390181
390224
390246
390418
390445
390492
390507
390831
390862
390936
391224
391336
391371
391481
391536
391573
391623
392049
392247
392253
392353
392528
392535
392660
392793
392827
392842
393000
393109
393150
393313
393323
393544
393661
393687
393793
394115
394142
394196
394213
394239
394300
394393
394414
394657
394692
394765
394811
394938
394945
395225
395302
395318
395574
395794
395830
395953
396005
396029
396216
396329
396498
396544
396701
396841
396945
397110
397368
397669
397728
397791
397835
397872
397982
398024
398070
398113
398180
398201
398228
398228
398362
398428
398436
398462
398621
398834
398863
398887
398959
399312
399437
399531
399857
399862
399888
399896
399924
399942
399967
399970
400082
400096
400098
400176
400317
400387
400795
400895
400918
400972
401146
401212
401432
401569
401592
401818
401820
401928
402079
402640
402791
402881
402891
403104
403153
403233
403268
403294
403343
403363
403607
403796
403860
403866
403948
404124
404125
404177
404257
404420
404543
404587
404654
404658
404714
404766
404812
404855
404863
404868
404887
404944
405057
405119
405339
405582
405599
405605
405624
405630
405714
405830
405910
406031
406041
406165
406214
406450
406507
406561
406629
406760
406973
407086
407255
407504
407649
407696
407962
408239
408576
408607
408911
408931
409008
409368
409560
409589
409650
409851
410012
410074
410138
410250
410323
410358
410385
410461
410552
410580
410723
410801
410918
410954
411125
411139
411167
411256
411436
411485
411488
411573
411633
411734
411868
412111
412250
412316
412329
412415
412449
412460
412638
412674
412824
412880
412967
413022
413078
413273
413444
413460
413554
413754
413780
413784
413822
413889
414006
414052
414064
414097
414307
414527
414582
414686
414725
414770
414919
415175
415336
415396
415440
415514
415627
415670
415933
416208
416506
416717
416867
417197
417214
417260
417288
417373
417440
417483
417760
417829
417921
418119
418262
418364
418861
418935
418998
419305
419313
419319
419334
419483
419645
419676
419694
419749
419761
419961
419996
420099
420553
420574
420613
420650
420713
420758
420910
420963
420973
421104
421159
421295
421487
421503
421649
421682
421776
421825
421982
422053
422160
422176
422345
422362
422410
422452
422672
422968
423008
423104
423151
423161
423356
423368
423488
423508
423516
423576
423579
423638
423837
424098
424324
424512
424524
424574
424705
424809
424928
425225
425265
425297
425349
425366
425412
425415
425724
425917
425920
425956
426077
426427
426615
426677
426720
426725
426751
426758
426845
426994
426997
427273
427378
427408
427493
427625
427911
428041
428056
428199
428269
428435
428626
428699
428790
428945
429005
429026
429032
429138
429603
429668
429732
429788
429986
430283
430284
430300
430334
430491
430564
430590
430599
430682
430725
430743
430802
430843
430923
430958
430971
431174
431193
431213
431250
431342
431347
431466
431517
431560
431646
431774
431800
431875
431974
432050
432052
432086
432166
432168
432379
432450
432558
432706
432882
432915
432930
432969
433451
433454
433460
433687
433801
433827
433944
433978
434028
434051
434377
434511
434956
435044
435055
435211
435216
435364
435421
435464
435553
435590
435600
435605
435781
435839
435849
435872
435954
436108
436121
436409
436588
436798
436801
436817
437010
437035
437153
437363
437433
437482
437529
437840
438096
438171
438209
438275
438431
438623
438633
438680
438855
438955
438977
439112
439282
439361
439398
439452
439635
439697
439747
439845
440095
440120
440276
440293
440348
440415
440438
440509
440651
440655
440656
440713
440722
440755
440790
440835
440842
440912
441013
441136
441329
441607
441627
441684
441788
441788
441856
442306
442391
442445
442479
442489
442548
442911
442964
443183
443355
443483
443665
443900
443906
444015
444269
444294
444372
444472
444610
444636
444661
444666
445377
445404
445776
445776
445792
445932
445949
446088
446500
446569
446662
446730
446788
446816
446937
446978
447254
447312
447331
447387
447468
447523
447648
447667
447872
448135
448196
448284
448484
448485
448526
448534
448592
448630
448734
448768
448983
449260
449305
449393
449461
449466
449610
449695
449806
449907
450052
450105
450331
450763
451286
451443
451601
451615
451785
451956
452018
452276
452294
452355
452373
452449
452529
452713
452780
452820
452888
453003
453035
453089
453123
453372
453451
453524
453610
453664
453676
453774
453781
453975
453990
454003
454036
454248
454259
454312
454450
454468
454661
455104
455171
455276
455369
455377
455384
455544
455637
455721
455723
455724
455754
455859
456027
456104
456260
456551
456588
456732
456792
457027
457116
457117
457423
457797
457810
457821
457846
457915
458018
458069
458153
458246
458457
458463
458521
458565
458643
458665
458799
458911
458942
458949
458981
459110
459118
459194
459200
459314
459386
459451
459521
459608
459778
459806
459847
459848
460266
460288
460343
460381
460383
460438
460489
460537
460608
460871
460903
460932
460946
460992
461066
461102
461349
461404
461432
461470
461565
461592
461745
461810
462260
462328
462921
463161
463179
463390
463436
463474
463480
463542
463602
463730
463763
463834
463852
464013
464150
464291
464309
464410
464443
464501
464698
464724
464893
465003
465041
465043
465500
465578
465635
465815
466012
466073
466313
466324
466411
466515
466545
466547
466793
466848
466897
466998
467025
467193
467341
467416
467456
467720
467760
467802
467955
468072
468124
468234
468393
468454
468473
468636
468651
468783
468789
468858
469055
469099
469120
469170
469190
469359
469498
469563
469564
469732
469920
470011
470123
470203
470300
470377
470464
470563
470745
470836
470963
471002
471029
471063
471455
471593
471753
471937
472465
472536
472747
472748
472857
473047
473118
473187
473350
473378
473476
473637
473795
473850
474041
474088
474098
474249
474285
474313
474315
474332
474413
474468
474713
474764
474803
474917
474945
474966
474972
474995
475024
475056
475200
475262
475494
475499
475688
475998
476028
476533
476675
476824
476871
476909
476986
477428
477474
477544
477611
477699
477945
478078
478141
478149
478194
478369
478433
478524
478565
478716
478728
478830
479011
479152
479367
479469
479553
479622
479737
479993
480004
480063
480181
480251
480275
480386
480450
480480
480603
480727
480774
480776
481004
481039
481041
481064
481188
481277
481546
481659
481765
481768
481826
481976
481998
482057
482148
482195
482195
482398
482438
482816
482927
482988
482998
483123
483138
483363
483642
483671
483682
483723
483953
484204
484351
484560
484585
484754
485111
485212
485684
485982
486091
486203
486447
486565
486632
486658
486807
486879
487333
487607
487876
487975
488111
488191
488389
488520
488586
488671
488695
488876
488905
489030
489180
489256
489341
489378
489454
489624
489626
489674
489812
490096
490274
490292
490300
490511
490538
490682
490944
491181
491209
491380
491416
491446
491459
491569
491618
491941
491946
491968
492076
492346
492402
492405
492932
492992
493024
493290
493348
493480
493709
493744
493765
493766
493818
493879
493906
493940
493965
494056
494088
494138
494184
494603
494867
494906
495036
495037
495259
495456
495466
495551
495703
495752
495816
495940
495946
496388
496458
497066
497100
497140
497183
497276
497355
497544
497678
497794
498053
498077
498102
498218
498263
498379
498441
498475
498594
498672
498689
498709
498758
498828
499091
499343
499351
499486
499583
499737
499950
499963
500047
500123
500136
500173
500216
500425
500444
500455
500471
500480
500484
500716
500763
500798
500933
501141
501214
501295
501304
501418
501506
501983
502132
502167
502774
502912
503267
503321
503380
503412
503638
503797
503799
504111
504111
504337
504441
504587
504591
504771
504800
504816
504851
504955
505229
505385
505740
505879
505895
506035
506052
506149
506202
506259
506309
506331
506402
506556
506581
506616
506635
506666
506735
507010
507053
507097
507228
507426
507501
507742
507757
507810
507921
508057
508279
508287
508398
508487
508555
508721
508725
508766
508808
509009
509077
509145
509199
509221
509286
509325
509402
509472
509481
509488
509545
509547
509550
509578
509679
509971
510176
510187
510436
510690
510900
510963
511010
511097
511145
511375
511655
511866
512003
512320
512393
512899
513034
513405
513623
513656
513724
513756
513886
514357
514434
514539
514556
514568
514638
514743
514767
514784
514940
515063
515138
515191
515254
515334
515427
515530
515530
515605
515709
515761
516035
516052
516060
516138
516165
516172
516262
516295
516426
516439
516511
516516
516788
517084
517295
517368
517491
517557
517559
517691
517820
518056
518134
518181
518244
518394
518428
518440
518508
518692
518806
518808
519012
519104
519149
519191
519283
519327
519410
519445
519501
519531
519663
519743
519905
520036
520081
520181
520271
520353
520592
520594
520648
520680
520830
520898
520922
520998
521003
521122
521198
521281
521324
521378
521568
521872
521959
522092
522348
522547
522613
522846
522850
522853
522854
523086
523246
523319
523529
523588
523882
524030
524049
524113
524145
524207
524251
524852
524915
524957
524960
525070
525109
525125
525613
525826
525844
525977
525982
525986
525987
526010
526137
526234
526522
526530
526600
526648
526824
526913
526963
527117
527147
527296
527450
527472
527533
527587
527825
527853
527858
527884
527915
527969
528249
528253
528313
528337
528393
528573
528575
528711
528781
528793
528853
528890
528962
529057
529233
529348
529377
529741
529987
530073
530256
530311
530371
530591
530607
530642
530904
530946
531071
531183
531220
531255
531268
531300
531463
531502
531509
531684
531779
531850
531897
531934
531994
532132
532235
532397
532477
532510
532628
532661
532685
532689
532753
532765
532885
533123
533219
533473
533523
533560
533619
533645
533671
533685
534033
534115
534701
534762
534910
534942
534966
534986
534987
535058
535128
535370
535397
535406
535475
535482
535511
535624
535715
535760
535927
535959
535970
536031
536222
536264
536314
536510
536813
536950
537001
537124
537210
537491
537548
538185
538203
538291
538466
538554
538847
539074
539087
539175
539522
540154
540202
540221
540417
540491
540676
540765
540845
541063
541073
541079
541178
541407
541583
541613
541657
541841
541949
542017
542019
542408
542418
542881
542926
542947
543026
543064
543275
543302
543423
543960
543989
544072
544092
544216
544331
544422
544449
544477
544510
544583
544593
544629
544681
544691
544694
544931
544937
544988
545141
545580
545622
545650
545674
545813
545984
546017
546035
546319
546448
546506
546658
546734
546807
547068
547080
547086
547257
547271
547292
547528
547556
547683
547712
547777
547856
547877
547893
547935
548045
548140
548145
548193
548215
548343
548381
548515
548525
548627
548686
548751
548776
548831
548841
548875
549043
549061
549383
549492
549492
549534
549637
549822
549858
549897
549937
549947
549952
550071
550357
550375
550467
550478
550490
550540
550557
550632
550650
550679
550799
550865
551000
551018
551323
551336
551526
551658
551764
551951
552325
552442
552468
552476
552494
552741
552849
552935
553016
553487
553519
553681
553736
553815
553871
553921
553958
553975
554090
554094
554120
554321
554652
554763
554875
554906
554982
555068
555175
555537
555553
555613
555646
556003
556014
556144
556200
556206
556214
556224
556349
556519
556538
556568
556571
556708
556709
556737
556763
557208
557290
557397
557456
557501
557530
557601
557621
557695
557737
557834
557844
558067
558110
558275
558470
558571
558611
558642
558645
558662
558790
558849
558863
559020
559187
559302
559353
559407
559626
559665
559710
559829
560086
560111
560324
560371
560391
560469
560520
560591
560658
560721
560721
560735
560800
561044
561118
561155
561267
561292
561320
561683
561704
561726
561768
561966
561991
562026
562057
562086
562122
562153
562426
562697
562758
562782
562992
563043
563175
563182
563205
563264
563423
563538
563567
563569
563612
563760
564330
564335
564455
564467
564483
564515
564527
564771
564815
565167
565185
565420
565591
565702
565806
565905
565988
566084
566134
566167
566187
566231
566454
566472
566499
566507
566532
566544
566570
566682
566853
566949
567000
567184
567339
567342
567354
567514
567598
567652
567689
567710
567744
567972
568050
568132
568328
568497
568538
568734
568983
569010
569021
569103
569238
569314
569330
569514
569866
570039
570237
570257
570295
570312
570432
570453
570515
570519
570531
570658
570978
571121
571143
571168
571220
571232
571240
571247
571322
571381
571392
571492
571531
571596
571726
571729
572014
572022
572115
572173
572178
572228
572254
572267
572310
572316
572463
572533
572596
572824
572829
572845
572919
573210
573302
573312
573324
573341
573360
573423
573434
573601
573642
574014
574146
574299
574304
574405
574445
574654
574784
575075
575105
575236
575270
575329
575388
575402
575442
575444
575512
575651
575781
575835
575930
575972
576014
576025
576106
576237
576460
576621
576659
576876
576935
577016
577196
577227
577272
577306
577476
577649
577733
578078
578092
578147
578314
578483
578614
578655
578909
578973
578975
579076
579184
579266
579505
579612
580124
580286
580326
580431
580471
580498
580809
581213
581239
581357
581409
581487
581624
581644
581761
581778
581814
581850
582044
582134
582293
582472
582578
582614
582664
582999
583016
583030
583056
583164
583273
583315
583636
583645
583812
583991
584007
584024
584056
584180
584309
584425
584492
584524
584780
584818
584972
585160
585272
585431
585439
585497
585628
585668
586007
586017
586222
586261
586271
586350
586450
586710
586721
586749
586829
586886
587030
587124
587145
587349
587504
587604
587669
587750
588142
588228
588229
588389
588414
588458
588569
588801
588947
589130
589137
589311
589445
589502
589767
589810
589917
589978
589981
589991
590026
590160
590328
590417
590610
590630
590744
590823
590898
590922
591006
591165
591222
591253
591265
591473
591717
591943
591987
592047
592068
592079
592109
592133
592247
592257
592450
592469
592476
592626
592725
593093
593116
593165
593349
593574
593606
593963
594017
594148
594156
594172
594182
594259
594275
594438
594440
594624
594701
594720
594725
595061
595168
595233
595244
595403
595435
595474
595491
595551
595636
595740
595823
595835
595944
596000
596098
596121
596149
596295
596322
596338
596446
596676
596810
596830
597125
597220
597277
597298
597369
597469
597907
597951
597988
598025
598210
598333
598391
598702
599059
599090
599124
599154
599213
599238
599316
599500
599503
599534
599697
599709
599917
600028
600148
600191
600264
600319
600368
600418
600545
600574
600691
600722
600729
600822
600877
600956
601263
601705
601732
601921
602488
602526
602529
602567
602602
602604
602717
602929
602954
602966
602988
603064
603092
603137
603255
603262
603342
603634
603821
603875
603899
604193
604204
604514
604718
604927
605227
605253
605299
605344
605367
605412
605441
605474
605543
605738
605883
605900
605983
606136
606146
606193
606405
606431
606460
606473
606508
606700
606797
607004
607004
607114
607219
607240
607278
607290
607453
607476
607654
607828
607865
607883
607911
608140
608606
608939
609016
609173
609184
609496
609501
609742
609808
610051
610142
610143
610174
610288
610552
610643
610736
610760
610768
610983
611119
611278
611329
611402
611486
611728
611806
612020
612028
612057
612129
612307
612481
612514
612592
612736
612770
612846
612910
612981
612994
612999
613082
613107
613152
613313
613345
613433
613455
613657
613722
613809
613849
613931
613997
614322
614446
614623
614760
615122
615139
615139
615187
615404
615441
615447
615512
615560
615923
615931
616101
616140
616147
616282
616417
616676
616696
616796
617066
617069
617081
617216
617219
617244
617345
617481
617688
617809
617882
617937
618146
618171
618268
618425
618431
618488
618751
618833
619229
619279
619338
619472
619496
619631
619762
619780
619969
620058
620119
620181
620374
620381
620418
620481
620561
620602
620627
620701
620768
620796
620808
620855
620864
621250
621253
621308
621349
621352
621372
621382
621469
621625
621631
621795
621813
621859
621969
621971
622037
622128
622146
622320
622376
622407
622771
622966
622984
623049
623139
623146
623168
623188
623192
623206
623268
623301
623373
623562
623599
623618
623659
623852
623918
624111
624117
624311
624410
624518
624571
624571
624585
624616
624647
624664
624828
625034
625201
625233
625320
625462
625811
625968
625976
626009
626036
626340
626420
626525
626536
626572
626629
626794
626839
626932
626989
627010
627014
627131
627137
627196
627233
627355
627500
627569
627660
627718
627799
627883
628046
628430
628448
628568
628614
628615
628627
628644
628648
628680
628863
628878
629125
629262
629357
629435
629513
629517
629623
629787
629800
629861
629883
630020
630058
630257
630491
630720
630767
630794
630929
630969
630984
631022
631027
631279
631431
631495
631505
631568
631649
631704
631829
632334
632340
632451
632512
632560
632580
632731
633013
633039
633195
633249
633305
633311
633356
633363
633632
633720
633768
633919
634003
634442
634622
634830
634929
635097
635324
635405
635629
635739
635966
635985
636033
636118
636134
636188
636363
636508
636514
636576
636628
636807
637108
637322
637394
637524
637726
637755
637764
637876
637930
638074
638087
638181
638290
638598
638638
638699
638702
638828
638832
639090
639093
639209
639274
639299
639318
639406
639426
639586
639630
639742
639893
640097
640141
640166
640183
640220
640300
641032
641146
641320
641354
641433
641937
642018
642037
642150
642286
642448
642611
642837
642858
642949
643014
643238
643270
643364
643390
643529
643678
643905
644141
644146
644173
644361
644369
644457
644489
644790
644917
644926
645287
645308
645424
645449
645603
645849
645870
645886
645923
645971
646031
646053
646080
646089
646110
646181
646184
646336
646343
646413
646624
646746
646786
646791
646978
646995
647021
647174
647262
647394
647437
647466
647748
647758
647857
648305
648321
648351
648390
648722
648786
648843
648905
648930
648978
648978
648978
648988
649005
649121
649209
649247
649275
649426
649474
649665
649752
649797
649855
650139
650224
650257
650421
650550
650590
650624
650792
650979
651102
651197
651248
651271
651280
651303
651399
651449
651507
651535
651621
651645
651742
651855
651887
651904
651918
651965
652003
652272
652355
652363
652516
652587
652592
652824
652826
652858
653058
653124
653216
653239
653702
653747
653803
653804
654016
654053
654053
654062
654111
654324
654548
654685
654909
655110
655176
655653
655702
655715
655835
655892
655938
656112
656144
656160
656182
656258
656383
656416
656704
656706
656919
656969
656983
657006
657076
657530
657612
657697
657727
657834
657931
657945
657957
657958
657989
658213
658278
658362
658373
658381
658432
658448
658452
658466
658508
658559
658798
658922
659042
659104
659988
660231
660407
660427
660818
660854
660897
660910
660941
661008
661328
661372
661469
661911
662117
662149
662260
662653
662738
662924
662932
663187
663195
663198
663237
663347
663628
663762
663787
664056
664070
664484
664485
664492
664569
664676
664749
665072
665193
665221
665233
665375
665691
665698
665706
665772
665803
665887
665919
665934
666146
666223
666357
666469
666544
666569
666632
666730
666744
666903
666980
667130
667258
667377
667487
667554
667576
667577
667829
667858
667888
667893
667903
667915
667988
668069
668191
668211
668350
668418
668842
669236
669237
669358
669405
669422
669458
669533
669543
669698
670072
670399
670442
670451
670453
670605
670783
670936
671030
671031
671178
671322
671363
671396
671442
671484
671501
671608
671716
671823
671968
672102
672165
672296
672434
672494
672789
672924
673221
673241
673292
673339
673452
673487
673579
673729
673772
673925
674029
674070
674108
674483
674508
674761
674846
674887
675047
675112
675164
675229
675252
675263
675417
675601
675668
675683
675691
675725
675785
675815
675870
675904
676014
676034
676155
676171
676594
676783
676862
676927
677063
677106
677262
677269
677330
677793
678049
678069
678260
678337
678379
678440
678591
678629
678929
679026
679038
679316
679680
679696
679696
679848
679928
680250
680501
680639
680696
681127
681215
681248
681351
681365
681376
681647
681718
681902
681960
682008
682031
682039
682054
682153
682209
682262
682416
682723
682868
682922
683006
683026
683049
683052
683216
683282
683364
683392
683417
683445
683542
683611
683653
683685
683880
683897
683963
684138
684256
684277
684302
684554
684633
685070
685177
685196
685230
685274
685328
685749
685917
685992
686071
686174
686305
686776
687098
687244
687381
687445
687743
687749
687782
687880
687887
688114
688188
688408
688463
688478
688621
689071
689139
689221
689251
689270
689272
689319
689379
689435
689444
689446
689559
689565
689601
689604
689642
689665
689839
689863
689870
689932
689965
689988
690031
690057
690227
690312
690404
690571
690611
690682
690777
690789
690811
690949
691223
691333
691455
691559
691609
691610
691640
691687
691760
691791
691795
691831
691916
691971
692201
692201
692268
692294
692316
692517
692531
692556
692613
692649
692667
692793
692812
692855
692891
692917
692964
692981
693033
693074
693130
693248
693256
693332
693335
693568
693642
693643
693927
693985
694098
694264
694455
694566
694634
694736
695116
695116
695146
695202
695218
695473
695533
695537
695604
695668
695793
695902
696083
696287
696433
696484
696665
696745
696842
697023
697205
697301
697778
698020
698084
698159
698226
698361
698399
698471
698498
698621
698661
698856
698863
698921
699027
699427
699704
699843
699860
700014
700040
700070
700229
700393
700500
700531
700593
700673
700687
700728
700757
700759
700879
700920
700949
700962
701321
701332
701569
701579
701737
702010
702198
702406
702481
702487
702497
702514
702540
702613
702663
702828
702840
702878
703313
703443
703651
703689
703750
703800
703800
703981
704200
704245
704279
704392
704423
704508
704680
704832
705016
705093
705139
705239
705463
705504
705552
705612
705715
705777
705909
705929
706112
706154
706248
706305
706352
706386
706479
706505
706556
706690
706814
706854
707050
707064
707114
707120
707144
707156
707162
707270
707320
707328
707330
707400
707513
707616
707711
707819
708437
708710
708756
708982
709150
709280
709293
709475
709888
709899
710188
710193
710269
710383
710447
710458
710493
710572
710624
710740
710768
710817
710913
711103
711135
711142
711671
711778
711829
711833
712219
712354
712565
712613
712661
712722
712730
712791
712813
712840
712933
712959
712961
713049
713091
713170
713179
713202
713231
713402
713406
713421
713515
713657
713676
713902
713913
714013
714063
714129
714172
714189
714237
714402
714408
714534
714594
714745
715185
715353
715508
715612
715703
715960
715991
716002
716054
716106
716227
716239
716258
716331
716335
716439
716471
716518
716722
716860
717082
717164
717208
717234
717383
717389
717527
717780
717874
718045
718259
718275
718334
718352
718367
718548
718693
718772
718901
718914
718927
718945
719007
719041
719203
719294
719535
719570
719573
719580
719626
719745
719830
719857
719956
720103
720520
720618
720647
720688
720756
720777
720804
721040
721144
721233
721335
721434
721460
721563
721789
721817
721886
722012
722081
722345
722359
722392
722397
722713
722757
722961
723133
723415
723468
723512
723547
723560
723673
723855
723867
724065
724089
724167
724300
724319
724323
724364
724370
724473
724479
724757
724904
724984
725056
725062
725166
725216
725278
725397
725425
725458
725495
725630
725913
725915
726016
726406
726496
726530
726620
726684
726751
726788
726906
726910
726941
727007
727052
727078
727084
727177
727310
727390
727587
727602
727735
727865
727911
727913
728036
728099
728158
728356
728419
728419
728454
728546
728617
728699
728871
728952
728994
729037
729208
729363
729501
729869
729892
730163
730187
730366
730646
730654
730686
730757
730793
731081
731164
731222
731277
731293
731328
731363
731401
731411
731651
731732
731833
731846
731903
731934
731964
732012
732053
732197
732296
732321
732334
732413
732440
732494
732576
732627
732714
733119
733121
733230
733235
733381
733384
733467
733505
733533
733726
733742
733752
733838
734034
734117
734166
734284
734393
734522
734579
734676
734833
735048
735050
735060
735155
735211
736028
736071
736090
736110
736343
736452
736472
736583
736748
736849
736958
737010
737297
737311
737354
737463
737637
737850
737881
737915
738089
738178
738218
738334
738369
738401
738443
738470
738472
738518
738662
739034
739059
739394
739404
739445
739560
739566
739746
739786
739855
740040
740111
740199
740383
740397
740418
740439
740580
740581
740704
740756
741070
741239
741247
741267
741359
741562
741738
741793
741995
742009
742190
742235
742329
742687
742896
742906
742986
743030
743046
743104
743153
743175
743228
743279
743332
743379
743597
743729
743819
743882
743978
743984
744070
744167
744172
744186
744191
744399
744662
744688
744924
745001
745059
745099
745133
745302
745322
745474
745530
745551
745835
745859
745875
746244
746353
746495
746636
746678
746706
746989
747029
747164
747284
747317
747325
747377
747640
747711
747717
747730
747882
748054
748055
748105
748267
748486
748528
748532
748534
748780
748799
748859
748869
748912
748916
749000
749146
749146
749223
749239
749639
749824
749872
749968
749987
750098
750108
750219
750337
750412
750491
750550
750599
750758
750786
750825
750848
750889
751241
751275
751317
751355
751401
751420
751514
751551
751571
751632
751759
751962
751988
752100
752483
752512
752525
752667
752673
752723
752745
752975
753028
753173
753252
753329
753398
753426
753475
753560
753584
753735
753799
753869
753902
753989
754167
754210
754286
754406
754694
754811
754901
754948
755000
755105
755180
755238
755418
755439
755527
755562
755587
755668
755677
755780
755838
756046
756067
756124
756258
756427
756458
756473
756489
756674
756861
757136
757139
757178
757271
757288
757363
757427
757474
757665
757707
757979
758004
758039
758258
758312
758435
758441
758704
758857
758959
758994
759069
759084
759332
759761
759831
759916
760194
760247
760293
760388
760458
760467
760532
760532
760533
760620
760667
760705
760834
760842
760928
761067
761204
761207
761291
761302
761328
761329
761402
761411
761425
761506
761516
761523
761532
761568
761627
761980
761989
762017
762126
762221
762505
762641
762642
762713
762766
762841
762911
763206
763209
763217
763219
763283
763419
763702
764149
764204
764223
764302
764384
764512
764516
764616
764643
764755
764767
764809
764875
764948
764957
765031
765154
765176
765230
765302
765775
766051
766260
766291
766530
766555
766623
766632
766926
767022
767079
767107
767140
767153
767202
767361
767606
767637
767692
767927
767945
768008
768090
768237
768250
768424
768571
768633
768708
768844
768876
768980
769227
769384
769384
769664
769765
769822
769993
770105
770251
770252
770303
770610
770717
770821
770855
771214
771466
771530
771634
771703
771794
771878
771967
772031
772083
772137
772164
772210
772214
772302
772540
772626
772637
772725
772772
772819
772842
772858
772929
773067
773091
773226
773450
773567
773593
773639
773693
773891
774096
774157
774181
774253
774278
774290
774556
774596
774835
775026
775086
775090
775228
775246
775303
775554
775603
775645
775971
775974
775981
775989
776090
776144
776184
776212
776439
776452
776517
776860
776891
777021
777245
777259
777300
777308
777587
777857
777866
777925
778090
778169
778262
778428
778464
778496
778655
778853
779076
779307
779337
779340
779341
779570
779808
779873
779874
779973
780124
780263
780275
780323
780398
780423
780456
780648
780771
780799
780868
780993
781065
781350
781355
781638
781726
781801
782063
782064
782141
782173
782177
782232
782490
782625
782687
782699
782950
782974
783143
783158
783335
783370
783388
783474
783550
783668
783807
783888
784017
784046
784056
784245
784509
784716
784756
785155
785206
785231
785319
785546
785551
785602
785606
785708
785729
785848
786315
786327
786674
786808
786882
787070
787103
787149
787191
787191
787220
787264
787270
787301
787332
787334
787633
787653
787715
788008
788126
788296
788417
788435
788436
788446
788457
788486
788575
788575
788614
788753
789162
789171
789345
789407
789505
789742
789843
789917
789998
790096
790192
790390
790465
790696
790719
790752
790825
791061
791076
791129
791231
791320
791509
791557
791569
791730
791891
791953
791959
791991
792013
792030
792105
792133
792156
792262
792356
792364
792378
792417
792585
792717
793225
793226
793245
793301
793386
793427
793490
793858
794241
794325
794368
794432
794468
794504
794782
794818
794839
795023
795025
795197
795233
795258
795346
795484
795636
795786
795982
796094
796341
796345
796405
796794
797014
797015
797124
797151
797297
797576
797846
797956
798224
798395
798395
798421
798426
798456
798505
798656
798766
798912
798954
799025
799268
799377
799467
799634
799778
799830
800125
800326
800367
800626
800670
800705
800725
800901
801029
801185
801235
801295
801347
801389
801661
801795
802029
802406
802445
802460
802482
802501
802622
802681
803001
803044
803132
803245
803312
803599
803608
803719
803780
803829
803858
803976
804065
804102
804195
804264
804389
804644
804736
804839
805022
805037
805101
805224
805282
805339
805411
805498
805560
805720
805890
806054
806092
806806
807007
807059
807142
807391
807460
807592
807656
807660
807761
807903
807908
807937
808079
808124
808374
808458
808486
808647
808674
808724
809028
809113
809132
809238
809336
809378
809401
809441
809492
809547
809746
809793
810052
810118
810387
810413
810414
810554
810655
810741
810759
810962
811078
811236
811389
811410
811475
811836
811847
811918
811929
812006
812122
812181
812276
812282
812417
812495
812572
812585
812611
812688
812779
812999
813048
813237
813273
813282
813313
813688
813928
813953
814053
814083
814369
814471
814595
814637
814728
814854
814869
814988
815229
815325
815357
815361
815382
815500
815705
815762
816032
816033
816148
816410
816465
816541
816545
816594
816784
816930
816963
817080
817180
817568
817613
817626
817926
818028
818107
818108
818247
818388
818491
818502
818509
818528
818799
818802
818903
818950
819248
819320
819400
819425
819535
819668
819687
819694
819815
819853
819895
820068
820073
820188
820218
820263
820455
820517
820531
820647
820729
820831
820990
820995
821149
821171
821306
821337
821607
821614
821980
822204
822239
822287
822421
822431
822531
822711
822815
823074
823269
823551
823695
823711
823859
823873
824103
824126
824145
824198
824319
824359
824439
824505
824589
824834
824879
824916
825066
825073
825150
825438
825454
825542
825682
825993
825994
826115
826163
826298
826321
826330
826413
826468
826495
826573
826590
826802
826832
826918
826929
826941
826960
827323
827416
827866
827869
827904
828053
828286
828531
828663
828943
828962
829040
829043
829059
829099
829108
829135
829287
829306
829365
829391
829393
829459
829488
829514
829790
829861
829896
830107
830167
830208
830421
830462
830697
830725
830839
830947
830955
831233
831262
831292
831425
831427
831612
831638
831698
832039
832249
832263
832518
832746
832781
832820
832865
832903
832918
833002
833105
833193
833320
833392
833646
833703
833704
834165
834235
834416
834556
834677
834722
834884
834887
834981
835011
835057
835113
835115
835251
835256
835322
835480
835487
835496
835525
835535
835569
835688
835710
835750
835895
835904
835973
836090
836143
836198
836208
836238
836420
836533
836541
836594
836850
836902
836962
837010
837116
837171
837188
837304
837436
837512
837639
837779
837820
837860
838035
838036
838216
838322
838387
838446
838609
838864
839043
839062
839185
839329
839409
839461
839647
839684
839767
839808
840097
840107
840123
840151
840381
840532
840635
840639
840743
840772
840815
840884
840943
841069
841144
841377
841477
841560
841822
841855
841864
842328
842497
842540
842630
842671
842735
842764
842877
842901
842923
842930
842969
843080
843085
843289
843326
843410
843690
843699
843736
843768
844036
844148
844164
844191
844212
844243
844308
844326
844471
844733
844779
844804
844846
844894
845003
845005
845240
845271
845398
845431
845538
845572
846026
846040
846095
846182
846187
846328
846340
846660
846671
846725
846741
846969
846970
847119
847135
847150
847275
847523
847604
847678
847907
848084
848095
848104
848204
848262
848398
848420
848621
848677
848706
848767
848852
848973
849056
849137
849375
849484
849507
849573
849915
849962
850081
850154
850496
850582
850588
850815
850924
850961
851090
851340
851411
851605
851737
851738
851795
851829
851844
852041
852274
852295
852426
852459
852598
852666
852777
852911
853007
853122
853129
853161
853175
853219
853315
853435
853639
853655
853921
853967
854029
854154
854268
854340
854531
854532
854624
854856
855138
855502
855551
855669
855698
855702
855766
855789
855900
855943
856000
856125
856158
856160
856396
856689
856804
856811
856982
857204
857416
857486
857489
857682
857837
857851
858148
858151
858201
858204
858217
858222
858222
858299
858340
858351
858636
858680
858792
859405
859416
859517
859689
859728
859873
860043
860103
860141
860143
860283
860400
860743
860805
860819
861013
861103
861151
861171
861183
861307
861326
861349
861404
861581
861735
861830
862112
862153
862167
862172
862224
862252
862255
862361
862387
862449
862468
862501
862559
862585
862649
862693
862891
862899
862957
863055
863091
863269
863340
863354
863669
863677
863680
863726
863729
863878
863910
863918
863997
864167
864335
864338
864431
864535
864624
864717
865066
865070
865080
865127
865218
865346
865530
865544
865719
865981
866041
866073
866215
866270
866295
866414
866452
866457
866489
866571
866722
866846
866898
866962
867070
867129
867236
867572
867619
867666
867942
867959
867991
868232
868274
868343
868434
868443
868603
868636
868675
868705
868711
868742
868752
868756
868855
868909
869067
869091
869097
869266
869287
869384
869438
869684
869827
869857
869883
869961
870047
870160
870257
870480
870592
870649
870872
871003
871244
871366
871509
871569
871787
871906
871942
871982
871992
872016
872093
872129
872200
872216
872233
872420
872431
872441
872530
872549
872881
872894
873007
873298
873312
873451
873501
873520
873541
873824
874157
874340
874350
874426
874469
874501
874587
874779
874793
874851
874920
874924
874956
874975
875352
875442
875480
875561
875609
875616
875647
875726
875732
875879
875998
876135
876202
876217
876325
876402
876574
876671
876719
876783
876851
876906
876947
877019
877071
877127
877465
877754
877757
877758
877788
877841
877924
878023
878107
878190
878239
878250
878262
878289
878554
878820
879173
879369
879589
879607
879624
879627
879852
879961
880031
880098
880112
880321
880363
880386
880448
880531
880590
880685
880758
880797
881006
881053
881219
881340
881397
881494
881807
881827
882409
882505
882590
882626
882667
882732
882947
883058
883058
883067
883230
883557
883648
883739
883798
883843
883907
884007
884035
884052
884128
884253
884476
884476
884817
884903
884981
885158
885244
885613
885714
885750
885883
885887
886066
886269
886307
886317
886539
886549
886696
886876
886912
886927
886950
886980
887008
887114
887222
887389
887439
887497
887724
887900
887990
888359
888510
888701
888813
889060
889134
889248
889282
889366
889368
889482
889603
889709
889805
890104
890341
890460
890596
890645
890674
890713
890799
890877
890962
891018
891388
891405
891452
891735
891759
891813
891820
891827
891909
891978
892130
892184
892314
892534
893225
893254
893256
893343
893503
893572
893731
893811
893877
893906
894086
894126
894206
894335
894362
894411
894472
894707
894906
895095
895132
895186
895245
895412
895499
895565
895592
895594
895727
895739
895762
895795
895999
896114
896211
896431
896532
896579
896678
896697
896777
896791
896867
896979
897025
897211
897323
897424
897429
897560
897650
897820
897872
897873
897979
898092
898207
898273
898359
898378
898413
898471
898601
898642
898689
898770
898800
898977
899211
899429
899692
899907
899936
900243
900461
900616
900993
901030
901171
901358
901412
901547
901661
901784
901864
901947
902098
902227
902289
902312
902358
902608
902839
903148
903325
903521
903587
903603
903852
903879
904176
904477
904551
904623
904657
904677
904814
904941
905105
905148
905369
905423
905611
905670
905762
905903
905941
906014
906100
906365
906894
906900
907145
907180
907301
907325
907327
907354
907502
907639
907839
907843
907882
907942
907948
907993
908000
908054
908141
908151
908221
908414
908428
908533
908594
908748
908759
908957
909030
909062
909247
909257
909608
909744
909878
909927
910015
910218
910258
910366
910376
910436
910514
910740
910816
910882
911081
911247
911299
911322
911385
911652
911815
912086
912115
912209
912448
912507
912597
912785
912901
912901
913002
913123
913481
913634
913643
913792
914053
914645
914668
914670
914926
915328
915357
915411
915550
915591
916173
916208
916462
916660
916661
916864
917084
917129
917143
917289
917312
917331
917480
917488
917498
917735
917919
918163
918202
918296
918310
918440
918713
918822
919016
919018
919022
919036
919049
919199
919230
919267
919326
919571
919641
919673
919781
919809
919843
919990
920052
920278
920562
920676
920987
921109
921382
921506
921553
921661
921888
921908
921966
922041
922078
922078
922092
922408
922411
922456
922689
922743
922943
923197
923244
923249
923614
923697
923768
923952
923954
923966
924257
924300
924480
924481
924629
924736
924911
924912
924969
924993
924998
925211
925534
925557
925575
925612
925613
925672
925684
925735
925824
926029
926098
926201
926261
926368
926549
926599
926744
926787
926806
927264
927282
927296
927341
927377
927449
927582
927623
927685
927825
928033
928260
928304
928339
928387
928398
928407
928457
928465
928512
928520
928575
928608
928648
928678
928706
928845
929008
929400
929475
929595
929644
929659
929670
929698
930050
930085
930147
930188
930225
930486
930506
930682
930708
930752
930776
930832
930855
930933
930947
931008
931182
931422
931480
931571
931600
931684
931702
931937
932262
932388
932407
932612
932646
932678
932732
932747
932796
932895
932962
932971
933110
933149
933402
933449
933453
933454
933757
933801
934149
934416
934596
934607
934634
934645
934682
934864
934867
934935
935001
935088
935299
935325
935377
935381
935455
935534
935609
935816
935923
935928
935975
935989
936021
936099
936111
936129
936236
936332
936364
936488
936496
936541
936588
936593
936608
936656
936742
936849
936986
937128
937211
937368
937383
937396
937453
937526
937559
937719
937721
937808
938330
938390
938446
938468
938520
938538
938567
938601
938729
938922
938954
938962
938984
939017
939182
939183
939293
939310
939489
939492
939542
939657
939721
939730
939787
939887
939913
940080
940100
940390
940398
940414
940742
940751
940793
941057
941068
941100
941168
941532
941713
941786
941892
941899
942273
942297
942323
942401
942439
942454
942512
942657
942860
942919
943020
943325
943700
943953
944059
944102
944103
944129
944304
944378
944556
944561
944642
944768
944868
944897
944929
944952
945191
945197
945230
945240
945294
945387
945619
945731
945845
945884
946031
946039
946111
946149
946300
946363
946365
946462
946523
946833
946928
947142
947172
947208
947436
947511
947514
947552
947565
947700
947708
947747
947944
948054
948300
948376
948544
948576
948808
948922
949056
949100
949105
949166
949173
949195
949268
949284
949482
949602
949641
949766
949852
949934
949959
950103
950148
950252
950410
950684
950786
951026
951086
951173
951293
951304
951315
951364
951430
951444
951550
951569
951713
951931
951954
952005
952015
952065
952325
952408
952593
952871
953081
953172
953182
953447
953451
953679
953811
953828
953936
953937
953937
954048
954097
954132
954147
954181
954465
954533
954632
954717
954916
954971
955135
955271
955282
955423
955595
955636
955654
955902
956128
956208
956257
956289
956388
956531
956536
956663
956711
956732
957144
957206
957231
957503
957517
957535
957536
957858
957922
957935
958008
958128
958169
958209
958256
958257
958264
958368
958468
958483
958645
958841
958863
958986
959007
959343
959393
959583
959613
959879
959943
959959
960491
960537
960606
960614
960946
960957
961046
961054
961221
961299
961386
961617
961849
961868
961950
962052
962122
962208
962223
962350
962464
962608
962696
962770
962800
962801
962922
962938
963051
963175
963274
963279
963399
963494
963643
963662
963678
963803
963843
963878
963903
963955
963980
963980
963994
964062
964095
964099
964140
964203
964294
964446
964456
964697
964880
965284
965367
965397
965586
965792
966177
966396
966444
966481
966510
966534
966615
966655
966774
966804
966899
966912
967074
967117
967122
967134
967157
967192
967443
967566
967648
967770
967863
967977
968016
968045
968051
968065
968098
968136
968204
968355
968424
968560
968623
968835
968890
969003
969296
969732
969908
970107
970139
970246
970315
970345
970542
970738
970807
970847
970992
971145
971700
971756
971980
972120
972190
972195
972344
972401
972444
972544
972623
972626
972842
972969
972996
973127
973215
973280
973343
973355
973436
973444
973455
973631
973655
973763
974020
974098
974128
974143
974202
974222
974271
974307
974412
974528
974559
974736
974851
974977
975014
975251
975265
975270
975283
975430
975484
975718
975769
976284
976329
976359
976412
976477
976567
976634
976668
976973
977077
977194
977263
977271
977318
977344
977447
977776
977922
977987
978001
978042
978197
978299
978355
978473
978482
978501
978573
978715
978731
978766
978776
978817
978865
978922
979030
979120
979416
979442
979443
979452
979660
979780
979798
979882
980072
980080
980178
980411
980447
980636
980708
980717
980730
980755
980870
981033
981137
981182
981200
981204
981227
981329
981471
981728
981794
981859
982011
982107
982309
982323
982604
982836
982851
982871
982964
983033
983113
983119
983151
983170
983216
983285
983290
983570
983730
983772
983826
984590
984646
984684
984988
985153
985295
985331
985423
985440
985489
985585
985641
985956
986049
986129
986184
986229
986586
986652
987001
987295
987504
987576
987659
987751
987843
988025
988114
988295
988318
988418
988609
988736
988764
988855
988865
988909
988977
988996
989101
989102
989217
989224
989263
989420
989523
989611
989657
989674
989681
989742
989887
989965
989984
990117
990677
990726
990896
991043
991089
991292
991662
992595
992688
992696
992794
992831
992948
992996
992998
993078
993148
993186
993330
993384
993579
993597
993708
993770
993865
994005
994184
994480
994504
994535
994544
994551
994553
994596
994749
994789
994932
995123
995290
995406
995526
995530
995610
995634
995660
995949
996013
996071
996106
996218
996246
996314
996368
996379
996507
996514
996571
996637
996674
996796
996869
996896
996936
996987
997103
997182
997234
997320
997470
997493
997535
997672
997824
997939
997971
997981
997983
998083
998139
998209
998312
998367
998425
998610
998616
998757
998777
998896
998932
999035
999210
999227
999316
999553
999860
999935
999955
999971
