100
10470
50753
61848
65074
87299
117955
125549
129580
158550
173319
173962
206072
210992
214147
243644
263151
277951
298770
314191
314470
316521
316712
320060
321454
324638
328629
330804
343886
353808
360777
363719
370044
371746
374831
377999
379431
383557
386221
406723
409822
413609
421470
428014
430211
433608
435881
453031
462946
467196
494472
510606
533553
534978
535791
542482
546248
565941
572562
581571
582705
607572
610070
616540
619987
622365
628585
670093
671886
674882
675922
676514
681415
687483
691478
710188
750995
751390
755812
767827
768546
776121
776191
787977
789224
826442
830263
839283
843438
849938
850160
857179
886814
919170
925898
944432
951518
972674
974373
975715
996479
