1000
0
1282
2858
3655
4059
6405
7361
9276
9628
11866
11868
12231
14060
14283
14510
15090
17302
17457
17642
19869
20254
25682
27204
27624
29463
34514
35357
36259
38414
38444
39474
40180
40652
42093
43052
43144
44571
44900
45220
45340
45725
46120
47516
49057
49222
51420
52016
52906
52963
53223
54582
55216
58300
58368
60956
61581
62765
63325
65187
66364
66575
67532
67829
68256
68928
69455
69770
70670
71134
71261
73791
74650
75576
81946
81953
82151
82945
82959
83160
84809
84951
85321
85707
86225
87906
88612
89468
89588
90427
91919
92657
94123
94657
94845
95315
96539
97940
97996
98450
98567
99247
100592
101330
101813
103612
104183
104598
104920
106603
108570
109434
112558
117938
118008
119328
119347
121124
122075
122105
123371
125155
127793
128874
131348
133909
134144
134851
135195
135984
136264
136366
136647
138380
140104
140528
140669
141200
142343
144647
146663
147447
148160
149236
150154
150223
151955
152185
152725
152918
155524
155706
156016
157876
157954
161625
162057
162239
162577
162878
163949
166187
167420
168392
169773
170340
170420
172156
174681
175561
176015
179861
179966
183159
183679
183811
185153
185267
187035
188217
189888
189985
191326
192614
193095
194503
194689
195022
195127
197258
198350
200101
201150
203365
204028
206058
207118
207460
208767
209973
210576
210873
211170
211298
215352
216298
216778
219850
220232
220284
220638
221157
221180
222083
222488
222904
222950
224444
225002
225170
225271
225616
225900
226360
227348
227423
228283
228494
228765
229420
231520
233096
234991
235366
236695
236730
238538
239637
239829
240330
241952
243328
243961
247186
247775
248176
254285
254930
255002
255336
256683
256757
256922
257339
259148
259507
261326
262079
263884
264467
264781
264787
264916
265353
266574
266613
267465
269638
269689
269751
270556
272718
272937
273622
275176
275424
277787
278846
280528
280583
283664
283802
284077
284548
284904
287675
287931
288286
288942
288954
289351
290795
293549
293623
294766
295329
295757
295793
297952
298313
298585
298948
299148
299945
300038
300650
302956
304087
306098
306360
308046
308128
308678
309003
313145
317486
317907
319477
319812
319964
320033
320113
320613
321928
322836
323751
325168
326697
326768
327809
328312
328797
328895
329627
332630
333442
333848
334328
335215
337154
340189
340811
341635
342527
345892
346319
347307
348454
349956
351176
351587
353523
354956
355528
356545
356588
356734
357686
358144
358881
358909
359626
360081
361793
366498
367104
368003
369310
369669
369783
369914
370842
370967
371221
372680
373259
375070
375694
376155
376188
376498
376552
376685
378015
378739
378886
379312
380111
380152
380490
382687
383929
384395
386260
386494
386855
387627
388226
388628
389415
390975
393168
394071
397904
398985
399289
399832
400960
401121
401257
401921
403516
403641
403753
404341
405494
406908
407607
407921
408306
408667
409173
410630
410897
411806
412057
412485
412699
416345
417646
419782
419825
420541
422784
424147
424898
425753
426122
427683
429869
430086
430128
431175
431638
436128
436348
437799
438031
439375
444981
446243
446418
447357
448113
449423
449604
450929
451486
451770
453192
453574
457217
461210
461642
461796
462051
462085
463588
464063
464452
464622
465360
465947
467030
467581
467987
468314
468683
470077
472328
472762
476480
478232
479438
481305
482781
482842
490013
490954
491109
491869
492120
493148
493549
496015
497421
498566
499987
501438
501687
502285
502847
504327
504904
505215
506364
506373
508228
508655
510891
511139
511387
511675
512086
512243
512385
513539
514434
515785
517364
519636
521509
524550
525353
525841
526926
527110
527776
528950
533073
535137
536070
538425
539488
540089
540845
540981
541972
542410
542820
544753
545592
546670
546933
549300
549977
551516
552614
552875
552969
553553
553803
554076
557790
558838
559659
561715
562555
563283
565187
567218
567833
568055
568996
569862
570981
571566
571635
575072
575928
577275
577767
577837
577963
579091
581826
581846
581885
583149
583999
584121
584416
586454
586974
587458
587495
589615
589713
590449
590770
590795
590969
592208
593804
594419
595903
596516
596870
597729
598134
600267
600481
602336
602600
602857
602892
604540
605862
608166
608806
608856
611078
611485
614736
615859
616252
616323
617261
617325
617651
618086
618677
620406
620505
621468
622474
622596
622767
623710
624003
625974
626133
626224
626478
626879
627579
628233
629103
629775
633178
635397
636643
637670
639541
640415
640591
641490
642010
643765
645581
647038
647526
647607
648804
649764
650018
650790
653666
653837
654317
655813
656512
658290
661399
661779
662043
664075
664198
664490
665990
667971
668156
669821
669874
672408
672777
677671
678728
679835
680201
681703
682133
682466
682702
684985
685002
685334
685429
686052
686897
687906
688318
689207
691063
692687
693694
693881
694236
695033
695224
695414
696157
696737
697236
701470
701953
702041
703904
705290
705633
707513
708782
711648
714384
714454
720433
720934
721012
725890
726698
727306
729037
729379
730710
731292
731528
731606
733832
733930
737180
737519
737622
737771
737991
741986
742254
743675
744288
745039
745528
745534
745566
746733
747102
747104
752034
755546
756171
757296
758235
758807
760361
761007
761812
763583
763903
764072
764128
764759
766595
768160
768221
768243
769090
770646
770843
772586
773304
773624
773767
773952
777208
777980
778460
779730
780048
782181
783958
784506
785211
787173
787633
788035
788328
790097
790232
790401
791205
792231
792682
793003
793185
793770
794747
797469
798712
799738
800594
801238
802879
803442
803525
804170
804935
804998
805955
807349
808639
808765
811208
811525
811998
813279
815338
815631
816236
818032
818121
818403
818501
818724
819466
821244
822181
822424
823237
824059
826806
827327
828486
828710
829131
829749
829963
830942
835529
836279
837582
839481
840136
841753
842654
845360
845420
846867
848283
849627
850706
851207
852490
853610
854659
854871
855122
856298
856399
857409
858135
860869
861016
861185
862144
863552
864353
866141
867184
868548
869701
870186
870820
870865
876167
877458
882606
885559
886332
887913
889959
892568
894496
894865
895657
897031
897858
898637
898773
900433
902882
903743
904195
904672
905401
906963
907842
908091
908930
910187
910463
910618
911273
912029
913660
915011
915177
916724
917328
918208
918785
921660
921672
921768
921877
922071
922308
923042
923368
923866
924138
925355
926573
928407
928432
928638
928831
929215
932068
932723
932902
933171
934484
934759
935748
940339
941041
942542
943939
946717
947900
951931
952105
952953
952988
955013
955787
956023
956045
957938
958276
958343
959057
959799
961893
962586
963273
963804
964736
965233
966127
966780
966960
969118
969328
969945
972657
973254
975075
975563
976747
977962
978132
978428
979070
979487
979623
980245
980958
980959
981036
981041
981620
981779
983591
984700
985425
985618
986393
986566
989069
991782
992739
993570
993613
993930
994241
994584
995107
995242
995953
996064
997058
997210
