1000
0
106
317
1003
1712
3847
4260
5982
7347
11877
13149
15408
15961
16341
16984
18249
19117
19753
20092
20411
22410
23744
23791
24054
24960
25825
28767
28834
35586
38907
39096
39113
40036
40196
42593
43282
43367
43816
44890
47945
49891
50563
52004
52817
52820
52876
55186
55208
55379
55926
58698
60555
61742
63122
63972
64452
65523
65685
65963
66506
69171
71003
74509
75710
77185
80087
82913
83728
84000
84226
84553
86754
87136
88320
88562
91144
91476
91489
92397
94266
94280
95167
97742
97996
98953
99067
100119
100438
102509
102965
104380
104585
106345
107918
108146
108358
108424
110599
111678
113080
113909
116388
120401
120554
121756
122023
122264
123541
123589
123985
125428
126400
126423
128226
128564
131468
131663
131699
132285
132792
133224
133990
136616
140882
142673
143430
144310
144607
144980
148358
151053
151494
152347
153662
153872
156747
157754
157829
159872
160461
161636
164249
165721
168730
169750
170971
173408
173780
174087
175468
175850
176352
176694
180461
180944
181182
181382
182567
182767
183014
186796
187061
188000
188438
189024
189069
192307
192493
194384
194651
196620
199132
199832
200295
203240
203471
206243
206821
207664
207799
208023
208674
209061
209844
210439
211707
211712
211949
214382
214672
219917
220406
220809
220914
221120
221572
222176
222755
224251
225731
226166
226688
226854
226865
227210
229664
229871
230266
231065
232258
233823
233998
234041
234094
234507
239077
239792
240904
241108
241506
241691
244999
245371
246215
246426
246578
248246
248947
253204
253551
253927
255063
257596
257679
258037
258099
258430
259107
260420
264587
265934
266167
266325
266453
266597
267602
267853
268951
269209
269359
269676
270250
271701
271960
273661
274100
274291
275317
276663
276922
279442
279973
280322
280350
281428
281649
282033
282434
282566
283163
284057
285038
285760
288661
289775
290660
290890
292974
293372
293442
294610
297258
298242
298925
299183
300817
302264
303733
303953
304651
304752
304862
306301
308483
309158
309305
310926
310948
311458
311842
311959
312005
313475
314704
314845
315062
315472
315918
316677
318171
318674
320140
320911
320939
321170
322459
325940
328859
330243
330756
330769
331933
331960
332391
334660
336841
340544
343406
343990
344000
344149
344304
344340
344460
346499
346838
347634
349912
350308
350875
351073
353227
353320
353545
354732
356721
360058
362505
362751
364144
364759
365965
366065
366955
369407
370730
371233
371765
372063
373103
373617
375130
375752
378722
378950
380808
381264
381381
381463
381514
381623
383271
384844
385453
385509
385698
386893
389387
390637
390719
390945
391125
392386
393611
393923
394962
395327
395625
396531
397279
397483
398841
399855
401101
401420
404733
404903
405315
407792
410078
410184
410466
410691
411900
413466
414716
415623
415799
416190
417140
417145
420626
420764
423547
423976
424628
426990
427375
427624
428078
429014
429239
429586
432701
434017
434491
434516
434822
435329
436865
437531
437583
437845
438070
438660
439077
440353
440829
441774
444165
444724
444739
445864
447512
448025
448641
449473
450716
451340
451410
453799
454078
454587
454838
455385
456580
458103
458797
458812
459156
461467
462550
465285
466469
466525
467104
467757
468473
468816
468977
471118
471505
472589
475543
475717
475890
477127
477994
478325
479192
479454
480901
480996
484329
485089
485225
487326
489020
489364
490942
491982
492700
493130
494008
494646
494876
495963
495965
496133
498096
498585
499793
499945
500047
500618
500896
501336
502938
503257
504124
504367
504387
506288
509019
509465
510688
512518
512597
514608
515313
516598
518263
519438
519526
519794
520066
521728
525382
526278
526638
527818
528313
528817
529957
530014
530614
530734
534364
537183
538175
538452
538543
539434
541754
542533
544751
544855
545191
547168
547599
549795
550171
551840
552751
553181
553836
554005
554174
554560
555269
555802
557167
557748
558281
559912
561226
562514
562967
563135
563367
566333
566659
566872
567790
568277
568593
571966
572310
573089
573430
573464
573514
573748
574395
576013
576332
578344
579771
583860
584443
585244
585486
586721
588045
589282
590366
591315
591995
594034
594613
594979
595354
600222
602643
603474
604901
604973
609803
613497
614113
614877
615650
617212
618193
618890
618892
619124
620352
620699
621213
622642
625407
626601
626808
627171
628702
628885
630335
630558
631000
631544
634726
635841
638777
642156
642198
645692
646018
646100
648704
649822
650997
652025
652835
653554
654213
655139
655426
657489
659515
660382
660752
661340
663692
664324
665531
665719
665736
665936
668350
668751
671364
671815
673139
673404
674101
676239
676812
677748
678263
678835
678917
679552
681959
682370
682569
682789
684908
687287
687864
688701
689201
689516
690090
690149
690608
691178
691235
691432
691775
693919
694175
694421
695457
695665
696101
696499
698950
699598
699689
699734
700570
701338
701697
703452
706527
707451
710400
712228
712404
713279
713459
713475
713730
713959
715646
717771
717859
720810
721447
723287
724680
725316
726173
726556
729565
731017
732976
733989
735282
735290
736201
736350
737023
737903
738854
739187
740702
741018
741729
745114
746714
748046
748242
749776
750052
750114
750122
750339
750959
751705
751772
752276
753813
754430
754708
754798
756625
757068
759450
760214
760816
761177
763338
763818
764414
766416
766746
769020
769443
769666
771051
772428
772646
772949
773430
774386
775764
776361
776985
777975
780032
780592
780825
781814
783685
783754
784341
784770
785085
787267
787644
787664
788215
788844
789072
790545
790570
791789
791944
792180
792716
794307
794993
795615
795953
795997
798557
798965
799956
800258
800762
802701
803819
805787
807596
808084
808437
809429
810637
810963
811134
811416
811624
812286
816887
817082
817745
818203
819112
820970
821017
821260
822169
822330
822631
823559
824269
824798
825304
825836
826776
827403
827581
828594
830224
834076
835900
836921
840821
841389
841393
844620
844872
846269
848022
848594
848838
848982
850240
851748
852470
858353
858596
859425
860725
861046
861553
863983
865857
865935
867053
868070
868323
868999
869841
870502
871023
871237
871245
872123
872982
875703
876910
877702
879155
879292
879585
880410
880895
882809
884641
886911
891896
892500
894488
894814
895465
895506
896571
896744
898074
901178
902499
902827
903239
904915
906561
907494
908744
909179
909232
909340
909613
911314
911392
911543
915236
915389
915708
918092
920769
921381
921430
926942
927666
929129
931496
931643
931886
933213
933614
934480
934705
935336
935479
935496
935711
936408
936517
941343
941345
941627
941679
942502
943242
943245
944418
944847
945052
946211
950200
953031
954756
955476
956341
956555
958758
958889
959059
959981
960750
961015
961183
961667
961693
963456
963776
964743
968814
968918
969026
969293
970431
970789
971151
971453
971768
972155
976225
977374
978061
978618
979010
980210
980396
982937
983020
983885
988090
988633
988678
988769
989209
991052
991186
991320
996263
998842
999082
