100
7191
9376
16957
23957
24449
37341
51156
58936
60991
69230
71696
75431
79000
103657
123045
123107
129538
172954
173708
193454
203158
208878
215021
233678
245926
248657
252272
258029
269657
274848
274969
281661
288533
294260
306586
321818
371023
379095
385273
389931
390444
398185
411176
417853
420778
426153
446318
446365
454140
457665
470266
472732
473402
479413
481497
488266
503265
508005
523802
531189
549992
571376
591821
595120
602212
607666
611849
612199
623268
624432
630777
645679
648971
655606
665518
700612
703590
756595
757954
776554
778307
784265
791234
793249
809508
811991
851246
866654
874078
883302
884396
885115
928446
930072
934840
936783
953383
984512
995485
995737
