1000
992
1917
2609
4437
8039
10156
11022
14605
14770
15586
16034
16407
17684
18101
18309
18952
19168
19958
20822
22134
22552
23304
23613
23977
24106
24183
24218
25571
26067
26886
28714
29996
31630
31752
32072
32611
32832
34385
34558
34626
35020
35357
37358
38322
38343
40062
40641
41599
42459
43420
44394
45705
46409
46943
47846
49752
50772
51299
53454
55672
56054
57336
58331
58964
59454
59724
60128
61319
61883
62687
62852
63621
64570
65611
70058
70106
70175
72844
73464
73658
73714
75866
76227
76976
78563
81745
82826
87224
87704
88731
90600
90638
90862
93202
93410
94354
96555
97700
98756
99632
100451
101537
102275
103620
104707
107181
107903
108304
108567
109309
109827
110244
112133
112944
115411
115736
116364
116494
116806
118295
118577
120070
120848
121420
122283
124013
124217
125454
125548
126432
127286
130432
132174
132609
132967
134003
135478
138265
139326
139584
139666
141075
141366
141801
142512
145076
145357
145678
148798
149445
149476
149791
150404
150515
151638
153813
154360
154972
155632
156296
156296
156563
157723
158060
158837
160244
160269
160847
161976
163419
163741
164928
165119
165505
166414
166542
167460
168258
168896
169046
170479
170593
170656
171914
172359
172450
174739
176037
176147
176322
176366
176519
178436
180688
181653
182730
182756
183049
184175
186709
187882
189872
192022
193574
194097
194610
195351
195488
196067
197740
198661
200367
201279
201466
204266
204556
204629
206124
206172
206287
207829
208276
210906
211302
213631
215081
217123
217267
219666
222013
225315
225845
227823
228189
228275
229053
229379
230623
230705
231781
234358
234559
235592
236456
237352
237476
237594
237983
238108
239095
239861
243011
244621
245806
245973
246317
248440
248599
248717
249259
251605
251620
251710
255304
256107
259465
260368
263617
263969
264410
264560
264850
265061
265287
265845
266411
267155
267965
268704
269511
271048
272969
273050
274065
274489
274558
275477
276889
277514
277688
277979
278305
278616
279104
279200
279628
281877
282417
283896
284067
286181
286687
287868
288338
289607
290971
293224
295366
297821
298782
300317
300790
302307
303281
303885
304998
305943
306471
306627
308994
309565
310199
310981
312121
312217
313214
315628
316854
317655
321011
321056
321971
323754
324092
324733
325363
325908
326187
327042
327171
327768
328905
329548
331603
332543
334147
335578
335637
337235
337848
338098
338286
339228
339587
341336
342567
342589
343764
344051
345751
346059
350703
350812
351714
352147
353371
354630
356673
359370
360271
361059
361535
362095
362253
363111
363800
364103
364643
367827
369327
369480
370469
371460
371866
372011
372922
372968
373709
373719
375991
380736
381529
381592
381762
382657
382670
383001
383237
383664
385310
386417
389137
390040
390066
390475
390568
390685
392427
392668
393988
394167
395823
396584
396852
398138
399124
399829
401201
402010
402946
405493
405843
406224
407237
407676
409728
410657
410933
411171
411183
412159
412371
412819
415504
415949
416428
418021
419671
420901
421961
422670
423020
423700
423964
424175
427853
430314
430422
431900
433208
434683
435053
437357
438782
438897
440187
441970
443546
446155
448021
451663
451902
451945
453126
453639
457163
458280
460682
461720
464443
466322
466949
467525
468008
472426
472708
472993
473475
474478
475300
476622
477028
477352
483204
483964
484543
484847
485691
486690
487334
488057
489920
490414
490461
490683
490895
491163
491206
491615
491731
492599
496171
499845
500971
502483
502538
503332
503453
505099
505144
505900
506523
507730
507869
509783
511296
512100
513509
515296
515355
516068
520006
520988
522096
522383
525101
525314
526693
526713
527158
528265
528364
529553
529745
531277
534256
536555
536949
537011
537198
537505
538235
540051
540792
542260
543680
543868
544690
547686
548353
548907
549530
549767
553662
555741
555747
556803
558775
559065
559228
559323
559604
560345
560593
561074
562123
563113
563317
565012
566312
566632
567996
568011
569508
570851
573236
573862
576262
576359
576570
576958
577238
577863
579403
579932
579976
580057
580503
580622
580833
581166
581719
582150
582901
583331
584633
587741
588852
590975
591229
591799
592677
592840
593275
594080
594494
594736
594948
595198
595221
595369
596505
596874
598053
598078
598517
603306
606348
608624
610209
612858
612900
614262
618309
618864
619915
623529
623703
624845
626489
627727
628645
628888
628918
630417
630660
631995
632305
632646
633790
638955
639838
640010
640911
641053
641852
641881
643561
649900
655540
656123
656625
656914
657281
657357
663300
663674
667090
667532
667898
668007
668423
668965
670040
670342
670928
672787
674263
675370
677877
678512
682063
682787
684789
685614
686105
686969
687671
687678
688234
689153
689432
689525
689658
691170
692314
692386
694971
695591
698886
699082
699711
700851
702500
703188
703565
705052
705851
705944
710077
711132
713732
713948
714021
714362
714867
715225
715362
715828
716517
718244
718768
719497
719655
721958
722039
722581
723620
723940
724283
724301
725466
726811
728731
729008
729591
729760
731173
731450
731482
731547
732568
734385
734771
735547
738523
740053
740076
740680
741033
741505
741518
742146
742418
742608
742936
743642
744414
746624
748542
749036
751533
751943
753197
754100
754264
757673
758535
758538
759419
759644
763249
765348
766645
767232
770520
776917
777389
777409
777461
778385
778800
779072
780833
781001
781762
782277
782811
783549
783761
785177
785490
788625
789237
790256
791644
795869
797248
797666
797730
797752
797792
797814
798427
798501
798784
798943
799020
799029
799191
799341
801023
801415
804273
804315
804667
808957
810064
810425
811008
811039
812073
812778
813453
813546
814909
815051
816277
816883
820366
821813
821851
822467
822582
824554
824642
824784
826035
827506
829079
830054
832381
836152
837026
837443
840262
841020
841305
841525
842571
843592
846142
847693
847829
847908
849763
850671
851114
853501
854011
854385
854863
857503
857897
858615
858708
859263
859474
859528
860150
861392
861576
862079
863663
864388
864455
864792
865364
867380
868353
868780
869313
870552
871033
872765
873096
873618
873640
874100
874514
875157
875245
876104
876523
878513
879972
880673
882062
882555
883683
885312
887313
887823
888131
888614
889243
889374
889689
890792
891505
891709
892906
893583
894111
894214
895271
896019
897387
898885
899554
899613
899821
901541
902169
903098
903277
904363
904673
907181
908731
909323
910397
910430
911177
911819
913242
913948
914292
915052
917237
917398
917491
918657
918893
919881
921167
922700
923750
924112
925594
926039
927373
927459
930014
930573
932722
933899
934929
934993
935364
935427
935540
937394
939577
940279
940385
940442
941511
941971
942718
943097
943140
944499
947566
948570
949778
951763
953719
955397
957344
958043
958144
961541
962010
965883
966423
966437
966585
967649
969086
969322
969750
969791
970933
972002
974257
974976
976331
977396
980481
982068
990994
991894
992751
993461
994754
996191
997211
998697
999654
