100
974005
966872
949129
947682
920865
917818
914208
886881
867779
853504
851776
847577
844270
841820
840105
838665
829880
829080
820763
815948
813928
808174
770661
768008
753271
729613
722669
713898
699447
687908
683113
660182
657625
647761
615439
607176
602560
597301
595874
591726
591278
588178
587016
576680
551444
551109
541203
538150
528704
514029
497046
478761
478370
471619
462397
448915
438909
437444
432534
429999
420109
416188
410314
379702
370471
355272
353926
350917
337060
335338
330020
317328
308002
301761
300849
285667
272471
262869
258056
254842
253724
233432
229764
210829
203608
200370
180034
162086
156664
153958
133648
120023
104816
85298
71403
45729
26307
23537
9836
2799
