10000
3
37
50
102
138
285
425
433
547
784
800
1016
1110
1126
1182
1191
1861
1874
2083
2088
2159
2178
2199
2201
2224
2258
2497
2679
2928
2933
3053
3139
3272
3383
3484
3511
3623
3696
3880
3991
4018
4042
4076
4163
4221
4309
4373
4449
4628
4737
4901
4958
4961
5096
5277
5386
5407
5494
5580
5610
5713
5917
5969
6013
6026
6035
6262
6313
6324
6371
6381
6549
6572
6626
6644
6747
6758
6781
6856
6866
6897
7084
7119
7137
7282
7383
7421
7437
7498
7642
7644
7682
7701
7995
8207
8290
8518
8683
8713
8714
8833
8956
9237
9318
9386
9388
9464
9465
9592
9750
9848
10017
10191
10199
10289
10384
10440
10479
10510
10793
10881
10898
10933
11270
11322
11496
11560
11627
11627
11695
11727
11966
12075
12117
12323
12521
12568
12687
12935
13283
13400
13496
13497
13511
13562
13614
13720
13722
13986
13997
14008
14015
14016
14148
14217
14302
14425
14459
14578
14661
14746
14897
15044
15124
15130
15208
15249
15546
15564
15628
15671
15836
15891
15939
15975
16117
16170
16214
16229
16266
16456
16526
16634
16728
16770
16782
16892
16962
16969
17016
17018
17159
17191
17211
17447
17521
17592
17628
17803
17823
17924
18001
18166
18233
18319
18334
18472
18686
18786
18804
19039
19166
19547
19749
19899
20076
20135
20209
20535
20579
20698
20718
20726
20789
20836
20935
20962
21066
21143
21223
21310
21375
21446
21539
21772
22052
22182
22268
22413
22555
22595
22719
22782
22811
22893
22978
23283
23364
23377
23427
23428
23461
23546
23744
23758
23822
23825
23955
24212
24260
24375
24566
24605
24666
24770
24785
24963
25017
25062
25311
25906
26409
26465
26626
26837
26853
26923
26994
27025
27121
27351
27351
27397
27505
27553
27937
27957
27973
27985
27989
28175
28238
28357
28377
28385
28424
28431
28595
28735
29006
29143
29174
29178
29259
29308
29328
29360
29434
29531
29600
29886
29899
30048
30152
30180
30201
30356
30425
30565
30612
30785
30821
30846
30941
30942
31028
31091
31228
31280
31325
31520
31742
31746
31845
31933
32315
32344
32554
32755
32921
33060
33099
33282
33481
33536
33574
33690
33785
33862
33931
34027
34032
34088
34110
34319
34373
34410
34448
34521
34562
34686
34799
34816
34972
34981
34995
35490
35822
35881
35999
36048
36114
36203
36291
36310
36311
36342
36414
36447
36506
36662
36707
36734
36907
36951
36955
37140
37163
37169
37216
37272
37297
37379
37401
37443
37512
37541
37605
37794
37908
38129
38205
38393
38529
38589
38739
38797
38994
39124
39155
39177
39185
39279
39340
39450
39465
39603
39606
39699
39710
39933
40171
40201
40247
40249
40319
40675
40677
41082
41169
41318
41390
41424
41545
41759
41940
42140
42245
42381
42425
42501
42719
42873
43001
43056
43087
43265
43318
43447
43466
43519
43524
43577
43587
43644
43697
43755
43771
43856
43872
43881
43931
44211
44263
44324
44541
44576
44635
44637
45011
45058
45154
45196
45386
45503
45529
45564
45566
45624
45648
45782
45785
45790
45901
45910
46135
46141
46248
46306
46488
46616
46623
46738
46955
47019
47094
47115
47124
47125
47211
47472
47480
47538
47664
47907
47925
47998
48048
48209
48255
48349
48556
48572
48612
48641
48676
48720
48791
48945
48946
48949
49073
49084
49098
49183
49192
49218
49238
49282
49318
49393
49418
49481
49502
49509
49526
49569
49695
49733
49772
49904
50252
50307
50312
50332
50368
50389
50417
50436
50497
50517
50649
50689
50736
50751
50768
50880
50965
51012
51064
51344
51431
51514
51650
51721
51885
51962
51988
52230
52261
52601
52642
52744
52809
52870
52895
52946
52999
53073
53144
53231
53404
53436
53453
53488
53522
53535
53943
53965
54098
54109
54164
54171
54200
54242
54272
54353
54366
54457
54511
54984
54994
55174
55183
55252
55494
55609
55689
55858
56081
56084
56154
56260
56416
56475
56709
56824
56852
56895
56983
57058
57070
57101
57235
57261
57311
57350
57551
57579
57600
57701
57868
57904
57989
58069
58077
58120
58248
58249
58284
58293
58310
58510
58549
58642
58688
58728
58729
58843
58874
58918
58993
59117
59128
59168
59281
59333
59449
59632
59774
59795
59802
59814
60134
60146
60360
60514
60524
60902
61043
61108
61130
61176
61294
61320
61515
61823
61848
62068
62123
62213
62216
62319
62418
62644
62658
62737
62805
62835
62873
62886
62912
62977
63010
63302
63395
63411
63525
63736
63813
63849
63900
64017
64180
64198
64355
64438
64523
64797
64892
64904
64904
65030
65076
65261
65261
65263
65268
65424
65477
65686
65744
65846
65936
66133
66187
66226
66289
66391
66545
66571
66684
66745
66858
67183
67280
67304
67378
67385
67492
67550
67550
67575
67642
67663
67723
67737
67770
68161
68235
68275
68295
68517
68624
68707
68732
68885
69043
69248
69493
69549
69603
69611
69811
69835
69875
69921
69927
69980
70067
70146
70234
70325
70415
70418
70449
70523
70568
70577
70653
70789
70915
70989
71094
71290
71397
71412
71421
71450
71470
71493
71504
71644
71701
71776
71841
71892
71947
72073
72139
72516
72527
72597
72688
72807
73044
73099
73262
73451
73471
73563
74080
74096
74176
74262
74314
74355
74553
74692
74708
74725
74874
74926
75041
75055
75113
75136
75238
75536
75541
75640
75719
75788
75824
75844
75967
76065
76254
76294
76326
76478
76583
76646
76656
76712
76724
76755
76791
76951
77144
77170
77217
77339
77381
77492
77495
77567
77642
77678
77862
78188
78339
78561
78570
78903
78907
79187
79275
79276
79509
79620
79805
79924
79962
79964
80017
80103
80184
80256
80263
80271
80499
80573
80578
80819
80825
80940
81190
81291
81790
81793
81809
81812
81813
81934
82072
82109
82271
82314
82369
82403
82523
82543
82549
82731
82796
82810
82951
82996
83114
83189
83211
83533
84034
84077
84097
84300
84435
84519
84522
84657
84884
85158
85262
85356
85427
85493
85503
85593
85599
85721
85755
86038
86273
86324
86424
86688
86707
86762
86956
87008
87249
87460
87625
87802
87929
87965
88010
88086
88124
88205
88217
88347
88364
88404
88417
88437
88708
88796
88843
88851
89105
89122
89299
89387
89413
89426
89518
89521
89651
89758
89810
89923
90082
90095
90158
90397
90411
90436
90441
90652
90655
90744
90879
91048
91126
91300
91317
91327
91401
91427
91477
91806
91814
91892
91972
92172
92253
92351
92620
92660
92831
92876
92959
92980
93047
93113
93173
93273
93290
93386
93411
93463
93619
93973
93985
94137
94168
94214
94435
94562
94569
94588
94714
94796
94809
94919
94937
94963
95030
95189
95376
95464
95496
95541
95603
95718
95781
95786
95883
95894
95951
96060
96131
96159
96185
96394
96526
96598
96734
96779
96921
96967
97252
97288
97375
97515
97619
97826
97838
98073
98315
98344
98500
98956
98964
99003
99082
99112
99170
99274
99401
99604
99641
99649
99759
99851
99864
99972
100046
100112
100181
100203
100347
100416
100522
100906
101051
101194
101231
101259
101330
101429
101486
101649
101701
101787
101799
101822
101834
101867
101952
102172
102754
102811
102922
102949
103035
103206
103274
103466
103507
103522
103658
103876
103967
104079
104321
104391
104416
104459
104516
104523
104661
104665
104698
104744
104921
104966
104970
105014
105050
105142
105173
105230
105415
105455
105709
105973
105992
106330
106364
106407
106447
106472
106482
106623
106964
107170
107237
107255
107403
107539
107601
107602
107611
107657
107816
107856
107948
108134
108292
108523
108618
108861
109028
109067
109250
109536
109748
109797
109810
109937
110057
110129
110296
110332
110398
110463
110620
110665
110699
110722
110943
111126
111162
111200
111292
111333
111449
111535
111538
111600
111709
111925
111974
112007
112056
112074
112083
112218
112236
112292
112295
112340
112374
112484
112685
112708
112891
113162
113247
113330
113420
113473
113490
113565
113653
113664
113702
113814
113844
113952
114052
114163
114244
114327
114351
114410
114527
114620
114635
114781
114920
115364
115449
115527
115644
115695
115718
115843
115871
115894
115929
116244
116264
116416
116445
116999
117196
117226
117310
117403
117454
117457
117465
117580
117707
117718
117776
117851
118000
118309
118448
118501
118545
118664
118840
118947
119069
119090
119559
119564
119573
119624
119635
119687
119872
119897
119965
120033
120044
120080
120318
120600
120692
120717
120789
120807
120825
120831
120854
120989
121006
121114
121156
121207
121312
121333
121345
121347
121352
121492
121495
121837
121889
121920
122039
122089
122118
122122
122180
122186
122203
122378
122435
122553
122655
122711
122718
122725
122729
122817
122830
122850
122888
123013
123120
123298
124009
124395
124400
124580
124664
124673
124818
124978
125034
125039
125122
125133
125221
125298
125352
125508
125620
125690
125716
125768
125874
125947
126052
126277
126376
126625
127021
127109
127109
127156
127244
127370
127378
127406
127552
127578
127786
128119
128270
128296
128348
128509
128558
128634
128642
128800
128962
128968
129228
129343
129432
129459
129581
129596
129602
129631
129775
129836
129895
129940
129969
129996
130033
130050
130070
130088
130098
130277
130757
130879
130915
130959
131051
131165
131173
131198
131327
131385
131617
131650
131674
131724
132019
132152
132213
132252
132287
132291
132329
132391
132419
132474
132483
132487
132552
132565
132573
132573
132601
132608
132886
133204
133284
133406
133419
133527
133587
133638
133705
133808
134074
134604
134735
134991
135000
135279
135283
135313
135325
135337
135428
135474
135531
135583
135764
135896
135920
136112
136120
136208
136212
136282
136484
136636
136675
136743
136769
136803
136902
136911
136948
137106
137123
137159
137201
137215
137246
137404
137417
137525
137546
137553
137701
137857
137865
137912
137952
138039
138116
138378
138389
138411
138431
138522
138624
138769
138918
139200
139252
139359
139539
139858
139883
139951
139991
140006
140019
140109
140363
140404
140443
140480
140789
140813
140878
140930
141101
141782
142104
142159
142185
142469
142576
142659
142760
142955
142959
143081
143094
143147
143160
143214
143284
143308
143365
143472
143484
143504
143538
143548
143577
143593
143653
143682
143740
143921
143965
143978
144810
144832
144904
144984
144997
145055
145189
145263
145409
145447
145519
145729
145787
145896
146037
146277
146349
146412
146500
146526
146773
146794
146813
146862
146937
146954
147065
147170
147255
147278
147485
147613
147651
147669
147681
147814
147916
148145
148360
148383
148656
148884
149111
149136
149343
149346
149438
149475
149607
149733
149822
149999
150089
150094
150141
150346
150439
150582
151114
151144
151239
151242
151325
151347
151457
151594
151928
152154
152216
152256
152378
152380
152670
153087
153467
153594
153636
153835
153852
153871
153898
154002
154044
154073
154131
154275
154338
154352
154428
154443
154528
154611
155194
155317
155415
155475
155476
155528
155658
155697
155736
155796
155803
155997
156029
156634
156723
156770
156803
156808
156840
156972
157219
157285
157385
157404
157428
157454
157489
157596
157605
157635
157675
157693
158004
158176
158206
158351
158380
158573
158635
158829
158974
159022
159032
159121
159205
159248
159293
159327
159447
159694
159879
160021
160058
160142
160183
160325
160399
160521
161090
161104
161108
161272
161276
161652
162037
162157
162157
162173
162221
162222
162410
162654
162967
163143
163279
163408
163495
163527
163808
163822
163823
163852
164135
164178
164278
164350
164374
164482
164484
164537
164605
164768
164847
165121
165139
165169
165287
165445
165897
165932
166006
166034
166226
166350
166408
166418
166497
166502
166691
166697
166722
166725
166741
166778
166982
166989
167268
167357
167419
167591
167597
167782
167892
167902
168021
168038
168058
168068
168181
168294
168310
168467
168551
168588
168633
168646
168684
168719
168734
168787
169003
169020
169020
169605
169632
169975
170015
170088
170122
170129
170327
170676
170816
170922
170993
171010
171117
171498
171572
171709
171989
172120
172232
172285
172288
172406
172520
172532
172755
172842
172934
173136
173159
173346
173638
173796
173970
174074
174185
174204
174371
174467
174471
174897
174910
174924
174954
175012
175230
175241
175396
175435
175517
175548
175987
175993
176008
176129
176419
176504
176545
176675
176843
176901
176955
176993
177167
177504
177556
177699
177797
177807
178058
178102
178138
178227
178241
178251
178345
178395
178456
178578
178646
178778
179025
179082
179254
179269
179531
179584
179614
179678
179721
179800
179824
179891
180015
180141
180174
180277
180287
180335
180385
180466
180494
180683
180764
180953
181249
181286
181310
181367
181376
181415
181418
181546
181593
181816
181845
181956
182007
182017
182294
182300
182317
182560
182582
182587
182588
182624
182668
182738
182793
182903
183016
183163
183275
183433
183449
183530
183548
183648
183715
183755
183908
184012
184057
184072
184158
184292
184333
184400
184581
184584
184593
184727
184730
184876
184989
185351
185365
185716
185730
185768
185821
186154
186354
186495
186523
186529
186913
186968
187098
187112
187121
187257
187280
187287
187341
187377
187381
187501
187612
187742
187787
187975
188250
188484
188584
188876
188902
189018
189112
189166
189277
189542
189542
189565
189649
190011
190150
190255
190417
190446
190494
190644
190707
190777
190839
190914
190990
191020
191127
191330
191453
191692
191723
191800
191815
191863
191905
191928
192101
192110
192178
192373
192499
192516
192681
192722
192746
192752
193033
193094
193108
193422
193679
193789
193844
193865
193962
194019
194074
194176
194198
194378
194409
194423
194519
194531
194637
194712
194772
194785
195143
195294
195353
195606
195943
196462
196513
196636
196684
196702
196803
196850
196874
197230
197349
197426
197505
197569
197589
197622
197993
198075
198221
198300
198325
198435
198536
198698
198738
198785
198814
198999
199087
199104
199127
199169
199230
199405
199413
199483
199503
199615
199626
199717
199790
199883
200033
200103
200268
200364
200510
200643
200858
201148
201250
201278
201357
201460
201472
201489
201678
202113
202196
202342
202355
202547
202677
202682
202739
202897
203144
203176
203178
203187
203255
203440
203464
203496
203681
203791
203843
203922
203977
203996
204085
204097
204185
204326
204340
204467
204470
204479
204591
204600
204615
205172
205260
205322
205461
205496
205547
205642
205649
205662
205677
205764
206116
206168
206184
206209
206337
206341
206362
206440
206618
206640
206858
206861
206932
207121
207268
207349
207378
207496
207498
207596
207597
207733
208005
208278
208378
208388
208503
208566
208604
208630
208633
208665
208680
208751
208768
208797
208933
209015
209366
209376
209394
209804
209880
210073
210093
210111
210179
210195
210248
210281
210282
210427
210604
210659
210724
210828
210972
211033
211041
211049
211236
211487
211681
211702
211741
211783
211918
212009
212037
212063
212268
212301
212325
212326
212327
212335
212361
212370
212481
212566
212795
213000
213077
213084
213127
213153
213157
213253
213358
213379
213388
213429
213435
213608
213635
213674
213700
213990
214001
214012
214046
214052
214244
214280
214369
214386
214754
214897
214989
215231
215353
215375
215718
215777
216075
216169
216212
216214
216229
216244
216595
216644
216874
216971
216990
217018
217120
217240
217346
217459
217532
217588
217647
217878
218060
218329
218466
218474
218562
218690
218832
218917
218958
219037
219106
219191
219433
219877
219917
220014
220226
220234
220261
220529
220550
220596
220600
220709
220787
220977
221250
221329
221406
221468
221552
221558
221590
221606
221653
221669
221686
221748
221775
221794
221895
221993
222298
222449
222732
222744
222806
223294
223316
223317
223349
223384
223519
223665
223838
224105
224350
224363
224672
224790
224912
225017
225104
225181
225227
225317
225342
225554
225681
225695
225710
225840
226155
226186
226224
226267
226340
226371
226516
226547
226570
226585
226631
226976
227009
227015
227032
227054
227097
227313
227347
227456
227534
227568
227573
227639
227738
227933
228153
228159
228380
228458
228487
228530
228545
228573
228591
228622
228674
228768
228780
229087
229156
229296
229904
230056
230064
230163
230434
230550
230587
230621
230685
230736
230816
230898
230899
230943
231176
231231
231287
231418
231563
231590
231614
231633
231645
231800
231812
232021
232292
232301
232468
232608
232615
232630
232824
232830
232840
232841
232966
233016
233061
233091
233100
233149
233214
233442
233522
233524
233594
233601
233609
233698
233959
234003
234086
234105
234146
234324
234342
234359
234376
234410
234651
234691
234939
234957
235007
235013
235117
235135
235194
235221
235237
235329
235491
235639
235855
236074
236250
236252
236276
236505
236596
236647
236677
236762
236781
236940
237125
237149
237172
237270
237325
237391
237431
237558
237581
237610
237625
237630
237638
237642
237849
238091
238094
238180
238214
238366
238397
238455
238527
238698
238746
239021
239075
239240
239249
239268
239289
239373
239399
239714
239932
239984
240078
240230
240259
240375
240454
240482
240578
240798
240961
241036
241184
241363
241610
241885
241958
241971
242030
242041
242103
242167
242195
242205
242237
242416
242492
242517
242686
242730
242743
242784
242801
242899
242994
243201
243226
243425
243470
243609
243611
243651
243668
243733
243832
243963
244101
244162
244214
244332
244568
244755
244928
244942
245015
245019
245044
245146
245232
245233
245385
245393
245486
245665
245769
245919
245932
246026
246083
246311
246346
246384
246553
246620
246621
246699
246701
246788
246887
246916
246986
247554
247555
247774
248050
248267
248358
248362
248424
248472
248711
248760
248768
249544
249562
249571
249670
249674
249759
249846
249910
249912
249934
249999
250031
250181
250699
250716
250768
250806
250947
251106
251281
251289
251362
251422
251455
251470
251501
251644
251680
251760
251768
251809
251848
251860
251874
252345
252420
252681
252765
252841
252851
252885
252912
253028
253046
253094
253168
253216
253417
253511
253517
253583
253637
253916
253984
254054
254343
254518
254681
254705
254742
254830
254910
255009
255152
255288
255402
255420
255439
255465
255500
255716
255842
255876
255936
255989
256016
256190
256225
256279
256310
256456
256633
256724
256877
256932
256935
257070
257180
257183
257239
257342
257375
257492
257783
257896
258074
258142
258237
258268
258299
258419
258555
258556
258906
259038
259106
259108
259294
259347
259435
259459
259544
259580
259696
259872
260071
260105
260247
260278
260435
260444
260911
261235
261322
261349
261352
261418
261441
261484
261757
261782
261784
261792
261813
261957
262043
262069
262071
262398
262480
262493
262544
262795
262821
262934
262946
263250
263274
263304
263328
263350
263393
263395
263478
263494
263557
263646
263761
263859
263877
264126
264193
264237
264355
264470
264565
264677
264695
264743
264769
265132
265155
265160
265191
265449
265479
265572
265812
265826
265998
266143
266309
266330
266360
266494
266597
266614
266764
266782
266827
266850
266921
266977
267002
267386
267505
267665
267665
267709
268209
268288
268379
268428
268878
268936
269106
269127
269129
269206
269264
269273
269319
269451
269615
269664
269704
269899
269927
269969
270072
270144
270507
270607
270712
270738
270880
270933
271225
271363
271376
271424
271529
271636
271717
271776
271790
271914
271987
272107
272287
272396
272439
272520
272529
272843
272852
272887
272901
272901
273257
273258
273475
273488
273577
273744
273785
273796
273948
273976
274110
274366
274478
274620
274633
274802
274803
275072
275075
275214
275319
275325
275355
275389
275407
275523
275525
275535
275636
275654
275753
275988
276174
276219
276256
276371
276437
276450
276462
276553
276790
276845
276853
276919
277051
277221
277252
277469
277768
277805
277827
277920
277928
278207
278339
278372
278471
278636
278711
278749
278861
278906
279000
279066
279083
279111
279313
279520
279596
279879
279956
279981
280023
280045
280076
280079
280163
280667
280943
280966
281028
281079
281216
281263
281423
281496
281615
281621
281632
281646
281669
281705
281820
281874
281913
282005
282038
282082
282227
282246
282249
282278
282460
282692
282906
283083
283251
283345
283460
283638
283765
283805
283838
283842
283846
284297
284369
284482
284542
284588
284605
284777
284945
285092
285141
285539
285629
285769
285780
285833
285896
285953
285991
286065
286083
286092
286253
286300
286341
286350
286560
286634
286734
286909
286926
286974
287426
287493
287538
287654
288042
288159
288233
288330
288395
288574
288619
288624
288678
288741
288881
288956
288995
289015
289119
289154
289260
289334
289439
289564
289600
289657
289689
289777
289829
289909
290024
290027
290102
290216
290348
290562
290571
290748
290840
290871
290913
290985
291116
291207
291447
291848
292023
292099
292128
292231
292248
292273
292645
292656
292811
292891
292972
292997
293015
293016
293052
293098
293198
293239
293328
293428
293455
293483
293550
293604
293657
293725
293880
293904
294011
294011
294177
294246
294256
294327
294527
294738
294778
294962
294981
294993
295024
295197
295255
295890
295925
295934
296047
296062
296123
296145
296166
296319
296320
296372
296529
296647
296884
296958
297097
297127
297149
297278
297335
297390
297537
297630
297814
297860
297996
298024
298031
298061
298180
298243
298262
298274
298388
298465
298547
298737
298888
298889
299018
299052
299213
299302
299387
299531
299580
299659
299687
299735
299764
299797
299953
300004
300023
300320
300650
300692
300967
301151
301347
301534
301794
301856
301857
301920
301982
302020
302210
302561
302692
302725
302788
302814
302887
303281
303381
303445
303591
303594
303658
303669
303736
303748
303837
303853
304093
304161
304198
304360
304606
304621
304712
304767
304824
304901
304962
305041
305124
305159
305216
305405
305407
305431
305864
305865
306119
306158
306218
306314
306420
306467
306832
306902
307132
307177
307216
307420
307734
307879
307928
307997
308047
308053
308064
308130
308218
308245
308283
308448
308455
308590
308630
308669
308753
308842
308863
308913
309092
309148
309184
309207
309558
309625
309764
309775
309779
309843
309861
310001
310129
310339
310352
310391
310468
310578
310600
310658
310666
310704
310737
310742
310800
310812
310816
310825
310835
310904
310966
311039
311205
311244
311286
311292
311316
311446
311771
311805
312167
312224
312254
312423
312620
312674
312735
312760
312800
312872
312943
313034
313118
313237
313271
313373
313569
313696
313722
314031
314237
314238
314303
314359
314373
314376
314589
314635
314895
314943
315029
315191
315350
315409
315412
315900
316016
316182
316227
316360
316420
316421
316467
316631
316803
316860
317046
317311
317618
317730
317766
317854
317871
317879
317921
317944
318007
318232
318426
318461
318496
318498
318594
319010
319018
319023
319079
319442
319445
319484
319567
319616
319638
319785
320118
320133
320137
320378
320392
320423
320497
320515
320535
320602
320619
320656
320963
321037
321057
321059
321162
321237
321397
321445
321531
321602
321810
321921
321943
322096
322157
322178
322181
322239
322557
322935
322937
323000
323026
323164
323231
323391
323402
323424
323452
323496
323521
323642
323732
323811
323878
324291
324315
324394
324446
324653
324734
324742
324893
324904
325212
325224
325324
325414
325578
325607
325619
325644
325644
325651
325665
325681
325698
325703
325709
325800
325878
326078
326171
326181
326327
326403
326506
326985
327380
327457
327551
327551
327593
327632
327697
327776
327927
328063
328191
328310
328311
328616
328747
328790
328933
328990
329026
329095
329105
329219
329482
329534
329779
329883
329966
329999
330148
330217
330302
330333
330339
330380
330386
330527
330639
330810
330923
331020
331051
331162
331223
331401
331609
331672
331784
331841
332009
332128
332188
332225
332495
332673
332676
332678
332990
333014
333121
333189
333223
333389
333612
333692
333761
333869
333925
334140
334228
334255
334463
334568
334726
334813
334856
334896
335044
335081
335143
335166
335198
335350
335409
335453
335458
335740
335915
335990
336165
336206
336381
336467
336504
336508
336562
336610
336662
336931
337241
337429
337965
338026
338039
338359
338496
338523
338569
338699
338816
338933
338982
339159
339399
339403
339492
339651
339777
339827
340005
340063
340381
340470
340820
340908
340986
341075
341182
341482
341638
341640
341649
341664
341674
341913
341941
341942
341989
342198
342287
342326
342393
342401
342467
342825
343038
343155
343275
343614
343640
343658
343721
343755
343798
343799
344010
344104
344109
344189
344271
344285
344544
344648
344724
344762
344766
344798
344833
344894
345036
345122
345145
345427
345508
345672
345870
345875
346329
346570
346714
347221
347360
347407
347477
347495
347776
347814
347997
348029
348149
348212
348240
348377
348434
348614
348791
348813
348886
349146
349325
349438
349542
349659
349708
349793
349850
350362
350382
350464
350477
350549
350562
350579
350649
350680
350696
351090
351156
351480
351490
351576
351656
351864
351986
352317
352551
352656
352842
352861
352972
353102
353123
353153
353297
353302
353356
353451
353595
353636
353800
353828
353855
353958
354644
354702
354735
354789
354792
354859
355208
355316
355421
355475
355538
355602
356006
356115
356194
356335
356340
356366
356431
356443
356460
356627
356917
357047
357051
357139
357145
357196
357255
357452
357577
357972
358416
358433
358466
358601
358635
358722
358803
359095
359253
359342
359408
359417
359420
359729
359798
359936
360116
360122
360351
360401
360424
360483
360520
360562
360655
360780
361019
361075
361222
361258
361550
361692
361751
361830
362047
362050
362091
362196
362272
362413
362418
362519
362539
362561
362583
362587
362609
362725
362835
362977
362984
363109
363166
363195
363202
363501
363677
363687
363695
363707
363757
363897
363975
364043
364151
364274
364329
364688
364859
364928
364935
364963
364973
365015
365027
365055
365157
365217
365269
365276
365323
365682
365796
365836
365893
365919
366148
366218
366303
366484
366543
366777
366948
366982
366999
367044
367108
367163
367259
367331
367554
367568
367582
367634
367765
367855
367887
367977
367978
367985
368032
368189
368289
368335
368366
368449
368700
368779
368857
368882
368907
369269
369297
369351
369492
369608
369618
369747
370003
370083
370084
370116
370335
370436
370543
370752
371061
371182
371228
371267
371341
371360
371450
371477
371790
371820
371852
371873
371894
371905
371940
372155
372214
372396
372468
372579
372599
372740
372769
372774
372879
373307
373311
373332
373721
373824
373843
374027
374136
374154
374246
374402
374416
374515
374732
374732
375007
375043
375124
375222
375510
375665
375801
375897
375978
376047
376080
376237
376274
376351
376393
376550
376685
376698
376727
376733
376772
376844
376974
377090
377151
377786
377882
377888
378307
378339
378447
378692
378726
378811
378867
379040
379190
379331
379424
379817
380091
380204
380248
380272
380303
380387
380507
380623
380773
380808
380815
380843
380875
380998
381002
381156
381215
381310
381376
381384
381465
381625
381693
381865
382078
382164
382170
382185
382201
382297
382477
382494
382495
383113
383546
383573
383615
383646
383686
383731
383751
383841
384138
384158
384546
384704
384749
384822
384839
384843
384848
384870
384896
385067
385130
385132
385184
385209
385247
385319
385390
385405
385528
385726
385767
385804
385908
385914
385974
385980
386159
386180
386250
386350
386561
386780
386820
386824
387023
387085
387193
387297
387503
387519
387669
387807
387970
387980
387990
388437
388522
388527
388805
388812
389103
389135
389219
389285
389344
389740
389766
389780
389975
390088
390148
390273
390337
390436
390501
390741
390832
390870
390874
390876
391123
391222
391440
391472
391490
391632
391698
391701
391892
391896
392241
392593
392735
392764
393055
393093
393248
393446
393506
393584
394097
394108
394159
394252
394346
394356
394366
394484
394576
394813
394844
394924
394925
394965
394984
395006
395020
395125
395125
395186
395298
395654
395673
395788
395832
395883
395945
396040
396139
396288
396361
396739
397030
397122
397185
397309
397374
397418
397534
397534
397758
397832
397930
397931
398016
398191
398357
398474
398505
398666
398696
398787
398827
398872
398956
399129
399209
399343
399441
399444
399571
399690
399884
399888
399972
400064
400164
400392
400430
400627
400703
401053
401054
401061
401179
401181
401187
401328
401389
401481
401590
401720
401842
401898
402112
402211
402486
402584
402623
402714
402767
402778
403096
403102
403290
403333
403388
403496
403544
403631
403762
403833
403883
403938
403945
403989
403995
404212
404251
404304
404456
404466
404787
404873
404900
404979
405283
405445
405455
405672
405708
405734
405915
405921
406238
406479
406584
406663
406710
406779
406867
406994
407082
407106
407115
407216
407259
407283
407372
407452
407808
408154
408258
408294
408296
408392
408656
408673
408705
408749
408875
408904
409065
409327
409633
409870
410000
410100
410115
410131
410235
410439
410747
410751
410751
410892
411177
411392
411508
411530
411569
411690
411860
411895
411959
411973
411983
412103
412136
412316
412317
412407
412634
412727
412770
412886
412992
413118
413131
413331
413348
413580
413796
413885
413895
413902
413984
414203
414366
414369
414525
414617
414644
414737
414997
415612
415631
415663
415680
415841
415956
416135
416210
416308
416380
416406
416554
416790
416812
416853
417024
417119
417166
417350
417388
417655
417761
417856
417930
418177
418180
418192
418386
418397
418527
418716
418806
418808
419039
419109
419136
419151
419172
419206
419269
419280
419483
419663
419686
419896
419969
420125
420190
420249
420521
420622
420709
420760
420800
420801
420862
420890
420894
420908
421048
421089
421392
421572
421725
421757
421875
421883
421927
421979
422012
422223
422307
422388
422409
422649
422669
422977
422978
422984
423609
423801
423852
423880
423882
424007
424063
424202
424251
424401
424427
424610
424647
424683
424699
424751
424756
424783
424921
425095
425106
425212
425434
425523
425677
425838
425849
425868
425913
426229
426245
426424
426449
426543
426562
426644
426685
426728
426753
426762
426935
426956
426981
427219
427283
427434
427540
427659
427723
427835
427873
427936
427949
428096
428122
428126
428352
428457
428525
428550
428886
429079
429148
429246
429271
429514
429734
430006
430010
430168
430195
430237
430309
430324
430360
430400
430428
430487
430751
430856
430885
430934
431006
431228
431336
431589
431699
431702
431830
432034
432119
432312
432336
432342
432588
432707
433269
433300
433305
433321
433360
433397
433475
433603
433753
433761
433770
433816
434026
434047
434070
434175
434178
434705
434723
434728
434732
434828
434868
434889
434978
435140
435172
435237
435265
435276
435485
435574
435643
435682
435972
436046
436364
436471
436514
436801
437179
437236
437371
437646
437672
437682
437693
437790
438025
438035
438046
438121
438145
438205
438448
438458
438458
438482
438493
439031
439177
439246
439255
439257
439337
439367
439483
439511
439723
439921
439956
440111
440178
440203
440467
440693
440825
440908
440915
441033
441073
441257
441358
441371
441416
441418
441692
441738
441921
442021
442113
442248
442527
442567
442603
442740
442868
442870
442898
442960
442964
443001
443115
443189
443646
443787
443830
443909
443980
444013
444073
444098
444217
444310
444325
444344
444407
444422
444428
444600
444722
445068
445081
445086
445144
445156
445170
445280
445762
445890
446074
446262
446269
446334
446378
446437
446450
446517
446542
446647
446693
446778
446833
446922
447008
447082
447120
447304
447395
447604
447685
447806
447914
448349
448427
448571
448711
448958
449057
449186
449260
449333
449377
449507
449509
449637
449660
449663
449678
449791
449791
449924
449955
449965
450009
450024
450161
450199
450229
450282
450311
450486
450670
450692
450716
450976
450996
451239
451442
451752
452419
452602
452617
452652
452715
452826
453050
453138
453345
453383
453604
453862
453894
453965
454078
454117
454136
454142
454238
454305
454307
454417
454475
454671
454721
454752
454837
454869
454903
455292
456033
456082
456211
456239
456291
456292
456354
456365
456555
456651
456818
457014
457210
457250
457291
457299
457669
457708
457752
457807
457841
457912
458031
458064
458122
458171
458404
458420
458624
458748
458816
458856
458936
459197
459323
459798
459899
459908
460087
460450
460653
460655
460692
460754
461375
461598
461615
461656
461695
461698
461755
461887
462016
462079
462150
462216
462283
462360
462419
462476
462543
462630
462656
462823
462937
463038
463067
463140
463206
463359
463363
463407
463414
463565
463628
463784
463803
463879
463913
463976
464378
464383
464384
464532
464712
464859
464902
465058
465154
465168
465205
465333
465456
465601
465869
466029
466210
466250
466432
466656
466756
466871
466876
466904
466907
467092
467113
467149
467162
467202
467273
467767
467841
467924
468026
468152
468269
468280
468445
468450
468603
468925
468930
469028
469288
469310
469318
469371
469432
469477
469630
469702
469704
469863
470141
470172
470206
470539
470588
470676
470769
470792
470964
471076
471256
471308
471571
471627
471693
471837
471893
471991
472236
472241
472241
472288
472300
472497
472517
472554
472564
472630
472650
472848
473038
473162
473274
473292
473497
473662
473680
473740
473746
473822
473868
473964
474113
474229
474235
474287
474329
474383
474444
474468
474595
474612
474628
474630
474750
474808
474831
474875
475041
475089
475303
475466
475501
475604
475661
475757
475798
475823
475866
475974
476051
476136
476285
476294
476314
476383
476593
476629
476645
476709
476913
476933
476986
477048
477326
477422
477458
477640
477766
477964
477968
478035
478138
478173
478179
478238
478322
478652
478683
478708
478724
478744
478811
478827
479051
479167
479524
479590
479689
479884
480070
480078
480186
480209
480257
480466
480640
480672
480797
480817
480834
480879
480897
481218
481257
481325
481414
481507
481705
481759
481969
482106
482152
482488
482494
482570
482589
482592
482621
482652
482725
482758
482921
482981
483019
483029
483043
483080
483197
483711
483734
483748
483755
483756
483903
484075
484104
484182
484272
484347
484436
484479
484536
484554
484632
484727
484782
484959
485083
485095
485118
485196
485283
485310
485381
485437
485575
485602
485761
485816
485833
485906
485915
486255
486285
486318
486385
486423
486423
486476
486510
486520
486624
486678
486878
486884
486892
486902
486950
487302
487527
487535
487619
487706
487751
487794
487912
487942
488028
488053
488106
488163
488260
488585
488740
488854
489033
489260
489267
489660
489694
489779
489823
489855
489897
490047
490107
490257
490412
490724
490816
490927
491075
491170
491244
491285
491337
491470
491986
492060
492153
492370
492541
492551
492636
492792
492858
493104
493250
493295
493297
493558
493730
493865
493886
494237
494247
494325
494553
494642
494807
494859
494986
494998
495041
495167
495252
495270
495302
495336
495338
495676
495826
495865
495881
495909
495940
495996
496170
496199
496247
496573
496941
496979
496990
497379
497422
497436
497493
497734
497968
498110
498171
498262
498406
498460
498561
498709
498809
499002
499021
499055
499080
499197
499403
499491
499515
499770
499863
499954
500156
500235
500346
500592
500620
500669
500696
500788
501056
501212
501260
501530
501665
501752
501915
501932
502340
502546
502637
502751
502823
502931
503067
503069
503290
503310
503362
503389
503469
503507
503534
503540
503725
503743
504061
504172
504196
504264
504416
504583
505059
505059
505124
505139
505325
505352
505375
505551
505602
505695
505736
505761
505792
505854
505868
506015
506048
506506
506713
506733
506928
507065
507153
507154
507249
507364
507529
507674
508060
508305
508327
508343
508571
508599
508755
508764
508826
508831
508944
509013
509062
509118
509164
509421
509435
509558
509629
509680
509691
509798
509838
509893
509936
510024
510309
510500
510869
510950
511227
511409
511480
511540
511782
511866
511904
511930
511978
511980
512050
512162
512211
512245
512264
512338
512384
512458
512492
512494
512918
512988
512997
513055
513213
513250
513265
513772
513848
514098
514171
514265
514553
514619
514653
514655
514676
514957
515016
515114
515138
515141
515268
515345
515348
515459
515480
515516
515594
515957
516053
516192
516225
516237
516314
516324
516451
516474
516733
516772
516889
516943
517014
517152
517383
517478
517551
517647
517661
517671
517898
518413
518503
518615
518794
519091
519183
519317
519340
519732
519821
519841
519966
520060
520106
520139
520852
520901
520909
520929
520954
520967
521030
521102
521366
521493
521605
521779
521859
521869
522062
522211
522219
522280
522363
522391
522535
522713
522847
522887
522888
522959
523362
523383
523490
523559
523618
523710
523728
523800
523804
524194
524880
524923
525005
525208
525219
525275
525330
525342
525416
525627
525660
525714
525752
525804
525888
525891
526022
526054
526092
526100
526419
526481
526539
526565
526722
526788
526793
526808
526825
526985
527006
527056
527105
527105
527155
527238
527344
527357
527414
527507
527828
527869
527906
527947
528014
528048
528157
528428
528444
528526
528542
528578
528709
528878
529163
529214
529461
529546
529752
529854
530040
530102
530200
530448
530642
530674
530790
530906
530924
531075
531406
531772
531774
531945
532496
532677
532699
532710
532735
532918
532981
533013
533018
533046
533076
533215
533290
533378
533390
533486
533493
533548
533585
533642
533719
533958
533965
534008
534119
534318
534349
534372
534383
534513
534667
534861
534977
535029
535174
535180
535438
535621
535733
535833
536029
536075
536076
536078
536109
536325
536329
536348
536403
536432
536536
536600
536623
536819
536952
537175
537199
537445
537447
537485
537651
537662
538083
538123
538184
538190
538194
538208
538273
538307
538335
538488
538595
538619
538632
538693
538800
538823
538823
538934
538976
539019
539049
539139
539209
539252
539275
539418
539586
539684
539783
539946
539982
540289
540398
540412
540436
540445
540457
540474
540488
540496
540626
540651
540675
540693
540834
540883
541000
541158
541311
541338
541465
541532
541555
541563
541833
541845
541851
541879
541990
542103
542137
542233
542423
542580
542595
542610
542709
542722
542828
542977
543564
543586
543625
543631
543780
543838
543965
544079
544168
544313
544448
544488
544534
544907
545097
545124
545193
545318
545712
545842
545879
546050
546109
546385
546443
546524
546574
546593
546985
547147
547169
547507
547575
548088
548096
548135
548207
548400
548471
548615
548684
548824
548868
548933
549271
549321
549357
549577
550263
550437
550473
550653
550763
550786
550790
550813
550966
550981
551091
551151
551670
551892
552192
552314
552495
552649
552846
552913
552997
553028
553030
553153
553158
553213
553267
553451
553485
553947
554149
554202
554221
554240
554252
554680
554687
555016
555053
555316
555530
555585
555616
555691
555801
555817
555939
556183
556244
556265
556386
556464
556655
556705
556755
557128
557265
557582
557654
557660
557663
557773
557814
558028
558100
558980
559288
559314
559466
559573
559843
560000
560200
560249
560268
560499
560542
560635
560691
560952
560979
560981
561033
561132
561194
561318
561332
561781
561813
562017
562117
562150
562201
562205
562381
562650
562870
563169
563317
563484
563543
563646
563715
563790
563863
563891
563906
563971
563986
564091
564291
564305
564475
564526
564911
564964
565135
565251
565344
565382
565403
565944
565980
566043
566058
566146
566266
566369
566442
566444
566460
566493
566534
566595
566730
566731
566892
566904
567328
567423
567444
567489
567610
568069
568129
568241
568244
568325
568362
568363
568383
568488
568542
568835
568854
568854
568882
569133
569270
569289
569460
569488
569530
569696
569711
569823
569889
569898
569921
569976
570048
570058
570155
570204
570221
570243
570367
570421
570504
570538
570784
571029
571043
571068
571191
571363
571431
571621
571721
571731
571795
571888
571915
571966
572016
572149
572457
572490
572628
572792
572928
572985
572997
573018
573088
573111
573279
573309
573333
573396
573497
573527
573562
573770
573803
573896
574082
574185
574413
574471
574656
574656
574718
574782
574948
575033
575114
575128
575245
575301
575311
575458
575483
575692
575723
575774
575874
575874
575898
576002
576111
576298
576366
576369
576374
576506
576636
576727
576756
576842
576860
577015
577172
577177
577454
577488
577503
577556
577558
577632
577732
577766
577770
577816
577832
578067
578141
578312
578323
578531
578688
578696
578712
578971
579048
579397
579438
579462
579463
579516
579523
579538
579832
580006
580331
580411
580464
580506
580729
580782
580812
580828
580918
580933
580972
581236
581262
581379
581619
581671
581772
581813
581870
582192
582348
582655
582676
582764
582795
583441
583481
583535
583618
583634
583905
584102
584108
584141
584143
584149
584197
584311
584443
584555
584688
584690
584748
584843
584863
584864
584883
585089
585208
585267
585333
585356
585399
585872
586146
586536
586610
586633
586869
586947
587078
587153
587179
587309
587658
587802
587884
587903
587980
588091
588185
588220
588384
588430
588712
588859
589182
589269
589323
589649
589651
589663
589729
590075
590100
590109
590356
590381
590434
590448
590799
590882
590903
590939
591134
591162
591239
591256
591330
591642
591693
591748
591802
591877
592009
592023
592037
592122
592330
592630
592859
592947
592986
593117
593188
593257
593283
593284
593328
593422
593449
593564
593778
593804
594312
594417
594594
594779
594924
594955
595132
595261
595355
595369
595416
595521
595551
595676
595731
595732
595735
595951
596052
596220
596396
596602
596625
596737
596817
596832
596905
596935
596950
596998
597022
597055
597108
597149
597149
597240
597243
597319
597433
597521
597573
597573
598211
598821
598839
598868
599077
599078
599106
599130
599160
599202
599234
599256
599330
599592
599798
599902
600069
600099
600129
600245
600262
600283
600302
600323
600658
600740
600775
600819
600974
601054
601179
601420
601515
601524
601558
601588
601624
601632
601707
601828
601882
602204
602248
602377
602416
602593
602602
602677
603147
603154
603263
603299
603398
603934
604034
604330
604351
604475
604615
604724
604793
604944
605217
605231
605248
605439
605442
605452
605732
605832
605896
606040
606164
606247
606250
606314
606484
606542
606565
606677
606758
606814
606832
606891
606909
606943
607051
607102
607164
607309
607410
607463
607472
607480
607744
607762
608005
608134
608188
608388
608492
608651
608665
608816
608872
609037
609165
609168
609317
609467
609478
609556
609567
609832
610299
610359
610414
610424
610590
610687
611241
611320
611411
611426
611436
611703
611704
611894
612173
612700
612741
612771
612787
612955
612969
613048
613185
613191
613254
613391
613431
613444
613679
613757
613972
614043
614178
614415
614555
614594
614767
614839
614900
614941
615083
615339
615351
615365
615537
615759
615771
615804
615895
615993
616100
616167
616177
616261
616358
616381
616504
616643
616854
616886
616948
617099
617211
617261
617525
617553
617740
617749
617762
617762
617850
617859
617870
617962
617993
618026
618109
618282
618423
618427
618582
618915
618940
619080
619096
619131
619148
619195
619303
619340
619348
619367
619505
619617
619707
619877
619925
620075
620086
620263
620271
620628
620687
620764
620841
620886
620960
621135
621259
621562
621754
621800
621831
621877
622083
622352
622588
622588
622624
622642
622740
622781
622834
622851
622857
622988
623151
623185
623226
623255
623255
623339
623355
623511
623562
623629
623630
623731
623804
623943
624373
624459
624463
624482
624522
624718
624754
624871
624895
625353
625360
625426
625611
625692
625987
626019
626228
626266
626267
626300
626328
626346
626443
626481
626830
627271
627516
627634
627787
627935
628076
628139
628340
628379
628404
628673
628909
629165
629210
629231
629456
629826
629890
630337
630366
630409
630456
630457
630556
630635
630707
630886
631004
631240
631316
631318
631635
631697
631805
631845
631891
631904
631963
632051
632166
632176
632385
632581
632594
632638
632723
632742
632777
632965
633020
633085
633085
633503
633516
633549
633697
633808
633826
634016
634084
634334
634362
634531
634551
634629
634706
635037
635114
635352
635465
635638
635732
635795
635933
636090
636114
636130
636186
636303
636406
636408
636731
636749
636772
636945
637201
637279
637288
637558
637575
637703
637917
637944
637957
638088
638113
638189
638194
638279
638378
638436
638451
639020
639067
639161
639173
639224
639417
639460
639461
639511
639750
639782
639850
639874
639952
640008
640149
640182
640184
640363
640710
640969
641044
641056
641108
641139
641296
641316
641456
641639
641699
641765
641799
641808
641905
641918
641989
642086
642183
642188
642318
642801
643152
643489
643583
643681
643704
643705
643710
644147
644291
644400
644413
644513
644564
644608
644630
644774
644789
644954
645141
645352
645362
645448
645463
645547
645713
645753
645902
646025
646038
646075
646084
646171
646215
646286
646313
646338
646371
646541
646569
646590
646779
646878
646981
647086
647290
647396
647418
647459
647588
647663
647965
648010
648042
648182
648385
648389
648532
648746
649114
649234
649242
649327
649356
649457
649528
649619
649866
649877
649924
650061
650143
650216
650223
650326
650637
650639
650725
650789
650796
650831
650859
650889
650918
651015
651040
651182
651261
651289
651418
651484
651802
651896
651926
652025
652267
652438
652649
652748
652791
652894
652970
653430
653610
653642
653708
653810
653814
653839
653878
654049
654343
654455
654550
654592
654678
654728
654736
654770
654950
655026
655136
655160
655225
655368
655553
655570
655592
655603
655634
655711
655853
655957
656067
656168
656194
656237
656340
656388
656747
657025
657062
657120
657342
657365
657485
657577
657839
657875
657924
657963
658008
658193
658458
658494
658575
658590
658638
658650
658676
658737
658738
658807
658929
658964
658972
659038
659133
659140
659210
659238
659280
659338
659539
659858
659972
660026
660208
660394
660493
660590
660603
660717
660801
660802
660824
660842
661084
661102
661167
661481
661495
661497
661532
661584
661624
661688
661839
661907
662057
662158
662187
662217
662520
662702
663032
663035
663104
663376
663404
663835
663838
663856
663947
664079
664085
664091
664255
664464
664567
664573
664729
664765
664827
664963
664981
665094
665214
665223
665295
665308
665438
665519
665580
665766
665816
665827
665843
665882
665915
665927
666032
666096
666107
666134
666296
666394
666556
666702
666814
666831
666875
666900
667079
667081
667095
667295
667299
667311
667389
667391
667537
667621
667740
667747
667854
668041
668049
668126
668135
668268
668374
668470
668477
668495
668625
668642
668848
668881
668895
668936
669149
669294
669395
669443
669565
669608
669710
669923
670135
670186
670223
670408
670456
670584
670655
670657
670756
670808
670835
670836
670837
670842
671007
671115
671219
671265
671271
671402
671423
671509
671752
671762
671771
671776
672150
672302
672365
672419
672557
672726
672813
672829
672890
673066
673157
673163
673277
673355
673403
673474
673474
673707
673780
674124
674275
674310
674320
674325
674329
674549
674699
674737
674737
674755
674847
675006
675017
675302
675360
675364
675390
675425
675448
675471
675512
675543
675566
675788
676027
676206
676222
676310
676382
676415
676615
676886
677003
677171
677260
677484
677518
677624
677817
677852
677944
678055
678179
678213
678254
678262
678364
678511
678536
678746
678816
678896
679063
679128
679192
679309
679328
679418
679444
679479
679572
679616
679671
679745
679783
679797
679804
679808
679940
679986
680048
680050
680150
680394
680518
680630
680698
680778
680781
680933
680986
681014
681192
681446
681566
681667
681813
682013
682103
682136
682293
682327
682496
682572
682577
682789
682841
682866
683089
683139
683279
683296
683364
683448
683458
683460
683475
683481
683566
683591
683615
683839
683853
683857
683905
684188
684245
684378
684462
684548
684569
684633
684756
684883
684915
685120
685280
685295
685325
685473
685475
685554
685735
685803
685841
685895
686024
686039
686387
686538
686574
686667
686683
686795
687121
687276
687346
687523
687665
687722
687831
687878
687911
687978
688004
688015
688035
688106
688125
688223
688322
688325
688370
688464
688503
688641
688665
688761
688883
689047
689103
689147
689239
689288
689437
689637
689666
689692
689776
689776
689809
689932
689946
689998
690091
690176
690262
690265
690276
690286
690572
690709
690735
690864
690946
691026
691087
691101
691119
691257
691523
691526
691570
691599
691719
691728
691780
691799
691830
691856
691874
691999
692068
692219
692293
692603
692619
692776
692838
692850
692894
692948
693002
693116
693181
693233
693311
693351
693359
693686
693749
693894
694027
694085
694170
694196
694420
694653
694695
694796
694885
694886
695020
695167
695375
695397
695517
695585
695603
695628
695717
695906
695919
695956
696001
696270
696430
696485
696488
696653
696694
696761
697147
697207
697458
698053
698127
698185
698186
698190
698526
698538
698544
698846
699013
699224
699293
699326
699343
699365
699388
699405
699454
699563
699647
700335
700516
700614
700654
700698
700937
701395
701592
701612
701953
702088
702379
702393
702417
702556
702597
702939
702954
703051
703245
703326
703399
703405
703453
703614
703637
703792
703795
703848
703898
703998
704106
704108
704544
704682
704704
704818
705134
705334
705500
705536
705557
705580
705627
705791
705796
706053
706176
706185
706195
706288
706558
706620
706639
706983
707155
707242
707389
707445
707498
708003
708093
708204
708260
708420
708424
708524
708602
708688
708774
708942
709036
709233
709242
709265
709391
709429
709456
709585
709789
709852
709974
710069
710115
710521
710533
710573
710661
710709
710729
710739
710947
710995
711046
711074
711173
711336
711354
711483
711633
711668
711836
712092
712360
712488
712621
712639
712735
712956
712986
712995
713205
713213
713314
713354
713484
713645
713783
713812
713851
713893
713928
713975
714026
714478
714720
714943
715046
715223
715536
715589
715632
715659
715663
715724
715841
715920
716115
716124
716189
716202
716382
716777
716788
716944
716974
717004
717171
717210
717325
717492
717507
717564
717683
717830
717883
717931
717960
717986
718239
718283
718404
718550
718565
718775
719168
719377
719379
719402
719445
719476
719625
719939
720005
720229
720430
720467
720549
720576
720801
720884
721077
721087
721203
721633
721712
721839
721841
721878
721880
722124
722191
722241
722285
722546
722561
722581
722648
722791
722915
722952
722977
723294
723823
723834
723910
724076
724083
724155
724400
724602
724729
724857
724937
725050
725112
725173
725309
725327
725378
725534
725566
725608
725918
725937
726145
726160
726170
726266
726276
726515
726697
726763
726876
727105
727194
727252
727301
727323
727454
727486
727572
727644
727684
727974
728491
728525
728697
728712
728861
728863
728919
729057
729062
729360
729385
729451
729476
729591
729761
729863
730041
730286
730413
730468
730487
730494
730562
730570
730661
730688
730717
730720
730723
730872
731008
731194
731353
731380
731398
731471
731540
731564
731610
731757
731775
731802
731846
731881
731891
731957
732028
732361
732412
732454
732462
732646
732667
732732
732838
733143
733205
733234
733361
733435
733875
733991
734096
734378
734484
734566
734577
734693
734790
735094
735120
735161
735477
735508
735603
735603
735622
735720
735926
735940
735960
735982
736085
736190
736335
736585
736680
736683
736696
737191
737453
737497
737631
737637
737769
737784
737890
738000
738053
738157
738163
738217
738444
738492
738597
738745
738846
738936
739230
739424
739482
739675
739742
739819
739912
739976
739981
739989
740155
740210
740211
740255
740455
740471
740475
740486
740618
740859
741041
741055
741681
741718
741880
741881
741896
742030
742030
742106
742300
742319
742421
742671
742682
742734
742941
743045
743137
743424
743450
743523
743557
743832
744358
744369
744382
744384
744426
744560
744787
744805
744942
745131
745250
745347
745405
745430
745437
745475
745500
745556
745569
745761
745938
745957
746277
746486
746622
746652
746752
746854
747192
747320
747332
747402
747706
747935
747951
747987
748028
748204
748243
748262
748268
748499
748517
748548
748578
748701
748955
748973
749191
749331
749547
749745
749838
749888
749997
750003
750287
750386
750451
750563
750712
750716
750749
750877
750880
751104
751173
751447
751498
751581
751610
751617
751905
752023
752058
752164
752539
752605
752625
752726
752735
752785
752875
752877
752927
752938
753002
753080
753109
753172
753326
753334
753532
753627
753662
753682
753723
753767
753810
753859
753935
753961
754009
754014
754101
754134
754265
754465
754607
754691
754716
754764
754894
755000
755358
755385
755387
755392
755527
755744
755796
756036
756206
756261
756419
756448
756458
756676
756683
756707
756772
756811
756835
756856
756894
756896
756928
757088
757091
757135
757166
757257
757500
757549
757585
757585
757608
757773
757852
757975
757981
758056
758423
758468
758679
758693
758742
758787
758803
759045
759072
759255
759395
759548
759736
759786
759946
760060
760094
760124
760141
760155
760321
760431
760493
760532
760692
760963
761115
761234
761239
761292
761343
761460
761524
761572
761704
762173
762430
762512
762516
762618
762669
762687
762914
763029
763079
763128
763129
763180
763199
763418
763511
763607
763612
763707
763718
763764
763813
764046
764142
764217
764233
764241
764368
764469
764491
764503
764656
764769
764832
764990
765187
765301
765317
765325
765332
765381
765408
765474
765509
765550
765569
765619
765836
765868
765887
765901
765950
766246
766282
766458
766477
766556
766566
766699
766748
766759
767156
767292
767299
767596
767670
767788
767858
767882
767933
767940
767947
768052
768063
768066
768068
768089
768145
768180
768249
768261
768285
768299
768340
768430
768458
768619
768870
769217
769236
769238
769399
769505
769539
769696
769824
769885
769886
770006
770041
770134
770257
770299
770425
770513
770573
770579
770760
771012
771073
771119
771451
771533
771706
771714
771873
771988
772119
772614
772915
773023
773049
773228
773353
773364
773496
773539
773564
773592
773665
773677
773779
773799
773824
773833
774072
774074
774085
774116
774227
774292
774318
774554
774605
774653
774686
774768
774923
774964
774982
775013
775023
775092
775146
775186
775310
775704
775771
775915
776068
776184
776245
776308
776379
776442
776471
776647
776647
776677
776687
776736
777002
777021
777085
777148
777207
777486
777615
777664
777673
777676
777779
777977
778057
778103
778336
778375
778446
778633
778804
778850
779032
779136
779224
779419
779420
779447
779638
779642
779665
779852
779898
779958
780029
780216
780223
780401
780556
780558
780784
780828
780890
780926
781064
781251
781434
781624
781635
781746
781755
781883
781927
781941
781971
782170
782219
782508
782568
782739
782817
783085
783115
783170
783218
783371
783471
783495
783498
783998
784018
784051
784087
784252
784300
784306
784383
784774
784782
784794
784880
784903
785232
785497
785759
785886
785897
785999
786028
786211
786445
786579
786603
786766
786792
786798
786924
787036
787091
787160
787217
787293
787328
787689
787930
788043
788046
788065
788092
788395
788509
788516
788836
788843
788868
788905
789065
789087
789430
789474
789489
789516
789804
790186
790221
790267
790357
790373
790426
790566
790772
790775
790888
790911
790950
790957
791092
791104
791257
791297
791808
791916
792011
792276
792461
792609
792652
792653
792712
792779
792830
792988
793177
793293
793536
793706
793799
793859
793920
793992
794023
794089
794097
794104
794132
794228
794308
794313
794379
794485
794532
794561
794561
794663
794699
794724
794792
794928
795002
795221
795222
795351
795375
795421
795428
796422
796604
796659
796761
797009
797026
797030
797432
797497
797516
797589
797603
797637
797649
797808
797852
797879
797966
798270
798379
798430
798648
798694
798942
799066
799070
799729
799776
799846
800054
800059
800086
800155
800156
800479
800672
800690
801041
801072
801152
801209
801290
801345
801484
801538
801662
801710
801895
802009
802195
802206
802261
802302
802319
802340
802512
802547
802652
802795
802893
802937
803163
803180
803199
803272
803382
803394
803667
803808
803841
803961
803982
804090
804169
804244
804261
804476
804540
804576
804796
804947
805147
805216
805259
805288
805479
805514
805531
805587
805589
805604
805694
805808
805921
806041
806321
806403
806621
806697
806755
806769
807114
807247
807290
807544
807632
807757
807864
807872
808133
808153
808244
808545
808565
808737
808784
808829
808843
808844
808875
808906
809139
809232
809346
809369
809413
809710
809742
809775
809811
809994
810032
810095
810098
810238
810243
810468
810531
810870
810937
811076
811106
811163
811205
811258
811281
811375
811427
811474
811512
811586
811667
811707
811829
812054
812212
812256
812338
812361
812407
812989
813131
813209
813282
813470
813475
813500
813585
813604
813698
813757
813826
813940
813952
813956
814026
814110
814207
814240
814392
814521
814606
814755
814804
814904
815025
815083
815337
815385
815470
815472
815707
815778
815853
815879
816162
816163
816201
816230
816258
816504
816566
816627
816687
817047
817062
817225
817344
817368
817400
817755
817929
818061
818224
818431
818472
818592
818614
818682
818733
818841
818887
818967
818970
819056
819206
819330
819420
819540
819695
820104
820217
820293
820419
820537
820593
820708
820712
820797
821149
821491
821689
822123
822140
822196
822525
823011
823093
823130
823131
823846
823988
824036
824092
824097
824143
824185
824212
824435
824705
824728
824774
824827
825125
825129
825335
825345
825355
825830
825978
826028
826108
826169
826298
826317
826371
826371
826389
826399
826415
826580
826618
826681
826686
826746
826747
826850
826877
826935
827447
827620
827716
827730
827947
828015
828138
828214
828366
828415
828465
828622
828630
828734
828928
829121
829167
829287
829328
829619
829719
829819
830129
830219
830249
830346
830409
830655
830759
830965
830993
831047
831140
831165
831216
831303
831342
831374
831413
831451
831867
831957
831967
832168
832477
832770
832990
833024
833110
833162
833193
833193
833284
833527
833530
833538
833540
833562
834009
834033
834039
834255
834372
834375
834420
834727
834953
834995
834998
835038
835148
835420
835532
835538
835562
835888
835890
836059
836084
836119
836234
836256
836257
836407
836524
836687
836816
836871
837099
837269
837308
837481
837519
837606
837798
837955
838010
838077
838143
838152
838157
838178
838517
838740
838750
838767
838956
839053
839053
839164
839439
839449
839543
839593
839695
839765
839954
840060
840074
840115
840125
840128
840223
840234
840270
840476
840570
840730
840734
840738
840800
840967
840970
841012
841159
841193
841285
841292
841293
841311
841351
841371
841398
841428
841534
841589
841634
841700
841719
841988
842265
842339
842402
842418
842496
842636
842775
842811
842905
842946
843023
843081
843283
843291
843336
843438
843624
843678
843692
843699
843745
843862
844000
844021
844022
844228
844389
844392
844649
844815
844843
844950
845065
845372
845567
845660
845949
845968
846061
846132
846193
846365
846621
846950
846996
847005
847242
847266
847312
847419
847435
847550
847562
847626
847724
847822
847930
847980
847992
848036
848096
848130
848166
848303
848621
848646
848748
848842
848866
848870
848871
848888
848891
849105
849203
849238
849239
849306
849451
849499
849559
849580
849609
849743
849853
849862
849902
849924
850068
850116
850118
850339
850386
850424
850477
850518
850864
851045
851068
851111
851241
851402
851428
851491
851500
851628
851685
851702
851796
851814
851853
851975
852056
852072
852181
852194
852202
852425
852497
852664
852911
852950
852984
852990
853000
853300
853367
853499
853565
853576
853609
853854
853876
853892
853946
854140
854280
854695
854712
854735
855338
855348
855529
855856
855868
855919
855921
855971
856118
856134
856142
856195
856212
856213
856243
856256
856299
856329
856523
856600
856669
856679
856687
856706
856732
856733
856792
856992
857051
857067
857100
857207
857210
857226
857279
857501
857587
857705
857711
857739
857767
857842
857894
857931
858064
858122
858195
858254
858254
858447
858568
858910
859053
859138
859167
859280
859344
859416
859423
859640
859681
859837
860109
860221
860373
860797
860880
860880
860988
861101
861104
861113
861140
861257
861285
861300
861471
861548
861609
861873
861936
861981
862007
862055
862229
862314
862377
862418
862524
862922
863146
863193
863286
863290
863456
863577
863580
863636
863763
863805
864016
864090
864192
864224
864263
864265
864265
864294
864303
864402
864402
864453
864554
864649
864742
864860
864917
865028
865049
865175
865178
865464
865614
865676
865693
865697
865922
866157
866195
866268
866478
866608
866650
866959
866973
867048
867303
867320
867434
867731
867772
867841
867933
867944
867945
867981
868158
868210
868279
868358
868403
868421
868636
868641
868695
868749
868767
868827
868852
868945
868973
869022
869290
869292
869337
869380
869410
869518
869907
869942
870041
870046
870437
870565
870775
870789
870866
870879
870903
870944
870991
871085
871103
871207
871511
871950
872103
872107
872171
872205
872245
872397
872617
872863
873248
873708
874047
874052
874065
874130
874192
874368
874521
874648
874788
874844
874859
874891
875023
875355
875587
875652
875845
875852
875961
876049
876117
876264
876289
876572
876855
876882
877056
877080
877092
877301
877354
877608
877667
877734
877778
877981
878093
878131
878400
878530
878575
878663
878770
878927
879124
879521
879634
879726
879726
879807
880104
880278
880321
880476
880520
880561
880661
880731
880740
880857
880988
881102
881365
881458
881462
881654
881693
881720
881778
882108
882480
882594
882615
882676
882847
882887
882917
883002
883022
883032
883289
883412
883502
883587
883777
883834
884040
884053
884070
884162
884214
884242
884252
884321
884332
884367
884389
884481
884524
884627
884821
884980
884989
885045
885078
885146
885236
885458
885553
885605
885610
885638
885749
885819
885861
885942
886010
886072
886108
886180
886196
886268
886270
886473
886490
886829
886879
886953
887027
887041
887083
887602
887746
887753
887992
888034
888064
888185
888247
888351
888557
888624
888728
888892
888898
888956
889068
889074
889125
889298
889380
889393
889452
889770
889835
889966
890052
890069
890238
890251
890278
890370
890399
890417
890438
890500
890648
890655
890805
890819
890847
890894
890953
891081
891278
891327
891535
891628
891743
891764
891874
891928
891961
891986
892284
892287
892350
892370
892482
892495
892619
892702
892852
893116
893171
893345
893483
893573
893661
893665
893847
893948
893990
894191
894277
894287
894457
894497
894579
894717
894789
894940
894946
894983
895000
895077
895147
895395
895440
895455
895463
895573
895606
895688
895765
895769
895963
896092
896095
896183
896487
896555
896815
896817
896943
897163
897231
897251
897316
897330
897385
897413
897527
897623
897735
897880
897978
898172
898478
898593
898607
898737
898816
899157
899180
899271
899282
899509
899900
899948
899973
900050
900079
900116
900132
900133
900151
900256
900276
900540
900765
900784
901041
901186
901202
901254
901317
901419
901462
901499
901565
901614
901651
901674
901754
901755
901887
901889
901925
901960
902006
902094
902174
902288
902367
902478
902554
902565
902694
902696
902701
902714
902790
902858
903051
903136
903216
903292
903304
903418
903622
903750
903800
903862
903905
903995
904003
904012
904053
904186
904345
904424
904510
904531
904586
904919
905147
905189
905191
905428
905458
905468
905530
905683
905985
905985
906233
906366
906578
906721
906818
906940
906982
907264
907479
907499
907650
907824
907870
907898
907913
907958
908024
908262
908296
908570
908702
908781
908793
908861
908871
909158
909394
909440
909554
909655
909792
909849
909901
910250
910290
910344
910439
910535
910645
910803
910829
910869
911247
911290
911303
911437
911478
911491
911541
911541
911654
911958
911973
912176
912781
912858
912897
912918
912998
913222
913230
913293
913411
913509
913687
913849
913856
913966
913985
914062
914073
914233
914403
914440
914514
914610
914760
914830
915047
915279
915697
915719
915745
915746
916120
916172
916397
916445
916691
916783
917259
917313
917361
917603
917663
917708
917799
917804
917894
917907
918315
918497
918685
918697
918901
918957
918972
919021
919031
919090
919140
919209
919219
919248
919553
919749
919808
919842
920053
920191
920353
920459
920520
920553
920654
920837
921145
921280
921368
921478
921812
921821
921824
922054
922097
922118
922175
922235
922241
922351
922371
922449
922591
922627
922959
923041
923043
923075
923084
923132
923169
923296
923397
923631
923670
923670
923676
923701
923786
923831
923934
923948
923974
924051
924183
924187
924448
924531
924569
924759
924917
924946
925008
925030
925201
925241
925312
925542
925562
925804
925907
926009
926347
926355
926421
926497
926787
926924
926975
926989
927030
927060
927183
927297
927383
927411
927490
927693
927736
927807
927873
927899
928047
928072
928104
928106
928200
928457
928513
928640
928669
928772
928877
928900
929061
929078
929424
929516
929540
929568
929667
929788
929951
930225
930321
930366
930476
930566
930613
930867
931302
931556
931559
931861
932021
932096
932189
932911
933087
933389
933608
933709
933744
933874
934138
934209
934271
934313
934336
934412
934447
934631
934786
934947
935001
935057
935246
935635
935670
935702
935792
935820
935928
936008
936040
936070
936205
936345
936445
936484
936506
936590
936599
936649
936668
936779
936794
936974
937025
937059
937093
937340
937357
937435
937445
937592
937872
937884
938001
938022
938162
938289
938523
938584
938750
939043
939197
939239
939259
939310
939387
939687
939704
939865
939990
940013
940084
940192
940214
940215
940330
940594
940595
940604
940656
941018
941285
941326
941493
941609
941649
941670
941864
941879
941909
941955
942225
942583
942632
942769
942777
942839
942871
942908
942986
942999
943190
943429
943439
943517
943776
943791
943829
943835
943970
943988
944092
944127
944179
944221
944244
944299
944581
944642
944647
944726
944838
944898
945273
945325
945392
945546
945950
945968
946031
946043
946241
946457
946526
946858
947031
947080
947121
947148
947190
947221
947288
947398
947443
947561
947595
947663
947671
947672
947673
947692
947792
947899
948146
948230
948349
948362
948564
948575
948578
948605
948618
948807
949182
949191
949272
949487
949604
949730
950002
950415
950450
950477
950493
950561
950650
950717
950803
950825
950840
950955
951116
951307
951324
951404
951454
951489
951569
951721
951790
951865
951887
951896
951930
952000
952052
952173
952310
952328
952395
952471
952474
952527
952585
952646
952780
952941
953138
953663
953669
953732
954088
954090
954119
954283
954529
954568
954666
954675
954833
954899
954966
955081
955394
955395
955416
955512
955571
955825
955898
956083
956268
956294
956416
956427
956432
956480
956535
956701
956836
957072
957076
957146
957179
957224
957272
957282
957408
957454
957484
957524
957641
957694
957754
957893
958133
958208
958233
958497
958681
958893
958931
958933
958955
959027
959062
959357
959635
959660
959711
959801
959932
960077
960353
960374
960396
960513
960537
960778
961019
961076
961214
961348
961379
961451
961494
961534
961754
961784
961853
962046
962051
962083
962243
962250
962259
962507
962509
962687
962876
962897
962913
962930
963003
963014
963062
963213
963359
963446
963488
963561
963855
963978
963995
964045
964065
964193
964214
964323
964403
964421
964439
964476
964482
964559
964613
964766
964798
964822
964832
965049
965301
965429
965766
965835
966057
966292
966293
966474
966527
966675
967024
967165
967259
967435
967437
967786
967828
967884
967897
968034
968093
968156
968203
968401
968469
968502
968965
969009
969126
969156
969209
969289
969343
969395
969779
969808
969927
969982
970133
970193
970253
970465
970496
970512
970563
970592
970662
970668
971178
971331
971448
971524
971615
971644
971781
971815
972107
972137
972188
972245
972287
972443
972463
972539
972594
972617
972696
972747
972805
972829
972874
972966
973001
973057
973090
973313
973324
973402
973449
973536
973578
973641
973659
973773
973801
974002
974098
974277
974595
974809
974843
974964
975072
975173
975394
975477
975482
975531
975567
975618
975691
975754
975868
975968
976223
976228
976268
976460
976746
976844
976902
976981
977056
977121
977177
977322
977424
977464
977569
977763
977990
978285
978323
978436
978454
978585
978588
978615
978660
979020
979114
979228
979325
979624
979691
979810
979907
980048
980065
980068
980076
980209
980314
980473
980782
980821
980827
980912
980943
981013
981307
981417
981433
981587
981665
981827
981855
981891
982004
982175
982277
982423
982433
982461
982589
982611
982822
982830
982841
983179
983188
983224
983592
983718
983901
983995
984137
984146
984204
984235
984305
984336
984421
984474
984477
984484
984583
984595
984690
984734
984783
984825
984842
984845
984883
984969
985441
985662
985797
985800
985821
985855
986145
986647
986943
987005
987114
987119
987257
987274
987315
987398
987514
987623
987868
987897
987958
988012
988021
988122
988203
988341
988357
988391
988629
988666
988668
988974
989057
989348
989380
989477
989513
989513
989556
989620
989645
989734
989745
989753
989783
989798
989816
989933
989991
990080
990442
990480
990544
990580
990617
990617
990731
990832
990971
991073
991118
991275
991324
991333
991339
991403
991876
991917
991943
991959
991980
991995
992113
992252
992259
992681
992717
992862
993109
993286
993349
993425
993445
993449
993450
993522
993652
993654
993710
993776
993826
993998
994055
994103
994115
994133
994317
994439
994704
994952
995122
995181
995224
995329
995522
995595
995624
995664
995947
996039
996175
996210
996313
996561
996805
997034
997162
997183
997197
997263
997437
997530
997583
997784
997800
997830
997863
997869
998030
998152
998319
998470
998679
998791
999036
999282
999741
999764
999780
999813
999817
