1000
999029
998538
998390
996503
993710
989469
987293
983195
981914
977932
977900
971410
971287
970621
964725
963424
962515
961435
959615
957864
955617
955138
953804
952416
951758
950764
947546
947161
941950
941743
941496
935960
933273
929961
928825
928347
925058
917796
917302
916226
916062
909159
906132
904744
904488
903304
903122
900537
897510
897143
893675
891097
886743
883671
882417
881256
878552
877721
877280
877110
876381
875922
875445
874427
871485
870838
869553
869505
868723
866448
864425
862311
860714
859736
858362
849677
847070
846327
845216
842577
842316
840380
840286
838696
835826
833612
829536
828194
824656
823388
823374
823259
823010
820505
819352
818907
818795
818164
814297
811185
810486
810012
809364
808577
807093
806489
805848
803618
799314
795805
792565
790834
781442
780926
780083
779099
776378
771413
768298
767710
765351
762684
761961
760478
759896
759251
758950
754456
753737
753657
753576
751142
749209
748995
747940
743982
742664
741805
741768
737963
735265
732720
731082
726663
724551
723511
723236
720922
720580
715088
713000
710355
709457
708945
707571
706060
704950
703374
703362
700800
697888
697683
697374
695203
689806
683776
681172
680056
679210
678926
676195
669086
668116
667182
666236
664837
663475
657911
657463
654082
649026
644053
641199
640961
636941
631655
631492
627124
625111
624518
624120
622436
620759
618142
615863
615503
615431
614976
613079
611587
608036
605218
604373
603072
600542
599517
597492
596613
596590
596584
595489
590357
589265
586898
586785
586406
585176
581173
579036
577231
575853
574654
572443
570321
567287
566634
565432
562039
561126
559887
556595
555767
553507
551747
548654
548395
543648
543427
541513
540693
539879
539687
538000
534157
531933
531508
526603
526563
524751
523522
521731
518611
516200
515397
513030
508574
508423
501678
499983
497750
495412
494676
488797
487829
480490
477891
473487
472922
472296
471279
468568
464227
457204
455322
453605
452462
451625
451232
449201
447098
447087
446922
446656
446095
444699
441167
440790
440386
440234
438344
436552
435747
435422
430730
429451
427875
424535
422842
418427
416287
416040
412379
411257
410280
409678
407697
407346
400303
400135
397739
397316
394547
390394
389908
383516
381051
378757
378657
377727
377161
372773
370618
368783
368505
351523
350536
348793
340008
337113
335868
331139
331106
330657
330041
327322
326704
326362
326353
325343
323268
322972
321653
318872
315438
312740
311024
310232
304931
294211
292885
292483
290886
289072
285802
285707
284523
281682
277812
277372
272661
270965
269904
268268
264163
257293
256773
251168
251018
250771
249699
247829
243522
243166
241030
240892
238846
238409
237065
237001
236791
236613
235293
234673
233254
233170
232994
232309
231553
228533
228362
226261
224514
222338
216061
216005
204413
203222
203155
200648
200183
200023
198727
197379
195289
194566
189456
188546
185930
185924
185346
183485
182163
181034
180672
178058
170933
168694
168370
165756
164487
163736
163364
160166
160101
158364
153499
151379
148819
147998
145633
144011
143115
142241
140430
139760
137951
136126
134087
132586
129901
128440
128173
128112
127644
127546
125045
123834
121883
116681
115028
114904
111775
111005
110291
108579
107442
106933
106189
100657
99844
98744
93428
93375
92935
84618
83643
80968
80155
77724
75051
72167
71875
69035
68024
65712
65120
59647
57732
57200
56374
55993
55282
52113
49990
49589
49572
45192
43679
40868
34241
33660
32944
31882
31803
31673
30758
28374
26503
24449
21702
20512
19906
15123
12927
11906
11783
9930
5880
-1137
-1543
-3629
-6273
-8967
-9447
-11388
-12169
-16122
-16407
-23115
-23876
-24176
-29509
-30838
-33853
-38303
-39173
-40254
-40705
-41951
-44805
-46239
-47282
-47579
-51325
-51510
-53663
-54677
-56004
-57319
-57911
-58452
-58840
-59985
-60103
-67163
-69743
-70084
-70840
-72703
-73952
-74887
-76670
-79286
-82017
-82139
-82472
-82878
-85113
-88336
-88687
-92258
-92420
-93134
-95336
-96927
-104451
-108104
-110790
-112467
-120890
-121919
-122875
-126716
-128003
-129832
-132537
-133746
-135551
-138049
-139467
-139704
-140506
-141747
-142205
-143325
-145140
-146026
-148537
-148919
-150705
-151357
-152492
-152509
-152877
-155652
-155874
-156484
-158035
-158590
-158843
-160831
-161565
-162033
-162215
-162668
-166512
-167628
-172465
-172701
-172789
-174127
-193569
-195756
-196456
-196549
-202122
-209158
-209446
-213566
-214911
-215122
-217505
-219199
-219258
-219507
-222001
-223796
-224077
-224094
-229043
-230323
-230928
-233285
-240626
-241767
-242288
-242983
-243215
-245503
-245941
-250360
-250887
-253775
-255079
-256468
-257633
-257725
-260691
-266673
-270077
-272039
-274443
-282378
-282418
-285580
-288803
-291625
-292127
-292348
-292637
-300177
-301435
-307302
-308818
-309139
-309854
-313739
-319696
-329058
-334609
-335323
-338579
-339189
-340488
-341173
-344199
-345984
-352008
-352244
-352482
-354814
-355735
-357647
-359683
-363937
-372280
-376303
-376657
-379458
-380028
-382613
-386344
-386730
-388611
-393554
-394625
-395617
-401826
-401875
-402601
-403057
-403340
-410203
-412033
-412289
-413776
-414460
-416040
-416734
-419422
-423894
-427930
-428092
-429822
-430193
-431228
-432345
-434413
-434944
-435934
-442251
-445914
-449341
-451045
-457917
-459633
-461561
-462560
-462754
-462790
-463729
-467175
-467758
-468592
-471327
-473437
-477292
-479548
-479963
-481654
-484746
-486291
-490712
-492813
-494130
-499672
-500107
-503611
-504059
-504211
-505044
-510007
-511598
-516407
-518789
-519245
-519499
-519657
-521470
-521705
-522471
-522618
-527306
-527728
-529459
-529460
-529797
-530626
-533673
-534356
-534624
-536877
-539095
-540318
-541726
-541771
-543300
-546844
-548343
-549198
-549808
-553954
-555594
-555802
-556576
-559251
-565283
-571533
-574673
-576307
-577029
-578219
-580061
-581556
-581994
-582588
-584383
-584591
-586852
-588611
-588742
-589974
-592564
-595442
-595978
-602286
-608111
-611214
-613613
-613974
-614902
-619512
-622705
-643642
-647903
-648092
-650846
-653837
-654427
-657860
-658078
-660776
-663414
-665276
-666008
-667938
-668727
-669266
-670306
-670315
-671004
-675991
-677828
-681183
-682304
-682392
-683871
-684085
-685807
-687260
-688346
-689321
-691038
-691406
-692711
-695135
-696484
-697815
-698551
-698923
-699075
-699902
-700390
-702052
-702638
-703481
-703586
-705204
-705354
-706901
-708184
-709489
-709495
-712194
-719540
-719775
-720422
-720913
-724027
-726058
-726383
-733333
-736964
-740253
-741370
-745743
-745977
-746003
-746551
-746926
-752052
-756204
-756661
-757206
-757589
-757978
-758610
-759802
-762874
-770392
-770603
-771208
-771691
-778692
-779575
-782338
-785435
-785758
-786435
-790087
-796304
-797188
-797266
-798788
-801736
-802272
-802872
-804240
-804519
-805337
-805389
-805640
-805797
-808983
-809088
-809616
-810099
-810367
-810618
-810977
-814735
-814899
-817736
-818330
-822417
-828640
-831405
-832640
-834334
-835114
-836843
-837763
-838129
-839942
-848016
-848219
-849236
-850267
-854764
-854792
-857393
-858184
-859159
-862785
-872073
-872579
-876934
-877031
-878201
-879250
-881843
-883590
-883641
-885078
-885910
-891979
-893183
-896387
-902627
-903198
-904175
-905177
-905580
-907583
-908190
-908608
-914082
-914590
-921256
-921682
-926187
-926324
-927088
-927855
-943601
-944531
-944642
-948528
-950758
-951855
-951895
-952633
-955030
-955207
-955708
-955845
-956418
-958598
-960066
-962225
-966168
-966976
-968828
-969607
-971224
-975919
-979034
-983032
-990831
-999514
