10000
999894
999862
999514
999500
999103
998978
998856
998835
998299
998147
998034
998027
998021
997944
997885
997245
996899
996855
996749
996475
996028
995805
995763
995222
995012
994991
994845
994614
994606
994449
993721
993255
993096
992970
992426
992285
992251
992158
991967
991484
991462
991370
990315
990229
989429
989396
989240
989112
988478
988426
988409
988407
988334
988258
988221
988164
987475
987189
987061
986904
986157
985994
985653
985541
985434
985338
985119
984275
984185
984104
983677
983459
982739
982165
981836
981633
981435
981006
980766
980253
980147
979728
979591
978957
978936
978554
978538
978389
978372
978147
977853
977651
977638
977539
977204
976815
976595
976283
975992
975801
975313
975147
974720
974686
974673
974475
974220
974183
974072
974002
973968
973968
973701
973031
972645
972517
971913
971657
971593
971559
971380
971253
971246
971136
971042
971019
970664
970629
970216
970102
970070
970024
969739
969270
969002
968311
968084
968016
967975
967659
967618
967500
967335
966962
966776
966696
966354
965986
965766
965563
965266
965254
965185
964307
964307
964131
963941
963753
963552
963122
962606
962367
962209
962166
961369
960584
960087
959735
959417
959358
959173
958946
958744
958671
958536
958536
958283
957773
957645
957626
957553
957496
957019
956430
956371
956140
955886
955674
955653
955446
955413
954823
954762
954668
954625
954243
954195
954186
953849
953751
953593
953523
953480
953317
953184
953123
953107
952904
952180
951928
951850
951589
951550
951317
950777
950687
950478
950418
950083
950082
950015
949984
949957
949841
949673
949662
949561
949263
949179
949081
948931
948861
948854
948459
948452
948411
948394
948250
948138
947874
947849
947498
947472
947355
947167
947133
947069
947035
946855
946723
946634
946264
946140
945400
944836
944716
944465
944295
943923
943917
943683
943494
943268
943138
942858
942843
942808
942719
942699
942471
942329
942312
942288
942110
941960
941818
941795
941606
941588
941441
941055
941041
940955
940526
940281
939779
939740
939398
939385
939031
938872
938726
938199
938173
938021
937996
937974
937925
937909
937311
937012
936864
936785
936573
936384
936277
935817
935652
935559
935425
935174
934901
934098
934077
933989
933959
933927
933760
933580
933543
933389
933284
933041
932904
932734
932693
932629
932380
932198
931880
931815
931175
931150
931097
930683
930573
930501
930384
929576
929403
929348
929200
929162
928783
928700
928653
928510
928486
928349
928114
927844
927551
927175
926924
926777
926218
926121
926048
926020
925993
925936
925899
925715
925638
925189
925048
924958
924819
924440
923910
923905
923387
923142
923105
922602
922035
921843
921726
921695
921536
921391
921262
921215
920948
920905
920841
920762
920751
920547
920392
920302
919705
919482
919450
919143
919113
918657
918385
917865
917863
917740
917579
917544
917543
917268
917154
917031
916628
916521
915899
915884
915859
915842
915819
915804
915499
915262
914923
914494
914456
914312
914276
913895
913536
913435
913213
912991
912551
912131
912057
911864
911790
911011
910997
910960
910754
910727
910647
910617
910376
910070
909885
909140
908906
908892
908890
908769
908582
908577
908535
908450
908389
908269
908190
907807
907759
907338
907110
906629
906612
906262
906238
906171
905786
905629
905623
905429
905293
905196
905079
905054
905034
904936
904634
904566
904426
904242
904219
904078
904050
903814
903114
903103
903056
902987
902790
902638
902560
902493
902169
902114
902105
901828
901675
901271
901089
900975
900947
900899
900850
900762
900598
900426
900136
900063
900016
899967
899958
899887
899616
898551
898520
898469
898390
898314
898256
898179
897932
897689
897486
897441
897110
896594
896563
896022
896004
895942
895893
895840
895693
895619
895558
895202
895047
894856
894770
894630
893731
893718
893455
893015
892648
892579
892527
892428
892426
892380
892349
892158
892102
891926
891412
891290
891188
890835
890791
890398
890063
889865
889234
889100
888860
888653
888051
888004
887883
887838
887812
887381
887230
887064
886750
886617
886380
886206
885732
885667
885610
885462
885339
885262
885090
884846
884737
884604
884433
884342
884327
884099
883597
883586
883420
883353
883221
883143
882432
882392
882100
881601
881324
881169
881044
880904
880119
880083
880076
880052
879992
879683
879570
879269
879175
879107
879092
879052
878696
878324
878264
878098
878032
877381
877326
876663
876610
876411
876380
876343
876301
876225
876059
876015
875974
875973
875877
875719
875584
875466
875314
875306
875068
874884
874771
874770
874730
874571
874389
874381
874370
874271
874178
874173
873562
873366
873059
873009
872999
872814
872640
872416
872336
872145
871909
871850
871637
871516
871296
870851
870846
870516
870409
870354
870123
870075
869949
869397
868556
868518
868432
868134
867982
867661
867583
867556
867326
867293
867239
867148
866993
866875
866686
866631
866538
866496
866488
866249
865948
865729
865710
865617
865578
864819
864704
864659
864420
864242
864074
863923
863886
863698
863506
863257
861992
861937
861886
861431
861192
861104
860841
860738
860661
860485
860300
860184
860106
860044
859968
859867
859387
859172
858704
858697
858302
858048
857900
857691
857683
857632
857225
857045
856948
856604
856526
856498
856054
856051
855529
855355
855295
854921
854854
854213
854189
854065
853784
853318
853298
853064
852700
852543
852366
851850
851706
851673
851417
851032
850783
850750
850516
850219
849882
849802
849703
849678
849535
848580
848568
847568
847349
846892
846863
846315
846121
846078
846032
845716
845374
845345
845083
844985
844953
844105
844011
843934
843761
843576
843438
842876
842821
842048
841968
841921
841807
841452
841369
841359
841193
840976
840654
840413
840332
840141
840105
839839
839501
839485
839257
839180
839069
838761
837318
837161
837083
836837
836725
836631
835789
835737
835703
835105
834800
834536
834460
834402
834332
834193
834003
833956
833929
833925
833899
833773
833603
833380
833282
833153
833103
832795
832625
832204
832010
831866
831345
830763
830703
830585
830555
829693
829628
829283
829023
828971
828968
828906
828572
828513
828333
828273
828163
828010
827998
827972
827818
827731
826885
826504
826255
825996
825837
825642
825579
825459
825331
825309
824750
824225
823996
823994
823440
822648
822552
822416
822312
822054
821793
821572
821275
821207
821144
820844
820800
820720
820345
819804
819786
819699
819298
819199
818909
818583
818552
818461
818306
818071
817631
817604
817589
817570
817374
817331
816812
816804
816716
816591
816141
816110
815988
815874
815563
815517
815411
815392
815379
815301
815292
814388
814251
814223
813937
813904
813759
813675
813645
813499
813393
813354
813342
813082
812974
812944
812610
811995
811873
811475
811371
811041
811027
810901
810767
810564
810405
810335
810105
809950
809602
809417
809407
809392
809322
808916
808501
807976
807952
807743
807634
807121
806729
806705
806626
806296
806047
805791
805760
805678
805506
804846
804830
804631
804458
804373
804168
803830
803722
803508
803354
803143
802971
802904
802762
802651
801954
801139
801063
800996
800865
800823
800776
800644
800628
800220
800007
799656
799244
799025
798977
798884
798747
798653
798611
798601
798191
798021
797681
797620
797610
797510
797313
797212
796542
796408
796244
795998
795281
795147
794596
794550
794275
794255
794185
794043
794038
793667
793215
793032
792965
792938
792872
792546
792313
792232
792185
791976
791946
791891
791742
791716
791564
791043
790350
790260
790112
790058
790047
790033
789529
789510
788883
788053
788007
787977
787960
787875
787860
787844
787242
786739
786621
786400
786277
786247
786205
785471
785151
785024
784801
783752
783598
783413
783231
783219
783186
783086
783080
782920
782667
782424
781707
781396
781298
780772
780696
780656
780309
780308
780292
780138
779897
779403
779113
778782
777976
777780
777666
777641
777411
777099
776779
776570
776547
776434
776346
776341
776210
776067
775215
775054
774968
774964
774882
774604
774290
773937
773820
773450
773089
772698
772417
772353
772296
771952
771934
771878
771861
771730
771506
771423
771381
770834
770789
770694
770639
770606
770189
770168
769884
769800
769496
768875
768700
768510
768369
768360
768283
768265
768171
768052
767977
767977
767938
767693
767666
767579
767486
767303
767292
767270
766907
766663
766612
766500
766061
766050
765293
765138
765077
764922
764832
764807
764576
764544
764412
764323
764083
764080
764022
763719
763655
763528
763457
763424
763214
762458
762361
762171
761871
761559
761531
761179
761011
760957
760944
760919
760915
760703
759607
759584
759464
759404
759239
759131
759054
759020
758913
758701
758480
758252
758185
758017
757892
757148
757137
757041
757027
756851
756790
756634
756474
756060
755962
755906
755861
755803
755802
755601
755424
755096
755088
754820
754737
754714
754469
754386
754255
754125
753998
753925
753707
753226
753047
752740
752693
752484
752330
752277
752127
751878
751443
751402
750439
750399
750313
750234
750165
750153
749868
749838
749688
749681
749506
749240
748619
748528
747700
747553
747300
747052
746985
746922
746497
746240
746063
745895
745836
745595
745365
745286
745001
744806
744736
744670
744478
744451
744422
744331
744307
744118
743952
743182
743012
743007
742986
742767
742396
742255
742247
741782
741627
741580
741556
741465
741209
741163
741087
740834
740385
740277
740164
739746
739064
738757
738701
738653
738163
738074
737928
737864
737779
737633
737454
737407
737183
737114
737013
736785
736611
736556
736319
736300
736292
736070
735898
735867
735748
735393
735231
734906
734692
734179
734048
733706
733628
733575
733357
732772
732693
732661
732431
732262
731766
731664
731489
731407
731116
731028
730981
730804
730661
730647
730632
730475
730474
730364
730325
730089
730053
729901
729263
728922
728818
728776
728681
728679
728480
728363
728287
727829
727798
727502
727442
727344
727206
726991
726978
726807
725799
725746
725549
725402
725358
725252
725219
725103
724575
723772
723426
723262
723106
723069
722730
722362
722257
721790
721518
721451
721184
721135
720937
720547
720158
719967
719774
719579
719287
718665
718654
718579
718463
717949
717781
717677
717619
717392
717204
717156
716282
715951
715913
715819
715537
715342
715335
715176
715015
714941
714815
714321
713954
713748
712816
712737
712240
711975
711899
711433
711306
711026
710734
710465
710386
710339
710327
710119
709573
709355
709125
708990
708741
708708
708531
708396
708013
707371
707272
707249
706438
706135
706074
706012
705574
705187
704789
704627
704456
704227
704023
703714
703553
703455
703265
702784
702661
702501
702300
702190
702010
701956
701697
701571
701562
701532
701490
700867
700793
700753
700704
700615
700592
700583
700306
700260
700235
699925
699835
698970
698790
698544
698417
698403
697723
697655
697605
697426
697370
697010
696972
696971
696552
696485
696363
696037
695888
695651
695528
695362
694853
694742
694695
694530
694429
694168
693397
693380
693218
692977
692869
692786
692753
692723
692485
692252
692227
692129
691850
691696
691693
691663
691433
691361
691217
690998
690202
690156
689873
689748
689583
689387
689361
689359
689291
689087
688481
688372
687971
687624
687264
687201
687168
687079
686822
686687
686448
686125
685686
685130
685035
684803
684682
684637
684287
684215
683837
683821
683805
683381
683328
683327
683248
683233
683076
682476
682197
682144
682022
681568
681544
681160
681118
680860
680801
680609
680469
680156
679861
679809
679726
679650
679643
679599
679262
679135
679023
678484
678419
678362
678266
677865
677815
677554
677497
676492
676442
676091
675991
675589
675016
674850
674564
674432
674425
674371
674049
673979
673529
673287
673175
673082
672812
672501
672243
672069
671949
671899
671874
671690
671540
671003
670783
670721
670670
670655
670577
670231
669541
669410
669339
668891
668885
668413
667911
667429
667426
667355
667084
667052
666751
666574
666400
666123
666084
665933
665712
665618
665542
665300
665111
665012
664958
664580
664520
663946
663787
663655
663458
663360
663279
663157
663007
662925
662481
662426
662229
662148
661802
661653
661541
660695
660226
660180
660048
659928
659709
659684
659575
659407
659288
658996
658978
658928
658686
658621
658288
657878
657860
657817
657599
657456
657424
657162
657070
656665
656649
656351
656117
656103
656056
655908
655776
655229
654881
654805
654656
654545
654450
654262
654182
653682
653608
653595
653207
652835
652757
652380
652064
651649
651533
651390
651340
651112
650916
650901
650896
650115
650080
649955
649785
649684
649619
649474
649088
649067
648917
648770
648700
648677
648523
648487
648458
648349
648276
648230
646963
646924
646826
646749
646745
646716
646698
646463
646423
646171
646099
646000
645642
645575
645396
645202
645162
645148
645076
644668
644527
644097
643770
643726
643717
643260
643213
643108
642937
642806
642776
642668
642666
642442
642286
642035
641499
641342
641330
641262
641171
641067
640764
640635
640511
640107
639666
639623
639608
639606
639423
639372
639014
638878
638276
638229
638090
638064
637943
637519
637250
636989
636926
636738
636079
635959
635852
635716
635528
635498
635281
635275
635137
634619
634389
634030
633679
633348
633339
633311
633214
633136
633043
632837
632694
632621
632266
631749
631503
631329
631106
630740
630608
630348
630000
629998
629533
629036
628795
628773
628290
628197
628158
628021
627976
627330
627309
626984
626867
626735
626458
626191
626063
625568
624973
624931
623618
623362
623261
623164
623126
622914
621439
621366
621184
621173
621153
620472
620083
620080
619860
619824
619787
619593
619277
619143
619023
618572
618294
618216
618006
617969
617935
617873
617823
617704
617630
617604
617592
617399
617374
617335
617296
617049
616680
616362
616266
616159
615740
615688
615569
615187
614963
614755
614722
614454
614453
614413
614379
614224
614216
613867
613813
613546
613533
613403
613241
613151
613141
613002
612233
612156
612141
611823
611650
611480
611273
611055
610964
610783
610116
610108
609360
609299
609142
609027
607842
607551
607270
607262
607071
607009
606999
606941
606909
606868
606755
606341
605761
605712
605467
605250
605093
605073
604930
604816
604678
604498
604402
604392
604294
604167
603194
602754
602694
602437
602373
602305
601884
601826
601262
601214
601135
601111
601018
600749
600648
599962
599919
599631
599626
599250
599201
599148
599120
599013
598890
598873
598847
598646
598002
597954
597748
597736
597270
596957
596764
595940
595869
595834
595783
595387
595313
595210
594294
593463
593408
593344
593236
593029
592583
592438
592337
592009
591988
591869
591653
591493
591134
591124
590906
590763
590551
590530
590482
590231
589850
589829
589815
589673
589654
589470
589405
589129
588902
588480
588450
588375
588302
587992
587974
587575
587557
587341
586885
586732
586282
586146
585997
585882
585762
585495
585445
584659
584652
584617
584231
583933
583861
583763
583473
583386
583365
583334
583010
582941
582600
582597
582501
582380
582322
582025
582010
581799
581385
581241
581087
580981
580829
580668
580373
579816
579265
578897
578768
578600
578498
578467
578411
577984
577718
577640
577291
577092
576685
576591
576491
576478
576307
576305
576163
576079
575905
575625
575568
575536
575437
575147
575126
575092
574857
574855
573839
573828
573802
573717
573362
572704
572315
571939
571231
571000
570951
570915
570724
570502
570384
569812
568761
568614
568242
568125
567813
567289
566475
566467
566345
566267
566128
566071
565842
565674
565512
565251
565085
564840
564813
564212
564128
563678
563468
563410
563197
563071
563007
562901
562764
562616
562535
562409
562379
562029
561891
561669
561611
561551
561040
560603
560486
559688
559637
559570
559314
559214
558734
558528
558068
558042
557968
557528
556999
556976
556854
556280
556259
556239
555923
555492
555450
554514
554289
554161
553971
553863
553487
553212
553190
553182
553149
552808
552068
552052
551826
551617
551550
551498
551427
551387
551297
551239
551139
550447
550239
549851
549789
549763
549704
549471
549378
549162
548745
548741
548681
548635
548625
548516
548398
548186
547864
547136
546982
546495
546375
546298
546111
546109
545908
545464
545369
545202
545188
544866
544734
544732
544231
543775
543706
543587
543517
543314
543196
542931
542613
542492
542161
541665
541651
541474
541441
541176
541165
540855
540697
540445
540428
540351
540297
540253
540012
539864
539828
539742
539726
539231
539183
539045
538828
538729
538638
538360
538156
538134
537966
537886
537882
537196
537174
536949
536582
536197
536169
536152
536131
535525
534489
534350
534303
534294
534080
533990
533809
533405
533082
532989
532980
532591
532236
532015
531967
531606
531383
531364
531276
530719
530717
530170
529924
529662
529633
529557
529510
529430
529429
529226
528927
528737
528552
528161
527946
527757
527658
527395
526997
526590
526423
526408
526359
525804
525686
525642
525640
525436
525382
525321
525167
525095
524929
524917
524720
524453
524014
523824
523804
523748
523658
523479
522834
522389
521792
521538
521443
521430
521265
521219
520757
520620
520171
520154
519748
519740
519294
519195
519141
518907
518880
518696
518571
518355
518135
518055
517915
517710
517630
517436
517329
517280
517044
516994
516706
516700
516689
516406
516180
516078
515929
515678
515639
515484
515412
515278
515256
515031
515004
514818
514798
514241
514009
513977
513891
513599
513349
513265
513156
513041
512480
512447
512313
512224
512062
511970
511906
511898
511857
511695
511483
511449
510869
510648
510439
510111
509976
509964
509682
509614
509368
509135
509061
508919
508838
508737
508614
507584
506971
506842
506834
505687
505538
505147
505020
504809
504759
504633
504627
504322
504254
503968
503811
503775
503736
503578
502906
502802
502746
502662
502407
502288
502104
502069
502068
502061
501871
501336
501233
501094
500645
500444
500391
500113
500072
499787
499683
499656
499190
498725
498022
497815
497579
497383
497369
497000
496661
496066
496045
495941
495792
495633
495425
495335
494871
494768
494627
494579
494409
494330
493925
493615
493558
493534
493474
493375
493215
493061
492566
492320
492101
491517
491392
491166
491116
490989
490784
490530
490387
490378
490238
490154
490133
489963
489920
489403
489318
489094
489018
488855
488809
488731
488055
487819
487771
487557
487457
487440
487387
487349
487325
487167
487119
486989
486807
486605
486172
486105
485957
485625
485621
485414
484965
484874
484789
484392
484234
483853
483807
483744
483741
483225
483106
482288
482135
481932
481791
481494
481371
481261
481131
480712
480419
480377
480314
480309
480295
480226
479970
479572
479513
479387
479064
478691
478519
478366
478200
478028
478023
477909
477882
477453
477338
477276
477253
475891
475624
475410
475100
475054
474950
474689
474136
474036
473956
473854
473416
473238
473068
473001
472918
472911
472616
472473
472466
472110
472005
471905
471344
470503
470063
469855
469641
468795
468398
468300
468017
467940
467939
467844
467491
467425
467369
467315
467217
467132
467067
466971
466549
466376
466192
466189
465968
465858
465705
465527
465431
464846
464829
464625
464330
464217
463997
463576
463486
462819
462620
462391
462350
461603
461460
461440
461411
461211
461197
461087
461061
460896
460872
460677
460486
460145
460052
459900
459371
458932
457473
457427
457245
457192
456546
456521
456520
456410
456200
455644
455550
455545
455531
455353
455262
455205
455138
454964
454714
454509
454249
454244
454222
454160
453838
453635
453037
452904
452896
452861
452295
451929
451553
451386
451065
450911
450774
449867
449841
449784
449745
449742
449684
449530
449444
449105
449094
448783
448718
448319
447934
447923
447794
447778
447723
447624
447485
447469
447334
447062
447055
447041
446923
446726
446671
446622
446492
446257
446237
446187
446033
445910
445838
445467
445419
445402
444992
444962
444501
444332
444084
443675
443611
443501
443244
443182
443040
442885
442829
442540
442044
442042
441875
441360
441225
441033
440248
439988
439826
439631
439086
438192
437182
437067
437059
437016
436728
436541
436006
435308
434988
434924
434028
433989
433685
433653
433043
432525
432286
432087
432015
431557
431365
430956
430705
430700
430639
430390
430098
429842
429350
429166
429089
428987
428902
428860
428218
427587
427389
427199
427180
427173
427122
427077
427062
426847
426823
426631
426572
426155
426139
426039
426029
425935
425848
425438
425415
424823
424749
424647
424098
423954
423826
423804
423073
423001
422786
422590
422532
422497
422149
422063
421979
421517
421389
421205
421184
421150
421109
421081
421076
420808
420660
420513
420297
420062
420051
419992
419915
419691
419579
419495
419266
419125
418881
418495
418480
418468
418095
417968
417577
417574
417285
417127
417068
416861
416786
416556
416466
416182
416123
416068
415511
415259
414947
414781
414456
414259
414074
413192
413171
412979
411665
411662
411572
411313
410922
410894
410871
410848
410838
410757
410622
410554
410483
410447
410313
410241
409939
409883
409861
409666
409519
409057
408639
408264
408059
407773
407663
407590
407517
407342
406996
406749
406687
406483
406288
405973
405878
405760
405154
405064
404583
404472
404228
404105
404103
404026
403750
403740
403597
403499
403187
402603
402599
402313
401952
401490
400964
400320
400007
399900
399858
399671
399518
399210
399033
398842
398654
398624
398431
398283
398033
397926
397851
397714
397599
397596
397228
396882
396777
396705
396387
396237
396222
396201
396081
395723
395645
395523
395465
395004
394519
394500
394485
393856
393794
393430
393137
393117
393088
392728
392634
392552
392530
392475
392438
392402
392202
391607
391601
391393
391063
390783
389574
389058
388461
387903
387623
387277
387100
387090
387049
386656
386384
386300
386195
385913
385772
385523
385069
385002
384458
384288
383982
383700
383521
383497
383451
383269
383187
383158
383097
382962
382905
381902
381088
380435
380106
380072
379995
379813
379705
379373
379141
379115
378826
378749
378065
377553
377419
377384
377292
377137
376695
376691
376449
376438
376141
375915
375867
374938
374766
374718
374456
374144
374123
373539
373485
373476
373453
373396
372998
372916
372825
372500
372471
371679
371676
371596
371560
371495
371194
371020
370164
370064
369728
369660
369515
369355
369299
368993
368589
368170
368037
367698
367312
367162
367076
366682
366673
366522
366296
366175
366120
365798
365757
365736
365038
364816
364770
364613
364374
364325
363715
363672
363642
362359
362336
362094
361979
361822
361751
361557
361526
360570
360383
360226
360161
359726
359720
359592
359304
359115
358734
358645
358533
357819
357784
357713
357508
357172
356618
356442
356390
356134
356109
356011
355898
355560
355444
355203
355114
354960
354606
354293
354111
354097
354065
353550
353483
353395
353305
352701
352618
352488
352142
352075
352050
351796
351491
351358
351322
351317
351174
351052
350501
350481
350082
349978
349749
349744
349573
349517
349067
348773
348700
348419
348173
348156
348156
348117
347884
347714
347630
347522
347517
347462
347422
347359
347224
347017
346723
346506
346279
346266
346212
346125
345981
345766
345197
345185
344717
344499
344449
344441
344101
344016
343596
343343
343341
343288
342855
342831
342735
342411
342267
342221
341397
341312
341309
341157
340723
340618
340561
340474
340396
340074
339833
339793
339586
339208
339048
338959
338448
337945
337627
337535
337148
337017
336818
336615
336379
336207
336090
335977
335072
334813
334682
334472
334438
333969
333953
333658
333467
333264
333257
333197
333158
333063
332746
332330
332232
332196
331992
331919
331397
331359
331324
331322
330899
330895
330465
330220
330153
330118
329980
329760
329738
329678
329519
329178
328996
328474
328160
328146
327962
327900
327841
327830
327569
326935
326926
326350
326277
325616
325368
325318
325230
325196
325175
325037
325019
324868
324403
323604
323459
322917
322915
322844
322820
322812
322686
322375
322274
322161
322101
322052
321495
321211
321089
320448
320128
320081
319968
319945
319797
319656
319638
319545
319453
319371
319239
319184
319137
318533
318429
317761
317671
317457
317181
316878
316572
316531
316228
315825
315675
315306
315093
314986
314790
314395
314230
314130
313990
313765
313759
313551
313373
312808
312801
312770
312662
312383
312382
312381
312230
312212
312064
311942
311712
311632
311593
311576
311565
310912
310774
310758
310747
310331
310245
310000
309983
309789
309613
309434
309422
309381
309243
308482
308266
308198
308149
308078
307738
307700
307651
307534
307030
306968
306770
306643
306619
306388
306229
305888
305593
305456
305217
305169
305154
305052
303764
303686
303647
303647
303471
303411
303239
303118
303005
302707
302343
301844
301832
301649
301578
301162
300947
300886
300626
300335
300261
300205
299941
299937
299713
299403
299208
298017
297536
297416
297415
297247
297150
297089
296961
296744
296482
296404
296370
296310
296154
296136
296063
295991
295976
295866
295636
295576
295349
294996
294251
294157
293810
293766
293257
293222
293063
291777
291618
291576
291569
291401
291290
291284
291261
290231
290212
290160
290125
289997
289962
289908
289558
289471
289241
289181
289103
289011
288818
288277
287891
287412
287406
287156
286721
286693
286471
286462
286365
286356
286265
286085
285963
285124
285020
284965
284555
283525
283283
283232
282846
282734
282445
282200
282122
282042
281383
281012
280942
280554
280522
280282
279878
279661
279469
279241
279220
278909
278646
278629
278442
278115
277410
277386
276979
276700
276660
275973
275801
275753
275633
275408
274230
273590
273507
273438
273426
273418
273195
273150
273028
273024
272995
272735
272411
272166
272100
271967
271482
271467
271202
271092
271007
270578
270531
270235
270195
269983
269304
269094
269045
269033
268717
268283
267817
267580
267342
266946
266840
266562
266429
266145
266142
265876
265732
265509
264928
264904
264791
264404
264230
264184
264022
264000
263984
263920
263609
263450
263335
263327
262440
262265
261942
261682
261388
261331
261136
260744
260664
260658
260327
260284
259890
259794
259638
258894
258810
258763
258626
258511
258472
258024
257756
257694
257454
257397
257357
257192
257136
256685
256612
256590
256532
256494
256122
255783
255583
255248
254732
254657
254643
254448
254171
254094
253955
253414
253340
253328
253040
252954
252587
252391
252243
252159
252034
251878
251612
251419
251280
251132
251034
250955
250947
250819
250712
250470
250419
250077
249816
249731
249600
249597
249385
249328
249055
248972
248969
248934
248883
248861
248471
247700
247640
247400
247356
247116
246421
245748
245718
245608
245347
245140
244943
244690
244596
244394
244270
242931
242691
242500
242374
242029
241959
241609
241397
240618
240499
240156
240054
239779
239615
239539
239407
239277
239117
238703
237667
237441
237287
237145
237132
236419
236242
235495
235371
234979
234910
234667
234243
234107
234070
233507
233445
233042
232795
232176
232083
232066
232001
231630
231546
231438
230674
230560
230194
230141
229686
229523
229430
229105
228846
228725
228274
228107
228050
227969
227769
227672
227629
227299
227086
226665
226417
225743
225695
225482
225464
225369
225341
225195
225062
224802
224235
223583
223545
223529
223496
223355
222981
222475
222418
222106
221702
221401
221333
221277
221097
221061
220430
220271
219849
219693
219290
218728
218623
218485
218210
217678
217545
217536
217291
217217
216520
216473
216358
216356
216011
215954
215883
215829
215653
215547
215290
215174
214734
214348
214193
213936
213568
213567
213554
213418
213416
213276
213127
212771
212763
212582
212579
212061
211604
211404
211356
210932
210892
210799
210654
210463
210146
210142
210016
209954
209886
209872
209603
209537
209393
208907
208702
208419
208212
207942
207846
207751
207622
207576
207455
207286
207057
207055
206890
206857
206214
205087
205070
205030
204876
204651
204501
203580
202781
202677
202626
202603
202571
202397
202293
202158
202146
202089
201919
201849
201843
201724
201690
201661
200874
200618
200548
200529
200514
200113
200016
199867
199837
199794
199757
199459
199371
198845
198407
198331
197834
197403
196473
196249
195995
195698
195531
194369
194222
193798
193682
192890
192799
192675
192518
192510
192373
191932
191503
191474
191464
191446
191298
191061
190864
190826
190789
190729
190674
190504
190299
190272
190201
189655
189596
189567
189513
189441
188471
188413
187916
187749
187665
187579
187503
186988
186724
186658
186591
186369
185960
185634
185163
185054
184635
184466
184365
184259
184141
183919
183735
183675
183621
182757
182685
182641
182384
182174
182095
182025
181919
181828
181592
181426
181254
181186
180830
180739
180598
180577
180352
179891
179867
179757
179289
179175
178349
177913
177881
177877
177857
177715
177636
177469
177446
177215
176884
176822
176056
175777
175596
175338
175101
174456
173843
173698
173549
173332
173234
173022
172919
172813
172617
172149
171847
171498
171451
171432
171307
170711
170237
169738
168999
168863
168515
168142
168097
167817
167768
167667
167479
167369
167350
167194
166734
166684
166670
166596
166491
166389
165759
165507
165265
165032
164663
164586
164180
164169
164120
164024
163990
163903
163160
162765
162746
162487
162360
162350
162265
162210
162158
161916
161815
161793
161673
161576
161430
161203
160646
160632
160266
159979
159783
159775
159564
159476
159404
159356
159345
159344
158716
158483
158288
158221
158212
158147
158050
157978
157946
157930
157645
157590
157476
157438
157339
157327
157062
156591
156560
156304
156281
156240
155950
155649
155553
155145
155144
155067
155039
154929
154288
153880
153780
153776
153748
153657
153609
153454
153402
153144
153117
152973
152954
152779
152729
152705
152670
152582
152511
152237
152233
152220
152110
151754
151290
151288
151224
150996
150801
150446
150286
150222
150195
149912
149649
149467
149298
149182
149161
149015
148840
148676
148662
148373
147590
147143
146934
146887
146718
146622
146620
146452
146042
145831
145713
145526
145506
145439
145342
145336
145317
145093
144963
144824
144760
144369
144188
143874
143763
143559
143443
143005
142634
141951
141664
141223
140667
140585
140472
140298
140098
139988
139755
139592
139311
139073
139044
138981
138457
138098
138016
138009
137546
137478
137385
137081
137010
136894
136363
136205
136117
135879
135845
135623
135565
135498
135428
135357
134990
134904
134656
134306
134297
134047
133901
133708
133212
133184
132816
132686
132576
132407
132308
132273
132253
132062
131922
130920
130869
130847
130836
130237
130029
129825
129806
129763
129724
129720
129063
129010
128924
128910
128566
128551
128377
128246
127988
127936
127815
127669
127641
127480
127449
127408
127259
127246
127050
126825
126686
126497
126187
126034
125989
125915
125546
125469
125430
125360
125213
125066
124982
124832
124666
124641
124606
124512
123920
123830
123761
123665
123548
123279
123052
122725
122241
122117
122025
121855
121592
121212
121037
120767
120335
119633
119361
119248
119236
118757
118477
118214
117282
117216
117026
116718
116386
115860
115703
115034
114955
114934
114390
114308
113896
113647
113284
113079
113016
112873
112784
112523
112439
111973
111803
111791
111650
111576
111545
111372
111362
111331
111305
110656
110559
110197
110065
109986
109981
109934
109900
109682
109633
109420
109355
109096
108593
108252
108235
107769
107452
107367
107346
106692
106564
106184
106025
106024
105977
105965
105884
105464
105089
105058
104885
104756
104755
104257
104046
103998
103835
103156
102781
102543
102442
102143
101594
101068
100630
100616
100328
100165
100116
100098
100040
99926
99898
99551
99345
99186
99176
99110
99097
98972
98458
98222
98175
97857
97794
97563
97424
97237
97235
97058
96963
96350
96334
96243
96157
96042
96018
95801
95772
95667
95431
95360
94256
94040
93854
93550
93511
93491
93431
93286
93102
93057
92876
92711
92594
92511
92431
92325
91649
91590
91516
91385
91228
91147
90588
90285
90261
90121
89924
89323
89107
88042
87925
87885
87659
87499
87307
86571
86377
86353
85910
85806
85651
85556
85451
85353
85193
84729
84729
84680
84159
83893
83892
83418
83158
83145
83008
82962
82770
82548
82354
82196
82117
82109
82013
81807
81686
80913
80435
80362
80350
80291
79990
79891
79841
79764
79660
79076
78849
78770
78710
78551
78317
78284
78027
77771
77247
77148
77078
76784
76393
76214
75937
75751
75675
75627
75422
74947
74945
74649
74246
74141
74048
73763
73521
73494
73397
73340
73251
72938
72838
72569
72249
72237
72187
72156
72145
71870
71735
71727
71669
71377
71365
70735
70578
70513
70458
70424
70420
70261
70042
69750
69611
69324
69093
68445
68427
68245
68157
68090
68020
67775
67768
67538
67449
67373
67236
67212
66971
66673
66435
66284
65412
65248
65088
64299
64243
64141
64117
63588
63587
63451
63188
62655
62631
62532
62523
62172
61946
61698
61332
61232
61120
60930
60630
60508
60322
59866
59425
59010
58983
58264
58225
58132
57785
57645
57522
57099
56691
56489
56423
56247
55870
55800
55614
55187
55010
54721
54490
54016
53912
53611
53540
53254
53199
52963
52900
52780
51956
51892
51618
51438
51028
50876
50716
50705
50585
50319
50309
50254
49764
49368
49207
49206
49015
49000
48985
48794
48769
48298
48151
48130
47940
47891
47707
47660
47600
46645
46247
46209
46187
46118
45735
45688
45440
44849
44685
44484
44413
44396
44349
44136
44047
43690
43622
43460
43347
43346
43321
42924
42830
42714
42653
42335
42042
42011
41918
41901
41849
41773
41130
41128
41086
41037
40515
40182
39866
39863
39798
39780
39674
39551
39292
39275
39106
39085
38702
38328
38308
38142
37786
37716
37633
37228
37184
36555
36132
36097
35940
35765
35469
35065
34999
34650
34581
34557
34290
34212
34007
33290
33223
33118
32933
32915
32581
32451
31860
31822
31702
31681
31657
31619
31617
31540
31507
31342
31320
31200
31067
30784
30598
30593
30589
30470
30377
30085
29605
29531
29454
29443
29412
29159
28997
28960
28573
28388
28349
28036
27352
26707
26620
26250
26091
25524
25383
25249
25020
24922
24194
24087
23846
23622
23601
23438
23368
23279
23188
22989
22826
22703
22609
22592
22582
22359
22353
22095
21812
21689
21482
21366
21263
20844
20771
19978
19656
19472
19137
19125
18944
18797
18271
17955
17889
17462
17400
17287
17268
16904
16882
16539
16179
16121
16056
15928
15739
15632
15517
15448
14990
14807
14670
14556
14208
13751
13615
13566
13505
13179
12972
12648
12104
12044
11977
11648
11547
11446
11162
11028
10784
10147
10116
10017
9560
9554
9524
9447
8840
8201
7961
7868
7560
7455
7453
7405
7083
7074
6307
6247
6077
5870
5859
5377
4985
4839
4422
4301
4277
4153
4011
3444
3406
3265
3212
3092
2632
2447
2344
2232
2181
2107
1775
1748
1535
1446
1434
606
451
368
277
23
-238
-480
-789
-816
-1050
-1138
-1402
-2146
-2267
-2445
-3429
-3621
-3654
-3700
-4172
-4187
-4240
-4358
-4415
-4608
-4887
-4911
-5136
-5518
-5641
-5984
-6319
-6328
-6387
-6439
-6486
-6799
-6989
-7019
-7215
-7344
-7604
-7871
-8116
-8226
-8262
-8338
-8367
-8471
-8733
-8815
-8840
-8863
-9110
-9162
-9232
-9357
-9414
-9476
-9569
-9670
-9897
-10143
-10152
-10232
-10252
-10287
-10659
-10852
-10905
-11032
-11241
-11306
-11758
-11860
-12021
-12163
-12164
-12240
-12332
-12402
-12421
-12461
-12517
-12815
-12827
-12899
-13317
-13779
-13911
-13954
-14163
-14217
-14330
-14454
-14607
-14847
-15061
-15095
-15189
-15519
-15575
-15672
-15793
-15908
-16048
-16269
-16287
-16562
-16935
-16938
-17008
-17893
-18962
-19186
-19295
-19464
-19498
-19503
-19723
-19756
-19772
-20514
-20733
-20997
-21322
-21386
-21459
-21678
-22220
-22261
-22357
-22537
-22582
-22785
-23039
-23075
-23120
-23247
-23511
-23610
-23682
-24061
-24093
-24339
-24384
-24413
-24654
-25200
-25814
-25893
-26341
-26437
-26673
-26854
-27257
-27294
-27455
-27912
-28048
-28059
-28130
-28199
-28389
-28600
-29106
-29610
-29661
-29775
-30043
-30445
-30628
-31024
-31514
-31526
-31537
-32075
-32148
-32304
-32462
-32586
-32671
-32984
-33071
-33383
-33757
-33822
-33904
-34013
-34181
-34375
-34434
-34599
-34841
-34974
-35476
-36114
-36216
-37309
-37403
-37511
-37525
-37694
-37711
-37766
-37804
-38131
-38214
-38595
-38625
-38824
-39661
-39716
-39738
-39933
-39963
-40096
-40332
-40344
-40474
-40571
-40616
-40826
-40950
-40971
-41180
-41502
-41648
-41791
-41827
-41831
-41851
-41975
-42279
-42293
-42415
-42434
-42494
-42517
-42523
-42544
-42569
-42752
-42975
-43027
-43055
-43556
-43623
-43653
-43798
-44567
-44623
-44710
-45353
-45372
-45440
-45643
-45831
-46005
-46434
-46439
-46921
-47048
-47057
-47252
-47408
-47787
-47801
-48066
-48553
-48567
-48737
-48939
-49039
-49044
-49178
-49316
-49357
-49370
-49653
-50156
-50355
-50384
-50487
-50581
-50888
-51508
-51512
-51621
-53179
-53351
-53405
-54179
-54461
-54919
-55030
-55331
-55369
-55688
-56020
-56153
-56333
-56399
-56412
-56436
-56724
-56764
-56795
-56904
-56977
-57061
-57563
-58031
-58459
-58532
-58542
-58668
-58750
-58987
-59139
-59153
-59409
-59650
-59673
-59771
-59809
-59894
-60459
-60481
-60606
-60632
-60742
-60824
-61503
-61588
-61677
-61838
-61872
-62058
-62219
-62427
-62498
-62622
-63771
-64115
-64151
-64273
-64287
-64361
-64839
-64925
-65070
-65463
-65610
-66807
-67013
-67269
-67899
-68175
-68291
-68398
-68659
-68815
-69044
-69124
-69175
-69634
-69943
-70021
-71062
-71103
-71424
-71749
-71815
-71939
-71956
-72034
-72697
-72710
-72847
-73092
-73235
-73988
-74062
-74226
-74394
-74617
-74942
-75130
-75154
-75250
-75582
-75644
-75805
-76264
-76585
-76824
-76936
-77065
-77344
-77778
-77836
-77847
-78081
-78321
-78335
-78366
-78491
-78558
-78754
-78793
-78859
-79073
-79311
-79925
-79930
-80075
-80078
-80376
-80637
-80795
-81174
-81390
-81479
-81487
-82374
-82412
-82690
-83851
-83925
-83926
-84204
-84273
-84323
-84353
-84671
-84831
-85326
-85354
-85507
-85688
-85842
-85849
-85870
-86127
-86219
-86713
-86762
-87086
-87384
-87569
-87576
-87680
-87725
-88355
-88618
-88685
-88818
-89531
-89531
-89677
-90355
-90484
-90711
-91299
-91332
-91376
-91479
-91751
-92036
-92137
-92148
-92313
-93487
-93855
-94053
-94071
-94276
-94331
-94392
-94402
-94626
-94690
-94734
-94779
-95205
-95230
-95541
-95614
-95615
-95706
-95708
-95743
-95745
-96601
-96665
-96716
-97018
-97050
-97715
-98075
-98202
-98269
-98318
-98363
-98952
-99103
-99159
-99233
-99944
-100367
-100393
-100478
-100875
-101527
-101916
-102064
-102295
-102677
-102888
-102906
-103055
-103103
-103299
-103450
-103463
-103712
-103829
-103883
-103896
-103917
-103922
-104014
-104212
-104330
-104818
-104841
-104891
-104949
-105184
-105306
-105372
-105501
-105624
-105757
-105819
-105914
-106374
-106488
-106537
-106886
-107168
-107445
-107461
-107844
-107909
-107990
-108538
-108803
-108850
-108865
-109279
-109349
-109707
-109974
-110248
-110617
-110850
-110905
-110911
-111265
-111306
-111403
-111523
-111648
-111990
-112046
-112193
-112684
-112938
-112968
-113536
-113630
-113687
-113862
-114158
-114436
-114630
-114859
-115087
-115660
-115763
-115801
-115845
-115975
-116382
-116489
-116513
-116642
-117074
-117376
-117854
-118197
-118297
-118356
-118361
-118671
-118675
-118708
-119219
-119499
-119600
-119693
-119927
-120229
-120377
-120427
-120601
-120688
-120961
-121169
-121421
-121577
-121741
-121744
-122631
-122742
-122797
-122860
-122963
-123291
-123521
-123676
-123708
-123921
-124012
-124276
-124392
-124569
-124781
-124960
-125019
-125456
-125489
-125505
-125640
-125864
-125920
-126128
-126163
-126455
-126875
-127223
-127438
-127443
-127446
-127490
-127968
-128149
-128246
-129146
-129646
-129992
-130194
-130418
-130802
-130874
-131026
-131497
-131850
-131968
-132051
-132078
-132260
-132679
-133274
-133819
-133872
-133987
-134097
-134201
-134557
-134629
-134677
-134902
-134911
-134983
-135341
-135547
-135719
-135878
-136417
-136783
-136828
-136957
-137094
-137169
-137416
-137465
-137666
-138011
-138024
-138379
-138410
-138459
-138833
-139149
-139311
-139697
-139709
-139855
-139942
-140083
-140537
-140706
-140972
-141017
-141355
-141409
-141691
-141937
-142197
-142246
-142360
-142816
-142858
-142934
-143008
-144155
-144361
-144543
-144978
-145848
-146035
-146109
-146200
-146603
-146672
-146744
-147047
-147279
-147362
-147731
-147873
-147929
-148021
-148130
-148225
-148560
-148896
-148938
-149267
-149696
-149715
-150046
-150103
-150148
-150942
-150997
-151361
-151434
-151461
-152215
-152279
-152328
-152730
-152843
-152889
-153441
-153556
-153660
-153689
-154274
-154621
-154632
-155009
-155040
-155078
-155149
-155375
-155591
-155614
-155673
-155909
-156035
-156069
-156542
-157301
-157527
-157812
-157945
-158095
-158166
-158274
-158435
-158696
-158812
-158838
-158841
-159054
-159474
-159499
-159549
-160000
-160030
-160052
-160071
-160415
-160525
-160606
-160844
-161712
-162027
-162141
-162307
-162590
-163227
-163233
-163322
-163653
-163763
-164212
-164517
-164576
-164589
-164738
-165190
-165255
-165397
-165516
-165590
-165610
-165687
-165698
-165760
-165789
-165846
-166201
-166962
-167352
-167549
-167725
-167949
-168272
-169060
-169190
-169336
-169544
-170123
-170693
-170764
-170794
-170835
-171048
-171139
-171210
-171334
-171391
-171410
-171645
-171691
-172333
-173077
-173156
-173222
-173673
-174058
-174094
-174546
-174631
-174711
-174806
-175023
-175133
-175251
-175278
-175399
-175604
-175865
-175976
-176507
-176677
-176758
-176801
-177068
-177872
-177919
-178090
-178217
-179097
-179178
-179400
-179918
-179945
-179960
-180008
-180126
-180197
-180278
-180405
-180483
-180694
-180885
-181063
-181442
-181525
-181645
-181738
-181834
-182494
-182576
-183198
-183352
-183402
-183907
-184027
-184133
-184194
-184332
-184401
-184622
-184873
-184904
-185280
-185396
-185493
-185807
-185889
-185925
-186356
-186439
-186815
-187300
-187607
-187693
-188286
-188534
-188619
-189114
-189114
-189320
-189958
-189981
-190101
-190132
-190146
-190516
-190768
-191040
-191152
-191155
-191293
-191398
-191698
-191767
-191867
-192345
-192819
-192888
-192946
-193232
-193278
-193545
-193553
-193680
-193926
-193941
-194570
-194815
-195053
-195222
-195238
-195608
-195811
-195815
-195992
-196102
-196179
-196319
-196446
-196550
-196957
-197279
-197805
-198533
-198610
-198687
-198733
-198812
-199138
-199310
-199433
-199513
-199694
-200144
-200196
-200323
-200578
-200662
-200732
-200746
-201234
-201453
-201977
-202046
-202051
-202271
-202393
-202586
-202696
-202881
-203008
-203172
-203248
-203452
-203485
-204020
-204380
-204642
-205071
-205219
-205603
-205766
-206024
-206609
-206800
-206959
-207381
-207477
-207492
-207671
-207885
-207885
-207943
-207961
-207972
-208103
-208298
-208440
-208715
-208748
-208818
-208964
-208979
-209494
-209697
-210577
-210684
-210733
-210854
-211360
-211374
-211401
-211590
-211815
-211959
-212006
-212162
-212237
-212263
-212328
-212752
-212888
-213075
-213090
-213403
-213477
-213621
-214198
-214352
-214424
-214469
-214771
-214869
-215317
-215357
-215568
-215627
-216380
-216460
-216527
-216731
-216751
-217059
-217113
-217325
-217339
-217364
-217657
-218050
-218154
-218833
-219037
-219069
-219201
-219356
-219359
-219391
-219625
-219794
-220034
-220089
-220091
-220404
-220432
-220802
-220874
-221140
-221623
-222155
-222378
-222401
-222750
-223049
-223148
-223188
-223489
-223781
-223990
-224088
-224091
-224253
-224647
-224737
-225160
-225172
-225185
-225307
-225329
-225800
-225935
-225938
-225958
-226029
-226056
-226398
-226420
-226502
-226511
-226734
-226735
-226754
-226863
-226982
-227324
-227334
-227998
-228094
-228104
-228843
-229023
-229148
-229546
-229823
-230243
-230257
-230334
-230434
-231158
-231175
-231692
-231695
-231895
-232268
-233300
-233390
-233459
-233515
-234049
-234149
-234432
-234628
-234749
-234935
-235052
-235192
-235389
-235409
-235849
-235874
-235923
-235932
-236243
-236834
-237004
-237027
-237190
-237317
-237536
-237786
-237830
-238062
-238223
-238531
-238563
-238857
-239018
-239054
-239172
-239231
-239440
-239499
-239554
-239663
-239727
-239811
-239876
-240630
-240863
-240865
-240915
-240940
-240952
-240981
-241118
-241228
-241483
-241590
-241819
-241903
-241926
-242075
-242319
-242381
-242639
-242655
-242656
-242767
-242773
-243009
-243262
-243331
-243942
-244246
-244562
-244795
-244948
-244961
-245064
-245159
-245235
-245482
-245841
-245868
-245922
-246046
-246380
-246385
-246467
-246606
-246643
-246744
-246792
-246955
-247447
-247690
-248012
-248288
-248511
-248909
-248914
-249046
-249313
-249439
-249531
-249618
-249704
-249877
-250648
-251375
-251652
-251762
-251921
-252001
-252243
-252384
-252599
-252798
-253297
-253542
-253730
-253922
-254298
-254688
-254728
-254885
-254915
-255033
-255384
-256067
-256190
-256347
-256489
-256669
-256752
-256974
-257271
-257769
-257964
-258066
-258147
-258233
-258391
-258477
-258569
-258632
-258811
-258906
-259044
-259071
-259629
-260375
-260381
-261011
-261653
-261855
-261913
-262211
-262229
-262531
-262823
-263280
-263429
-263592
-263995
-264137
-264575
-264882
-264910
-264946
-265306
-266011
-266021
-266299
-266309
-266662
-266747
-266795
-267725
-267794
-267861
-267892
-268062
-268361
-268860
-269029
-269250
-269251
-269460
-269905
-269967
-270079
-270173
-270175
-270398
-270547
-270623
-270690
-270754
-270905
-271177
-271231
-271562
-272081
-272107
-272476
-272564
-273057
-273582
-273811
-273885
-274534
-274758
-274760
-274939
-275295
-275382
-275511
-275577
-275612
-275794
-275869
-276099
-276153
-276369
-276574
-276603
-277060
-277321
-277467
-277512
-277547
-277558
-277565
-277844
-278578
-278579
-278619
-278643
-278672
-278783
-279006
-279399
-279796
-279991
-280034
-280226
-280334
-280478
-280623
-280642
-280658
-280658
-280784
-280970
-281045
-281305
-281385
-281649
-281771
-281826
-281948
-281978
-282283
-283250
-283252
-283472
-283577
-283889
-284002
-284064
-284080
-284275
-284659
-285008
-285087
-285133
-285221
-285630
-285634
-286120
-286445
-286556
-286913
-287326
-287343
-287365
-287537
-287573
-287646
-287697
-287699
-287880
-288284
-288352
-288410
-288642
-288893
-289014
-289054
-289354
-289486
-289546
-289715
-289845
-289985
-290408
-290647
-290775
-290920
-291442
-291803
-291866
-291989
-292199
-292230
-292953
-292990
-293036
-293318
-293379
-293414
-293579
-293730
-294161
-294172
-294204
-294262
-294287
-294327
-294342
-294440
-294795
-294891
-294910
-294984
-295146
-295153
-295201
-295289
-295371
-295379
-295629
-295738
-296061
-296123
-296397
-296610
-297068
-297123
-297195
-297459
-297488
-297625
-297668
-298219
-298398
-298408
-298537
-298663
-298725
-298762
-298840
-299183
-299391
-299542
-299670
-299703
-300436
-300439
-300690
-300744
-300789
-300805
-300849
-300868
-301059
-301086
-301586
-301983
-302150
-302768
-302884
-302928
-302982
-303567
-303622
-303688
-304019
-304485
-304561
-304691
-304833
-304841
-304938
-304999
-305152
-306148
-306163
-306174
-306213
-306385
-306487
-306969
-307016
-307049
-307544
-307946
-308058
-308403
-308459
-308463
-308518
-308590
-308839
-308866
-308884
-309004
-309857
-310095
-310172
-310172
-310200
-310618
-310970
-311197
-311347
-311409
-311532
-311790
-311983
-312291
-312393
-312404
-312436
-312450
-312584
-312647
-313228
-314150
-314555
-314616
-314802
-314937
-315093
-315123
-315462
-315837
-315936
-315968
-316034
-316044
-316190
-316820
-316875
-316889
-317264
-317509
-317559
-318417
-318760
-318780
-318918
-319046
-319095
-319119
-319178
-319252
-319263
-319268
-319320
-319324
-319450
-319499
-319569
-319671
-319677
-319850
-319860
-319907
-319930
-319946
-320021
-320191
-320206
-320441
-320758
-320889
-321073
-321274
-321769
-322005
-322056
-322224
-322225
-322349
-322463
-322583
-322632
-322727
-322983
-323205
-323435
-323488
-323657
-323963
-324193
-324511
-324668
-325391
-325499
-325520
-325599
-325639
-325755
-326148
-326289
-326330
-326450
-326558
-326668
-326818
-326993
-327499
-327614
-327766
-327821
-327864
-328025
-328294
-328480
-328976
-329225
-329304
-329388
-329962
-330110
-330450
-330590
-330708
-330879
-331059
-331490
-331661
-332471
-332501
-332582
-332694
-332898
-333214
-333587
-333881
-333923
-334766
-335052
-335063
-335413
-335419
-335529
-336034
-336160
-336200
-336406
-336897
-337042
-337193
-337284
-337537
-337547
-337793
-337996
-338010
-338050
-338122
-338376
-338740
-338766
-338787
-338793
-338846
-338878
-338878
-338973
-339235
-339467
-340689
-340888
-341267
-341337
-341540
-341713
-342345
-342447
-342511
-342696
-343104
-343153
-343231
-343247
-343302
-343467
-343899
-344121
-344148
-344286
-344386
-344429
-344650
-344661
-344793
-344979
-345222
-345710
-345853
-346093
-346149
-346178
-346532
-346541
-346755
-346859
-346884
-346933
-347052
-347228
-347316
-347462
-347475
-348003
-348262
-348946
-349079
-349139
-349192
-349217
-349345
-349794
-350120
-350263
-350265
-350775
-350794
-350943
-351060
-351143
-351292
-351501
-351980
-352076
-352168
-352575
-352661
-352775
-352909
-353786
-353882
-353985
-354135
-354574
-354763
-354968
-355102
-355722
-355986
-356207
-356279
-356543
-356787
-357426
-357579
-357602
-357817
-357851
-358580
-358785
-358842
-358949
-359164
-359249
-359345
-359380
-359571
-359614
-359855
-359893
-360106
-360463
-360736
-360797
-360858
-360872
-360958
-361321
-361323
-361560
-362061
-362150
-362530
-362682
-363018
-363390
-363414
-363439
-363670
-364025
-364095
-364263
-364610
-365047
-365154
-365781
-366259
-366320
-366395
-366964
-367042
-367117
-367328
-367564
-367663
-367766
-367800
-367833
-368435
-368632
-368873
-368907
-369056
-369125
-370252
-370263
-370293
-370527
-370618
-370641
-370790
-370976
-370996
-371194
-371217
-372100
-372182
-372548
-372638
-372877
-373072
-373923
-374557
-374710
-374798
-375065
-375248
-375585
-375651
-375699
-375872
-375966
-376032
-376172
-376564
-377683
-377978
-378137
-378376
-378515
-378750
-379089
-379476
-379521
-380022
-380169
-380247
-380455
-380941
-381107
-381427
-381569
-381671
-381721
-382113
-382241
-382827
-382923
-383017
-383186
-383610
-383631
-383804
-383987
-384484
-384560
-384699
-384736
-384795
-385272
-385612
-385627
-386232
-386430
-386657
-386752
-386944
-386986
-387020
-387051
-387082
-387101
-387242
-387442
-387730
-387759
-387894
-387970
-388104
-388593
-388824
-388992
-389038
-389070
-389209
-389522
-390078
-390080
-390541
-390563
-390677
-390756
-391121
-391322
-391584
-391632
-391769
-391788
-391951
-392123
-392235
-392381
-392594
-392645
-392843
-392890
-392912
-393090
-393157
-393229
-393273
-393291
-393363
-393942
-394114
-394161
-394482
-394700
-395240
-395277
-395596
-395820
-395838
-395938
-396141
-396212
-396421
-397080
-397097
-397253
-397444
-397534
-397623
-397730
-397734
-398158
-398166
-398274
-398379
-398414
-398733
-398841
-398958
-399109
-399748
-399803
-400026
-400417
-400447
-400600
-400605
-401009
-401139
-401300
-401792
-401875
-401959
-402117
-402357
-402472
-402680
-402822
-402968
-403102
-403319
-403625
-403822
-404335
-404446
-404455
-404506
-404663
-404831
-405055
-405132
-405139
-405235
-405254
-405319
-405345
-405414
-405619
-405792
-405890
-406091
-406203
-406277
-406399
-406419
-406512
-406685
-407067
-407348
-407577
-407806
-407991
-408302
-408915
-409381
-409492
-409734
-409914
-410082
-410119
-410776
-410973
-410987
-410992
-411086
-411147
-411193
-411328
-411722
-411902
-412478
-412541
-412651
-413206
-413781
-413926
-414013
-414400
-414731
-414956
-415205
-415565
-415640
-416010
-416249
-416455
-416836
-416982
-417104
-417126
-417259
-417744
-417912
-418223
-418356
-418799
-418806
-418877
-419006
-419329
-419494
-419534
-419554
-419781
-420196
-420346
-420638
-420653
-420805
-421023
-421547
-421663
-422138
-422270
-422411
-422594
-422637
-422862
-422891
-422964
-423218
-423613
-423663
-423703
-423883
-424027
-424131
-424304
-424354
-424623
-424656
-424687
-424929
-425138
-425356
-425500
-425628
-425913
-425940
-425943
-426299
-426326
-426457
-426467
-426579
-426840
-426954
-428107
-428108
-428436
-428678
-428720
-429227
-429530
-429663
-430036
-430070
-430464
-431077
-431097
-432043
-432277
-432366
-432469
-432501
-432686
-432954
-433177
-433230
-433471
-433637
-434551
-434606
-434757
-435476
-435504
-435976
-436053
-436280
-436580
-436666
-436756
-437084
-437165
-437175
-437340
-437738
-438345
-438359
-438420
-438624
-438817
-438906
-439047
-439099
-439178
-439296
-440001
-440051
-440151
-440184
-440810
-440864
-440953
-441312
-441639
-441909
-442102
-442212
-442429
-442524
-442705
-442787
-443567
-443664
-444169
-444731
-444825
-444933
-444974
-445076
-445463
-445466
-445605
-445865
-445892
-445966
-446087
-446325
-446403
-446431
-446832
-446842
-446892
-447016
-447094
-447136
-447165
-447192
-447441
-447444
-447517
-447529
-447554
-447819
-448249
-448678
-448725
-448951
-448990
-449448
-449721
-449818
-449977
-450049
-450100
-450472
-450539
-450558
-450597
-450952
-451065
-451174
-451622
-451784
-452089
-452239
-452241
-452255
-452350
-452487
-452532
-452537
-452586
-452681
-452822
-453019
-453084
-453465
-453832
-453902
-454254
-454390
-454877
-454903
-455041
-455360
-455547
-455606
-455752
-456075
-456305
-456480
-456518
-456641
-456693
-456840
-456899
-456904
-457287
-457610
-457841
-458166
-458357
-458435
-458968
-459142
-459239
-459288
-459347
-459446
-459694
-459742
-459888
-460054
-460118
-460372
-460476
-460588
-460689
-461171
-461298
-461583
-461678
-461903
-462233
-462317
-462930
-462968
-463323
-463398
-463508
-464145
-464226
-464261
-464876
-465382
-465561
-465624
-465639
-465804
-465817
-466611
-466620
-466647
-466673
-466903
-467298
-467425
-467809
-468014
-468148
-468581
-468995
-469024
-469219
-469575
-470312
-470892
-471084
-471136
-471278
-471715
-471808
-472009
-472109
-472195
-472307
-472597
-472882
-473186
-473662
-473704
-474135
-474725
-475526
-475585
-475707
-475792
-475926
-476004
-476167
-476209
-476387
-476476
-476619
-476758
-476772
-477116
-477320
-477366
-478749
-478808
-479073
-479356
-479388
-479480
-479660
-479857
-480326
-480401
-480417
-480824
-480894
-481308
-481576
-481891
-482061
-482105
-482120
-482389
-482764
-482815
-483199
-483214
-483498
-483572
-483689
-484039
-484438
-484453
-484513
-484940
-485106
-485709
-485893
-485946
-486176
-486451
-486812
-486909
-486916
-486919
-487628
-487683
-487807
-487935
-488059
-488433
-488523
-488532
-488596
-488619
-488627
-488736
-488835
-489223
-489301
-489301
-489647
-490050
-490110
-490228
-490325
-490500
-490502
-490748
-491517
-491572
-491605
-492124
-492827
-492959
-493092
-493105
-494332
-494715
-494782
-494987
-495130
-495137
-495553
-495940
-496004
-496097
-496140
-496146
-496160
-496196
-496211
-496258
-496367
-496392
-496392
-496537
-496626
-496772
-496898
-497205
-497451
-497461
-497837
-498070
-498235
-498355
-498358
-498710
-498906
-498972
-498984
-499038
-499065
-499264
-499350
-499712
-499728
-500197
-500670
-500801
-500854
-501634
-501751
-502149
-502476
-502477
-503082
-503120
-503421
-503427
-503480
-503488
-503556
-503901
-504132
-504409
-504596
-504634
-505271
-505336
-505736
-505900
-507064
-508656
-508742
-508791
-508876
-508931
-509078
-509224
-509248
-509392
-509451
-509683
-510024
-510840
-510891
-511260
-511493
-511528
-511588
-511932
-511957
-512173
-512252
-512278
-512342
-512437
-512621
-512741
-513651
-514019
-514074
-514181
-514301
-514370
-514391
-514499
-515011
-515124
-515522
-515630
-515681
-515870
-515940
-516421
-516673
-516852
-516998
-517132
-517142
-517175
-517348
-517413
-517446
-517467
-517530
-517625
-518101
-518155
-518244
-518453
-518621
-518734
-518759
-518894
-518953
-519733
-519861
-519897
-520255
-520720
-521234
-521679
-521937
-522178
-523434
-523673
-523676
-523706
-523887
-524211
-524212
-524432
-524624
-524668
-525257
-525719
-525966
-526347
-526817
-527338
-527387
-527965
-528631
-528873
-529165
-529531
-529604
-529808
-530161
-530254
-530568
-530651
-530970
-531032
-531074
-531096
-531176
-531253
-531316
-531444
-531518
-531547
-531823
-531916
-532246
-532434
-532712
-532749
-533169
-533432
-533507
-533614
-534117
-534308
-534798
-534817
-534947
-535077
-535132
-535311
-535492
-535606
-536155
-536173
-536208
-536230
-536324
-536460
-536900
-537035
-537077
-537156
-537184
-537790
-538637
-538920
-538925
-538928
-538960
-539162
-539502
-539555
-539619
-539668
-539770
-540042
-540071
-540277
-540615
-540959
-541028
-541046
-541096
-541465
-541808
-541811
-541899
-541910
-541954
-542046
-542137
-542783
-542839
-542939
-542970
-543279
-543438
-543514
-543617
-543670
-543684
-544006
-544322
-544402
-544731
-545356
-545501
-545721
-546042
-546423
-546552
-546802
-546961
-547116
-547180
-547267
-548375
-548456
-548555
-548558
-548656
-549262
-549484
-549603
-549714
-549823
-549909
-550773
-550921
-550924
-551147
-551190
-551335
-551472
-551635
-552682
-553178
-553237
-553300
-553399
-553618
-553971
-553973
-554124
-554689
-555373
-555659
-555688
-556111
-556504
-557963
-558045
-558270
-558635
-558668
-558671
-558949
-559004
-559088
-559177
-559184
-559272
-559272
-559384
-559387
-559540
-559601
-559661
-560007
-560059
-560193
-560356
-560361
-560524
-560749
-561359
-561997
-562353
-562554
-562745
-563069
-563243
-563263
-564226
-564256
-564686
-564696
-565043
-565165
-565267
-565467
-565850
-566470
-566481
-566757
-566770
-566922
-567252
-567384
-567638
-567651
-567846
-567969
-568036
-568079
-568584
-568623
-568740
-568931
-569031
-569268
-569379
-569678
-570179
-570421
-570464
-570536
-570626
-570771
-571583
-571600
-571894
-572233
-572446
-573177
-573380
-573460
-574115
-574246
-574432
-574773
-575093
-575269
-575339
-575424
-575663
-576242
-576395
-576624
-577000
-577021
-577103
-577156
-577604
-577608
-577712
-577835
-577903
-578197
-578400
-578527
-578633
-578642
-578872
-578929
-579232
-579265
-579630
-580323
-581142
-581424
-581673
-581725
-582488
-582540
-582772
-583158
-584108
-584124
-584307
-584500
-584803
-584873
-584988
-585219
-585588
-585906
-585944
-585978
-586015
-586119
-586424
-586824
-586910
-587244
-587331
-587385
-587488
-587648
-587674
-587689
-587771
-587853
-588005
-588068
-588076
-588342
-588425
-588781
-588945
-589009
-589265
-589294
-589521
-589671
-589725
-589828
-589833
-590361
-590703
-591179
-591333
-591512
-591672
-591721
-591923
-592243
-592529
-592653
-592697
-593105
-593148
-593152
-593309
-593327
-593509
-593845
-593850
-593889
-593902
-594156
-594324
-594418
-594665
-594746
-594751
-594786
-594887
-595064
-595510
-595965
-596072
-596228
-596409
-596667
-596741
-597048
-597296
-598328
-598542
-598713
-598801
-599347
-599493
-599540
-599562
-599771
-599878
-599899
-599960
-600193
-600380
-601105
-601444
-601458
-601575
-601664
-601672
-602034
-602058
-602381
-602398
-602475
-603040
-603100
-603189
-603299
-603360
-604121
-604125
-604278
-604505
-604763
-605019
-605260
-605271
-605444
-605558
-605600
-605641
-605647
-605939
-605948
-605999
-606375
-606405
-606424
-606504
-606553
-606932
-607012
-607269
-607418
-607496
-607933
-607989
-608350
-608605
-608650
-608706
-608966
-609374
-609743
-610035
-610128
-610275
-610481
-610543
-610931
-610952
-610993
-611046
-611321
-612004
-612672
-612733
-612965
-613059
-613392
-613442
-613909
-614236
-614420
-614429
-614633
-614660
-614680
-614820
-615051
-615147
-615188
-615338
-615444
-615531
-615610
-615680
-615792
-615918
-616250
-616251
-616433
-616997
-617029
-617097
-617304
-617634
-617750
-617838
-617936
-618370
-618755
-619262
-619326
-619503
-619636
-619667
-619970
-620071
-620729
-621561
-621768
-622147
-622260
-622449
-623037
-623064
-623644
-623964
-624039
-624085
-624190
-624209
-624300
-624388
-624436
-624562
-624577
-624937
-625003
-625037
-625450
-625470
-625498
-625566
-625732
-625923
-625953
-626056
-626218
-626280
-626750
-626950
-627171
-627355
-627810
-628289
-628326
-628415
-628952
-629390
-629484
-629648
-629903
-629914
-630013
-630755
-631010
-631949
-632085
-632145
-632252
-632335
-632396
-632610
-632680
-633123
-633129
-633679
-633783
-633803
-634061
-634136
-634349
-634564
-635019
-635060
-635705
-635853
-635879
-635887
-636240
-636401
-636447
-636573
-636795
-636962
-637011
-637124
-637375
-637612
-637722
-637813
-637940
-638127
-638147
-638261
-638346
-638366
-638427
-638588
-638594
-638761
-638797
-639891
-639918
-640175
-640910
-641229
-641412
-641468
-641659
-642090
-642236
-642457
-642596
-642801
-642814
-643091
-643560
-643630
-643659
-643715
-644155
-644983
-645365
-646411
-646841
-646868
-646997
-647035
-647219
-647284
-647612
-648003
-648010
-648123
-648225
-648376
-648427
-648898
-648898
-649275
-649359
-649574
-649602
-649718
-650236
-650289
-650509
-650947
-651137
-651474
-651479
-651835
-651956
-652408
-652674
-652765
-653001
-653650
-653705
-653991
-654074
-654310
-654462
-654646
-654899
-655231
-655850
-656391
-656426
-656754
-656770
-656881
-656969
-657005
-657262
-657574
-657724
-657800
-657906
-657950
-657964
-658012
-658031
-658159
-658604
-658820
-658874
-659016
-659306
-659477
-659579
-659992
-660734
-660736
-660744
-660880
-660984
-661300
-661463
-661507
-661995
-662130
-663120
-663304
-663368
-663420
-663451
-663527
-664042
-664069
-664163
-664343
-664360
-664372
-664648
-664871
-665015
-665083
-665214
-665250
-665260
-665597
-665891
-665925
-666210
-666379
-666550
-666593
-666674
-666722
-666786
-666904
-666975
-667101
-667168
-667322
-667364
-667766
-667793
-668305
-668707
-669183
-669990
-670046
-670103
-670131
-670181
-670293
-670469
-670517
-670559
-670646
-670649
-670658
-670804
-671003
-671127
-671533
-671803
-672124
-672566
-672854
-672884
-672969
-673623
-674421
-674592
-674994
-675179
-675671
-675979
-676275
-676396
-676654
-676677
-676685
-676876
-677035
-677172
-677697
-677805
-678001
-678160
-678736
-679062
-679152
-679204
-679290
-679378
-680004
-680311
-680528
-680560
-680677
-681662
-682578
-682976
-683044
-683077
-683695
-683752
-683928
-683957
-683977
-684106
-684245
-684333
-684346
-684379
-684384
-684740
-684872
-685642
-685656
-685976
-686059
-686126
-686526
-686707
-686719
-687031
-687139
-687640
-687733
-687911
-688096
-688412
-688612
-688673
-688741
-688770
-688996
-689088
-689093
-689630
-689676
-689898
-690101
-691456
-692178
-692200
-692443
-692769
-692928
-692984
-693241
-693351
-693419
-693739
-693758
-693838
-693861
-693993
-694233
-694248
-694380
-694850
-695237
-695336
-695511
-695617
-695624
-695853
-695910
-696176
-696333
-696357
-696866
-696965
-697410
-698029
-698090
-698279
-698717
-698864
-699155
-699422
-699719
-700031
-700528
-701295
-701715
-702387
-702400
-702684
-702896
-703396
-703552
-703633
-703635
-703710
-704393
-704541
-704647
-704682
-704689
-704721
-704754
-705178
-705210
-705320
-705651
-705840
-705935
-705989
-706404
-706523
-706591
-706807
-706947
-707091
-707286
-707599
-707900
-708239
-708391
-708429
-708454
-708615
-708752
-708779
-709125
-709152
-709686
-710040
-710374
-710386
-711152
-711206
-711249
-711565
-711851
-711933
-712015
-712567
-712738
-712862
-713093
-713189
-713575
-714148
-714189
-714247
-714356
-714440
-714461
-714616
-714991
-715199
-715446
-715624
-715657
-716691
-717113
-717269
-717446
-717471
-717645
-717783
-718114
-718313
-718375
-718388
-718853
-718903
-719092
-719286
-719691
-719779
-720029
-720353
-720436
-720586
-720688
-720750
-720976
-721398
-721518
-721637
-721643
-721868
-721924
-722038
-722469
-722651
-722882
-723118
-723376
-723485
-723925
-723945
-723958
-724185
-724539
-724936
-725114
-725259
-725378
-725623
-725940
-725947
-726197
-726449
-726567
-726611
-726674
-726684
-726696
-726749
-726867
-726940
-726950
-727472
-727625
-727676
-727792
-727952
-728315
-728536
-728661
-728770
-729016
-729021
-729159
-729195
-729704
-729805
-730020
-730104
-730294
-730444
-730481
-730900
-731183
-731583
-731609
-731728
-731771
-731973
-732181
-732501
-732596
-732757
-732816
-732894
-733205
-733638
-734231
-734281
-734511
-734566
-734885
-734892
-734985
-735640
-735694
-736777
-737016
-737230
-737438
-737452
-737643
-737850
-737915
-737933
-738153
-738161
-738190
-738325
-738667
-738993
-739302
-739368
-739564
-739989
-740276
-740314
-740372
-740552
-740749
-740769
-740789
-741029
-741118
-741171
-741463
-741728
-741896
-741988
-742208
-742219
-742349
-742430
-742469
-742539
-742602
-742636
-742830
-742859
-743257
-743266
-743732
-743933
-744049
-744209
-744476
-744710
-744730
-744897
-744991
-745096
-745192
-745606
-745676
-746237
-746554
-746675
-746675
-747049
-747279
-747330
-747378
-747527
-747936
-748011
-748406
-748415
-748532
-748925
-749122
-749458
-749475
-749511
-749723
-749858
-749882
-749997
-750281
-750356
-750887
-750915
-751318
-751651
-751671
-751806
-751936
-752252
-752659
-752981
-752989
-753408
-753481
-753614
-753825
-754142
-754273
-754744
-754772
-754854
-754934
-754956
-755079
-755345
-755396
-755425
-755498
-755603
-755620
-755842
-755967
-756335
-756703
-757340
-757489
-757565
-757822
-757843
-757870
-758027
-758045
-758108
-758113
-758137
-758236
-758339
-758386
-758741
-759044
-759372
-759503
-759623
-759646
-759702
-759975
-760227
-760238
-760482
-760576
-760639
-760736
-760757
-761061
-761134
-761175
-761301
-761347
-761406
-761481
-761617
-761808
-762173
-762239
-762791
-762847
-762919
-762983
-763108
-763304
-763431
-763491
-763569
-763612
-763652
-763988
-764115
-764197
-764811
-765023
-765197
-765321
-765810
-766221
-766344
-766518
-766527
-766595
-766675
-766946
-767220
-767282
-767566
-767580
-767679
-767847
-767989
-768166
-768350
-768455
-768497
-768601
-768631
-768663
-768764
-769144
-769208
-769317
-769454
-769468
-769486
-769647
-769667
-769706
-769746
-770355
-770668
-770786
-770830
-771006
-771028
-771094
-771165
-771349
-771520
-771529
-771565
-771597
-771634
-771759
-771800
-772008
-772067
-772522
-772587
-772907
-772925
-773115
-773280
-773312
-773369
-773559
-773578
-774629
-774947
-774968
-775014
-775238
-775316
-775397
-775498
-776119
-776158
-776431
-776449
-776612
-776932
-777041
-777111
-777264
-777316
-777447
-777804
-778063
-778330
-778574
-778681
-778775
-778947
-778982
-778982
-779033
-779470
-780097
-780427
-780519
-780683
-780696
-780882
-780901
-780960
-781122
-781189
-781270
-781724
-781739
-781752
-781900
-782252
-782553
-782710
-783003
-783084
-783361
-783537
-783544
-783558
-783839
-783881
-784326
-784487
-784516
-784641
-784983
-785049
-785411
-785473
-785593
-785785
-785801
-786065
-786197
-786208
-786291
-786370
-786459
-786915
-787076
-787136
-787431
-787539
-787779
-788182
-788488
-788564
-788610
-788645
-788761
-788834
-788892
-788945
-788962
-789024
-789030
-789101
-789208
-789808
-790065
-790275
-790475
-790725
-790782
-790831
-791335
-791447
-791542
-792135
-792392
-792725
-793221
-793787
-793966
-794041
-794206
-794756
-795156
-795392
-795431
-795563
-795656
-795696
-795743
-795783
-796110
-796345
-796483
-796536
-797289
-797410
-797479
-797505
-797570
-797747
-798366
-798715
-798782
-799233
-799515
-799739
-799811
-800147
-800254
-800362
-800600
-800700
-800808
-800953
-801275
-801376
-802329
-802553
-802559
-802589
-802761
-802769
-803187
-803190
-803326
-803468
-803684
-803726
-803757
-803957
-804053
-804225
-804469
-805224
-805290
-805357
-805481
-805536
-805896
-806298
-806370
-807558
-807560
-808658
-809009
-810341
-810471
-810997
-811073
-811174
-811470
-811484
-811521
-811772
-811966
-812157
-812310
-812728
-812982
-813297
-813452
-813784
-814145
-814202
-814290
-814736
-815101
-815115
-815312
-815326
-815382
-815480
-815858
-816009
-816044
-816092
-816543
-816597
-816721
-817156
-817250
-817271
-817919
-818116
-818195
-818212
-818615
-819160
-819428
-819692
-819742
-819766
-819947
-820375
-820389
-820630
-820839
-820976
-821088
-821471
-821592
-821688
-822070
-822074
-822207
-822239
-822303
-822334
-822342
-822349
-822391
-822532
-822690
-822767
-822855
-822978
-823224
-823694
-823780
-823848
-824504
-824638
-824773
-824891
-824911
-824953
-825093
-825173
-825209
-825347
-825541
-825676
-825685
-826134
-826375
-826396
-827001
-827782
-828117
-828231
-828514
-828712
-828814
-829385
-829699
-829769
-829869
-829931
-830046
-830151
-830365
-830701
-830776
-830967
-831342
-831475
-831722
-831871
-831970
-832136
-832183
-832402
-832431
-832596
-832882
-832914
-833141
-833231
-833379
-833419
-833889
-833925
-833988
-834286
-834399
-834585
-834794
-834832
-834852
-835013
-835042
-835119
-835192
-835226
-835648
-836062
-836177
-836218
-836505
-836640
-836748
-836893
-836973
-837075
-837276
-837339
-837861
-837866
-838022
-838146
-838849
-838965
-839092
-839119
-839440
-839760
-839857
-839960
-840390
-840585
-840606
-840677
-840693
-840812
-841033
-841179
-841498
-841550
-842740
-843030
-843354
-843552
-843641
-843749
-843819
-844312
-844312
-844333
-844446
-845376
-845708
-845774
-846397
-846779
-846854
-847289
-847341
-847521
-847677
-847902
-848436
-848541
-849153
-849159
-849267
-849448
-849897
-850669
-851017
-851086
-851245
-851920
-852235
-852235
-852541
-852567
-852583
-853242
-853309
-853394
-854022
-854216
-854648
-854709
-855044
-855097
-855240
-855720
-855944
-856024
-856080
-856158
-856386
-856574
-856844
-856982
-857855
-858512
-858603
-858776
-859015
-859391
-859393
-860394
-860407
-861019
-861158
-861321
-861416
-861429
-861983
-862025
-862076
-862272
-862288
-862307
-862536
-862590
-862841
-862955
-863104
-863432
-863717
-863810
-863839
-863903
-864369
-864375
-864648
-865245
-866117
-866417
-866422
-866718
-868804
-869076
-869156
-869557
-869573
-869575
-869738
-869990
-870261
-870533
-870720
-870805
-871081
-871502
-871549
-871709
-871797
-872262
-872647
-872875
-873061
-873073
-873078
-873528
-873711
-873856
-873877
-874606
-874751
-874897
-874929
-874975
-875031
-875216
-875311
-875605
-875650
-876344
-876433
-876586
-876681
-876761
-876761
-876768
-876774
-877487
-877702
-878177
-878572
-878796
-878955
-879152
-879354
-879410
-879832
-879905
-880005
-880083
-880090
-880146
-880416
-880518
-881014
-881075
-881191
-881470
-881665
-881809
-882040
-882508
-882520
-882602
-882662
-882996
-883086
-883403
-883671
-884489
-884532
-885041
-885305
-885406
-885446
-885480
-885575
-885847
-885935
-886014
-886042
-886096
-886222
-886322
-886689
-886951
-886982
-887113
-887191
-887249
-887576
-887700
-888395
-888423
-888509
-888765
-888904
-888964
-889155
-889227
-889768
-889907
-890034
-890333
-890772
-890806
-891187
-891218
-891224
-891676
-891752
-893033
-893082
-893391
-893436
-893473
-893666
-893859
-893927
-894198
-894223
-894255
-894290
-894432
-894469
-894747
-894824
-894894
-895916
-896332
-896556
-896560
-896577
-896814
-897246
-897337
-897495
-897534
-897873
-898065
-898235
-898369
-898498
-898776
-898927
-898946
-899112
-899153
-899229
-899291
-899292
-899327
-900107
-900466
-900523
-900603
-900695
-900770
-900822
-900868
-901027
-901213
-901810
-902009
-902062
-902137
-902340
-902350
-902416
-902577
-902857
-903151
-903408
-903505
-903884
-904441
-904719
-905042
-905185
-905276
-905516
-905913
-906525
-906658
-906679
-906734
-907387
-907715
-908030
-908284
-908464
-908603
-908736
-908826
-908888
-909101
-909645
-910429
-910676
-910715
-910754
-910887
-911631
-911691
-911776
-911993
-912006
-912107
-912180
-912484
-912607
-913450
-913456
-913473
-914227
-914388
-914879
-915132
-915314
-915361
-915575
-915587
-915749
-915982
-915995
-916167
-916194
-916244
-917107
-917289
-917372
-917571
-917577
-917849
-918125
-918182
-918656
-918750
-919118
-919437
-919501
-919553
-919741
-919962
-919988
-920077
-920118
-920284
-920366
-920535
-920701
-920808
-920923
-921313
-921501
-921582
-921709
-922103
-922489
-922489
-923363
-923536
-923808
-924147
-924177
-924928
-924957
-924986
-924995
-925255
-925304
-925346
-925406
-925703
-925802
-926066
-926070
-926382
-926491
-926816
-926830
-926877
-926948
-926981
-927068
-927602
-927845
-928159
-928190
-928375
-928466
-928570
-928725
-928983
-929000
-929122
-929565
-929698
-929947
-929989
-930283
-930524
-930592
-930812
-930925
-931197
-931201
-931545
-931652
-931861
-932044
-932285
-932450
-932460
-932511
-932965
-933080
-933152
-933706
-934020
-934023
-934199
-934391
-934477
-934639
-934660
-934846
-934867
-935071
-935608
-935845
-936485
-936554
-936656
-936970
-937105
-937182
-937231
-937250
-937453
-937518
-937800
-937890
-938107
-938177
-938456
-938720
-939082
-939637
-939654
-939859
-939895
-940031
-940073
-940124
-940278
-940351
-940654
-940665
-940746
-940797
-940872
-941025
-941296
-941698
-941730
-941940
-942603
-942644
-942707
-942740
-943089
-943359
-943391
-943825
-943953
-944292
-944951
-945145
-945181
-945389
-945600
-945818
-945880
-946046
-946581
-946839
-946951
-947440
-947911
-947916
-947958
-948065
-948460
-948646
-948759
-948925
-948986
-949185
-949466
-949722
-950086
-950270
-950305
-950391
-950411
-950664
-950719
-950953
-951074
-951175
-951308
-951949
-952263
-952300
-952884
-952958
-952974
-953326
-953398
-953540
-953573
-953953
-954252
-954306
-954385
-954778
-954824
-954844
-954933
-954934
-954995
-955079
-955136
-955277
-955285
-955289
-955724
-955845
-956036
-956120
-956578
-957051
-957055
-957177
-957401
-957772
-957898
-958039
-958262
-958266
-958613
-959298
-959381
-959854
-960354
-960951
-961072
-961179
-961807
-961831
-961996
-962019
-962047
-962096
-962603
-962639
-962676
-962677
-963025
-963178
-963454
-963625
-964088
-964202
-964449
-964468
-964496
-964620
-964938
-965064
-965119
-965259
-965266
-965327
-965550
-965611
-965670
-965909
-966545
-966823
-966926
-967131
-967225
-967227
-967241
-967243
-967348
-967569
-967890
-968114
-968235
-968317
-968356
-968405
-968603
-968687
-968712
-968765
-968861
-969263
-969535
-969538
-969587
-969668
-969729
-969941
-969981
-970032
-970057
-970204
-970283
-970633
-970790
-970848
-970873
-970922
-970946
-971176
-971186
-971198
-971315
-971479
-971610
-972515
-972867
-973221
-973241
-973373
-973647
-973684
-973729
-973867
-973882
-974199
-974331
-974405
-975080
-975156
-975404
-975548
-975911
-976485
-976589
-976793
-976806
-976960
-977283
-977458
-977687
-977819
-978528
-978531
-978824
-979042
-979896
-980049
-980506
-980715
-980893
-980999
-981105
-981193
-981455
-981549
-981699
-981868
-981963
-982007
-982182
-982209
-982340
-982778
-982829
-983085
-983191
-983333
-983341
-983539
-983600
-983663
-983954
-984105
-984161
-984237
-984376
-984712
-984756
-984934
-985513
-985528
-985862
-985887
-986034
-986146
-986374
-986730
-986998
-987458
-987499
-987576
-987625
-987920
-987920
-988248
-988422
-989041
-989162
-989729
-989854
-989861
-989937
-990014
-990032
-990512
-990581
-990835
-990894
-990968
-991220
-991816
-991853
-992000
-992090
-992301
-992355
-992737
-992770
-992777
-992786
-992835
-992920
-993163
-993172
-993370
-993466
-993658
-993837
-994462
-994801
-994886
-995266
-995273
-995645
-995989
-996054
-996110
-996159
-996169
-996264
-996511
-997751
-997773
-998065
-998079
-998248
-998292
-998309
-998830
-998856
-999203
-999605
-999664
-999862
-999935
