100
999428
994245
988048
972477
954508
947762
914138
896716
882967
841223
804926
738499
706190
661668
656677
646231
558436
531167
499308
418390
413339
411849
408131
366880
361469
317544
296644
292672
289600
279011
259960
254578
220047
187506
182932
178375
169980
159525
148632
145872
104731
75011
66341
47381
43862
-456
-4341
-18811
-28785
-46788
-54099
-66329
-71680
-82538
-122665
-203460
-292912
-295769
-331890
-340084
-348865
-352182
-369786
-374248
-376540
-377369
-382089
-382888
-392548
-452114
-519001
-523149
-535214
-555557
-564263
-574621
-575312
-579501
-587679
-610822
-627218
-629032
-640751
-643245
-671904
-673980
-676060
-683938
-690074
-707807
-714836
-764552
-792657
-827853
-868321
-907128
-926261
-951751
-986451
-992904
