100
-976755
-952915
-934791
-932810
-929730
-925070
-862937
-835491
-835456
-833593
-816942
-795149
-783477
-715201
-710017
-706272
-704794
-690577
-674309
-666685
-645295
-643558
-630699
-616112
-594483
-576072
-565172
-547229
-542872
-516565
-514102
-489253
-475496
-429823
-415088
-389471
-354031
-320668
-299007
-247047
-181240
-170409
-143719
-137407
-136960
-117914
-110456
-64143
-40602
-34595
-26481
31501
40005
41246
65961
86269
103839
130679
166535
184516
190571
198840
209276
245746
247284
258789
265608
276530
379395
380515
418784
429660
449183
460688
473673
479236
504021
506491
536789
546180
579761
583122
613498
628293
681186
699069
729387
731840
739152
745544
782847
807638
811455
868285
876136
885836
896279
905723
943977
974605
