10000
-999713
-999417
-998937
-998790
-998732
-998651
-998408
-998107
-998023
-997976
-997324
-997312
-997216
-997155
-997110
-996809
-996712
-996547
-996114
-995282
-995148
-994969
-994959
-994836
-994756
-994684
-994528
-994425
-994118
-993950
-993738
-993694
-993526
-992672
-992604
-991432
-991262
-991112
-991102
-991092
-990719
-990306
-989888
-989174
-989154
-989016
-988831
-988028
-987950
-987529
-987459
-987383
-987352
-986780
-986413
-986313
-986289
-985984
-985984
-985787
-985668
-985557
-985317
-985315
-985161
-985013
-984881
-984818
-984547
-984441
-984205
-983896
-983872
-983580
-983563
-983424
-982810
-982803
-982580
-981427
-981129
-981089
-980890
-980424
-980218
-979691
-979098
-978918
-978893
-978577
-978547
-978194
-978189
-978174
-977464
-977424
-977413
-977322
-977284
-977107
-977061
-976826
-976523
-976509
-976142
-975949
-975794
-975403
-974643
-974385
-974126
-973842
-973713
-973640
-973279
-973125
-973058
-973017
-972546
-972018
-971969
-971675
-971052
-970891
-970565
-970528
-970305
-970277
-970028
-970014
-970011
-969947
-969934
-969861
-969853
-969629
-969440
-969145
-968671
-968387
-968347
-967253
-966955
-966683
-966636
-966465
-966463
-966457
-966429
-966048
-965818
-965771
-965490
-965464
-965278
-965254
-964161
-963562
-963526
-963420
-963377
-963147
-962928
-962797
-962472
-962468
-962449
-962027
-961935
-961895
-961404
-961361
-961294
-961203
-960789
-960371
-960368
-960243
-960147
-959553
-959264
-959098
-958636
-958533
-958329
-958089
-957799
-957642
-957581
-957173
-957018
-956916
-956342
-956208
-955932
-955892
-955616
-955413
-955399
-955309
-955181
-954823
-954685
-954385
-953624
-953574
-952972
-952964
-952752
-952437
-952114
-951938
-951786
-951772
-951633
-951552
-951436
-951378
-951340
-951314
-950703
-950510
-949767
-949517
-949367
-949291
-949121
-948982
-948448
-948349
-948306
-948263
-948182
-948180
-948106
-947810
-947577
-947414
-946714
-946402
-945999
-945228
-945183
-945175
-945114
-944659
-944175
-943984
-943149
-942700
-942667
-942489
-942231
-942096
-941688
-941424
-941418
-941252
-940898
-940807
-940701
-940528
-940306
-940199
-940083
-939991
-939603
-939486
-939360
-939253
-939210
-938463
-938218
-938171
-937759
-937580
-937297
-937186
-937080
-936944
-936734
-936703
-936687
-936435
-936182
-935741
-935489
-935285
-934751
-934562
-934391
-934355
-934222
-933627
-933568
-933407
-933237
-932687
-932448
-931434
-931311
-930509
-930452
-930029
-929990
-929770
-929732
-929628
-929438
-929368
-929200
-928943
-928898
-928053
-928001
-927762
-927743
-927532
-927532
-927359
-927003
-926795
-926734
-926694
-926652
-925644
-925549
-924554
-924284
-923983
-923899
-923817
-923628
-923083
-922849
-922442
-922423
-922301
-922048
-921856
-921727
-921465
-921386
-921290
-921145
-920770
-920672
-920462
-920257
-920163
-920056
-919931
-919789
-919777
-919666
-919321
-919108
-919015
-918894
-918792
-918123
-918073
-917820
-917755
-917650
-917447
-917438
-917345
-917282
-917194
-917042
-916613
-916589
-916531
-915719
-915651
-915238
-915028
-914657
-914608
-914561
-914168
-914072
-913798
-913492
-913481
-913320
-913232
-913054
-913014
-912954
-912401
-912201
-912081
-911694
-911609
-911474
-911346
-911306
-911044
-911037
-910735
-910601
-910012
-909566
-909495
-909190
-909143
-908869
-908867
-908696
-908667
-908605
-907844
-907761
-907592
-907414
-907279
-907227
-907173
-906961
-906959
-906794
-906718
-906505
-905879
-905752
-905524
-905515
-905448
-905383
-905258
-905218
-905127
-905022
-904719
-904705
-904441
-904170
-903717
-903470
-903344
-903228
-903219
-903175
-902974
-902936
-902600
-902131
-902110
-902021
-901982
-901970
-901517
-901104
-901067
-901043
-900676
-900553
-900213
-899965
-899665
-899612
-898771
-898654
-898264
-897823
-897745
-897553
-897471
-896840
-896787
-896577
-896356
-896317
-896133
-895982
-895626
-895502
-894794
-894542
-894305
-893939
-893750
-893428
-893422
-892995
-892821
-892737
-892723
-892719
-892681
-892408
-892345
-891871
-891379
-891366
-891078
-890938
-890549
-890312
-889822
-889797
-889344
-889287
-889254
-889076
-888905
-888639
-888635
-888554
-888343
-888080
-887642
-887630
-887573
-886758
-886756
-886558
-886447
-886279
-885742
-885551
-885281
-885168
-884999
-884532
-884490
-884461
-884241
-883394
-883185
-882980
-882291
-882158
-882055
-881549
-881521
-881153
-880453
-880364
-880057
-880014
-879914
-879894
-879755
-879199
-879057
-879034
-878795
-878794
-878770
-878713
-878657
-878512
-878179
-878166
-877675
-877658
-877565
-876439
-876277
-876064
-876062
-875673
-874359
-874316
-874293
-873799
-873746
-873640
-873593
-873455
-873244
-873086
-873071
-872896
-872828
-872459
-872090
-872063
-871882
-871598
-871418
-871335
-871285
-871189
-871115
-870822
-870702
-870638
-870638
-870381
-870065
-869997
-869459
-869419
-869131
-868830
-868795
-868626
-868599
-868438
-868350
-867800
-867735
-867553
-867488
-867486
-866984
-866879
-866857
-866607
-865985
-865783
-865782
-865717
-865331
-865244
-864896
-864827
-864798
-864699
-864614
-864285
-864190
-863827
-863803
-863734
-863706
-863367
-863284
-863246
-862722
-862573
-862565
-862247
-862223
-862153
-861815
-861587
-861102
-861074
-860907
-860134
-860067
-859769
-859713
-859662
-859604
-859388
-859132
-858911
-858856
-858847
-858810
-858442
-858305
-858274
-858210
-857975
-857970
-857776
-857463
-857271
-857033
-856747
-856685
-856618
-856311
-856074
-855933
-855816
-855306
-855240
-855228
-855139
-854811
-854726
-854589
-854455
-854129
-854112
-853807
-853687
-853313
-853312
-853049
-853015
-852990
-852586
-852562
-852484
-852243
-852206
-852144
-851946
-851904
-851739
-851490
-851367
-850929
-850822
-850429
-850236
-850026
-849957
-849822
-849727
-849615
-849614
-849528
-849465
-849450
-849344
-849314
-849106
-848948
-848836
-848334
-848117
-848101
-847691
-847408
-847388
-847283
-847223
-846694
-846593
-846333
-845641
-845586
-845088
-845079
-845064
-845058
-845009
-845002
-844986
-844986
-844340
-844012
-843990
-843578
-843523
-843437
-843404
-843187
-843049
-842706
-842573
-842514
-842468
-842227
-841325
-841172
-841056
-840971
-840738
-840616
-840235
-840127
-839810
-839558
-839350
-839197
-838854
-838751
-838681
-838523
-838498
-838328
-838310
-838279
-838213
-837405
-837005
-836904
-836783
-836155
-835669
-835485
-835055
-834992
-834869
-834609
-834457
-834228
-834031
-833155
-833105
-832956
-832712
-832349
-831657
-831632
-830903
-830496
-830428
-830209
-829649
-829352
-829138
-828959
-828944
-828700
-828367
-828327
-828306
-828288
-828222
-828003
-827939
-827801
-827466
-827154
-827043
-826512
-826503
-826223
-826144
-826005
-825587
-825577
-825566
-825266
-825096
-825010
-824984
-824914
-824213
-823748
-823619
-823527
-822474
-822301
-822200
-822158
-822060
-822006
-821428
-821284
-821280
-821214
-821002
-820900
-820766
-820736
-820721
-820623
-820602
-820330
-820319
-820302
-820096
-820093
-819708
-819646
-819625
-819603
-818718
-818711
-818600
-818116
-817926
-817602
-817169
-817137
-816981
-816952
-816801
-816456
-816432
-816245
-816222
-815977
-815956
-815259
-815092
-815034
-814930
-814876
-814711
-814706
-814582
-814453
-814359
-814311
-814074
-813440
-813217
-812821
-812719
-812645
-812591
-812586
-812435
-812402
-812345
-812233
-811906
-811883
-811866
-811851
-811653
-811434
-811402
-811135
-810917
-810787
-810718
-810469
-810425
-810174
-809403
-809284
-808955
-808937
-808861
-808454
-808314
-808107
-807874
-807859
-807573
-807304
-807295
-807215
-807157
-807021
-806900
-805977
-805975
-805919
-805331
-804975
-804802
-804443
-804273
-804245
-803830
-803800
-803614
-803602
-803420
-803344
-803313
-802899
-802562
-802238
-802130
-801974
-801714
-801135
-801103
-800807
-800790
-800734
-800519
-799828
-799750
-799686
-799433
-799411
-799295
-799240
-799202
-798951
-798402
-798182
-798110
-798067
-797681
-797585
-797265
-797064
-796310
-796216
-795633
-795468
-795295
-794998
-794515
-794381
-794328
-794216
-794043
-794011
-793983
-793901
-793573
-792969
-792966
-792863
-792812
-792431
-792314
-792078
-791942
-791284
-791229
-791154
-791056
-790954
-790886
-790848
-790762
-790171
-789832
-789407
-788869
-788766
-788611
-788523
-787993
-787960
-787877
-787295
-787105
-786802
-786645
-786531
-786233
-785770
-785579
-784543
-784076
-783745
-783490
-783419
-783211
-783109
-782597
-782404
-782132
-781981
-781921
-781889
-781676
-781303
-781277
-781205
-781194
-781021
-780846
-780534
-780464
-780437
-779909
-779638
-778994
-778968
-778891
-778775
-778688
-778599
-778503
-778204
-778151
-778011
-777524
-777371
-777335
-777157
-777121
-776968
-776633
-776475
-776291
-776207
-776150
-776079
-775989
-775831
-775827
-775715
-775515
-775418
-775416
-775350
-775307
-775146
-775040
-774803
-774502
-774344
-774222
-774212
-774106
-774053
-773835
-773604
-773560
-773504
-773087
-772843
-772522
-772485
-772380
-772287
-772133
-772125
-771924
-771910
-771869
-771755
-771715
-771459
-771250
-770981
-770703
-770134
-769249
-768841
-768552
-768486
-768275
-767750
-767360
-767259
-767229
-767219
-766912
-766726
-766492
-766320
-766026
-766003
-765947
-765928
-765548
-765418
-765079
-765071
-764949
-764773
-764746
-764679
-764468
-764278
-763829
-763769
-763631
-763507
-763331
-763227
-762876
-762658
-762582
-762422
-762381
-762344
-762235
-762221
-761503
-761433
-761033
-760942
-760806
-760788
-759932
-759763
-759619
-759569
-759413
-759299
-759226
-758925
-758675
-758258
-758154
-758057
-758052
-757896
-757781
-757744
-757709
-757321
-757122
-756943
-756508
-756495
-756078
-755837
-755609
-755505
-754675
-754268
-754014
-753714
-753406
-753358
-753254
-753005
-752655
-752644
-752419
-752354
-751400
-751315
-750936
-750689
-750559
-750332
-750090
-749303
-749209
-749121
-748951
-748888
-748774
-748773
-748703
-748106
-748006
-747732
-747690
-747440
-747408
-747370
-747114
-747084
-746475
-746116
-746055
-746039
-746037
-745754
-745645
-745545
-745127
-745072
-744783
-744474
-744240
-743580
-742816
-742630
-742404
-742174
-741989
-741720
-741141
-740976
-740840
-740764
-740535
-740310
-740200
-739815
-739270
-739264
-739134
-739052
-739009
-738793
-738495
-738363
-738352
-738194
-737978
-737973
-737603
-737550
-737549
-737278
-737017
-736791
-736749
-736742
-736369
-736182
-735928
-735324
-735308
-735287
-735227
-735192
-735046
-734877
-734823
-734537
-734309
-734265
-734147
-734128
-733966
-733699
-733371
-733174
-733082
-732830
-732519
-732513
-732382
-732314
-732183
-732166
-731926
-731882
-731773
-731262
-731108
-730846
-730762
-730692
-730500
-730417
-730178
-730070
-729969
-729964
-729460
-729330
-729215
-729153
-728868
-728761
-728634
-728475
-728296
-728107
-727944
-727779
-727778
-727656
-727572
-727497
-727302
-727223
-727092
-726936
-726604
-726553
-726500
-726259
-726142
-725946
-725794
-725397
-725279
-725135
-724695
-724569
-724429
-724249
-724228
-723785
-723687
-723610
-723539
-723493
-723448
-723284
-723095
-722929
-722119
-722112
-722065
-722011
-721338
-721313
-721188
-720920
-720397
-720385
-720131
-719824
-719694
-719643
-719477
-719387
-719267
-719060
-718732
-718718
-717736
-717608
-717477
-717284
-717219
-717176
-716927
-716850
-716848
-716819
-716799
-716380
-716267
-716210
-716162
-716072
-715790
-715758
-715670
-715273
-714858
-714696
-714645
-714234
-714107
-713858
-713573
-713569
-713554
-713501
-713491
-713425
-713122
-713039
-712856
-712083
-712072
-712039
-711954
-711266
-711172
-710783
-710765
-710307
-710080
-709849
-709262
-709105
-709087
-709056
-708679
-708649
-708399
-708200
-707467
-707427
-707075
-706973
-706921
-706920
-706774
-706672
-706657
-706194
-706191
-706057
-705965
-705961
-705876
-705464
-705306
-705191
-705103
-704772
-704732
-704480
-703981
-703725
-703524
-703388
-703248
-702947
-702945
-702584
-702565
-702539
-702477
-702471
-702375
-702299
-701787
-701429
-701420
-701413
-701344
-701256
-701153
-700783
-700378
-699662
-699654
-699639
-699578
-699554
-699408
-699303
-699021
-698919
-698815
-698809
-698250
-698163
-698044
-697929
-697429
-697393
-697217
-696971
-696793
-696744
-696686
-696446
-696304
-696280
-696207
-695899
-695779
-695541
-695370
-695306
-694889
-694702
-693871
-693634
-693377
-693283
-693183
-692963
-692299
-692145
-691929
-691924
-691855
-691619
-691387
-691197
-691114
-691019
-690393
-690390
-689742
-689620
-689568
-689497
-689424
-688472
-688019
-688000
-687800
-687769
-687702
-687525
-687160
-686579
-686576
-686575
-685860
-685668
-685550
-685462
-685285
-685252
-685242
-685199
-684463
-683970
-683906
-683896
-683787
-683251
-682997
-682898
-682649
-682573
-682089
-682014
-681216
-681193
-680562
-680382
-679830
-679800
-679447
-679197
-678137
-677894
-677887
-677555
-677497
-677251
-677241
-677013
-676973
-676777
-676592
-676064
-675792
-675701
-675534
-675496
-675237
-675171
-674530
-674528
-674295
-674042
-674041
-674021
-673986
-673780
-673755
-673705
-673539
-673347
-673315
-673263
-673038
-672987
-672635
-672632
-671910
-671626
-671513
-671324
-671255
-671117
-671064
-670765
-670732
-670666
-670533
-670241
-669759
-669589
-669395
-669209
-669084
-668999
-668694
-668669
-668664
-668310
-668307
-668050
-667464
-667435
-667385
-666989
-666832
-666507
-666434
-666009
-665591
-665509
-665297
-665241
-665112
-664819
-664758
-664458
-664070
-664060
-664032
-663479
-663203
-662932
-662868
-662545
-662276
-662190
-662118
-662006
-661762
-661747
-661565
-661084
-661080
-660942
-660761
-660072
-660063
-659965
-659836
-659816
-659766
-658865
-658774
-658672
-658617
-657958
-657933
-657920
-657880
-657796
-657792
-657768
-657422
-657292
-657087
-656982
-656968
-656810
-655945
-655888
-655718
-655524
-655459
-655218
-654913
-654775
-654516
-654440
-653827
-653777
-653463
-653375
-653320
-653312
-653213
-652750
-652626
-652543
-652485
-652429
-652339
-652313
-651813
-651531
-651000
-650881
-650536
-650395
-650270
-649726
-649583
-649430
-649180
-649169
-648959
-648703
-648185
-648059
-647420
-646955
-646858
-646421
-646401
-646291
-646040
-645641
-645107
-645055
-644878
-644758
-644497
-644434
-644337
-644308
-644267
-644234
-643878
-643620
-643517
-643423
-643410
-643275
-643157
-642977
-642877
-642832
-641893
-641863
-641682
-641552
-641053
-640970
-640515
-640456
-640426
-640187
-640147
-640138
-640065
-639878
-639790
-639543
-639436
-639162
-639060
-638910
-638890
-638731
-638514
-638454
-638106
-638103
-638064
-637980
-637925
-637762
-637680
-637357
-636753
-636739
-636626
-636495
-636457
-636445
-636415
-636356
-636159
-636114
-635591
-635244
-634064
-633984
-633925
-633891
-633749
-632989
-632969
-632707
-632550
-632355
-630777
-630733
-630519
-630479
-630458
-630191
-630160
-630078
-629620
-629196
-629114
-628952
-628850
-628764
-628483
-628467
-628267
-628263
-628237
-628197
-627600
-627476
-627449
-626779
-626630
-626403
-626230
-625998
-625787
-624826
-624749
-624739
-624725
-624546
-624533
-624474
-624172
-624063
-623744
-623565
-623536
-623404
-623309
-623063
-622891
-622865
-622775
-622671
-622483
-622448
-621699
-621466
-621250
-620655
-620479
-620276
-620254
-620240
-620140
-620095
-620015
-619689
-619399
-619309
-618934
-618777
-618727
-618705
-618574
-618472
-618390
-618301
-617532
-616982
-616903
-616836
-616415
-616346
-616112
-615984
-615634
-615117
-615102
-614999
-614864
-614687
-614668
-614458
-614372
-614025
-613586
-613423
-613310
-612783
-612681
-612405
-612365
-612199
-611714
-611692
-611607
-610809
-610807
-610735
-610368
-609994
-609865
-609662
-609536
-609511
-609488
-609402
-609181
-608986
-608920
-608884
-608596
-608117
-607858
-607636
-607445
-607298
-607281
-607158
-607072
-607070
-606852
-606675
-606353
-606346
-606182
-605696
-605605
-605584
-605284
-605186
-605155
-605126
-605105
-604975
-604888
-604815
-604811
-604772
-604290
-604128
-603814
-603710
-603444
-603417
-603256
-603180
-603082
-602965
-602518
-602448
-602361
-602348
-602332
-601956
-601952
-601658
-601654
-601385
-601337
-601246
-601115
-601063
-600607
-600278
-600093
-600084
-600019
-599799
-599775
-599540
-599234
-599128
-598438
-597722
-597287
-597097
-596658
-596512
-596232
-596031
-595910
-595773
-595683
-595473
-595376
-594990
-594924
-594823
-594562
-594537
-594423
-594239
-593219
-593129
-593065
-592758
-592686
-592556
-592390
-592359
-592129
-592058
-591972
-591961
-591954
-591907
-591862
-591312
-591052
-590828
-590683
-590603
-590535
-590355
-590204
-590147
-589595
-589532
-589329
-589083
-589045
-588923
-588496
-588168
-588130
-588034
-587879
-587700
-587693
-587474
-587183
-587076
-586944
-586705
-586616
-586344
-586284
-585865
-585761
-585509
-585502
-585378
-585335
-585269
-585242
-585241
-585037
-584338
-584313
-584290
-583945
-583306
-583255
-582629
-582496
-582257
-582017
-581947
-581888
-581767
-581686
-581456
-581435
-581300
-581209
-581196
-581171
-581038
-581016
-580993
-580402
-580300
-579930
-579890
-579881
-579444
-579313
-578947
-578400
-578097
-577424
-577265
-577240
-577120
-576871
-576749
-576604
-575289
-574957
-574930
-574709
-574699
-574607
-574506
-574464
-574455
-574310
-574308
-573757
-573697
-573508
-572994
-572863
-572817
-572811
-572792
-572782
-572738
-572699
-572514
-572368
-572363
-572315
-571908
-571600
-571269
-571166
-571026
-571019
-570803
-570427
-570282
-569722
-569623
-569583
-569475
-568845
-568798
-568676
-568628
-568392
-568186
-568112
-567704
-567676
-567561
-567544
-567457
-567415
-566847
-566700
-566629
-566564
-566501
-565981
-565851
-565712
-565634
-565541
-565245
-564986
-564453
-564197
-563990
-563724
-563348
-563162
-563015
-562808
-562736
-562400
-562291
-561776
-561700
-561509
-561384
-561179
-560420
-560022
-559604
-559107
-559106
-558641
-558454
-558135
-557878
-557407
-557170
-556735
-556610
-556299
-555975
-555922
-555402
-555343
-555327
-555280
-554789
-554776
-554657
-554541
-553863
-553656
-553577
-553084
-553078
-552997
-552668
-552635
-552545
-552505
-552360
-552137
-551949
-551792
-551729
-551726
-551657
-551365
-551243
-551039
-551006
-550916
-550883
-550794
-550756
-550486
-550171
-550094
-550042
-548944
-548626
-548532
-548501
-548494
-548402
-548209
-548068
-548064
-547977
-547881
-547861
-547198
-546973
-546950
-546571
-546511
-546400
-546387
-545869
-545851
-545782
-545414
-545332
-545315
-545203
-544726
-544409
-544359
-544165
-544135
-544132
-544085
-543094
-542917
-542712
-542439
-542141
-542005
-541119
-541108
-540283
-540158
-539895
-539627
-539355
-539246
-538881
-538153
-538103
-538096
-538064
-537929
-537872
-537105
-537022
-537017
-536704
-536474
-536316
-536244
-536086
-535965
-535753
-535674
-535294
-534821
-534784
-534740
-534736
-534459
-534157
-534112
-533860
-533300
-533227
-533041
-533039
-532683
-532412
-532398
-532199
-532027
-531897
-531813
-531484
-531398
-531325
-531251
-531062
-530702
-530364
-530051
-529954
-529363
-529278
-529162
-529048
-528904
-528854
-528605
-528534
-528519
-528409
-528214
-528174
-528128
-528009
-527900
-527871
-527713
-527469
-527263
-527209
-527087
-526803
-526587
-526051
-526005
-525798
-525748
-525649
-525569
-525308
-524835
-524692
-524608
-523513
-523327
-523130
-522717
-522162
-521995
-521956
-521785
-521701
-521666
-521039
-520950
-520721
-520613
-520461
-520232
-520006
-519952
-519770
-519675
-519434
-519274
-519161
-519152
-519027
-518816
-518804
-518701
-518672
-518665
-518559
-518534
-518419
-518056
-517951
-517950
-517857
-517632
-516935
-516544
-516445
-516377
-516283
-516088
-515932
-515908
-514811
-514686
-514674
-514377
-514003
-513779
-513379
-513230
-513026
-512760
-512735
-512503
-512343
-512237
-512178
-511802
-511774
-511627
-511498
-511438
-511245
-510982
-510518
-510199
-510009
-509641
-509605
-508638
-508391
-508299
-508238
-507750
-507554
-507075
-506872
-506697
-506560
-506079
-505790
-505607
-505333
-505305
-505033
-505011
-504868
-504455
-503953
-503537
-503513
-503249
-503231
-503224
-503122
-503101
-502930
-502273
-502000
-501860
-501513
-501139
-501122
-501066
-500965
-500547
-500415
-500364
-500304
-499967
-499950
-499864
-499849
-499602
-499531
-499468
-498762
-498572
-498500
-498131
-498000
-497670
-497644
-497267
-497004
-496981
-496963
-496868
-496868
-496741
-496665
-496476
-495686
-495622
-495012
-494586
-494442
-493958
-493793
-493718
-493157
-492753
-492738
-492607
-492168
-492167
-491854
-491763
-491370
-491152
-491142
-490904
-490634
-489398
-489137
-488643
-488099
-488082
-486563
-486435
-486399
-486384
-486331
-485930
-485905
-485898
-485881
-485855
-485715
-485701
-485570
-485472
-485351
-485245
-484955
-484706
-484411
-484359
-483818
-483727
-483673
-483553
-483134
-482822
-482251
-482207
-482197
-482156
-482124
-481915
-481521
-481265
-480913
-479954
-479506
-478502
-478447
-478176
-477779
-477593
-477348
-477347
-477129
-476811
-476597
-476279
-475787
-475626
-475021
-474780
-474760
-474619
-474413
-474197
-474118
-473984
-473908
-473901
-473791
-473625
-473511
-473474
-473179
-473112
-472714
-472027
-471651
-471420
-471400
-470979
-470847
-470591
-470378
-470343
-470241
-469848
-469769
-469136
-469053
-468921
-468380
-468314
-467076
-467039
-466825
-466687
-466625
-466555
-466525
-466355
-466353
-466018
-465908
-465876
-465753
-465696
-465693
-465556
-465362
-465118
-465048
-464687
-464604
-464493
-464311
-464181
-464026
-463808
-463796
-463689
-463492
-463471
-463282
-463268
-463121
-462928
-462619
-462616
-461573
-461504
-461482
-461282
-460727
-460315
-460254
-460062
-460026
-459611
-459405
-458953
-458865
-458806
-458749
-458390
-457934
-457831
-457544
-456748
-456482
-456042
-455631
-455186
-454979
-454634
-454268
-453787
-453762
-453538
-453450
-453035
-452905
-452755
-452728
-452576
-452434
-452176
-451774
-451773
-451709
-451650
-451574
-451559
-451510
-451479
-451389
-451027
-450843
-450618
-450535
-450392
-450312
-450225
-450163
-449940
-449857
-449708
-449426
-449398
-449069
-448978
-448822
-448710
-448646
-448439
-448370
-448235
-448119
-447950
-447815
-447292
-447216
-446541
-446381
-446245
-445729
-445433
-445414
-445126
-445080
-444631
-444572
-444508
-444491
-444414
-444372
-444307
-444217
-444142
-444127
-444089
-443724
-443713
-443544
-443418
-443411
-443394
-443224
-443182
-443115
-442056
-441803
-441667
-441493
-441479
-441130
-440678
-440535
-440209
-440180
-439610
-439409
-439372
-439084
-438853
-438667
-438427
-438304
-437991
-437967
-437867
-436831
-436486
-436469
-436041
-435939
-435751
-435541
-435449
-435368
-435338
-435162
-435122
-435068
-434978
-434939
-434478
-434414
-434255
-434097
-434038
-433745
-433729
-433690
-433585
-433009
-432699
-432655
-432517
-431868
-431847
-431690
-431570
-431455
-431274
-431010
-430986
-430433
-430148
-430082
-429906
-429553
-429469
-429060
-428776
-428506
-428292
-428267
-428028
-427576
-427439
-427410
-427233
-427228
-427008
-426904
-426843
-426671
-426003
-425890
-425813
-425766
-425585
-425445
-425369
-425227
-425062
-425014
-424794
-424218
-424075
-424058
-423986
-423938
-423920
-423813
-423483
-423428
-423345
-423025
-422784
-422451
-422210
-422210
-421965
-421947
-421001
-419752
-419542
-419451
-419237
-418377
-418129
-417974
-417540
-417193
-417108
-417039
-417015
-416795
-416727
-416499
-416338
-416220
-415646
-415469
-415300
-415263
-415259
-415176
-415093
-414967
-414907
-414546
-414221
-414155
-414103
-414061
-413795
-413657
-413653
-413500
-412979
-412526
-412228
-412161
-411731
-411603
-411500
-411466
-411350
-411318
-410802
-410363
-410226
-409520
-409509
-409229
-409169
-408783
-408272
-408095
-407863
-407251
-407033
-406921
-406916
-406782
-406641
-406621
-406295
-406270
-406022
-405713
-405579
-405220
-405005
-404889
-404740
-404477
-404468
-404030
-403981
-403844
-403286
-403231
-403101
-403096
-403036
-402983
-402604
-402540
-402537
-402386
-402384
-402215
-402026
-401978
-401858
-401844
-401591
-401537
-401389
-400947
-400759
-400751
-400567
-400347
-400315
-400169
-400140
-400103
-400084
-399961
-399608
-399421
-399038
-399019
-398578
-398204
-397961
-397782
-397384
-397382
-397089
-396741
-396333
-395880
-395750
-395268
-395088
-394887
-394836
-394689
-394505
-394422
-394000
-393985
-393862
-393259
-392888
-392630
-392629
-391904
-391765
-391761
-391391
-391349
-390938
-390924
-390777
-390730
-390091
-389896
-389893
-389765
-389556
-388967
-388839
-388837
-388492
-388102
-387733
-387666
-387490
-387455
-387309
-387192
-386953
-386803
-386354
-385816
-385679
-384812
-384623
-383543
-383530
-383505
-383471
-383278
-383276
-383251
-383080
-382766
-382611
-382298
-382276
-382185
-382156
-381625
-381376
-380906
-380756
-380213
-380152
-379621
-379616
-379600
-379327
-379259
-379150
-378927
-378907
-378877
-378731
-378716
-378630
-378625
-378009
-377698
-377619
-377521
-377409
-377188
-376774
-376305
-376095
-375948
-375023
-374806
-374678
-374457
-374439
-374437
-374186
-373703
-373486
-373409
-373375
-373160
-372981
-372903
-372621
-372612
-372297
-372135
-372082
-370969
-370953
-370746
-370616
-370206
-369621
-369584
-369565
-369313
-368968
-368943
-368885
-368740
-368503
-368348
-367892
-367464
-367454
-367304
-367281
-366965
-366769
-366716
-366675
-366206
-366126
-365943
-365930
-365744
-365642
-365624
-365559
-365169
-364985
-364669
-364658
-364591
-364440
-364430
-364323
-364297
-364210
-364148
-364141
-364043
-364001
-363496
-363418
-363250
-363062
-363022
-362966
-362579
-362338
-361748
-361683
-361677
-361665
-361661
-361606
-360718
-360359
-359652
-359633
-359565
-359517
-359152
-359038
-358770
-358721
-358718
-358587
-358482
-358333
-358105
-357768
-357703
-357508
-357379
-357347
-357200
-357045
-356991
-356902
-356793
-356777
-356744
-356572
-356558
-356155
-356117
-356104
-355600
-355554
-355185
-355166
-355165
-354969
-354917
-354606
-354243
-354038
-353925
-353222
-353179
-353050
-352899
-352840
-352820
-352697
-352629
-352502
-352480
-352392
-352355
-352338
-352107
-352084
-351940
-351880
-351634
-351487
-350987
-350764
-350693
-350585
-350470
-350341
-350092
-350091
-349547
-349412
-349371
-349246
-349149
-348905
-348903
-348823
-348167
-347964
-347663
-347140
-347028
-346832
-346346
-346110
-345715
-345659
-344953
-344891
-344879
-344816
-344603
-344564
-344352
-344177
-344048
-343916
-343826
-343706
-343686
-343188
-342822
-342728
-342271
-342257
-342149
-342143
-341888
-341838
-341780
-341743
-341711
-341672
-341427
-341315
-340386
-340352
-340226
-340144
-340099
-339898
-339724
-339501
-339054
-338820
-338618
-338609
-338514
-338455
-338436
-338429
-338265
-338077
-337939
-337644
-337590
-337037
-336849
-336477
-336362
-336184
-336171
-336148
-335844
-335801
-335748
-335264
-334585
-334467
-334306
-334271
-333838
-333736
-333223
-333191
-333187
-333062
-333024
-333001
-332969
-332436
-332402
-332331
-332241
-332025
-332016
-331702
-331529
-331508
-331349
-331329
-331271
-331247
-330954
-330938
-330681
-330215
-330206
-329956
-329851
-329637
-329067
-328934
-328908
-328755
-328531
-328219
-327878
-327860
-327825
-327599
-327315
-327071
-326883
-326805
-326760
-326489
-326485
-325791
-325624
-325077
-325033
-324940
-324896
-324466
-324306
-324208
-324159
-324139
-323992
-323938
-323927
-323613
-323029
-322978
-322796
-322463
-322378
-322269
-321479
-321206
-320950
-320921
-320813
-320697
-320395
-320362
-320007
-319957
-319649
-319539
-319369
-318613
-317839
-317815
-317815
-317754
-317747
-317657
-317584
-317093
-317019
-316899
-316709
-316584
-316386
-316031
-315972
-315944
-315869
-315270
-315093
-314967
-314880
-314722
-314638
-314551
-314549
-314271
-314262
-314044
-314004
-313903
-313742
-313597
-313137
-313089
-313015
-312944
-312795
-312779
-312716
-312409
-312108
-311967
-311930
-311787
-311576
-311494
-311346
-310898
-310871
-310711
-310465
-310306
-310305
-310222
-310218
-309937
-309699
-309469
-309288
-309238
-309093
-308734
-308687
-308619
-308234
-308170
-308023
-307662
-307523
-307314
-307222
-306204
-306095
-305966
-305506
-304943
-304926
-304636
-304557
-304553
-304524
-304198
-304119
-304038
-303922
-303514
-303185
-303129
-302740
-302705
-302255
-302004
-301929
-301896
-301672
-301561
-301441
-301373
-301372
-301235
-301225
-301066
-300992
-300436
-299720
-299688
-299666
-299370
-299322
-299277
-299104
-298612
-298237
-298061
-297705
-297503
-297419
-297327
-297255
-297235
-297118
-297006
-296974
-296836
-296719
-296698
-296526
-296356
-296335
-295772
-295154
-295090
-294831
-294724
-294681
-294653
-294206
-293758
-293719
-293677
-293363
-293117
-292272
-292146
-292027
-292027
-291939
-291588
-291379
-290945
-290617
-290439
-289706
-289451
-289377
-289111
-288922
-288781
-288730
-288600
-288448
-288440
-288304
-288057
-287984
-287872
-287691
-287636
-287376
-287254
-286901
-286860
-286811
-286755
-286457
-286350
-286348
-286190
-286160
-286007
-285618
-285569
-285187
-284726
-284683
-284403
-284098
-283888
-283860
-283400
-282951
-282562
-282385
-282154
-282035
-281775
-281493
-281424
-281335
-281059
-281057
-280931
-280601
-280430
-280381
-279938
-279932
-279561
-279439
-279319
-279018
-278284
-278187
-278183
-278171
-277568
-277409
-277294
-277131
-276983
-276846
-276805
-276715
-276647
-275986
-275778
-275748
-275639
-275573
-275396
-275266
-274627
-274515
-274299
-274224
-274083
-273793
-273635
-273332
-273238
-273201
-272862
-272602
-272545
-272395
-272124
-272114
-271970
-271955
-271788
-271570
-271414
-271397
-271371
-270862
-270576
-270568
-270253
-270131
-270077
-269492
-269427
-269143
-268994
-268490
-268362
-268195
-268179
-268124
-268069
-268055
-267833
-267575
-267378
-266815
-266778
-266320
-266274
-266259
-266253
-266240
-266204
-266057
-265966
-265899
-265752
-265740
-265703
-265463
-265300
-265190
-264955
-264954
-264378
-264279
-264120
-264109
-264094
-263862
-263325
-263209
-263205
-262950
-262794
-262762
-262192
-261964
-261695
-261418
-261207
-261066
-261047
-261035
-260795
-260781
-260637
-260591
-260552
-260312
-260101
-259969
-259558
-259502
-259371
-259226
-259077
-258399
-258107
-258039
-257961
-257883
-257879
-257795
-257724
-257668
-257526
-257512
-257333
-256960
-256852
-256538
-256489
-256441
-256401
-256262
-255734
-255491
-255448
-255384
-255240
-255124
-255080
-254899
-254555
-254450
-254359
-254285
-254131
-253962
-253749
-253547
-253212
-253111
-253096
-252916
-252787
-252636
-251832
-251682
-250634
-250568
-250535
-250441
-250324
-250053
-250010
-249426
-249415
-249351
-249179
-249118
-248861
-248829
-248545
-248283
-248043
-247816
-247574
-247505
-247378
-247186
-246771
-246574
-246475
-245892
-245829
-245710
-245544
-245538
-245475
-245292
-245197
-245017
-244724
-244706
-244706
-244697
-244563
-244552
-244313
-244093
-244050
-243605
-243502
-243449
-243351
-243003
-242854
-242828
-242640
-242612
-242588
-242364
-242245
-241375
-240889
-240847
-240775
-240459
-239842
-238967
-238881
-238644
-238438
-238118
-238070
-237925
-237509
-237292
-237166
-236977
-236972
-236493
-236475
-236405
-236226
-235789
-235749
-235569
-235446
-235137
-235046
-235040
-235030
-234924
-234878
-234576
-234224
-234052
-233872
-233607
-233351
-233275
-232978
-232839
-232560
-232201
-231839
-231663
-231513
-231441
-231422
-230854
-230838
-230762
-230683
-230548
-230367
-230278
-230254
-229290
-229156
-228630
-228387
-228314
-228127
-227651
-227636
-227454
-227416
-227385
-226959
-226554
-226272
-226093
-226021
-225930
-225686
-225566
-225527
-225462
-225263
-225085
-224557
-224500
-223685
-223677
-223448
-223400
-222999
-222794
-222782
-222634
-222484
-222375
-222254
-221805
-221679
-221176
-221124
-221001
-220709
-220497
-220398
-220262
-220209
-219500
-219499
-219492
-218712
-218621
-218576
-218518
-218473
-217942
-217641
-216773
-216596
-216001
-215874
-215735
-215383
-215177
-215147
-215094
-214532
-214363
-214246
-213523
-213402
-213259
-212339
-211593
-211571
-211310
-211267
-211173
-210587
-209684
-209615
-209515
-209401
-209246
-208575
-208276
-208228
-208200
-208174
-207871
-207791
-207640
-206723
-206700
-206638
-206591
-206506
-206291
-206085
-206073
-205902
-205523
-205456
-205121
-204998
-204906
-204726
-204682
-204603
-204181
-203915
-203864
-202963
-202687
-202277
-202170
-201456
-201257
-201139
-200866
-200737
-200735
-200594
-200348
-200090
-200038
-199981
-199919
-199402
-199089
-198801
-198317
-197964
-197668
-197644
-197434
-197281
-197253
-197240
-196993
-196962
-196721
-196716
-196705
-196564
-196531
-196289
-196155
-196014
-195738
-195731
-195202
-195100
-194753
-194699
-194673
-194615
-193916
-193573
-193572
-193182
-192600
-192447
-191205
-191120
-190894
-190782
-190772
-190190
-189972
-189802
-189059
-189048
-188905
-188849
-188303
-188186
-187994
-187629
-187530
-187464
-187339
-187108
-186614
-186333
-186185
-185923
-185828
-185787
-185772
-185695
-185208
-184839
-184701
-184175
-183651
-183556
-183423
-183012
-182835
-182536
-182512
-182470
-182355
-182291
-182283
-182017
-181447
-181345
-180719
-180512
-179921
-179811
-179792
-179288
-179005
-178492
-178483
-178255
-178254
-178069
-178033
-177816
-177570
-177092
-176894
-176846
-176636
-176566
-176221
-176176
-176070
-176050
-175945
-175488
-174866
-174607
-174566
-174221
-174035
-173968
-173368
-173153
-172546
-172033
-172033
-171756
-171713
-171475
-171387
-171341
-171183
-171110
-170989
-170960
-170928
-170414
-170320
-170292
-169787
-169675
-169215
-168580
-168533
-168472
-168430
-168286
-167480
-167306
-167291
-167282
-167013
-166800
-166462
-166280
-166267
-166108
-165763
-165688
-165343
-165147
-165023
-164910
-164650
-164493
-163955
-163910
-163905
-163851
-163737
-163717
-163589
-163472
-163334
-162336
-162240
-162151
-161688
-161390
-161297
-161266
-160881
-160344
-160179
-159668
-158899
-158761
-158570
-158044
-158035
-157864
-157574
-157357
-157354
-157332
-157238
-157224
-157157
-156944
-156865
-156470
-156329
-156310
-156239
-156210
-156005
-155790
-155408
-155404
-155282
-154708
-154568
-154568
-154564
-154513
-154360
-154340
-154129
-153918
-153798
-153735
-153626
-153510
-153417
-153396
-152749
-152720
-152667
-152386
-152287
-152270
-152126
-152112
-152101
-151771
-151566
-151284
-151246
-151183
-151088
-151009
-150504
-149749
-149376
-148382
-148304
-147967
-147868
-147723
-147392
-147283
-147238
-147134
-146978
-146764
-146600
-146531
-146519
-145977
-145975
-145735
-145630
-145327
-145238
-145099
-144902
-144143
-143918
-143628
-143375
-142970
-142900
-142502
-142474
-142352
-142345
-142225
-141992
-141533
-141458
-141282
-140410
-140332
-140253
-140172
-139816
-139751
-139538
-139330
-139269
-139231
-139204
-139062
-138977
-138615
-138594
-138279
-138234
-138077
-137901
-137592
-137437
-137061
-136969
-136870
-136858
-136416
-136333
-135608
-135534
-135462
-134576
-134449
-134424
-134323
-134239
-133795
-133193
-133064
-132883
-132312
-132204
-132194
-132010
-131888
-131432
-130948
-130535
-130379
-130225
-130046
-129895
-129224
-129067
-129026
-128920
-128761
-128749
-128312
-127611
-127602
-127514
-127286
-126352
-126343
-125563
-125553
-125352
-125170
-125161
-125075
-125058
-125024
-124961
-124073
-124007
-123758
-123735
-123645
-123644
-123246
-122922
-122903
-122881
-122830
-122477
-121819
-121807
-121743
-121715
-121495
-121139
-121121
-121036
-120926
-120863
-120739
-120640
-120482
-120452
-120237
-119873
-119351
-119182
-118929
-118816
-118728
-118160
-118073
-117530
-117301
-117012
-115949
-115547
-115451
-115213
-114841
-114622
-114535
-114432
-114276
-114174
-113804
-113131
-112595
-112577
-112534
-112429
-112397
-112276
-112082
-111838
-111755
-111580
-110952
-110822
-110819
-110606
-110586
-109201
-108931
-108841
-108679
-108676
-108507
-108024
-108003
-107635
-107628
-107401
-107298
-106857
-106844
-106748
-106601
-106227
-106202
-105722
-105713
-105360
-105097
-105095
-104821
-104799
-104599
-104392
-104386
-104337
-104325
-104278
-104275
-103719
-103260
-103078
-103008
-102895
-102826
-102745
-102559
-102388
-102157
-102045
-101933
-101871
-101682
-101502
-101009
-100870
-100327
-99982
-99795
-99783
-99707
-99616
-99516
-99479
-99149
-99120
-99013
-98655
-98575
-98251
-98031
-97977
-97829
-97372
-97298
-97259
-97188
-97161
-97124
-96016
-95770
-95672
-95647
-95631
-95565
-95107
-95099
-94643
-94458
-94385
-94334
-94298
-94248
-93504
-93439
-93412
-93043
-93000
-92876
-92781
-92557
-92509
-92448
-92333
-92116
-92061
-91852
-91592
-91198
-91123
-90986
-90910
-90602
-90544
-90253
-90105
-90005
-89969
-89681
-89484
-89466
-89442
-89169
-88920
-88558
-88553
-88425
-88334
-88149
-87957
-87900
-87862
-87860
-87809
-87785
-87658
-87406
-87136
-86999
-86690
-86199
-86147
-86114
-85852
-85374
-85323
-85019
-84831
-84732
-84605
-84530
-84505
-84273
-84168
-83954
-83934
-83826
-83778
-83465
-83405
-82810
-82749
-82730
-82685
-82549
-82424
-82298
-82191
-82063
-82025
-81855
-81657
-81496
-81068
-81026
-80764
-80123
-80120
-79736
-79707
-79348
-78971
-78931
-78551
-78534
-78509
-78370
-78332
-78013
-77657
-77318
-77135
-76977
-76363
-76042
-75652
-75359
-74871
-74668
-74668
-74605
-74419
-74227
-74121
-73932
-73900
-73889
-73702
-73652
-73648
-73473
-73089
-72994
-72933
-72731
-71889
-71888
-71746
-71539
-71396
-71225
-70975
-70922
-70434
-70376
-70343
-70230
-69901
-69803
-69698
-69486
-69419
-68929
-68326
-67992
-67272
-67213
-66854
-66787
-66671
-66653
-66552
-66331
-66223
-66158
-65803
-65786
-65659
-65576
-65513
-65421
-65353
-65145
-64843
-64781
-64667
-64560
-64430
-64399
-64390
-64362
-64163
-64159
-64073
-63841
-63810
-63748
-63700
-63591
-63570
-63393
-63260
-63077
-63074
-61893
-61854
-61716
-61489
-61169
-61029
-60744
-60714
-60677
-60605
-60588
-60021
-59780
-59761
-59395
-59276
-59101
-59083
-58907
-58884
-58771
-58482
-58365
-58195
-58130
-57984
-57720
-57514
-57480
-57341
-56920
-56835
-56689
-56351
-56227
-55635
-55322
-55064
-55062
-54840
-54497
-54494
-54331
-54301
-54218
-54200
-54060
-53768
-53743
-53671
-53054
-52998
-52851
-52779
-52578
-52547
-52450
-52100
-52080
-51868
-51768
-51607
-51594
-51432
-51254
-51250
-51109
-51081
-50765
-50709
-50590
-50520
-50455
-50437
-50258
-50255
-50020
-49987
-49837
-49673
-49664
-49526
-49282
-49169
-48808
-48739
-48189
-48117
-47983
-47485
-46973
-46833
-46826
-46746
-45978
-45453
-45345
-45343
-45103
-45064
-44852
-44802
-44652
-44571
-44488
-43494
-43392
-43034
-43027
-42839
-42174
-42133
-41993
-41786
-41611
-41589
-41112
-40930
-40880
-40550
-40513
-40486
-40473
-40274
-40209
-40169
-40143
-39931
-39829
-39811
-39788
-39654
-39602
-39581
-39543
-39050
-39035
-37874
-37670
-37621
-37283
-37246
-37201
-36883
-36833
-36084
-36067
-35447
-35295
-35268
-34757
-34321
-33814
-33737
-33627
-33320
-33287
-32955
-32865
-32133
-31896
-31877
-31816
-31456
-31174
-30890
-30717
-30575
-30099
-30095
-30056
-29927
-29813
-29394
-29313
-29211
-29169
-28676
-28414
-28332
-28250
-28214
-28198
-28181
-28083
-27751
-27703
-27535
-27105
-26663
-26361
-26268
-25885
-25840
-25642
-25505
-25465
-25356
-24828
-24764
-24553
-24515
-24230
-24209
-24099
-23853
-23823
-23659
-23541
-23491
-22431
-22256
-21925
-21453
-20676
-20607
-20359
-19972
-19814
-19673
-19669
-19222
-18757
-18221
-18187
-17922
-17905
-17222
-16956
-16508
-16354
-16231
-16163
-16034
-15936
-15818
-15812
-15721
-15541
-15522
-15194
-15190
-14748
-14653
-14550
-14504
-14392
-13808
-13694
-13680
-13413
-13164
-12575
-12424
-12317
-12132
-12089
-12087
-12057
-11509
-11443
-11179
-10790
-10735
-10706
-10533
-10494
-10146
-10118
-9560
-9056
-9023
-8531
-8464
-8454
-8238
-8170
-8137
-7562
-7291
-7250
-6993
-6943
-6405
-6062
-6053
-5760
-4935
-4889
-4750
-4598
-4590
-4092
-3996
-3987
-3720
-3550
-3028
-2927
-2790
-2672
-2280
-1885
-1273
-842
-540
-325
-242
53
203
334
486
697
714
738
738
815
819
885
960
1225
1365
1576
2131
2180
2472
2699
2892
3031
3233
3347
3391
3511
3611
4103
4201
4325
4386
4424
4673
4749
4948
5207
5330
5518
6908
7766
8337
8374
9263
9670
9757
9909
9914
9915
10077
10104
10119
10327
10859
10963
11038
11716
11745
12224
12650
12747
12778
12821
13210
13516
13646
13675
13829
13835
14008
14302
14589
14898
15258
15660
15776
15949
16350
16553
17023
17256
17438
17491
17526
17762
17901
17962
18151
18230
18745
18778
18850
18892
19106
19252
19324
19404
19456
19499
19810
20058
20236
20293
20484
20710
20890
21007
21139
21921
21973
21976
22033
22061
22171
22543
22565
24281
24369
24414
24519
24522
24599
24646
24668
24700
24746
24786
24828
24977
25367
25412
25487
25873
25924
26090
26734
26765
27233
27827
28018
28302
28912
28964
28992
29183
29800
29870
29895
30029
30155
30268
30282
30314
30576
30591
30749
30844
31134
31257
31398
31808
31886
31898
31991
32002
32181
32387
32538
32733
33131
33252
33368
34022
34106
34194
34642
35241
35304
35410
35799
36027
36334
36601
36831
37091
37120
37286
37441
37662
37846
37938
38326
38352
38540
38595
38715
38761
38855
39026
39167
39169
39364
39404
39499
39663
39841
39919
40009
40125
40163
40187
40272
40467
40578
40842
41169
41422
41534
41957
42169
42486
42766
42983
43274
43275
43666
43706
43999
44628
44749
45162
45188
46839
46929
47034
47138
47180
47337
47537
47834
47836
48362
48435
48604
49257
49344
49414
49448
49960
50292
50305
50459
50642
51219
51229
51367
51480
51534
52000
52046
52094
52113
52274
52284
52292
52901
53664
54045
54177
54258
54291
54414
54548
54853
54934
55173
55332
55542
55560
55716
55727
56039
56061
56142
56929
57794
57985
58099
58624
58646
58928
58949
59087
59163
59201
59211
59379
59379
59521
59695
59927
60023
60580
60622
61164
61166
61509
61725
62078
62251
62507
62801
62820
62935
63193
63408
63697
63711
63917
64028
64227
64308
64517
64611
64772
64876
65107
65109
65214
65257
65521
65933
66120
66199
66390
66515
66530
66867
67507
68005
68299
68725
68805
69109
69260
69462
69593
69675
70091
70167
70309
70454
70571
70588
70928
71056
71243
71457
71621
71763
71901
71964
72054
72343
72457
72792
73243
73620
74055
74196
74212
74300
74428
74515
74588
75010
75114
75144
75188
75212
75409
75425
75516
75590
76194
76212
76412
76435
76555
77529
77678
77716
78034
78038
78125
78195
78251
78502
78706
79018
79077
79162
79239
79253
79756
80076
80143
80482
80839
80874
81036
81176
81192
81425
81602
81926
82050
82111
82157
82243
82674
82957
83110
83401
83584
83997
84180
84230
84263
84267
84719
84811
84936
85359
85377
85514
85529
85696
86127
86322
86390
86515
86546
86750
86970
87021
87379
87672
87828
88220
88234
88238
88247
88662
88783
89128
89146
89420
89472
89519
89654
89718
89842
90197
90201
90257
90382
90538
90605
90728
90789
91105
91138
91224
91699
92001
92111
92127
92543
92558
92649
92825
93141
93267
93314
93684
93717
93958
94302
94436
94894
95002
95209
95249
95591
95676
95725
95855
96161
96219
96357
96713
96827
96909
96982
97111
97310
97590
97776
97838
98055
98165
98258
98360
98626
98784
98850
99117
99167
99415
99446
99684
99725
99906
100172
100351
100482
100821
100831
100846
101063
101189
101310
101332
101402
101423
101465
101499
101951
102335
102337
102790
102820
102833
102949
103068
103107
103142
103474
103485
103502
103593
103980
104081
104415
104576
104948
105007
105465
105890
105939
106406
106956
107000
107008
107021
107081
107182
107257
107303
107468
107777
108379
108504
108581
109029
109045
109073
109657
109761
109823
109879
110050
110105
110132
110315
110670
111067
111098
111426
111436
111554
111625
112235
112288
112313
112387
112418
112727
113018
113067
113272
113331
113380
113382
113617
114338
114510
114697
114847
114889
114961
115043
115186
115203
115224
115899
116162
116235
116305
116329
116379
116721
116751
117438
117699
118475
118595
118625
118851
118901
118966
119059
119066
119906
120047
120307
120652
120759
120908
120984
121022
121478
121575
122498
122661
123014
123037
123210
123368
123836
124023
124102
124306
124323
124955
125271
125520
125607
125675
125963
125977
126206
126260
126485
126819
127007
127166
127313
127540
127804
127925
128068
128165
128626
128630
128665
128907
129116
129277
129414
129644
130007
130208
130253
130261
130477
130589
130780
131100
131281
131591
131722
131952
132068
132719
132854
133058
133314
133356
133439
133641
133714
133906
134019
134058
134077
134172
134265
134404
134500
134632
135042
135104
135159
135160
135228
135341
135933
136298
136500
136583
136981
137195
137342
137483
137489
137537
138298
138464
138646
138706
138953
139021
139052
139231
139285
139397
139479
140166
140274
141099
141379
141447
141662
141909
142041
142382
142527
142843
143000
143037
143086
143116
143125
143291
143326
143649
143737
143879
143908
143915
144036
144236
144277
144424
144619
144898
144944
144979
145157
145196
145485
145583
145828
145927
145945
146108
146353
146522
147027
147268
147407
147624
147769
148317
148408
148424
148495
148686
148863
149602
149631
149885
150007
150034
150368
150423
150552
150576
150642
151171
151212
151245
151657
151883
152819
152837
152837
152873
152941
152967
153077
153083
153179
154015
154175
154326
154448
154552
154716
154818
154986
155910
156088
156179
156249
156468
156605
156745
156760
156877
156887
157073
157257
157311
157640
158139
158155
158204
158306
158738
159383
159413
159649
159852
160067
160187
160206
160542
160955
161020
161234
161283
161461
161903
161947
161998
162339
162395
163141
163406
163515
163533
163672
164195
164838
164840
165400
165669
166002
166079
166140
166145
166353
166874
167243
167290
167590
167835
167988
168484
168588
168703
168736
169286
169397
169708
169973
170060
170282
170578
171058
171121
171332
171928
171979
172083
172151
172315
172358
172364
172447
173084
173498
173600
174049
174073
174136
174660
174864
174968
174973
175062
175102
175247
175399
175535
175793
175827
176090
176191
176358
176662
176684
176802
177117
177286
177407
177419
177427
177583
177899
177926
178129
178152
178171
178299
178328
178464
178495
178530
178537
178918
179388
180085
180331
180402
180437
180504
180753
181274
181328
181355
181485
181718
181827
182326
182620
182673
183062
183124
183379
183392
183666
183725
183729
184780
185090
185434
185478
185540
185565
185589
185714
186254
186343
186871
186878
186892
186920
187352
187422
187484
187566
187839
187906
188375
188773
188870
189066
189165
189604
189650
189980
190073
190087
190122
190371
190504
190852
191015
191081
191243
191574
191605
191942
192054
192329
192531
192592
192750
192750
192858
192879
193055
193158
193411
193681
194209
194349
194369
194987
195015
195025
195201
195263
195369
195516
195579
196046
196495
197148
197673
198405
198436
198820
198888
198900
198916
199025
199228
199808
199888
200223
200560
201123
201185
201356
201499
201773
201791
202013
202425
202522
203414
204214
204265
204271
204316
204621
204923
205114
205230
205283
205340
205373
205455
205519
205579
205734
205840
206180
206258
206335
206624
206964
207084
207090
207377
207442
207670
207931
208001
208026
208086
208253
208363
208426
208622
208905
209045
209059
209070
209273
209449
209518
209626
209761
210246
210308
210429
210506
211025
211074
211223
211541
211726
211788
211947
212217
212299
212628
212666
212790
213176
213189
213349
213809
213988
214436
214443
214458
214496
214571
214796
214841
215216
215333
215471
215857
216364
216444
216450
216665
216787
216822
217104
217109
217330
217466
217647
217920
217924
218080
218303
218663
218759
218802
218944
219131
219659
219716
219744
219968
220190
220382
220390
220402
220550
220721
220819
220956
221056
221449
221455
221469
222020
222163
222278
222584
223032
223054
223236
223249
223789
223823
224035
224167
224249
224883
225052
225055
225212
225673
225893
226004
226009
226135
226154
226160
226758
226814
226863
226869
228155
228713
228774
229123
229799
230008
230229
230343
230561
231212
231225
231257
231259
231747
231761
232360
232678
233838
234124
234164
234497
234690
234911
235052
235061
235706
235745
236215
236519
236841
237249
237257
237551
237907
237916
237985
238037
238316
238337
238344
238358
238438
238723
238892
239114
239201
239204
239287
239906
240017
240174
240615
240683
240827
240940
241360
242152
242561
242796
242827
242882
243004
243367
243382
243504
243708
244055
244700
244759
244842
245081
245991
246525
246621
246938
246997
247087
247291
247344
247372
247460
247473
247673
247782
248082
248210
248432
248618
248645
248846
248860
249147
249248
249540
249634
249667
249879
250093
250441
250534
250681
250812
251238
251477
251585
252064
252118
252314
252353
252360
252742
252835
252843
253115
253682
254134
254400
254432
254554
254700
254736
255000
255074
255236
255340
255356
255375
255400
255675
256160
256220
256319
256399
256561
256581
256887
257186
257442
257487
257552
257608
257701
257748
258651
258736
258941
259907
260117
260747
260885
260977
261289
261497
261589
261704
261900
261905
262492
262524
262603
263021
263255
263828
264001
264374
264889
265089
265412
266579
266717
267011
267341
267431
267462
267591
267916
268004
268041
268043
268210
268419
268527
268825
268947
269003
269698
269829
270082
270124
270510
271147
271386
271606
272083
272196
272781
272837
273001
273051
273059
273197
273201
273273
273416
273883
274254
274290
274565
274665
274749
274816
274885
274911
275163
275250
275340
275587
275863
275942
275980
276339
276607
276726
276994
277126
277141
277217
277246
277265
277500
277622
277777
278512
278679
278867
278939
279589
279696
279735
279801
279892
279931
280004
280038
280443
280983
281033
281057
281190
281337
281354
281585
281619
282043
282482
282588
282588
282688
282969
283124
283351
283416
283487
283488
283515
283532
283623
283773
284297
284530
284917
284977
285378
285470
285574
285575
285818
285899
286342
286765
286982
287355
287463
287705
287856
287941
288100
288123
288135
288324
288933
289048
289309
289443
289823
289973
289984
290099
290349
290831
290839
291363
291863
291864
291946
291964
292640
292772
292809
292820
292959
293349
293876
294023
294567
294584
294692
294745
295173
295420
295496
296348
296446
296473
296638
296676
296829
296861
297350
297475
297989
298004
298039
298319
298383
298952
299042
299398
299520
299793
299867
299882
300169
300222
300703
300711
301076
301202
301230
301267
301320
301329
301378
301745
301888
301898
301970
302125
302210
302314
302335
302413
302507
302627
303005
303092
303388
303411
303661
303746
303778
304074
304098
304480
305326
305335
306099
306239
306564
306668
306729
306893
306934
307078
307102
307222
307323
307395
308153
308179
308213
308370
308717
308870
309282
309360
309541
309657
309820
309925
309988
310046
310292
310420
310437
310487
310566
310601
311121
311217
311345
311696
311989
312207
312233
312260
312414
313425
313503
313625
313662
313856
313884
314100
314156
314406
314427
314442
314493
314691
314842
314887
315083
315212
315964
315998
316111
316262
316300
316415
317178
317367
317516
317640
317644
317721
317786
318125
318487
319132
319894
320261
320300
320523
320723
320763
320936
321092
321642
321700
321705
321758
321924
321997
322097
322291
322371
322658
322985
323019
323023
323053
323291
323571
323880
324879
325282
325586
325604
325704
326030
326189
326222
327028
327132
327264
327815
328053
328394
328459
328483
328549
328567
329360
329416
329704
329751
329853
330100
330184
330600
331064
331295
331429
331925
332379
332659
332786
333003
333146
333218
333317
333522
333523
333539
333857
333959
334235
334572
334672
334997
335107
335524
336365
336430
336564
337027
337270
337275
337326
337602
337728
337827
338061
338166
338420
338436
338604
338811
338835
339023
339220
339264
339270
339766
339839
339914
339917
340234
340277
340292
340304
340341
340440
340631
340663
340687
340751
340933
341122
341125
341446
341497
341615
341767
342137
342255
342994
342997
343141
343630
344010
344216
344448
344453
344709
344762
344882
345049
345151
345636
345851
345855
346141
346144
346779
347283
347605
348185
348273
348432
348551
349578
350163
350289
351060
351161
351171
351175
351233
351277
351520
351771
352092
352190
352207
352208
352315
352389
352669
353271
353352
353574
354443
354578
354707
354728
354790
354998
355067
355162
355267
355605
355760
355808
355844
356093
356261
356293
357002
357007
357088
357226
358207
358317
358455
358508
358565
358651
358840
359252
359507
359748
359855
359868
360078
360141
360191
360450
360711
360745
360755
361143
361287
361416
361663
361841
361924
362225
362694
362974
364130
364365
364569
364672
364876
365278
365303
365329
365470
365727
365781
365824
365930
366003
366127
366213
366882
367128
367584
367768
368012
368162
368407
368469
368497
368531
369144
369570
369799
370197
370430
370585
370825
371110
371141
371412
371487
371521
371568
371791
372007
372539
372924
373004
373063
373220
373337
373508
373725
373817
374203
374495
374505
374603
375364
375394
375646
375703
375741
375799
375927
376128
376339
376380
376483
376587
376696
376984
376998
377432
377883
378004
378370
378699
379022
379155
379596
379615
379784
380069
380112
380317
380424
380468
380504
380507
380564
380644
380892
381077
381083
381090
381507
381772
381916
382098
382288
382873
382914
383216
383676
384085
384433
384454
384615
384677
385179
385245
385450
385498
385600
385856
386658
386896
387111
387357
387679
387962
388000
388247
388428
389167
389182
389358
389454
389825
390389
390684
390709
390840
390873
390923
390984
391063
391627
391796
391972
392140
392417
392554
392603
392811
393095
393625
393715
393722
393928
394079
394214
394286
394641
394866
394883
395231
395493
395840
395952
396220
396345
396413
396553
396603
396707
396786
396897
396954
397243
397557
397873
398275
398457
398462
398530
398894
398901
398954
399011
399556
399885
400045
400096
400148
400350
400353
400813
400939
401008
401330
401464
401693
401737
401897
401939
401953
402003
402280
402689
403051
403541
403692
403749
403917
404148
404394
404523
404529
404815
405609
406283
406316
406366
406476
406974
407020
407383
407413
407677
407783
407792
408434
409286
409565
409706
409827
409996
410146
410422
410932
410984
411075
411088
411495
411528
411534
411591
411614
411648
411649
411761
411816
411981
412443
413221
413283
413433
413538
413619
413779
414343
414606
414994
414996
415035
415047
415146
415430
415551
415571
415872
416128
416194
416309
416367
416849
416990
417318
417422
417524
417600
417828
417877
418262
418346
418492
418744
418796
418855
418929
419094
419333
419694
419712
419773
419843
419992
420098
420136
420189
420673
420748
420965
421136
421327
421522
421621
421929
422446
422607
422930
422957
422993
423093
423208
423216
423629
424321
424452
424672
424685
424737
424998
425207
425310
425321
425483
425512
425722
426136
426276
426334
426368
426371
426596
426772
426776
426822
427050
427278
427299
427601
427607
427679
427751
427770
427815
427839
427851
427970
428104
428185
428359
428619
428654
428722
428734
429145
429216
429235
429586
429623
430289
430351
430941
431236
431681
431682
431698
431803
431828
432230
432514
432725
432826
432830
432978
433346
433456
433594
433608
433613
433756
433821
433868
434633
434762
435119
435473
435510
435523
435525
435830
435903
436833
437008
437353
437405
437411
437432
437497
437551
437679
437735
438438
438986
439002
439077
439369
439451
439788
439790
440906
440925
441217
441234
441702
441982
442411
442510
442615
442617
442750
443183
443193
443221
443289
443619
443696
443748
443802
444102
444182
444198
445341
445380
445389
445618
445622
445987
446014
447032
447365
447713
447994
448050
448449
448691
448754
449097
449322
449533
449653
450015
450045
450338
450910
451072
451073
451098
451186
451396
451579
451852
451986
452695
452794
453045
453226
453275
453278
453408
453490
453501
453782
453911
454044
454064
454182
454321
454841
455413
455511
455723
455797
455839
456521
456879
457006
457028
457293
457678
458118
458211
458454
458571
459083
459306
459626
459628
460058
460166
460315
460345
460629
460671
460991
461147
461212
461476
461517
461700
461894
462059
462754
462757
462878
463080
463232
463690
463732
464085
464590
464896
465749
465961
467184
467783
467903
467980
469212
469379
469463
469660
469682
469825
469929
470512
470544
470561
471241
471291
471385
471468
471511
471539
471790
472598
472864
473081
473202
473426
473701
473936
473970
474118
474514
474793
474838
475185
475496
475701
475771
475853
475905
476871
476887
477015
477018
477176
478047
478280
478666
478718
478906
478918
479080
479179
479484
480024
480128
480195
480535
480600
480605
480771
481298
481322
481452
482044
482170
482286
482320
482351
482352
482352
482388
482464
482537
482874
482942
482963
483199
483263
483282
483409
483465
483614
483950
483958
484565
484755
485026
485034
485444
485445
485494
485583
485830
486003
486027
486133
486465
486524
486591
486919
486938
487514
487683
487821
488093
488141
488226
488447
488659
488770
488857
488868
488889
488975
489176
489177
489177
489243
489636
489704
489741
490000
490179
491097
491570
492136
492253
492418
492587
492706
492800
493040
493675
493868
494179
494715
494873
495124
495282
495445
495507
495631
495757
495896
495977
496012
497365
497454
497543
497723
497847
497944
498238
498530
498602
499015
499433
499572
499656
499662
500013
500034
500310
500435
500574
500681
500879
500894
500922
501047
501084
501219
501334
501550
501882
502121
502134
502392
502498
502911
502977
503035
503141
503194
503239
503337
503513
503584
503757
504552
504646
504657
504737
504738
504791
505120
505328
505368
505564
505700
506323
506440
506459
507015
507225
507502
507506
507547
507846
508055
508411
508623
509032
509094
509235
509398
509979
510460
510557
511009
511440
511856
511898
512000
512057
512801
512804
512825
512941
513116
513350
513383
514128
514815
514822
514834
514841
514860
514975
515075
515134
515284
515591
515591
515647
516342
516433
516657
516694
516760
517038
517598
517687
517815
517982
518088
518200
518438
518705
518908
518911
518937
518946
519725
519754
519785
519919
519942
520140
520308
520317
520411
520690
520825
520964
521013
521636
522007
522246
522614
522694
523038
523058
523329
523351
523530
523592
523746
523872
524000
524131
524303
524411
524676
524703
525304
525662
525711
525716
525872
526090
526199
526262
526640
527298
527356
527369
527991
528051
528539
528617
529292
529732
529941
530049
530124
530240
530402
530652
530727
530729
530877
531339
531433
531438
531712
532342
532392
532582
532590
532632
532680
532691
532836
533245
533458
533493
533506
533978
534073
534298
534453
534723
535589
535601
535723
536208
536240
536314
536353
536517
536608
536738
537300
537443
537912
537934
537998
538660
539046
539197
539533
539578
539806
539987
540002
540073
540402
540731
540734
540760
541714
541999
542081
542221
542387
543400
543673
543843
543858
544370
544479
544708
545119
545209
545264
545445
545580
545761
546103
546178
546283
546717
546869
546945
546960
547011
547397
547404
547957
548175
548220
548289
548298
548384
548787
549283
550233
550245
550467
551079
551350
551527
551602
551929
552211
552301
552320
553291
553494
553533
553786
553828
553966
554356
554688
554952
555189
555460
555531
555685
555699
555763
556066
556154
556305
556593
556621
556910
557432
557508
558055
558616
558838
558945
559051
559413
559615
559662
559926
560238
560416
560422
560594
560672
561015
561055
561188
561231
561238
561596
562113
562136
562735
562750
562854
562960
563072
563194
563376
563513
563710
564285
564660
564866
564949
565416
565516
565641
566131
566263
566594
566683
567808
568846
568942
569109
569644
570487
570921
571041
571067
571119
571653
571704
571949
572166
572271
572628
572676
573303
573583
574105
574146
574186
574305
574498
574549
574589
574802
574864
575096
575098
575133
575453
575989
576020
576457
576480
576845
576894
576935
577380
577438
578115
578285
578481
578487
578607
578722
578739
579088
579542
579564
579729
579772
580075
580262
580313
580338
580388
580391
580632
580632
580697
580769
580981
581075
581394
581533
581549
581636
582088
582538
582579
582595
582771
582900
583151
583938
584220
584290
584361
584662
584833
585084
585425
585446
585817
585863
585865
586012
586089
586100
586134
586171
586297
586746
587954
588289
588373
588411
589019
589191
589362
589393
589523
589794
589878
589905
590006
590041
590086
590128
590322
590398
590560
590651
590919
590921
591129
591262
591837
592305
592407
592810
593121
593194
594452
594533
594771
595180
595287
595308
595559
595851
595958
596334
596373
596983
597124
597341
597436
597914
598427
598513
598978
599309
599547
599666
600194
600210
600621
600653
600798
600894
601595
601804
602132
602292
602441
602774
602893
603072
603193
603445
603451
603466
603560
604344
604696
604846
604995
605172
605281
605430
605509
605944
606269
606360
606422
606522
606766
606903
606936
607045
607088
607174
607503
607547
607605
607647
607821
607953
608199
608236
608395
608430
608552
608637
608673
609247
609315
609364
609730
609931
610023
610042
610092
610138
610217
610727
610846
610994
611339
611430
611444
611513
611685
612007
612725
612909
613209
613336
613526
614017
614223
614738
615381
615431
615713
616021
616097
616172
616276
616373
616480
617341
618102
618155
618384
618588
618706
618712
619405
619455
619463
619885
619891
620011
620134
620319
620355
620462
620566
620784
621418
621502
621633
621729
621730
622160
622759
622824
622843
622847
622936
623486
623632
623690
623860
623898
624390
624463
625385
625472
625512
625575
625630
625764
625786
625937
626311
626647
627674
627873
628498
628589
628636
629272
629529
629774
629778
630283
630701
631002
631292
631473
631587
631625
631823
632134
632253
633059
633077
633362
633499
633612
633612
633688
633800
634066
634315
634341
634530
635136
635290
635917
636904
636928
637053
637194
637265
637272
637489
637722
638055
638259
638279
638331
638354
638413
638416
638505
638800
638900
638908
638969
639374
639716
639834
639965
640328
640729
640766
641767
641785
641806
641854
641897
642081
642154
642314
642335
642620
642740
642896
643005
643197
643307
643343
644423
644988
645090
645164
645252
645317
646098
646618
646677
646911
647091
647270
647305
647698
647715
647778
647830
648323
648389
648415
648495
648594
648779
648794
648845
648847
648914
649009
649017
649255
649483
649790
649812
649839
649855
650048
650127
650184
650808
650846
650936
650949
651208
651308
651520
651789
652004
652156
652269
652391
652516
652796
653190
653726
654305
654752
654991
655304
655337
655666
655737
655771
655807
656224
656390
656927
656944
657070
657239
657569
658060
658135
658475
658651
658671
658767
658796
658840
659026
659653
659735
659851
660818
660868
660935
661327
661573
661633
661756
661958
662741
662904
663035
663267
663533
663557
663749
663793
664285
664332
664371
664374
664473
664947
665035
665102
665164
665753
665789
665858
665922
665928
665939
665960
666131
666222
666384
666411
666662
666754
667175
667248
667305
667322
667336
667428
667454
667577
667579
667602
667659
667891
668000
668125
668148
668205
668296
668347
668422
668431
668542
668705
668833
669009
669085
669149
669707
669873
669928
670151
670218
670320
670483
670598
670641
670966
670991
671565
672196
672747
672980
673254
673376
673589
673861
673994
674212
674422
674554
674970
675258
675424
675640
675689
675757
675765
675818
676129
676155
676192
676267
676295
676358
676394
676425
676535
676916
677106
677405
677847
678119
678172
678220
678609
678802
678806
678828
678835
679395
679544
679560
679649
679848
680766
680783
681148
681557
681865
682114
682223
682906
682978
683264
683807
683807
683861
683944
684028
684073
684092
684470
684587
684769
684902
684991
685262
685268
685272
685650
685707
686002
686142
686202
686265
686367
686799
686912
687252
687338
687370
687480
687510
687517
688315
688699
688790
688824
688869
688900
689101
689119
689208
689408
689488
689577
689593
689682
689838
689913
690160
690220
690343
690391
690430
690654
690807
690843
690901
691079
691399
691463
691656
691754
691999
692032
692108
692332
692508
692691
692753
693001
693678
693737
693788
694233
694605
694618
695039
695375
695401
695531
695720
696600
696725
697139
697143
697216
697283
697756
698319
698322
698639
698682
698703
698720
698850
698910
698980
699358
699451
699707
699720
699803
700790
700948
701071
701411
701766
701812
701964
702427
702452
702482
702530
702587
702602
702604
702856
702947
703543
703591
703623
703683
703725
703747
704512
704575
704660
704949
705014
705055
705515
705657
706011
706225
706631
706927
707144
707658
707757
707844
707988
708084
708254
708739
708913
709255
709486
709650
710325
710624
710959
711108
711542
711692
711780
711906
712108
712257
712494
712938
713025
713412
713490
713530
713607
713617
713701
713986
714113
714290
714350
714367
714466
714560
714668
714723
714824
715025
715075
715381
715683
715996
716383
716428
716457
716576
716650
716652
716745
716820
716886
717182
717346
717371
717379
717492
717666
718028
718107
718118
718514
718550
718643
718694
718801
718983
719182
719443
719827
719828
719833
719944
719979
719980
719997
720251
720302
720345
720609
720632
720672
720858
720903
721255
721505
721546
721782
721877
722188
722320
722438
722457
722918
722943
723274
723444
723661
724010
724067
724103
724109
724350
724396
724419
724666
724923
725273
725382
725474
725540
725599
725727
725766
726632
726671
726709
726722
727140
727406
727679
728078
728173
728472
729228
729317
729619
729715
729716
729773
729829
729941
730193
730379
730637
730736
730769
730840
730896
730924
731635
731797
732117
732581
732601
732621
732945
733173
733298
733927
733979
734369
735060
735363
735390
735457
735504
736085
736332
736364
736471
736611
736612
736985
737400
737612
737802
738072
738196
738418
738755
739515
739569
740001
740014
740079
740351
740374
740428
740842
740917
741123
741298
741379
742025
742073
742414
742460
742482
742624
742858
742914
743008
743199
743777
743897
744327
744416
744666
744899
745058
745625
745647
745896
745990
746264
746385
746424
746673
746695
747031
747212
747348
747378
747402
747437
747536
748161
748445
748493
748705
748804
748912
749003
749006
749379
749607
749653
749819
749826
749957
749968
749986
750014
750206
750437
750448
750907
751191
751218
751406
751466
751526
751625
751808
752153
752168
752477
752890
753249
753675
753927
753937
754019
754472
754646
754749
754929
754980
755167
755172
755301
755566
755570
756246
756835
757009
757199
757203
757362
757641
757722
757904
758749
758947
759073
759576
759690
759824
760053
760127
760362
760558
760580
760681
760895
761099
761567
761688
761734
761965
762071
762144
762410
762789
762841
762846
763523
763653
763747
763768
763896
764155
764298
764337
764473
764564
764618
764794
765049
765450
765566
765824
765996
766363
766753
766756
766906
767077
767842
768569
768735
768986
769011
769330
769401
769743
769928
770229
770334
770361
770688
770701
770774
770858
771252
771300
771321
771353
771638
771767
772076
772132
772161
772227
772534
772556
772618
773231
773780
773870
773875
774083
774218
774424
774923
775073
775230
775449
775563
775709
775771
775926
776676
776907
777161
777577
777656
777694
777847
777953
777976
778227
778268
778323
778494
778505
778633
778680
778800
779029
779216
779245
779962
780000
780131
780330
780491
780543
781755
781800
781804
781853
782125
782648
783527
783936
784060
784108
784181
784639
784729
784983
784988
785117
785210
785305
785363
785483
785511
785800
785884
786030
786573
786695
786761
786867
787260
787503
787536
787668
787964
788263
788292
788355
788702
788887
788951
789088
789688
789791
790101
790226
790530
790540
790695
790894
790986
791539
791837
791921
792298
792363
792433
792867
792873
793197
793411
793493
793510
794642
795140
795162
795312
795492
795807
796138
796259
796376
796559
796769
796824
796837
796852
796903
797067
798068
798123
798317
798398
798557
799144
799234
799242
799593
799671
799702
800208
800575
800754
800892
801040
801190
801492
801499
801612
801647
801801
801864
801957
802280
802378
802648
802834
802917
803109
803547
803556
803637
803891
804221
804392
804545
804620
804805
805242
806237
806246
806296
806618
806627
807036
807267
807343
807838
807910
808471
808471
808798
809018
809092
809459
809643
809696
809727
809763
809938
810124
810545
810729
811138
811360
811472
811571
811750
811793
812415
812468
813120
813281
813533
814120
814301
814358
814969
814998
815321
815441
815614
816208
816698
816961
817177
817407
817436
817541
817617
817839
817925
818000
818160
818347
818816
818973
819065
819071
819213
819658
819913
820021
820029
820092
820167
820778
820868
820935
820941
821217
821330
821335
821700
822091
822168
822729
823364
823453
823715
823743
824027
824160
824402
824487
824516
824579
824626
824819
825014
825094
825109
825443
825545
825684
825775
825807
826481
826766
826774
826896
827040
827226
827294
827375
827584
827584
827701
828068
828130
828227
828273
828302
828344
828456
828813
828855
828898
828922
828974
829104
829282
829414
829946
830021
830183
830630
830930
830937
831233
831440
831451
831482
832164
832196
832828
832943
833002
833064
833136
833181
833648
833716
834095
834560
834608
834651
834662
835209
835456
836246
836357
836411
836532
836619
836703
836992
837457
837494
838091
838096
838104
838569
838569
839037
839242
839381
839387
839582
839708
839983
840299
840388
841050
841183
841374
841626
841839
842176
842305
842415
842468
842557
842661
842834
842939
842952
843423
843676
843917
843971
844143
844261
844313
844470
844672
844909
845099
845420
845445
845502
845518
846049
846160
846516
846700
846729
846757
846946
846974
847970
848170
848286
848579
848657
849065
849389
849735
850051
850519
850558
850576
850661
850720
850745
850791
850969
851408
851846
852518
852612
852616
853148
853249
853648
854101
854225
854693
854823
854835
855115
855245
855366
855436
855660
855802
855897
856079
856463
856938
857053
857571
857666
857761
857905
858151
858158
858258
858310
858780
859149
859225
859380
859711
859746
859849
859901
860063
860421
860591
860674
860728
860950
861203
861285
861537
861570
861918
862321
862390
862785
862800
863085
863392
863444
863563
863698
863824
864312
864319
864501
864745
864967
865301
866245
866263
866473
866590
866807
866816
866952
867140
867688
868931
869220
870059
870086
870161
870186
870188
870538
870569
870716
870739
871011
871033
871204
871417
871559
872150
872253
872378
872394
872450
872750
872784
872927
873229
873230
873313
873459
873465
873560
873772
874176
874524
874686
874930
875023
875334
875371
875386
876028
876332
876336
876819
876927
877048
877126
877142
877417
877725
878218
878550
878831
878852
879218
879298
879364
879396
879672
879749
879892
880024
880338
880508
880689
880696
881079
881247
881411
881439
881843
882022
882233
882291
882401
882410
882517
882630
882732
882790
882947
883152
883172
883238
883275
883311
883498
883596
883618
883765
884095
884210
885096
885474
885483
885730
885967
886333
886659
887123
887331
887333
887883
888054
888136
888147
888274
888564
888721
888797
889221
889716
889717
889927
889936
889969
890187
890435
890554
890555
890661
890665
890888
891401
891513
891517
891804
892030
892921
892959
893074
893709
893856
894029
894085
894301
894532
894542
894543
894579
894989
895093
895449
895553
895597
895758
895851
896179
896725
896956
897180
897278
897306
897340
897494
897710
897718
897722
898027
898080
898084
898147
898831
899097
899144
899674
899870
900350
900614
900628
900666
900772
901018
901061
901390
901439
901553
901603
901621
901670
902252
902500
902669
902991
903053
903121
903137
903155
903440
903885
903997
904018
904232
904421
904940
904987
905527
905925
905933
905955
906098
906729
906981
907051
907136
907202
907381
907665
908246
908400
908436
908700
908919
908964
909014
909179
909209
909417
910438
910862
910889
911059
911126
912150
912214
912228
912283
912368
912409
912422
913181
913314
913377
913845
914407
914621
914661
914708
914894
914988
915280
915322
915458
915752
915913
916170
916255
916313
916355
916772
916785
916796
917178
917341
917480
917740
917754
917831
918252
918445
918923
919125
919302
919577
919821
919837
920316
920589
920611
920699
920871
920902
920909
921042
921477
921497
921759
922894
923763
923830
923986
924153
924161
924206
924231
924235
924574
924826
924854
924907
925114
925179
925459
925733
926555
926760
926825
927153
927160
927247
927271
927997
928055
928460
928548
928649
928734
929583
929709
929717
930015
930057
930267
930648
931018
931197
931210
931299
931532
931557
931851
931952
932123
932234
932655
932713
932891
932926
933007
933499
933750
934124
934395
934443
934676
934816
935495
935760
935793
936146
936184
936224
936435
936564
936653
937109
937383
938119
938235
938353
938484
938496
938518
938551
938870
939053
939133
939175
939181
939409
939419
939525
939670
940251
940560
940584
940627
940695
940752
941776
941872
941974
942078
942102
942250
942820
943149
943232
943332
943666
943931
944286
944856
944894
945070
945545
945588
945820
946134
946187
946659
947056
947154
947599
948307
948330
948470
948723
948830
949086
949516
949543
949713
949745
949745
949781
950062
950167
950383
950624
950725
950877
950884
950936
951057
951131
951205
951218
951655
951703
951849
952301
952433
952966
953064
953375
953500
953710
953860
953966
954022
954261
954281
954663
954892
955029
955142
955267
955411
955420
955527
955613
956359
956890
957077
957211
957279
957317
957366
957659
957690
957912
957926
958611
958613
958693
958697
958824
958869
959001
959152
959256
959459
959460
959778
959782
959935
960066
960487
960570
960721
960863
961106
961324
961434
961758
961872
961993
962193
962395
962483
962631
962764
962835
962859
962970
963057
963342
963418
963596
963642
963683
963721
963849
963940
964039
964193
964418
964819
964894
965213
965342
965576
965641
965895
966281
966377
966474
966751
967123
967133
967134
967350
967523
967660
967728
967748
968252
968315
968538
968673
968847
968946
969460
969681
969793
970107
970734
970837
971700
971956
972205
972294
972395
972672
973331
973440
973640
973691
974069
974151
974660
975105
975139
975166
975417
975789
975888
976457
976527
976773
977032
977628
977739
977782
977930
978342
978345
978363
978385
978465
978881
979078
979575
979962
980059
980072
980165
980404
981298
981670
981909
982750
982933
983014
983040
983121
983377
983487
983533
983608
983678
983782
983856
983883
984026
984125
984142
984149
984826
984846
985029
985120
985375
985377
985506
985814
986120
986580
986664
986732
986945
987200
987448
987988
988693
988900
989048
989249
989436
989533
990072
990138
990362
990520
990568
990653
990655
990950
991298
991350
991396
992063
992307
992616
992660
992799
993115
993649
993715
993733
993779
993827
993885
994191
994260
994264
994391
994572
995188
995197
995776
996089
996211
996450
996454
996917
997246
997437
997619
998420
998793
998917
998956
999317
999368
999627
999655
999798
999840
999920
999938
