100
-879078
-873815
-864501
-842389
-835650
-827742
-816492
-813943
-812139
-791546
-778735
-758122
-746933
-726069
-719366
-704403
-704040
-695640
-694679
-690379
-687393
-686567
-678823
-660046
-655598
-596190
-574793
-522689
-446150
-445890
-403504
-401632
-400937
-400677
-399919
-382019
-368914
-349627
-313268
-278809
-277142
-273390
-260749
-258397
-249759
-247813
-190532
-180422
-167108
-160832
-139228
-88141
-59678
4121
23546
33495
43570
64409
194681
228971
259615
308467
325733
331919
337825
358390
370226
370583
383220
392925
393161
401285
444292
465209
472602
473054
479344
487251
489654
496984
533034
546075
604868
623981
627912
711725
745760
768123
774907
800248
824584
854030
887945
891048
894076
904320
957467
975780
980525
984651
