1000
998469
997743
995646
995358
995021
993612
989225
986019
983893
983701
983467
983323
983035
980282
979703
979209
977108
975119
974659
973477
970292
970147
965923
965633
964484
964137
964052
963195
958831
958162
957660
952976
952133
950737
948630
946325
944921
934813
933217
932551
924031
921987
920800
919148
918871
918522
913145
910634
910103
909307
907543
896119
894974
893636
893271
888327
886689
883026
882858
880306
875996
875421
875135
874738
871268
869206
868783
867530
860236
857605
857133
855342
848959
846710
842443
840891
840283
838726
831465
831091
829420
828614
828380
827430
820752
820452
819820
816921
815035
813721
812427
803776
803001
801681
800747
797306
796770
795271
793029
787308
779961
779284
775947
775210
773242
772843
771679
771312
769050
767725
767519
765053
764669
763710
762786
762367
757920
757559
757125
751100
745950
745581
744526
744507
744425
744018
743960
741225
740502
734249
731898
730978
730192
727257
723190
721799
717852
717748
708381
706574
705680
703251
697816
696573
694748
692144
687591
687277
685310
684524
683482
683429
682528
679976
679213
677351
677255
676628
676165
674267
673548
672407
671219
666228
663160
658817
656240
655829
655485
655109
654106
652561
652084
651545
644396
644248
642081
639125
637921
637590
635857
631425
630988
630088
629472
623097
621814
619241
614116
613599
606933
605873
599979
596784
596416
589262
584009
583945
581305
577341
576922
573576
559095
558026
557524
555281
552676
552644
550167
549707
548141
547720
544430
541874
537406
536829
535848
534933
533185
531795
530563
530039
529127
525581
524500
522847
522268
519365
518179
511347
510292
508070
505672
503731
503513
500619
499496
499106
497531
493540
493168
490148
489932
486443
483882
483139
482843
480956
478923
478065
473804
471222
470406
470107
469946
468061
467804
464871
461471
460386
459933
459929
459461
452825
452312
449208
448524
441045
435222
431846
426346
423891
422703
422470
419270
417841
416970
414232
413411
412133
409542
406596
406218
405117
405086
404502
404319
402987
400849
400474
396230
393005
391381
390162
387788
385221
385023
375403
374678
373157
367762
367034
362630
359675
358006
357876
357617
357532
356413
355268
349822
347127
346968
343158
341656
335428
333001
330478
329784
325976
324273
323419
322793
319384
317064
315328
315159
314663
314273
314178
313471
308220
307620
303450
303254
301764
300094
299371
298785
296966
295941
293988
288030
286396
282438
280727
278286
278272
272628
271782
270355
267261
266973
261754
258462
257900
257113
255202
250403
249024
244260
238774
238584
238391
238065
235437
234537
233763
233566
228737
227666
226412
224924
222654
221706
221079
218891
218532
214073
213616
212462
211320
206255
204255
201109
199129
195731
190103
188916
188754
186630
185880
185568
185161
184158
179012
175638
174474
170947
169238
168132
167750
165481
165387
164244
162800
152608
152484
152119
149072
148777
147178
145181
145027
144181
143728
141517
139714
136170
135476
134159
128309
127196
125531
125035
124418
123659
121802
120998
120881
117806
113491
111640
111133
109758
108688
108105
106585
104885
102167
99589
98997
93593
93363
92973
91254
86046
85154
84096
83991
83698
77820
76102
75117
72020
67974
66289
63186
62329
61833
58520
57543
57016
55858
54952
46386
39774
38531
30948
30459
28083
27344
24964
24871
23374
19750
19123
18383
16188
11324
10406
8178
7983
7676
5659
4421
-570
-2167
-4050
-6080
-8465
-8757
-8911
-9667
-11076
-11191
-12030
-13220
-15431
-15759
-28519
-30468
-30864
-32686
-37157
-38006
-41096
-43474
-43613
-44216
-44616
-44813
-47801
-48713
-49531
-51548
-61720
-66665
-69685
-71148
-72523
-75767
-76198
-76581
-77989
-79569
-80011
-82704
-85460
-87786
-88465
-89312
-90976
-91248
-92239
-93213
-93885
-95433
-95990
-97886
-100694
-110758
-112044
-113365
-115007
-116574
-123740
-125938
-131750
-135877
-138161
-138851
-140722
-141935
-147536
-150550
-152586
-152816
-156219
-156678
-158442
-159252
-161276
-161674
-162195
-164153
-165173
-165205
-166704
-167159
-170175
-170664
-171936
-172233
-172242
-173262
-174747
-177227
-178789
-181296
-185166
-188995
-191913
-198336
-199566
-199608
-200242
-204477
-204937
-207216
-207932
-208035
-208946
-222063
-224548
-225254
-226075
-227189
-227393
-233810
-235592
-237937
-238032
-238821
-240548
-243259
-243735
-248046
-252424
-253009
-253171
-254787
-255120
-258870
-262888
-265413
-266770
-268761
-271706
-273495
-274534
-275806
-277769
-280431
-284598
-284970
-288626
-289958
-291831
-291971
-292801
-295051
-298680
-300109
-301144
-303250
-304779
-306978
-307484
-309282
-311694
-314402
-314794
-315509
-316279
-318210
-318963
-320308
-320544
-321009
-323689
-323753
-324087
-327133
-327759
-329860
-331041
-332398
-332671
-333732
-336122
-337270
-339085
-339744
-340152
-341604
-343349
-347592
-348696
-350434
-352497
-357312
-359154
-360540
-360680
-364529
-364839
-365370
-366012
-366173
-375940
-377133
-378424
-382507
-384830
-386111
-386239
-387518
-387642
-389905
-389959
-390584
-392226
-392552
-394364
-397184
-398504
-399330
-399717
-399757
-402763
-406465
-408189
-409695
-411431
-417624
-420249
-425945
-425966
-426197
-429703
-430902
-431310
-434034
-434209
-438518
-439898
-440354
-444022
-444114
-444424
-444977
-450107
-451599
-456116
-456729
-458734
-463329
-464896
-465093
-467879
-468967
-469599
-469728
-473160
-474491
-475579
-477510
-480448
-482925
-484902
-487845
-489280
-492998
-493383
-495338
-498863
-503273
-503277
-508262
-509565
-509824
-511277
-513518
-513834
-519553
-523424
-523520
-525234
-529494
-531290
-537296
-541409
-543239
-547574
-550657
-550922
-551142
-552483
-556720
-557040
-557044
-557486
-560066
-562140
-562703
-571741
-573295
-574307
-576932
-577888
-580190
-581420
-582214
-582969
-583376
-585040
-588383
-590575
-592196
-592362
-593957
-597825
-598609
-600510
-602078
-602384
-604564
-605406
-605776
-608715
-610979
-612197
-613133
-614432
-619285
-623198
-623401
-625481
-628126
-628522
-630923
-631466
-635427
-636845
-639674
-640455
-641597
-644000
-646077
-648555
-648561
-653639
-655919
-658381
-658780
-659425
-660773
-662155
-662512
-663271
-666015
-666105
-666281
-670515
-673821
-676054
-676303
-678115
-679957
-684733
-686658
-687631
-689395
-690615
-692673
-692732
-693453
-694203
-694667
-694878
-696549
-697833
-700825
-701726
-703026
-704661
-710227
-713008
-713610
-714162
-714472
-718729
-719157
-719687
-723950
-724836
-726441
-726542
-729627
-730522
-731329
-731883
-737866
-738984
-739829
-740292
-742038
-742493
-744588
-744748
-748895
-749127
-749669
-751417
-751527
-755850
-760833
-762152
-764743
-767178
-768276
-768901
-769108
-781596
-786078
-786333
-796230
-798447
-800419
-804140
-805786
-805822
-805946
-807003
-807225
-807672
-808748
-813002
-813067
-814043
-822367
-828665
-829024
-829249
-831280
-831744
-834317
-838815
-839783
-843074
-848114
-850574
-851766
-852756
-853163
-854596
-859697
-861933
-866658
-867628
-867844
-870217
-870984
-875010
-884134
-884816
-886263
-887106
-889527
-889944
-890948
-891219
-892960
-894692
-896692
-900336
-902462
-903850
-913045
-913093
-915861
-916844
-921250
-921949
-928458
-928709
-933250
-937266
-937622
-938042
-941115
-941739
-947709
-948298
-948991
-952097
-953286
-955834
-955920
-960487
-960905
-962662
-963211
-964408
-966626
-966777
-967125
-971054
-972230
-977045
-977563
-978979
-980635
-982569
-982848
-984341
-984880
-986620
-987721
-987745
-988597
-989009
-989391
-992181
-993868
-995231
-995261
-997853
-999906
