10000
999931
999855
999726
999416
999322
999263
999180
999176
999152
998837
998601
998466
998368
997771
997368
997185
996975
996785
996663
996597
996324
996219
995396
994991
994779
994732
994238
993627
993580
993540
993518
993470
993176
992761
992155
992050
991997
991670
991640
991204
991030
990909
990500
990199
989724
989478
989462
989422
989402
988739
988569
988413
988161
987744
986847
986793
986782
986551
986370
986367
986342
986209
985890
985522
985007
984963
984956
984729
984539
984484
984345
984343
984230
983904
983886
983877
983773
983659
982467
982268
982033
981667
981486
980553
980258
980171
979957
979857
979504
978843
978647
978278
978164
978091
978057
978033
978004
977992
977426
976665
976547
976237
976228
976144
975773
975744
975519
975364
975353
975303
975293
975115
974980
974852
974481
973572
973406
973270
973209
973007
972857
972125
972012
971855
971785
971577
971034
970872
970707
970569
970539
970074
969640
969579
969435
969381
969377
969328
969186
969172
969033
968947
968946
968251
967676
967557
967363
967351
967298
967018
966858
966662
966528
966150
966001
965973
965697
965584
965037
964900
964768
964738
964593
964570
964417
964184
963828
963727
963426
962605
962191
962131
961940
961892
961835
961354
961284
960860
960539
960451
960295
960227
959811
959772
959367
958787
958619
958616
958580
958068
957886
957651
957581
957558
957255
957130
956977
955969
955497
955438
955375
955117
954858
954468
954340
954044
953939
953807
953404
953335
953295
953279
952782
952759
952438
951651
951610
951216
951090
950942
950862
950860
950502
949966
949814
949696
949678
949106
948863
948787
947990
947633
946668
946449
946425
946410
946329
945961
945600
945599
945536
945272
945245
945059
944876
944778
944506
944490
944457
944105
943495
943378
943318
943009
942847
942666
941610
940907
940762
940753
940627
940415
940258
940004
939791
939597
939153
939116
938867
938857
938804
938516
938443
938368
938168
938136
937667
937275
936967
935940
935816
935750
935746
935629
935548
935255
935246
935032
934952
933728
933699
933471
933395
933379
932860
932798
932653
932426
932389
932268
932209
932178
931843
931782
930883
930695
930692
930548
930352
929366
929212
929103
929075
929048
928778
928733
928689
928114
927723
927606
927546
927376
927107
927107
926986
926814
926763
926728
926176
926137
925965
925754
925706
925561
925411
925301
924466
924223
924130
923968
923436
923420
923385
923297
923238
923200
923151
923120
923110
923086
922973
922912
922908
922857
922777
922729
922697
922684
922680
922315
922249
922081
922021
921830
921823
921797
921784
921778
921005
920918
920703
920386
920002
919859
919721
919376
919292
919245
918827
918172
918167
918159
917956
917851
917689
917657
917594
917261
917041
916880
916533
916404
916200
916058
915867
915816
915767
915464
915242
915171
914867
914835
914575
914210
913946
913761
913731
913208
913142
912905
912899
912694
912563
912561
912543
912464
911929
911809
911533
911443
911301
911216
911057
910905
909864
909819
909611
909596
909372
909345
909168
909146
909043
908799
907677
907606
907449
907168
906860
906798
905527
905120
904906
904820
904734
904619
904452
904364
904356
904046
903951
903742
903353
903145
902475
902304
901997
901788
901314
901272
901271
900828
900627
900469
900465
900182
899811
899799
899633
899319
899285
898942
898885
898387
898272
898261
898210
898189
897673
897392
897222
897193
896968
896320
896315
895845
895838
895665
895665
895408
895326
895128
895019
895006
894896
894852
894390
893928
893869
893643
893508
893380
893254
893167
893110
892465
892231
892192
892121
892024
891901
891720
891325
891218
891027
890780
890667
890599
890547
890325
890148
890027
889895
889840
889522
888898
888566
888198
888090
887919
887908
887257
887133
886894
886803
886518
886403
886304
886193
886179
886155
885679
885566
885179
885047
884741
884622
884568
884545
883986
883960
883938
883866
883848
883681
883629
883348
883181
883079
882830
882824
882256
882180
882137
881591
881389
881268
880924
880601
880532
880515
880375
880349
880346
880264
880036
879746
879657
879459
879452
879368
879362
878851
878789
878788
878251
877849
877846
877839
877552
877367
877161
877138
877111
876297
876204
876194
875960
875656
875595
875268
875153
874608
874377
874279
874110
874094
873975
873954
873821
873620
873589
873539
873425
873346
873312
873018
872680
872334
872205
872031
871990
871821
871797
871682
871631
871363
870817
870783
870770
870757
870662
870527
870406
870282
870125
870053
869348
868327
867837
867752
867691
867582
867549
867289
866806
866659
866436
866071
866000
865953
865924
865636
865574
865472
864842
864822
864555
864363
864198
863430
863356
863318
862708
862332
862098
862029
861761
861751
861333
860949
860686
860332
860111
860101
859981
859889
859801
859654
859273
859245
859149
858375
858315
858239
858073
857918
857804
857731
856897
856224
856166
855963
855780
855479
855401
855396
855296
854774
854303
854276
854245
854242
853497
853234
853196
853028
852651
852201
851762
851699
851427
851352
851139
851102
850880
850769
850624
850433
850374
850128
850020
849894
849885
849705
849673
849366
849358
849141
848209
848208
848200
847899
847539
847360
847309
847226
847200
846740
846648
846176
845631
845534
844796
844771
844545
844456
843995
843608
843488
843205
843156
843024
842860
842746
842338
842075
842018
841966
841955
841831
841542
841324
841033
840960
840582
840492
840222
840083
840029
839778
839729
839580
839441
839065
838707
838700
838671
837879
837011
836605
836569
836568
836139
836080
835497
835457
835427
834859
834850
834743
834488
834330
834300
834275
834258
834230
833527
833125
833111
833082
832883
832688
832591
832479
832219
832096
832077
831968
831941
831363
830707
830666
829987
829802
829644
829296
829199
829021
828909
828781
828769
828426
828206
827381
826120
825943
825937
825905
825496
825369
825220
824794
824498
824370
824294
823843
823669
823374
823275
823197
823040
822997
822918
822612
822475
822410
822383
822196
822187
821946
821727
821598
821519
821473
821108
820604
820336
819733
819643
819380
819368
819362
819219
819147
818521
818469
818418
818177
818023
817908
817861
817345
817247
817222
816720
816397
816382
816317
816216
815931
815738
815735
815596
815039
814803
814747
814645
814570
814359
813862
813787
813752
813718
813545
813360
812955
812444
812433
812322
812049
811816
811498
811493
811366
811291
810990
810872
810832
810675
810525
810264
810210
809908
809779
809366
809017
808655
808327
808255
807514
807391
807270
807207
807195
807188
806970
806401
806328
805880
805475
804873
804805
804792
804585
804556
804532
804380
804290
804216
803564
803485
803323
803302
803014
802964
802178
802092
801927
801896
801884
801790
801766
801672
801537
801535
801504
801487
801264
800948
800113
799756
799702
799660
799577
799128
798995
798470
798312
798145
798039
797933
797919
797660
797076
796789
796742
796337
795926
795483
795203
794735
794693
794573
794533
793591
793187
792877
792827
792668
792351
792313
792133
791965
791420
790856
790850
790836
790699
790567
790110
789959
789800
789456
789004
788973
788839
788825
788500
788176
788112
788065
787804
787799
786957
786748
786383
786374
786343
786145
786115
786085
785905
785354
785300
785208
784940
784589
784572
784492
784324
784290
783918
783848
783803
783381
783365
783332
782974
782913
781948
781637
780965
780311
780290
779626
779273
779245
779240
778960
778893
778789
778605
778444
778402
777967
777784
777089
776836
776664
776486
776435
776390
776034
775756
775682
775565
775468
775422
774913
774763
774640
774403
774136
773822
773794
773750
773407
773327
773051
772879
772517
772345
772251
772157
771586
771450
771325
770875
770862
770622
770511
770356
769733
769726
769352
768812
768382
768372
767874
767848
767813
767582
767168
767087
766936
766915
766908
766410
766408
766390
766315
766279
766208
765922
765706
765255
765224
765211
765192
765007
764989
764710
764596
764116
763676
763626
763286
763035
762713
761912
761863
761851
761348
761320
761243
761208
760974
760398
760101
760073
759458
759146
758699
757916
757753
757675
757643
757571
757178
757159
757081
756793
756650
756628
756505
756045
755881
755690
755503
754688
754336
754043
753990
753890
753798
753376
752949
752334
752096
751835
751807
751651
751214
750741
750702
750462
750459
750348
749987
749624
749585
749537
749281
749223
749190
749032
748768
748531
748388
748266
748207
748006
747976
747785
747540
747439
747376
747260
747019
746940
746217
746031
745940
745856
745572
745479
744743
744703
744523
744417
744385
744234
744038
744026
743977
743882
743392
743156
743115
742849
742746
742569
742531
742330
742186
742155
742031
741995
741903
741837
741794
741751
741510
741095
741019
741002
740826
740660
740643
740411
740364
740253
740175
740054
740010
739719
739660
739148
739110
739023
738915
738794
738777
738018
737725
737600
737167
736955
736842
736502
736229
735763
735470
735307
735279
735214
735015
734718
734649
734272
734189
734141
733922
733526
733414
733276
733247
733171
732846
732601
732229
732054
732011
731904
731849
731724
731669
731666
731436
731425
731341
731187
731115
730540
730501
730484
730374
730352
730261
730211
730204
730011
729878
729863
729841
729680
729677
729639
729638
729568
728979
728941
728591
728020
727618
727421
727177
727084
726936
726863
726433
725981
725279
725190
724957
724630
724624
724365
724073
723552
723009
722944
722810
722754
722654
722548
722509
722480
722412
722023
721916
721488
720913
720868
720835
720429
720415
719445
719386
719363
719190
718997
718813
718744
718702
718679
718615
718402
718388
718287
717727
717637
717574
717540
717482
717445
716956
716924
716785
716760
716739
716523
716260
716241
716219
716196
715937
715902
715894
715722
715490
715254
715075
715000
714978
714832
714581
714277
714251
714181
714115
714026
713480
713038
712945
712940
712683
712547
712508
712398
712083
711908
711884
711590
711557
711550
711354
711236
711116
711115
711020
710506
710393
710357
710222
709769
709734
709725
709456
709076
709057
709015
708879
708552
708019
708018
707998
707921
707728
707644
707597
707592
707427
707237
707231
707175
706897
706801
706771
706636
706208
706003
705740
705690
705657
705507
705045
705013
704802
704481
704084
703970
703777
703406
703387
703265
703057
702855
702738
702660
702530
702296
702191
701804
701573
701563
700890
700701
700654
700625
700363
699873
699772
699621
699590
699452
699397
699153
699100
699010
698825
698705
698581
698395
698202
698099
698030
697402
697384
696998
696926
696909
696658
696517
696457
696348
696346
695451
695394
695283
695179
695007
694713
694208
694134
694043
693934
693609
693360
693298
693143
692786
692409
692070
691944
691756
691683
691559
691358
690719
690552
690399
690368
690099
690089
689878
689772
689768
689602
689581
689546
689409
689349
688846
688626
687986
687819
687608
687548
686956
686934
686767
686572
686391
686270
686256
685874
685709
685676
684725
684700
684671
684607
684474
684438
684325
684296
684178
684152
683803
683797
683431
683429
683341
683284
683122
682868
682828
682814
682758
682682
682603
682352
682194
682185
681963
681699
681691
681591
681283
681135
681049
680957
680658
680654
680619
680604
680569
680326
680205
680131
679615
679560
679508
679130
679104
678825
678725
678668
678632
678624
678124
677485
677149
676926
676659
676261
676060
675581
675288
675072
675059
674818
674066
674050
673676
673161
673137
673083
673034
672893
672845
672256
672036
671943
671793
671780
671764
671538
671301
671195
670384
670200
670146
670065
669750
669721
669706
669618
669521
669336
669158
668698
668606
668272
668022
667961
667411
667160
667106
666846
666812
666721
666614
666504
666259
666216
666127
665639
665438
665361
665200
665153
665145
665020
664997
664742
664645
663874
663831
663583
663433
663414
663409
663296
663212
663082
662969
662513
662325
662235
662062
662042
660785
660356
660337
660284
660121
659902
659850
659693
659580
659225
659144
658348
658237
658224
658130
658125
657907
657886
657697
657556
657481
657469
657324
657156
657105
656983
656523
656482
656110
656085
656063
656010
655186
655037
654982
654970
654788
654735
654730
654400
653749
653200
653025
652842
652099
651933
651920
651623
651553
651506
651132
651006
650885
650765
650713
650677
650546
650347
650074
649915
649658
649628
649484
648894
648719
648702
648505
648361
648320
648228
648046
647715
647550
647404
647273
647048
646676
646301
646280
646216
645648
645604
645397
645192
644697
644419
643917
643731
643696
643577
643503
642691
642320
642218
641836
641196
640983
640918
640765
640604
640579
639852
639503
639056
638984
638819
638730
638531
638412
638057
637575
635730
635549
635518
635459
635401
635372
635330
634474
634433
633833
633764
633410
633254
633147
632932
632522
632420
632162
632115
632098
631556
631510
631484
630926
630577
630475
630474
630441
630241
630232
630179
630161
629909
629871
629720
629468
629447
629433
629336
628728
628571
628535
628482
627761
627514
627498
627440
627093
626718
626711
626496
626231
625945
625725
625586
625513
625474
625468
625449
624928
624889
624633
624335
624048
623968
623811
623198
623153
621966
621893
621394
621216
621136
621082
621078
620875
620744
620534
620313
620231
620150
619916
619778
619674
619441
619369
618644
618488
618120
618037
617945
617734
617667
617342
617023
616979
616948
616845
616793
616641
616498
616390
616113
615961
615942
615738
615652
615637
615584
615574
615143
615100
614972
614726
614526
614352
614196
614138
613778
613414
613267
613020
612989
612924
612549
612355
612177
612082
611996
611735
611680
611645
611554
611102
611042
611024
611015
610950
610879
610869
610487
609675
609556
609350
609321
608988
608774
608465
608355
608345
608087
608000
607572
607340
607128
607094
606966
606715
606708
606698
606603
605891
605725
605698
605640
605515
605376
605199
605182
605111
604885
604728
604355
604261
603983
603333
602907
601841
601638
601576
601493
601204
600993
600701
600699
600574
600503
600357
600253
599984
599591
599325
599170
599116
598958
598736
598535
598306
597812
597733
597462
597182
596979
596974
596869
596787
596705
596669
596604
596374
596250
596147
596091
595934
595616
595266
595038
594814
594443
594394
594241
594227
594056
593987
593790
593780
593448
593089
592770
592397
592223
592194
591966
591784
591689
591673
591514
591486
591079
590882
590748
590713
590423
590158
589514
589350
589331
589257
588908
588881
588816
588563
588418
587811
587688
587676
587484
587484
587235
587213
587037
586815
586566
586357
585643
585532
585447
585118
584989
584982
584911
584902
584482
584354
584189
584173
584035
583813
583633
583623
583583
583559
583161
582989
582456
582204
582169
582007
581721
581437
581428
581291
581284
581190
580955
580844
580400
580258
580225
580094
579840
579677
579666
579518
578968
578569
578489
578470
578105
577936
577620
577338
577325
577193
576688
576046
575628
575534
575494
575364
574993
574958
574604
574598
574419
574229
573754
573445
573367
573091
572955
572639
572498
572488
572412
572333
572275
572037
571998
571868
571689
571480
571289
571283
571259
571024
570729
570575
570409
570049
569651
569519
569380
569353
569300
568965
568768
568759
568733
568003
567642
567480
567247
566547
566275
565822
565493
565270
564758
564164
564127
564070
563859
563741
563194
562990
562860
562731
562710
562237
562069
562007
561711
561441
561312
561258
560827
560825
560342
560262
559798
559045
558865
558664
558569
558181
558115
558018
557745
557516
557249
557216
557178
556974
556902
556431
556408
556310
556140
555513
555469
555365
554915
553968
553909
553386
553246
552911
552881
552733
552699
552692
552639
552576
552308
552198
552082
551847
551752
551498
551164
551083
551023
550875
550425
550384
550283
550172
550087
549977
549813
549734
549483
548872
548563
547890
547890
547456
547281
546472
546407
546280
546121
546115
545406
545403
545286
545191
545161
544541
544434
544377
544344
544222
543890
543887
543471
543349
543260
543180
543136
543128
542808
542709
542577
542147
542040
542039
541885
541844
541764
541657
541328
541158
540988
540825
540273
540186
540054
539972
539719
538948
538880
538660
538585
538407
538315
537985
537949
537922
537795
537475
536998
536726
536616
536602
536484
536006
535663
535623
535406
535284
535252
535140
535116
534162
534132
533286
533005
532841
532779
532706
532560
532528
532240
531567
531366
531217
531029
530786
530630
530579
530297
529695
529672
529425
529279
528587
528505
528118
527612
527462
527396
527159
527044
526816
526276
526110
526080
526028
525847
525806
525630
525587
525530
525326
525244
525205
525139
524995
524665
524641
524627
524277
524263
524171
524108
523921
523742
523656
523586
523353
523302
522913
522469
522249
521964
521951
521656
521543
521017
520874
520773
520766
520499
520466
520098
519938
519538
519309
519302
519081
518761
518307
518242
518042
518027
517920
517870
517669
516322
515961
515935
515557
514888
514584
514550
514124
514086
514077
514050
513969
513856
513780
513527
513495
513365
512576
512554
512379
512251
512157
511832
511680
511671
511658
511256
511031
510994
510991
510769
510456
510221
510120
509965
509480
509205
508339
508090
507547
507530
507270
507149
507102
506889
506476
506335
506032
505501
505333
505125
504931
504595
504368
504281
504231
504075
503704
503488
503388
503364
503349
503338
503289
503257
503172
503042
502790
502767
502447
502043
501778
501519
501467
501354
501154
500934
500588
500379
500071
499940
499897
499807
499544
499301
499221
499148
499090
498638
498617
497898
497359
496568
496028
495496
495384
495148
495146
494575
494541
494453
494238
493881
493781
493730
493636
493613
493509
493502
493489
493334
492845
492663
492222
492207
491592
490602
490234
489938
489753
489480
489250
488570
488455
488426
488135
487814
487577
487453
486819
486761
486549
486054
486012
486002
485836
485016
484868
484642
484474
484032
483987
483658
483645
483618
483572
483473
483171
482240
482149
481936
481872
481651
481507
481385
481326
481150
480817
480687
480461
480288
480262
480076
479483
479430
479418
479185
479135
479033
478293
477987
477858
477815
477783
477708
477363
477292
476782
476532
476506
476492
476164
475884
475800
475763
475583
475466
475153
474885
474720
474687
474058
473810
473713
473645
473614
473599
473309
472924
472883
471798
471493
471484
471159
470267
470157
470055
469221
469104
468923
468896
468548
468453
468406
468373
467953
467602
467590
467581
467331
467331
467096
466663
466240
465968
465521
465469
465003
464629
464299
464216
464109
464087
463530
463500
463415
463080
462631
462501
461969
461900
461819
461807
461747
461416
461234
461011
460321
460173
460172
460147
460070
459716
459652
459317
459142
459111
458547
458435
458387
458263
458219
457688
457565
457440
457384
457368
457339
457315
457302
457191
456805
456612
456551
456427
456288
456270
456065
456058
455636
454817
454584
454491
454345
454073
453879
453737
453659
453591
453431
453373
453277
453232
453206
452626
452464
452068
451922
451915
451808
451665
451565
451442
450986
450497
450241
449500
449090
448844
448792
448722
448600
448574
448557
448555
448196
448124
447908
447907
447886
447641
447297
447073
447044
446662
446591
446065
446012
445748
445719
445385
445245
445157
444686
444320
444175
444074
443952
443557
443259
442796
442170
442081
441726
441717
441574
441232
441162
440928
440739
440323
439983
439839
439711
439406
439312
439267
439260
438772
438721
438638
438573
438420
438415
438255
438090
438008
437888
437885
437664
437395
437292
436926
436914
436628
436610
436483
436472
436457
436446
436136
436007
435845
435655
435388
435255
435173
434723
434502
434500
434206
433968
433671
433472
433044
432696
432567
432541
432163
431826
431777
431717
431302
431214
431158
430599
430392
430213
429833
429509
429386
428917
428506
428004
428003
427812
427720
427365
427196
426467
425970
425435
425391
425273
425261
425191
425105
424878
424558
424498
424339
423825
423755
423736
423479
423337
423208
422826
422627
422462
422124
421869
421796
421673
421421
421261
421036
421011
420967
420957
420714
420657
420557
420493
420233
420225
420095
419632
419506
419386
419337
418545
418516
418125
418000
417513
417501
417388
417105
416811
416509
416468
416200
416129
416010
415682
415564
415461
415418
415230
415053
414424
414265
413587
413168
413155
413020
412805
412748
412656
412537
412428
412390
412192
411929
411778
411693
410980
410473
409465
408844
408524
408515
408419
408314
408236
408057
407994
407589
407587
407394
407269
406870
406802
406314
405711
405604
405195
404912
404723
404580
404561
404408
404355
404344
404316
404265
404246
404233
403838
403705
403494
402715
402619
401786
401728
401634
401552
401177
400543
400459
400381
400191
400129
399970
399512
399354
398138
397917
397573
397467
397331
397312
397153
397092
397027
396739
396378
396367
396014
395794
395683
395624
395564
395457
395332
395142
395129
394545
394289
393934
393778
393637
393637
393535
393424
393322
393195
393182
393037
393030
392740
392704
392467
392465
392286
391988
391846
391585
391292
391283
391271
391116
391104
391043
390997
390510
390300
390055
389860
389238
389117
388674
388659
388133
388013
387863
387859
387844
387832
387810
387621
387481
387375
387031
386968
386857
386711
386375
385524
385516
385350
385319
385091
384960
384685
384603
384602
384256
384189
383836
383591
383298
383130
382862
382856
382848
382687
382493
382274
382191
381092
380881
380812
380598
380558
380467
379848
379662
379636
379551
379491
379485
379399
379297
378786
378587
378289
378245
378038
377952
377925
377775
377719
377233
377066
376718
376549
376408
375968
375791
375706
375552
375547
375242
375222
375199
374775
374579
374117
374051
374005
373695
373542
372545
372173
372074
372064
371864
371407
371283
370364
370328
370231
370229
369989
369896
369860
369463
368853
368739
368105
368048
367930
367756
367615
367546
366876
366727
366346
366335
366162
365611
365606
365598
365163
365119
364857
364814
364371
363764
363301
363156
362899
362341
362315
362284
361788
361751
361677
361446
361207
361024
360869
360688
360644
360619
360163
360147
360108
359925
359887
359849
359581
359506
359242
359198
359035
358840
358747
358738
358500
358349
357633
357606
357600
357558
357402
357261
357252
357198
357113
357080
357038
356956
356909
356616
356174
356133
355988
355905
355900
355786
355771
355700
355648
355292
354858
354643
354581
354240
354137
353745
353500
353451
353423
353293
353142
352881
352859
352780
352754
352595
351916
351707
351614
351496
351351
351264
351247
351199
350854
350602
350129
349918
349837
349362
349331
348868
348171
347729
347678
347333
347301
347277
346882
346713
346687
346487
346251
345943
345798
345652
345325
345315
345181
345116
344798
344775
344530
344530
344200
344023
344013
343763
343153
342998
342909
342298
342233
341288
341282
340703
340421
340385
339907
339608
339518
339296
339244
339100
338753
338234
338193
337175
336982
336553
335920
335837
335784
335451
335378
335196
334887
334420
334298
334190
334162
334129
333975
333671
333442
333027
332969
332836
332772
332769
332731
332462
332058
331849
331583
331577
331397
331385
330962
330857
330852
330783
330630
330613
330409
330356
330281
330149
330000
329857
329701
329255
329184
329171
329005
328514
327964
327936
327882
327856
327369
327292
326937
326902
326874
326492
325733
325097
324874
324830
324802
324731
324594
324329
324115
324019
324006
323823
323309
323181
322818
322803
322618
322282
322179
321788
321540
321430
320943
320890
320799
319931
319855
319625
319568
319487
319205
318801
318698
318371
318175
318143
318040
317488
317143
317090
316268
316053
315964
315922
315841
315705
315651
315443
315283
315269
314905
314746
314263
314151
313874
313629
313037
312916
312791
312571
312456
312049
311905
311817
311715
311667
311596
311446
311071
310604
310428
310362
309930
309724
309599
309509
309489
309373
309319
308875
308710
308637
308527
308368
307929
307898
307884
307602
307263
307199
307179
306890
306145
306062
305873
305668
305378
305244
304870
304861
304799
304710
304352
304174
303615
303513
303059
302843
302769
302680
301838
301661
301593
301475
301401
301291
301105
300550
300363
300320
299523
299290
299261
298994
298984
298938
298887
298538
298500
298210
297910
297556
297353
297245
297226
296940
296921
296781
296681
296486
296295
296142
296015
295937
295818
295734
295691
295679
295546
295285
294804
294737
294730
294517
294337
294288
294218
294127
294086
294028
293907
293796
293503
293232
293179
292411
292389
292088
292087
291960
291641
291325
291206
290982
290980
290925
290065
289881
288757
288002
287909
287564
287532
287461
287290
287269
287014
286895
286673
286437
286380
286023
285990
285878
285831
285809
285603
285405
285252
285236
285136
285018
284699
284549
284373
284133
283492
283321
283113
282939
282748
282687
282680
282374
282147
282023
281985
281837
281605
281388
281317
281219
281187
280969
280551
280488
280256
279900
279801
279549
279467
279448
279305
279194
278791
278710
278388
278261
278061
277887
277864
277741
277049
277014
276909
276308
276242
276178
276170
276123
275945
275672
275599
275085
274847
274821
274398
274240
273967
273612
273532
273473
273471
273412
273233
272889
272862
272838
272764
272685
272521
272015
271714
271454
271235
271217
271074
271011
270957
270086
269764
269654
269505
269458
269311
269236
269095
269046
268914
268759
268695
268522
268470
268132
268111
267810
267653
267484
267375
267057
267047
267015
266889
265762
265603
265139
264946
264842
264652
264610
264534
264030
263947
263861
263248
263055
262739
262684
262578
262515
262249
262177
261740
261076
261062
260951
260362
259975
259816
259812
259257
258936
258775
258721
258536
258417
258195
257745
257658
257061
257019
256898
256840
256711
256368
256361
256268
256250
255891
255672
255665
255365
255267
254703
254641
254560
254485
254093
253867
253795
253038
252747
252561
252458
252353
251630
251593
251381
251300
251195
251134
250801
250615
250547
250255
249808
249403
249257
249135
249089
249040
249034
248840
248834
248660
248439
248407
248268
248165
247894
247845
247776
247456
247349
247193
247161
246546
246412
246102
246025
245912
245658
244685
244137
243982
243190
242974
242795
242765
242408
242342
242086
241848
241669
241638
241390
241334
241089
240842
240772
240725
240677
240396
240395
240153
239089
239002
238683
238621
238616
238448
238275
238023
238019
237714
237464
237219
237181
237067
237032
237024
236782
236506
236237
236116
235956
235808
235380
235273
234578
234518
234492
234419
234289
233853
233820
233637
233445
233350
233271
233271
233193
233110
233018
232630
232500
232474
232189
232186
232165
231664
231535
231501
231414
231308
231234
231218
230845
230724
230635
230313
230277
230054
229995
229683
229649
229597
229390
229266
229011
228961
228641
228602
228467
228165
228059
227727
227723
226835
226104
225739
225379
225258
225103
224531
223970
223723
223442
223129
223081
222720
222619
222003
221812
221460
221404
221165
220851
220707
220613
220515
220398
219881
219658
219260
219209
219195
219041
218828
218808
218770
218366
218229
218202
218051
217940
217798
217581
216998
216933
216879
216221
216115
215617
215572
215503
215482
215164
215046
214899
214710
214695
213976
213659
213300
212859
212671
212333
211982
211546
211488
211371
210962
210721
210581
210377
209906
209747
209470
208661
208649
208624
208611
208435
208054
207609
207362
207238
207011
206301
206038
205979
205922
205562
205459
205421
205219
205187
204920
204890
204869
204817
204773
204729
204556
204412
204161
203601
203555
203431
203265
203253
203106
203097
202991
202769
202331
202319
202197
202130
202094
201839
201830
201781
201770
201714
201584
201262
201211
200754
200635
200625
200547
200152
199807
199301
199080
198664
198368
198328
198170
197805
197690
197588
197199
196730
196036
195859
195714
195552
195524
195257
195119
194977
194328
194188
194146
194121
193874
193772
193677
193369
193322
193240
193227
193119
192900
192874
192849
192827
192570
192529
192279
192207
192026
191891
191866
191707
191624
191611
191477
191144
190770
190658
190556
190473
190461
190087
190074
190002
189879
189806
189763
189753
189551
189401
189308
189039
188721
188664
188098
187896
187711
187678
187513
187418
187143
186955
186607
186442
186337
186042
186027
185740
185681
185477
184961
184711
184679
184568
184561
184545
184341
184076
184058
184041
183640
183571
183553
183520
183517
183377
183203
183188
183129
183120
182863
182788
182522
182483
181937
181856
181825
181452
181287
181155
181130
180870
180545
180350
180248
180244
180183
180054
179961
179944
179879
179717
179539
179490
179429
179290
178219
178214
178182
178114
177958
177565
177266
177171
177110
177044
176684
176505
176480
176283
175967
175773
175577
175568
175496
175398
175373
175315
175257
174835
174833
174614
174359
174305
174275
174229
172996
172682
172643
172394
172388
172048
171982
171866
171796
171273
171235
170666
170582
170361
169576
169427
169338
169272
169267
169220
168970
167973
167833
167636
166749
166672
166546
166514
166383
166272
166150
165830
165772
165743
165617
165609
165500
165212
165163
165093
164958
164598
164589
164313
164273
164104
163810
163009
162125
162026
161404
161232
160838
160659
160592
160546
160269
160142
160023
159766
159696
159658
159230
158887
158868
158800
158417
157998
157827
157419
157155
156915
156900
156848
156760
156671
156135
156064
155824
155495
155459
154913
154640
154618
154602
154490
153967
153816
153526
153309
153301
153173
152799
152558
152498
151994
151835
151809
151698
151485
151231
151015
150855
150745
150741
150655
150377
150253
149618
149510
149299
149298
149211
148528
148061
147732
146676
146288
145752
145545
145338
145126
144948
144898
144151
144049
143236
143103
142837
142668
142549
142383
142090
142060
141330
141188
141110
141001
140907
140679
140656
140652
140478
139728
139311
138663
138660
138573
138512
138055
137961
137882
137558
137048
136934
136901
136810
136656
136580
136243
136034
136014
135907
135727
135483
135061
134953
134700
134658
134205
133919
133912
133703
133523
133445
133444
132854
132594
132562
131862
131718
131457
131255
130928
130924
130888
130754
130354
130309
130217
129249
129225
129211
129193
128864
128741
128329
127958
127938
127753
127707
127090
126686
126552
126502
126246
126118
125808
125760
125048
124996
124905
124872
124837
124772
124763
124330
124310
124026
123864
123809
123458
123434
123379
123251
123054
122823
122585
122280
121874
121444
121333
121296
121053
121008
120941
120905
120810
120777
120435
120160
120069
119860
119837
119837
119765
119490
119185
118845
118667
118618
118399
118290
118207
118171
118071
117971
117921
117825
117808
117805
117630
117438
117413
117409
117173
117139
117134
116867
116779
116584
116559
115913
115502
115427
114829
114713
114140
114011
113541
113527
113398
113300
113014
112859
112496
112421
112352
112035
111996
111451
111303
111249
111146
110830
110668
110554
110525
110371
110299
110096
109942
109483
109230
108674
108659
108485
108425
108376
108177
108010
107293
106750
106615
106525
106092
106072
105985
105847
105322
105226
104759
103956
103723
103715
103355
103113
102737
102394
102250
102041
101909
101905
101748
101728
101479
101426
101025
100976
100958
100615
100456
99849
99554
99468
98958
98703
98678
98623
98502
98457
98427
98308
98208
98175
98164
98029
97965
97797
97648
97370
97278
97229
97218
97129
97090
96985
96876
95969
95881
95874
95679
95597
95466
94432
94364
94298
94288
93902
93300
93155
92827
92253
92077
91826
91207
91124
90865
90696
90577
90532
90349
89893
89882
89718
89473
88989
88470
88357
88089
87834
87705
87657
87351
86824
86502
86344
86221
86052
86030
85939
85858
85812
85105
85083
85033
84772
84615
84392
84290
84108
83967
83887
83803
83495
83071
82827
82765
82634
82469
81705
81443
80976
80583
80279
80020
79779
79717
79683
79662
79029
79015
78915
78683
78630
78362
78305
78275
78183
78045
77471
77466
77185
76975
76970
76863
76279
76261
76151
76135
76086
76050
75976
75667
75579
75275
74906
74554
74528
74447
74290
74120
73219
73198
73073
72719
72328
72200
72114
71605
71601
71279
71069
70969
70498
70330
70044
69604
69291
68984
68979
68869
68366
68322
68232
68056
68013
67427
67281
67143
66999
66643
66549
65608
65468
65238
64887
64858
64648
64553
64344
63679
63665
63611
63546
63316
63241
63199
63136
62792
62637
62499
62495
61998
61851
61636
60801
60632
60272
60185
59952
59609
59479
59369
58979
58179
57737
57635
57054
57044
56946
56823
56727
56542
56279
56138
56116
56052
56028
55920
55869
55716
55652
55317
55167
54842
54616
54469
54467
54452
54436
53644
53363
53182
53141
53088
53018
52966
52891
52799
52704
52183
52176
52166
51592
51359
51349
50943
50902
50769
50763
50300
49866
49863
49751
49751
49495
49455
49356
49212
49197
48890
48657
48579
48560
48380
48334
48287
48082
47700
47662
47572
46804
46668
46423
46198
45707
45637
45570
45447
45282
45245
45170
45160
45125
45023
44891
44451
44105
43718
43653
43627
43063
42845
42840
42743
42646
42618
42354
42119
42022
41874
41863
41744
41703
41564
41445
40545
40525
40441
40421
40360
39436
39355
38722
38681
38271
37959
37842
37672
37642
37503
37325
37228
36984
36937
36222
36132
35869
35836
34940
34688
34556
34374
33630
33317
32970
32954
32727
32680
32325
32307
31799
31791
31768
31437
31289
31252
31179
31086
30629
30516
30237
30174
30038
29609
29427
29266
29030
28896
28540
28092
28069
28023
27928
27812
26800
26597
26552
26511
26484
26261
25932
25928
25838
25782
25749
25624
25170
25089
24563
24514
24472
24372
24057
24041
23252
22821
22431
21950
21896
21498
21282
20784
20636
20342
19991
19752
19715
19483
19345
19340
19203
19148
19080
18806
18710
18617
18502
18409
18342
18309
18288
18205
18065
18034
18031
17570
17140
17046
16847
16685
16180
16062
15691
15671
15612
15514
15485
15371
14997
14801
14761
14246
14223
13937
13841
13634
13165
12951
12880
12781
12695
12643
12315
12074
11764
11697
11606
11479
11376
11311
10884
10457
10383
10345
10052
9824
9767
9721
9393
9063
8817
8667
8659
8460
7762
6745
6592
6332
6172
5739
5643
5544
5287
4956
4564
4355
3899
3886
3511
2154
1794
1755
1706
1375
1344
1199
1076
842
816
779
542
440
358
352
262
83
-28
-577
-920
-1060
-1802
-2021
-2233
-2359
-2390
-2592
-2838
-2843
-3188
-3530
-3570
-3667
-3906
-4091
-4668
-4829
-4945
-4947
-4998
-5372
-5395
-5413
-5507
-5565
-6156
-6617
-6664
-6734
-6930
-7338
-7474
-7651
-7727
-8110
-8183
-8656
-8733
-9287
-9628
-10512
-10839
-11235
-11606
-11692
-11958
-12707
-12752
-12781
-12930
-13300
-13918
-13919
-14425
-14595
-14606
-14653
-14727
-15005
-15203
-15262
-15510
-15703
-15875
-16141
-16242
-16255
-16278
-16338
-16570
-16768
-16894
-16923
-16967
-16994
-17083
-17378
-17487
-18035
-18117
-18239
-18434
-18475
-18546
-18706
-18807
-18831
-18947
-19091
-19117
-19346
-19553
-19771
-19830
-19930
-19936
-19962
-20107
-20109
-20321
-20557
-20850
-21009
-21074
-21259
-21303
-21320
-21393
-21407
-21659
-21704
-21797
-22006
-22247
-22459
-22543
-22816
-22839
-22967
-22973
-23034
-23161
-23173
-23369
-23494
-23744
-24024
-24129
-24205
-24673
-24921
-24999
-25066
-25336
-25611
-25748
-25880
-26618
-26794
-26835
-26853
-27064
-27414
-27446
-27545
-27975
-28251
-28943
-28988
-28998
-29054
-29300
-29341
-30002
-30141
-30602
-30864
-30959
-31051
-31137
-31440
-31580
-31597
-32061
-32752
-32835
-33011
-33295
-33487
-33502
-33539
-33609
-33627
-33808
-33894
-33980
-33996
-34359
-34381
-34453
-34609
-34646
-34831
-34922
-35045
-35118
-36038
-36215
-36314
-36342
-36533
-36879
-37096
-37097
-37114
-38262
-38778
-38893
-38895
-39032
-39519
-39589
-39615
-39803
-40687
-40967
-41740
-41962
-41978
-42025
-42128
-42157
-42342
-42434
-42491
-42731
-42802
-42810
-42894
-43538
-43782
-43799
-44055
-44110
-44909
-45382
-45505
-45512
-45535
-45579
-45817
-46017
-46049
-46053
-46292
-46333
-46435
-46478
-46568
-46655
-46716
-46761
-46835
-46998
-47172
-47415
-47507
-47518
-47564
-48007
-48585
-48749
-48780
-48911
-48939
-49218
-49673
-49710
-49938
-50105
-50139
-50215
-50467
-50804
-51444
-52032
-52284
-52345
-52951
-53284
-53509
-53567
-53575
-53709
-53925
-54041
-54146
-54231
-54385
-54480
-54695
-54699
-55732
-56273
-56323
-56641
-56990
-57302
-57353
-57353
-57444
-57625
-57732
-57909
-58770
-59058
-59067
-59486
-59527
-59637
-59951
-59988
-60152
-60321
-60433
-60437
-60600
-60838
-61698
-61782
-62354
-62495
-62857
-62896
-63029
-63085
-63302
-63882
-64118
-64210
-64359
-64504
-64922
-65393
-65581
-65594
-65696
-65755
-65829
-65846
-66309
-66946
-67063
-67090
-67350
-67412
-67764
-67897
-68175
-68238
-68821
-68848
-69148
-69203
-69279
-69352
-69960
-70232
-70396
-70520
-71180
-71400
-71548
-71743
-71923
-71934
-72392
-72704
-72742
-72894
-73054
-73078
-73669
-73702
-74129
-74458
-74649
-74723
-74992
-75242
-75316
-75450
-75767
-75775
-75784
-76235
-76346
-76653
-76775
-76846
-77062
-77090
-77372
-77479
-77488
-77520
-77563
-77714
-77966
-78120
-78432
-78526
-78658
-78778
-79179
-79535
-79764
-79907
-80651
-80938
-81290
-81502
-81520
-81752
-81847
-81880
-82012
-82083
-82294
-82914
-82967
-83101
-83300
-83660
-83885
-83911
-84085
-84116
-84145
-84435
-84586
-84686
-84908
-84960
-85310
-85338
-85383
-85753
-85792
-85948
-86300
-86316
-86349
-87112
-87161
-87197
-87271
-87515
-87859
-88537
-88554
-88766
-88816
-88883
-88968
-89111
-89189
-89214
-89242
-89563
-89564
-90199
-90260
-90557
-90582
-90860
-91543
-91644
-91689
-91800
-92163
-92654
-92846
-93218
-93863
-93999
-94039
-94332
-94794
-95099
-95191
-95219
-95222
-95344
-95379
-95488
-95571
-95960
-96120
-96398
-96689
-96743
-97291
-97378
-97460
-97521
-97540
-97662
-98010
-98389
-98586
-98925
-99039
-99140
-99787
-99897
-100070
-100133
-100153
-100762
-101049
-101209
-101275
-101542
-101561
-101605
-101743
-101781
-102294
-102531
-102607
-102736
-102902
-102917
-103183
-103525
-103727
-104078
-104134
-104315
-104374
-104456
-104588
-104848
-105467
-105542
-105691
-105792
-106030
-106053
-106061
-106192
-106397
-106519
-106590
-106645
-107027
-107296
-107422
-107429
-107750
-108023
-108288
-108357
-108429
-108812
-109100
-109224
-109238
-109245
-109252
-109624
-110123
-110161
-110258
-110530
-110633
-110871
-110925
-110990
-111007
-111194
-111209
-111231
-111643
-111845
-112271
-112345
-112504
-112517
-112669
-113024
-113300
-113354
-113553
-113554
-113758
-113827
-113838
-114052
-114080
-114119
-114313
-114397
-114656
-115033
-115213
-115749
-115773
-116033
-116151
-116293
-116449
-116642
-117304
-117423
-117964
-118576
-118826
-119035
-119118
-119335
-119469
-119648
-119664
-120282
-120419
-120787
-120858
-120858
-121400
-121650
-121915
-122072
-122320
-122330
-122367
-122426
-123067
-123069
-123126
-123193
-123318
-123351
-123691
-123809
-123986
-124097
-124265
-124378
-124538
-124707
-124856
-124858
-125131
-125340
-125542
-125686
-125769
-125770
-125772
-125835
-126728
-126963
-127000
-127070
-127341
-127405
-127696
-127722
-127778
-128672
-128687
-128931
-129134
-129268
-129343
-129479
-129629
-129726
-129876
-130004
-130010
-130055
-130233
-130426
-130655
-130888
-131026
-131138
-131262
-131493
-131714
-132026
-132078
-132107
-132111
-132652
-132704
-133017
-133150
-133194
-133320
-133513
-133662
-133832
-133884
-133892
-134010
-134045
-134495
-134807
-136011
-136362
-136382
-136453
-136620
-137237
-137244
-137290
-137942
-138142
-138246
-138544
-138576
-138660
-138684
-138828
-138833
-138864
-138888
-138955
-139408
-140080
-140157
-140515
-140577
-140902
-141045
-141068
-141291
-141523
-141621
-141889
-142070
-142244
-142347
-142564
-143141
-143230
-143342
-143903
-144476
-144759
-144863
-144945
-145187
-145486
-145517
-145673
-145762
-145909
-145914
-145918
-146033
-146205
-146431
-146571
-146806
-146816
-147161
-147201
-147202
-147212
-147321
-147742
-148145
-148293
-148414
-148585
-148706
-149110
-149604
-149823
-149875
-149939
-150158
-150675
-150738
-150888
-151307
-151813
-151912
-151985
-152257
-152839
-152871
-152878
-152894
-152919
-152939
-152959
-153152
-153217
-153903
-154267
-154296
-154598
-155026
-155065
-155342
-155463
-155595
-155731
-156150
-156585
-157043
-157104
-157373
-157930
-158214
-158270
-158540
-158900
-159192
-159588
-159733
-159913
-160210
-160296
-160548
-160597
-160704
-161124
-161129
-161349
-161731
-161930
-162331
-162580
-162972
-163466
-164428
-164736
-165364
-165869
-166022
-166154
-166649
-166867
-167151
-167152
-167187
-168108
-168371
-168487
-168557
-168606
-168811
-168851
-168982
-169181
-169209
-169305
-169384
-169436
-169710
-169964
-170093
-170356
-170424
-170503
-170515
-170593
-170596
-170890
-171045
-171098
-171363
-171422
-171668
-171779
-171796
-172292
-172306
-172503
-172609
-172630
-172900
-173019
-173311
-173332
-173387
-173758
-173788
-174237
-174416
-174555
-174605
-175357
-175589
-175753
-175786
-176296
-176493
-176745
-176842
-176943
-177376
-177817
-177976
-178129
-178321
-178642
-179045
-179452
-179644
-179669
-179787
-179858
-179921
-180017
-180072
-180138
-180176
-181182
-181486
-181560
-181794
-181845
-182032
-182080
-182171
-182205
-182245
-182283
-182570
-182757
-182967
-183013
-183213
-183279
-183586
-183659
-183818
-183851
-183993
-184089
-184713
-184789
-184884
-184961
-185084
-185276
-185667
-185842
-186012
-186203
-186210
-186260
-186325
-186785
-186830
-187029
-187140
-187231
-187401
-187535
-187619
-187621
-187704
-187949
-188116
-188157
-188462
-188636
-188710
-189140
-189196
-189218
-189273
-189492
-189612
-189612
-189736
-189741
-189939
-189970
-190041
-190466
-190554
-190569
-190725
-190829
-190913
-191447
-191597
-191638
-191653
-191716
-192064
-192438
-192515
-192765
-193315
-193345
-193442
-193457
-193775
-194090
-194230
-194342
-194533
-195060
-195121
-195182
-195279
-195372
-195403
-195554
-195658
-195658
-195896
-195924
-195972
-196102
-196128
-196162
-197269
-197290
-197292
-197997
-198218
-198255
-198478
-198564
-198877
-198937
-199058
-199076
-199610
-200044
-200144
-200152
-200800
-201004
-201060
-201436
-201447
-201454
-201557
-202277
-202552
-202623
-202694
-202727
-202728
-203502
-203614
-203816
-204015
-204585
-205002
-205002
-205201
-205402
-205869
-206012
-206027
-206080
-206140
-206178
-206192
-206264
-206988
-207040
-207097
-207123
-207258
-207300
-207646
-207894
-207907
-208230
-208350
-208894
-209246
-209279
-209537
-209870
-209909
-210013
-210201
-210227
-210334
-210702
-210797
-210904
-211017
-211078
-211338
-211341
-211359
-211412
-211730
-211763
-213272
-213313
-213909
-214059
-214090
-214112
-214320
-214410
-214769
-214983
-215049
-215410
-215962
-216011
-216319
-216610
-216733
-216754
-216819
-216890
-216948
-216993
-217017
-217535
-217763
-217775
-217804
-218383
-218810
-218880
-219102
-219432
-219808
-219875
-220015
-220082
-220113
-220469
-220538
-220773
-220839
-221130
-221312
-221526
-221542
-221596
-221760
-221848
-221936
-222172
-222235
-222236
-222256
-222550
-222646
-222931
-222964
-223145
-223363
-223394
-223622
-223668
-223683
-223758
-224208
-224669
-224765
-224982
-224997
-225063
-225235
-225327
-225642
-225695
-225747
-225770
-225982
-226158
-226264
-226591
-226821
-226873
-226994
-227198
-227242
-227300
-227346
-227351
-227813
-227946
-228114
-228457
-228672
-228732
-229027
-229481
-229577
-230806
-231010
-231307
-231436
-231506
-231519
-231630
-231847
-231968
-232100
-232428
-232775
-232863
-233020
-233268
-233272
-233483
-233576
-234794
-234996
-235007
-235480
-235520
-235565
-235682
-236129
-236278
-236486
-236765
-237140
-237336
-237474
-237519
-237600
-237779
-237955
-238070
-238134
-239280
-239485
-239577
-239615
-239725
-239742
-239870
-240177
-240388
-240602
-240635
-240648
-240945
-241196
-241472
-241612
-241839
-241904
-242222
-242309
-242413
-242481
-242533
-242579
-242679
-242892
-242936
-243052
-243058
-243214
-243239
-243437
-243613
-243662
-243837
-244056
-244455
-244520
-244689
-244800
-244821
-245137
-245292
-245498
-245749
-246487
-246552
-246563
-246752
-246837
-246847
-246934
-247066
-247209
-247309
-247365
-247576
-247681
-247682
-247798
-247984
-248386
-248537
-248988
-249161
-249170
-249206
-249504
-249509
-249579
-249652
-249756
-249773
-249786
-250000
-250182
-250481
-250581
-250589
-250753
-250785
-250888
-251414
-251665
-252173
-252676
-252975
-253163
-253334
-253482
-253582
-253750
-253982
-254474
-254498
-254516
-254798
-254817
-254919
-255255
-255505
-255567
-255714
-255895
-255926
-256139
-256514
-256623
-256690
-256725
-257034
-257038
-257131
-257224
-257307
-257932
-258027
-258043
-258071
-258470
-258573
-258642
-258685
-259016
-259325
-259466
-259556
-259844
-260546
-261189
-261261
-261383
-261503
-261542
-261549
-262028
-262435
-262608
-262614
-262682
-262773
-262864
-262988
-263059
-263639
-263713
-263876
-263901
-263917
-263931
-264162
-264607
-264694
-264982
-265059
-265228
-265637
-265641
-265680
-265761
-266031
-266550
-266958
-267210
-267463
-267893
-267902
-267971
-268331
-268442
-268885
-269232
-269294
-269507
-269827
-269829
-269946
-270399
-270521
-270788
-270870
-271100
-271389
-271571
-271618
-271758
-271803
-272055
-272549
-272800
-272824
-273293
-273857
-274053
-274313
-274456
-274654
-274657
-274761
-274774
-274984
-274998
-275023
-275123
-275169
-275529
-275840
-275933
-276348
-276484
-276541
-276629
-276639
-276918
-277113
-277387
-277450
-277499
-277687
-277737
-278189
-278664
-278774
-278863
-279015
-279819
-279837
-279899
-280049
-280134
-280214
-281101
-281425
-281753
-281808
-281884
-281968
-282148
-282468
-282477
-282891
-283061
-283064
-283616
-284122
-284419
-284778
-284863
-284953
-284965
-285252
-285716
-285758
-285784
-285858
-286124
-286417
-286815
-286833
-287571
-287607
-288914
-289106
-289445
-289600
-290220
-290393
-290447
-290584
-290712
-291160
-291373
-291696
-292011
-292143
-292149
-292556
-292593
-292778
-292926
-293013
-293014
-293234
-293605
-293722
-293730
-293799
-293947
-293956
-294083
-294417
-294512
-294944
-295238
-295406
-295567
-295569
-295622
-295800
-295916
-296325
-296546
-296562
-296791
-296831
-296923
-296987
-297107
-297140
-297340
-297392
-297667
-297735
-297836
-298305
-298356
-298835
-298934
-298950
-298967
-299036
-299477
-299712
-299765
-300562
-300567
-300821
-300951
-301153
-301339
-301410
-301538
-301716
-301799
-301963
-302262
-302280
-302364
-302410
-302420
-302571
-302631
-302655
-302666
-303287
-303352
-303488
-303601
-303806
-304209
-304293
-304465
-304810
-305292
-305373
-305550
-305598
-305645
-305943
-306046
-306471
-306508
-306566
-306658
-306826
-307018
-307133
-307160
-307410
-307696
-307768
-308052
-308199
-308365
-308745
-308813
-309209
-309260
-309411
-309585
-309890
-310325
-310606
-310661
-310681
-310764
-310998
-311082
-311332
-311579
-311757
-311768
-311879
-312228
-312415
-312477
-312613
-312898
-313530
-313543
-313660
-313672
-313716
-313806
-313889
-313899
-314004
-314204
-314271
-314522
-314985
-315868
-316017
-316163
-316221
-316381
-316718
-316802
-316962
-317342
-317737
-318070
-318117
-318671
-318755
-318869
-318983
-319054
-319356
-319514
-319666
-319681
-319705
-319747
-319926
-320089
-320220
-320301
-320562
-320624
-320630
-320642
-321130
-321197
-321594
-321751
-321813
-321851
-322106
-322128
-322172
-322372
-322855
-323278
-323285
-323597
-323981
-324446
-325053
-325292
-325883
-326134
-326251
-326391
-326404
-326413
-326443
-326670
-326672
-326937
-327144
-327842
-327998
-328120
-328679
-329043
-329053
-329088
-329370
-329463
-329483
-329532
-329699
-330745
-330789
-330827
-330930
-331045
-331384
-331606
-331717
-331816
-331892
-332266
-332357
-332912
-333383
-333429
-333540
-333742
-333742
-333866
-334072
-334282
-334800
-334934
-334976
-334983
-335002
-335145
-335311
-335690
-336078
-336094
-336317
-336643
-336644
-336649
-337010
-337093
-337197
-337426
-337542
-337565
-337814
-337933
-338214
-338311
-338421
-339272
-339286
-339341
-339861
-340651
-341099
-341201
-341482
-341579
-341615
-342323
-342884
-342894
-342974
-343030
-343253
-343835
-344039
-344089
-344382
-344432
-344455
-344613
-344667
-344922
-345312
-345371
-345426
-345646
-345672
-345739
-345766
-345976
-346216
-346546
-346615
-346641
-347428
-347459
-347570
-348169
-348241
-348404
-348603
-348802
-348846
-349319
-349902
-350022
-350044
-350189
-350317
-350745
-351045
-351227
-351306
-351453
-351666
-352046
-352102
-352131
-353056
-353413
-353680
-353717
-353764
-353925
-354162
-354332
-354384
-354561
-354866
-355107
-355258
-355285
-355512
-355885
-356249
-356386
-356544
-356827
-357068
-357440
-357556
-357809
-358004
-358215
-358347
-358499
-358596
-358693
-358790
-359055
-359384
-359470
-359846
-360001
-360026
-360553
-360697
-360808
-360875
-361106
-361220
-361396
-361709
-361910
-362082
-362166
-362229
-362285
-362312
-362748
-362805
-362849
-362873
-363052
-363159
-363538
-363745
-363774
-363792
-363844
-364645
-364818
-364957
-365368
-365413
-365453
-365565
-365567
-365779
-365824
-365945
-366165
-366852
-366940
-366941
-366947
-367380
-367647
-368170
-368395
-368684
-369213
-369276
-369439
-369790
-370183
-370505
-370829
-371012
-371281
-371285
-371529
-371630
-371680
-371828
-371959
-371982
-372111
-372118
-372268
-372711
-372804
-373356
-373455
-373622
-373668
-373965
-374035
-374228
-375012
-375613
-375843
-375880
-375944
-375991
-376130
-376404
-376588
-376828
-376878
-376935
-377008
-377500
-377965
-378171
-378361
-378691
-378870
-378910
-379134
-379198
-379356
-379451
-379468
-379578
-379720
-379786
-379996
-380054
-380506
-380648
-381095
-381154
-381198
-381380
-381461
-381817
-382110
-382246
-382473
-382497
-382533
-382584
-382847
-382890
-383269
-383404
-384182
-384246
-384374
-384556
-385486
-385646
-385693
-385794
-386219
-386246
-386282
-386294
-386383
-386425
-386519
-386560
-386800
-386812
-387023
-387161
-387347
-387359
-387887
-387899
-388688
-388705
-388724
-388922
-389142
-389234
-389948
-390000
-390138
-390572
-390611
-390746
-390912
-390962
-391030
-391229
-391254
-391995
-392015
-392087
-392335
-392371
-392422
-392691
-392827
-393058
-393282
-393422
-393460
-393592
-394367
-394397
-394409
-394751
-394872
-394980
-395730
-395950
-396070
-396282
-396290
-396364
-397228
-397356
-397369
-397501
-397605
-397644
-397651
-397712
-397869
-398152
-398214
-398817
-398976
-399383
-399450
-399473
-399479
-399628
-399913
-400599
-400678
-400838
-400902
-400957
-401395
-401987
-402218
-402368
-402663
-402663
-402805
-402868
-403209
-403359
-403791
-403817
-403924
-403991
-404137
-404580
-405094
-405118
-405293
-405339
-405921
-406206
-406211
-406512
-406592
-406698
-406707
-406861
-407056
-407237
-407352
-407736
-408239
-408265
-408304
-408347
-408422
-408469
-408612
-408770
-408772
-408778
-408900
-408981
-409224
-409428
-409490
-409801
-409876
-409923
-409999
-410062
-410402
-410921
-411036
-411223
-412347
-412393
-412639
-412732
-412950
-413451
-413472
-413871
-414106
-414772
-415270
-415296
-415306
-415330
-415391
-415460
-415525
-415526
-415534
-415662
-415980
-416690
-417039
-417303
-417699
-417717
-417850
-417928
-418010
-418494
-418823
-419311
-419427
-419601
-419856
-419942
-420058
-420073
-420916
-421075
-421224
-421335
-421632
-421692
-421820
-422128
-422169
-422242
-422464
-422502
-422723
-423011
-423145
-423196
-423445
-423455
-423495
-423654
-424790
-425012
-425742
-426007
-426130
-426586
-426914
-427270
-427402
-427502
-427596
-427610
-427732
-427997
-428493
-428529
-428825
-428825
-429066
-429174
-429197
-429378
-429389
-429569
-429581
-429594
-429600
-429887
-429951
-429982
-430149
-430226
-430295
-430431
-430695
-430932
-431456
-431458
-431624
-431945
-432285
-432444
-432538
-432621
-432962
-433107
-433265
-433387
-433460
-433749
-433860
-434012
-434117
-434179
-434326
-435077
-435158
-435224
-435297
-435462
-435955
-436169
-436469
-436506
-436577
-436993
-437015
-437661
-438440
-438620
-438669
-439435
-439626
-439811
-440031
-440992
-441002
-441480
-441594
-442505
-442508
-442618
-442641
-442678
-442883
-442916
-443389
-443777
-443798
-443955
-444009
-444181
-444629
-444666
-444811
-445055
-445082
-445124
-445228
-445842
-446257
-446479
-446492
-446545
-446608
-446886
-446893
-447353
-447799
-447857
-448010
-448878
-448947
-449051
-449519
-449561
-449565
-449707
-449720
-449823
-449923
-450054
-450464
-450604
-450650
-450926
-451056
-451125
-451229
-451324
-451361
-451419
-451533
-451740
-451741
-451898
-451916
-451936
-452372
-452706
-452767
-452794
-452929
-453012
-453330
-453354
-453365
-453596
-454003
-454395
-454439
-454551
-454593
-454734
-455022
-455126
-455464
-455879
-455981
-456322
-456558
-456587
-456615
-456752
-456975
-456989
-457040
-457158
-457550
-458498
-458842
-459048
-459083
-459189
-459291
-459600
-459636
-459667
-459700
-459747
-459837
-459854
-460501
-460706
-461303
-461400
-461575
-461621
-461682
-462009
-462519
-462716
-462816
-463040
-463464
-463628
-463780
-464140
-464353
-464502
-464833
-464836
-464931
-464944
-465270
-465402
-465847
-465944
-466082
-466095
-466274
-466384
-466445
-466752
-466977
-467304
-467433
-467447
-467470
-467555
-467590
-467627
-467883
-467943
-467954
-467965
-468043
-468047
-468449
-468583
-468646
-469472
-469675
-469707
-470093
-470111
-470245
-470291
-470505
-470563
-470578
-470639
-470808
-470872
-471148
-471700
-471774
-471805
-472117
-472291
-472395
-472584
-472746
-472788
-473001
-473214
-473217
-473347
-473368
-473637
-473677
-473832
-473834
-473883
-474018
-474249
-474284
-474850
-475005
-475016
-475279
-475628
-476102
-476135
-476373
-476414
-476652
-476813
-476848
-477020
-477117
-477129
-477513
-477518
-478266
-478481
-478554
-478723
-479146
-479185
-479271
-479568
-479585
-480514
-480800
-480874
-481244
-481383
-481507
-481647
-481719
-481878
-481941
-481943
-481974
-482106
-482391
-482825
-482833
-482859
-483107
-483173
-483540
-483566
-483730
-483860
-483916
-484082
-484123
-484137
-484321
-484363
-484475
-485131
-485193
-485227
-485279
-485422
-485581
-485921
-486973
-487053
-487193
-487917
-488218
-488242
-488268
-488715
-488750
-488957
-489020
-489199
-489331
-489809
-489916
-490131
-490216
-490255
-490502
-490749
-491140
-491183
-491647
-491928
-492097
-492192
-492200
-492472
-492560
-492607
-492983
-493689
-493780
-493853
-494230
-494264
-494398
-494637
-494977
-495463
-495836
-495981
-495982
-496239
-496586
-496644
-496656
-496898
-496948
-497050
-497431
-497503
-497578
-497705
-498645
-498741
-498911
-499186
-499291
-499296
-499321
-499558
-499806
-499848
-499918
-499943
-500083
-500103
-500812
-501089
-501238
-501351
-501360
-501410
-501763
-502212
-502314
-502504
-502659
-503409
-503422
-503676
-504021
-504050
-504170
-504225
-504772
-504859
-505449
-505712
-505858
-505869
-505919
-506106
-507125
-507570
-507650
-508139
-508569
-508755
-508763
-508798
-509486
-509785
-509891
-510070
-510229
-510643
-510942
-510997
-511032
-511199
-511212
-511590
-511701
-512000
-512108
-512144
-512420
-512603
-512620
-512880
-513021
-513139
-513397
-513426
-513804
-513941
-513952
-514073
-514141
-514309
-514421
-514435
-514928
-514928
-514976
-515455
-515556
-515790
-516181
-516195
-516212
-516567
-516851
-516891
-517066
-517224
-517284
-517496
-518504
-518534
-519600
-519643
-519679
-519683
-520114
-520380
-520548
-520583
-520986
-521392
-521408
-521581
-521813
-522030
-522033
-522684
-523185
-523351
-523568
-523576
-523705
-523817
-523836
-523943
-523999
-524029
-524064
-524283
-524418
-524602
-525056
-525116
-525306
-525758
-525977
-526000
-526408
-526442
-526809
-526830
-526896
-526921
-527339
-527631
-527755
-527765
-527834
-528048
-528127
-528172
-528189
-529164
-529423
-529468
-529563
-529968
-530049
-530143
-530290
-530341
-530452
-531028
-531286
-531455
-531531
-531656
-532002
-532035
-532381
-532548
-532588
-532592
-532892
-533064
-533171
-533294
-533624
-533662
-535298
-535398
-535522
-535741
-535938
-536202
-536311
-536602
-536673
-536878
-537028
-537105
-537337
-537471
-537672
-537695
-537747
-537865
-538205
-538461
-538564
-538970
-539054
-539223
-539900
-539962
-540429
-540582
-540582
-540689
-540749
-540919
-540935
-541403
-541618
-541890
-542062
-542248
-542342
-542444
-542455
-542631
-542838
-542881
-542997
-543139
-543291
-543343
-543398
-543405
-543509
-543659
-543675
-543688
-544050
-544199
-544200
-544215
-544781
-545122
-545252
-545260
-545461
-545751
-546012
-546772
-546899
-547278
-547349
-547941
-549036
-549059
-549095
-549664
-549819
-549977
-550183
-550430
-550476
-550561
-550710
-550738
-551085
-551718
-551737
-551874
-552153
-552161
-552414
-552426
-552589
-552764
-553092
-553111
-553280
-553293
-553390
-553513
-553576
-553929
-553979
-554155
-554615
-554880
-554939
-554998
-555673
-555944
-556222
-556693
-556709
-556792
-556793
-557078
-557108
-557341
-557483
-557516
-557721
-557932
-558110
-558519
-558656
-558719
-558768
-558799
-559015
-559121
-559331
-559437
-560100
-560158
-560663
-560754
-560755
-561122
-561555
-561710
-561730
-562085
-562104
-562539
-562560
-562890
-563657
-563805
-563834
-564046
-564085
-564087
-564215
-564316
-564494
-564559
-564788
-564800
-564931
-564972
-565088
-566378
-566446
-566686
-566888
-566891
-566945
-566951
-567147
-567221
-567257
-567289
-567323
-567798
-568046
-568094
-568335
-568340
-568556
-568920
-568944
-569056
-569228
-569309
-569557
-570010
-570066
-570105
-570347
-570511
-570532
-571065
-571396
-571501
-571785
-571795
-571828
-572252
-572263
-572565
-572763
-572801
-572816
-573165
-573177
-573223
-573259
-573525
-573543
-573658
-573820
-574432
-574464
-574652
-574971
-575411
-575525
-575604
-575731
-575746
-576170
-576180
-576399
-576412
-576496
-576579
-576710
-576749
-576779
-577036
-577083
-577273
-577490
-577529
-577534
-577565
-577803
-578148
-579401
-579416
-579617
-580841
-580919
-580943
-580985
-581286
-581296
-581514
-581738
-581878
-581940
-582076
-582113
-582253
-582437
-582952
-583232
-583247
-583336
-583638
-583993
-584348
-584591
-584960
-585550
-585644
-585679
-585996
-586048
-586125
-586366
-586390
-586399
-586551
-586775
-586810
-586844
-586920
-587850
-588022
-588294
-588882
-589124
-589415
-590111
-590432
-590490
-590625
-590896
-591230
-591627
-591750
-593315
-593465
-593560
-594565
-594623
-594794
-594817
-594903
-595222
-595584
-595703
-596080
-596316
-596384
-596423
-596485
-596595
-596734
-597042
-597161
-597252
-597541
-597776
-598656
-598698
-598702
-598899
-598939
-599020
-599053
-599127
-599384
-599397
-599485
-599520
-599749
-599878
-599949
-599968
-600054
-600225
-600226
-600462
-600798
-600859
-600894
-601659
-601737
-602318
-602573
-602984
-603013
-603101
-603399
-603436
-603479
-603523
-604476
-604494
-604630
-605122
-605202
-605238
-605339
-605413
-605432
-605569
-606060
-606224
-606440
-606480
-606719
-606803
-607192
-607402
-607419
-607594
-607614
-607704
-607776
-607817
-607849
-607874
-608002
-608403
-608417
-608503
-608616
-608661
-608884
-608925
-609384
-609568
-609634
-609767
-610008
-610255
-610324
-610436
-610516
-610545
-610597
-610743
-610776
-610898
-610939
-611000
-611179
-611383
-611405
-611884
-611960
-612164
-612295
-612369
-612454
-612575
-612952
-613045
-613152
-613273
-613598
-614140
-614161
-614277
-614344
-614450
-614693
-614822
-615331
-615372
-615408
-616208
-616455
-616699
-616813
-617544
-617724
-617773
-618155
-618397
-618457
-618483
-618703
-618812
-619848
-619866
-619915
-619980
-620070
-620193
-620294
-620345
-620770
-621579
-621889
-622315
-622324
-622789
-623128
-623131
-623220
-623220
-623497
-623544
-623555
-623600
-623812
-624125
-624204
-624444
-625792
-625835
-626419
-626596
-626625
-626693
-627118
-627561
-627567
-629053
-629144
-629303
-629715
-629724
-629879
-630021
-630275
-630334
-630480
-630613
-630653
-630891
-631088
-631221
-632018
-632305
-632479
-632877
-633053
-633283
-633291
-633989
-634100
-634164
-634300
-634588
-634789
-634854
-634916
-635120
-635268
-635449
-635705
-635907
-636108
-636111
-636201
-636234
-636915
-637046
-637358
-637585
-637827
-638013
-638102
-638447
-638472
-638514
-638572
-638860
-638946
-639015
-639036
-639133
-639637
-640047
-640406
-640580
-641180
-642179
-642834
-642857
-643144
-643171
-643338
-643538
-643777
-643803
-643999
-644120
-644327
-644422
-644454
-645298
-645369
-645415
-645839
-645963
-646052
-646424
-646475
-646606
-646963
-647385
-647621
-647859
-648026
-648304
-648486
-648620
-648757
-648950
-649643
-649880
-650055
-650300
-650374
-650377
-650709
-651099
-651619
-651630
-651681
-651740
-651787
-652373
-652963
-653444
-653862
-653932
-653973
-654206
-654753
-655072
-655246
-655298
-655489
-655642
-655777
-655951
-656146
-656172
-656229
-657113
-657477
-657536
-657686
-657892
-658042
-658098
-658133
-658391
-658420
-658771
-659039
-659588
-659649
-660396
-660802
-660864
-661178
-661396
-661409
-661507
-661532
-661584
-661631
-661798
-661855
-662063
-662233
-662399
-662425
-662497
-662742
-662746
-663457
-663517
-663985
-664426
-664547
-664678
-665026
-665065
-665148
-666200
-666394
-666729
-666786
-667030
-667057
-667438
-668006
-668556
-668576
-668849
-669134
-669685
-669889
-670465
-670993
-671059
-671226
-671332
-672226
-672253
-672274
-672327
-672793
-673181
-673561
-673622
-673982
-674010
-674042
-674227
-674359
-674395
-674448
-674456
-674886
-675084
-675565
-675764
-675804
-675900
-675960
-676032
-676132
-676933
-677089
-677238
-677279
-677376
-677601
-677902
-677956
-678152
-678251
-678385
-678400
-678529
-678618
-678619
-678740
-679031
-679447
-679467
-679843
-680420
-680461
-680681
-680753
-680840
-681593
-681972
-682063
-682118
-682185
-682196
-682456
-682902
-683075
-683265
-683598
-683601
-683752
-683851
-684089
-684157
-684317
-684404
-684517
-685177
-685624
-685645
-685743
-685902
-686527
-686638
-686647
-686878
-687013
-687204
-687497
-687513
-687577
-687645
-687781
-687956
-688191
-688420
-688691
-688854
-688951
-689219
-689468
-689576
-689611
-689649
-689818
-690049
-690127
-690307
-690497
-690629
-691067
-691470
-691508
-691541
-691664
-691728
-692188
-692312
-692596
-692663
-692672
-692853
-692858
-693096
-693102
-693196
-693228
-693275
-693301
-693450
-693468
-693862
-693990
-694140
-694610
-694714
-694803
-695044
-695219
-695562
-695748
-695910
-696404
-696447
-696520
-696827
-697077
-697149
-697256
-697287
-697582
-697646
-698046
-698176
-698303
-698447
-698725
-699164
-699212
-699289
-699972
-700011
-700087
-700106
-700300
-700626
-700774
-700917
-701252
-701320
-701343
-701654
-701836
-702035
-702080
-702781
-703162
-703230
-703607
-704139
-704142
-704336
-704380
-704388
-704445
-704669
-704995
-705231
-705440
-705604
-706402
-706405
-706430
-706565
-706594
-706623
-706846
-707050
-707248
-707364
-707560
-707719
-707820
-708316
-708379
-708425
-708437
-708627
-708905
-708914
-709006
-709043
-709516
-709541
-710075
-710217
-710714
-711077
-711211
-711239
-711651
-711790
-712095
-712494
-712531
-712715
-712733
-712743
-712793
-712868
-713497
-713720
-713780
-713899
-714023
-714534
-714986
-715181
-715416
-715594
-715655
-716283
-716414
-716539
-716661
-716766
-717108
-717292
-717477
-717825
-717855
-719396
-719843
-719860
-719871
-719891
-720114
-720175
-720382
-720418
-720422
-720978
-721503
-721556
-721723
-721938
-722165
-722187
-722246
-722381
-722485
-722604
-722639
-722791
-722853
-722933
-723073
-723150
-723637
-723786
-723856
-723919
-724039
-724401
-724418
-724434
-724688
-724700
-724741
-724910
-725425
-725442
-725700
-725947
-725998
-726170
-726301
-726541
-726594
-726687
-726896
-726985
-727062
-727287
-727288
-727317
-727355
-727627
-727664
-728127
-728136
-728298
-728498
-728962
-729011
-729053
-729519
-729529
-729617
-729987
-730087
-730175
-730293
-730298
-730589
-730691
-731199
-731273
-731862
-732043
-732263
-732382
-732555
-732673
-732820
-733129
-733215
-733301
-733569
-734024
-734355
-734458
-734522
-734665
-735222
-735519
-735708
-736090
-736112
-737060
-737162
-737216
-737234
-737351
-737461
-737556
-737600
-737803
-738089
-738189
-738210
-738331
-738367
-738977
-739053
-739266
-739804
-740184
-740297
-740317
-740382
-740681
-740787
-740960
-741377
-741514
-741952
-741981
-742588
-742672
-742787
-742834
-742840
-742925
-743085
-743538
-743581
-743586
-743628
-743662
-743725
-743810
-743968
-744104
-744516
-744538
-744608
-745054
-745188
-745279
-745370
-745645
-745719
-746012
-746096
-746795
-746929
-746987
-747259
-747538
-747635
-747743
-747871
-748694
-748788
-748939
-749143
-749166
-749166
-749516
-749709
-749730
-749835
-749963
-750028
-750289
-750384
-750609
-750642
-750770
-751055
-751244
-751250
-751356
-751357
-751383
-751459
-751644
-751714
-751952
-751953
-751977
-752061
-752108
-752174
-752181
-752598
-752794
-752806
-752937
-753032
-753231
-753870
-753886
-753981
-754320
-754381
-754946
-755139
-755491
-755752
-755753
-755836
-755917
-755928
-755966
-756105
-756283
-756930
-757154
-757884
-757965
-758279
-758455
-758755
-758778
-759037
-759108
-759125
-759219
-759393
-760241
-760372
-760414
-760514
-760657
-761024
-761240
-761581
-761694
-761807
-762229
-762297
-762451
-763013
-763651
-763832
-764149
-764159
-764452
-764881
-765033
-765054
-765085
-765207
-765730
-766065
-766151
-766278
-766359
-766436
-766484
-766627
-766984
-767110
-767784
-767797
-767876
-768097
-768116
-768758
-768971
-769255
-769737
-769853
-769925
-770511
-770793
-771199
-771426
-771465
-771494
-771703
-771809
-772041
-772048
-772070
-772178
-772191
-772222
-772247
-772316
-772329
-772658
-772680
-772836
-772944
-773229
-773446
-773701
-773949
-774052
-774128
-774184
-774475
-774540
-774841
-774895
-775211
-775478
-775552
-775747
-775881
-776192
-776638
-776718
-776750
-776789
-776924
-777354
-777429
-777443
-777521
-777689
-777838
-777844
-777870
-778068
-778280
-778338
-778689
-778778
-778926
-779016
-779100
-779503
-779642
-779879
-779995
-780081
-780503
-780800
-780808
-781018
-781495
-781671
-781884
-782078
-782102
-782314
-782336
-782416
-782487
-782567
-782903
-783072
-783153
-783268
-783313
-783524
-783546
-783576
-783719
-783773
-784308
-784396
-784432
-784681
-785116
-785128
-785180
-785493
-785542
-785623
-785626
-785756
-785778
-786482
-787046
-787144
-787472
-787739
-788102
-788452
-788459
-788622
-788660
-788914
-788986
-789026
-789270
-789498
-789562
-789719
-789814
-789862
-790015
-790182
-790320
-790388
-790399
-790640
-790728
-790978
-791434
-791676
-791722
-791802
-791805
-792172
-792837
-792916
-793108
-793213
-793245
-793273
-793412
-793523
-793542
-793665
-794034
-794051
-794074
-794335
-794348
-794401
-794529
-794677
-794738
-794822
-794827
-794965
-795001
-795019
-795213
-795441
-796171
-796479
-796830
-796893
-796916
-796957
-797688
-797759
-797800
-797804
-797943
-797943
-797998
-798147
-799016
-799508
-799864
-800121
-800165
-800287
-800463
-800489
-800606
-800787
-801208
-801532
-801542
-801883
-802030
-802335
-802430
-802455
-802791
-803157
-803946
-804181
-804341
-804681
-804805
-804996
-805678
-805886
-806134
-806172
-806911
-807198
-807237
-807842
-807980
-808181
-808184
-808320
-808407
-809051
-809773
-810054
-810217
-810707
-810738
-810799
-811272
-811669
-811697
-811831
-811909
-812007
-812096
-812348
-812477
-812489
-812497
-812523
-812728
-812926
-812955
-813037
-813182
-813519
-813703
-813727
-814058
-814264
-814265
-814430
-814727
-815077
-815114
-815404
-815530
-815745
-816000
-816032
-816037
-817199
-817446
-817750
-817921
-818006
-818149
-818489
-818670
-818913
-819114
-819265
-819287
-820211
-820965
-821337
-821666
-821776
-821894
-821967
-822173
-822189
-822377
-822443
-822770
-823143
-823273
-823317
-823712
-823783
-823975
-824050
-824338
-824409
-824436
-824800
-825037
-825164
-825243
-825482
-825603
-825695
-825849
-826304
-826313
-826394
-826483
-826662
-826741
-826747
-827053
-827236
-827641
-827982
-828074
-828138
-828369
-828511
-828650
-828658
-828974
-829477
-829513
-829537
-829549
-829903
-829973
-830599
-830909
-831008
-831132
-831230
-831610
-831719
-832051
-832256
-832524
-832606
-832675
-833415
-833454
-834299
-834368
-834396
-834447
-834663
-835073
-835074
-835299
-835840
-836089
-836376
-836517
-837105
-837466
-838565
-838753
-838859
-839356
-839516
-839631
-839697
-839922
-840034
-840079
-840541
-840842
-840864
-841165
-841293
-841302
-841689
-841878
-842281
-842330
-842647
-842730
-842860
-842972
-844084
-844355
-844425
-844434
-844629
-844667
-844822
-845028
-845109
-845482
-845653
-845816
-845887
-846085
-846463
-846583
-846600
-846775
-846802
-846901
-847095
-847248
-847606
-847698
-847787
-847817
-848260
-848499
-849256
-849491
-849797
-849803
-849947
-850195
-850463
-850508
-850539
-850611
-850660
-850906
-851132
-851164
-851224
-851290
-851345
-851408
-851562
-851576
-851717
-851868
-852049
-852114
-852374
-852426
-852433
-853505
-853509
-853546
-853568
-853674
-853882
-853967
-854156
-854197
-854241
-854355
-854373
-854791
-854831
-855479
-856077
-856323
-856684
-856894
-856951
-856981
-857118
-857131
-857215
-857661
-857712
-857986
-858127
-858142
-858251
-858488
-858560
-858806
-858853
-858887
-858896
-858933
-859137
-859952
-860025
-860074
-860103
-860287
-860410
-860439
-860473
-860962
-860963
-861232
-861534
-862333
-862407
-862416
-862510
-862742
-863253
-863294
-863306
-863454
-863558
-863644
-863749
-863958
-864046
-864143
-864502
-864565
-864856
-865138
-865447
-865624
-865665
-865919
-865933
-866020
-866053
-866457
-866599
-866660
-866811
-867193
-867394
-867447
-867729
-867960
-868100
-868237
-868367
-868695
-868867
-869224
-869603
-870714
-870756
-870861
-870993
-871067
-871147
-871625
-871779
-872019
-872310
-872478
-872852
-872902
-873071
-873149
-873621
-873669
-873692
-873728
-873976
-873981
-874186
-874665
-874810
-875053
-875105
-875635
-875681
-875725
-876320
-876420
-876493
-876495
-877107
-877818
-878084
-878109
-878140
-878218
-878389
-878434
-878618
-878854
-878932
-879803
-879989
-880016
-880088
-880170
-880202
-880330
-880362
-880844
-881005
-881962
-882120
-882478
-882556
-882623
-882766
-882869
-882870
-882944
-883103
-883172
-883410
-883442
-883620
-883877
-884210
-884351
-884412
-884618
-884706
-884784
-884806
-885119
-885265
-885296
-885774
-885895
-885929
-886104
-886152
-886163
-886755
-887122
-887358
-887609
-887695
-887908
-887973
-888024
-888080
-888161
-888423
-888514
-888641
-888822
-888854
-888982
-889349
-889504
-889545
-889615
-889679
-890288
-890346
-890745
-890783
-891483
-891677
-892009
-892167
-892187
-892387
-893136
-893629
-893718
-894469
-894496
-894646
-894666
-894718
-894824
-894911
-894941
-895006
-895087
-895265
-895702
-895722
-895892
-896286
-896437
-896920
-897005
-897442
-897576
-897680
-897795
-898045
-898203
-898217
-898817
-898844
-899055
-899245
-899646
-899688
-899740
-899811
-899999
-900266
-900268
-900999
-901035
-901160
-901611
-901734
-901941
-901965
-902461
-902980
-903001
-903176
-903563
-903774
-903774
-903884
-904064
-904072
-904139
-905028
-905054
-905061
-905103
-905146
-905155
-905179
-905517
-905679
-906135
-906416
-906919
-907004
-907184
-907231
-907670
-907689
-907803
-908498
-908599
-908722
-908978
-909074
-909403
-909468
-909640
-909740
-909741
-910132
-910318
-910318
-910849
-910900
-910960
-911253
-911518
-911648
-911794
-912040
-912075
-912321
-912591
-912735
-912866
-912944
-913221
-913230
-913316
-913725
-913983
-914180
-914247
-914576
-915189
-915418
-915418
-915560
-915672
-915953
-916175
-916313
-916501
-916830
-917080
-917241
-917953
-918477
-919076
-919133
-919582
-919633
-919681
-919904
-920242
-920347
-920557
-920589
-920866
-921002
-921006
-921080
-921260
-921636
-921648
-921669
-922401
-922488
-922505
-922592
-922760
-922887
-922979
-923068
-923150
-923576
-923663
-923766
-923990
-924240
-924548
-924737
-924820
-924853
-924905
-924938
-925051
-925430
-925562
-925833
-926228
-926398
-926619
-926657
-926880
-927290
-927495
-927554
-927678
-927867
-927976
-928055
-928187
-928257
-928466
-928466
-928605
-929227
-929303
-929695
-930138
-930305
-930478
-930531
-930628
-930787
-931447
-931595
-931649
-931795
-931800
-932159
-932458
-933427
-933434
-933498
-933712
-933899
-934235
-934443
-934549
-934565
-934965
-935091
-935226
-935478
-935513
-935752
-936400
-936661
-936892
-936924
-937087
-937431
-937437
-937668
-937736
-938001
-938144
-938371
-938570
-938647
-938670
-939009
-939039
-939136
-939252
-939553
-939711
-939736
-939751
-939822
-939956
-940115
-940518
-940852
-940932
-941202
-941402
-941889
-942018
-942079
-942498
-942499
-942733
-942767
-942779
-943318
-943908
-943918
-944223
-944446
-944588
-944712
-945115
-945213
-945390
-945491
-945616
-945727
-945888
-945959
-946221
-946354
-946579
-946597
-946716
-946946
-947346
-947456
-947930
-948228
-948908
-948981
-949070
-949124
-949547
-949724
-949876
-950027
-950148
-950189
-950876
-950887
-951121
-951197
-951466
-951584
-951741
-951989
-952558
-952916
-952980
-953020
-953447
-953590
-953654
-954025
-954158
-954317
-954317
-954966
-954998
-955282
-955800
-955800
-955876
-956263
-956322
-956707
-956753
-956770
-957480
-957503
-957602
-957674
-958156
-958397
-958529
-958682
-958717
-958827
-958946
-959092
-959389
-959619
-959771
-959887
-959934
-959973
-960105
-960356
-960749
-961144
-961248
-961625
-961641
-962229
-962470
-962730
-963126
-963720
-963907
-964172
-964245
-964728
-964748
-965034
-965661
-965669
-965840
-966265
-966278
-966392
-966450
-966829
-966938
-967047
-967132
-967342
-967436
-967582
-967596
-968188
-968271
-968378
-968533
-968681
-968765
-968941
-968960
-969302
-969325
-969745
-970326
-970507
-970567
-970931
-971081
-971125
-971292
-971672
-972089
-972550
-972741
-972789
-973068
-973099
-973128
-973281
-973374
-973539
-973626
-973831
-974026
-974132
-974135
-974506
-974542
-974621
-974717
-974845
-974892
-975129
-975397
-975430
-975557
-975780
-975945
-976157
-976165
-976396
-976734
-976934
-977510
-977666
-977733
-977903
-978261
-978433
-978438
-978564
-978577
-978606
-978975
-979036
-979144
-979358
-979415
-979463
-979691
-979967
-980217
-980332
-980818
-981384
-981435
-981496
-981810
-981908
-981919
-982077
-982090
-982466
-982762
-982885
-982887
-982922
-983032
-983104
-983108
-983146
-984033
-984262
-984309
-984529
-984741
-985025
-985039
-985238
-985354
-985419
-985430
-985561
-985751
-986213
-986440
-986583
-986613
-986699
-986755
-986898
-987078
-987441
-987650
-987848
-987963
-988623
-988626
-988716
-989547
-989962
-990218
-990346
-990409
-990505
-990528
-990549
-990550
-990656
-990747
-991194
-991254
-991806
-991853
-992413
-992426
-992584
-992715
-992812
-992915
-993006
-993323
-993749
-993857
-994301
-994582
-994624
-994665
-994851
-994918
-995044
-995195
-995479
-995526
-995643
-995694
-995729
-996029
-996145
-996353
-996368
-996843
-998086
-998407
-998531
-998602
-998642
-999099
-999209
-999319
-999996
