100
993852
948318
944247
933445
899883
888823
859384
848694
786742
784258
762480
743919
736001
728731
710342
707078
699291
691014
688492
678620
602011
592701
592287
583185
499921
451592
450856
449058
438189
422371
418732
414686
370200
354960
352401
330416
321169
311202
295608
291277
191743
147639
124395
103515
100592
49249
13162
-16268
-41661
-46333
-47762
-48052
-81518
-111250
-120742
-145331
-146804
-159286
-162412
-188973
-190132
-200431
-223652
-248223
-275300
-292336
-322137
-330890
-332393
-334197
-354610
-393337
-396666
-417578
-427804
-438501
-577629
-578066
-586069
-606962
-625453
-663524
-673521
-738487
-747908
-749634
-762735
-780167
-783829
-796238
-807501
-839203
-841188
-843636
-848886
-873084
-887051
-890364
-959872
-983605
