1000
997695
992394
991849
989245
987657
986902
983451
980223
976023
974037
969428
969253
966794
966520
965597
961500
959382
959150
958327
957167
955331
952410
951794
950764
949468
949445
933863
933308
929831
929519
927250
927141
925233
922779
920944
920569
920264
919898
915759
915303
914579
911584
909256
907897
905075
904651
903959
900000
898209
893435
890431
889758
887797
882660
879916
875778
874437
872291
871091
870837
868131
867353
867251
862743
859400
858805
858737
856907
856352
854509
851713
848668
848257
847534
842647
840165
838730
837124
833413
830886
829838
828298
828129
824735
824681
823809
822931
821283
812328
809866
809804
808972
803497
803102
802457
798987
798297
796108
794478
793866
789972
789707
786918
783025
781499
777162
770000
768962
768769
766701
766173
764091
763144
760678
760257
758710
755727
753070
752645
752323
750935
749457
749191
746140
745227
744106
742533
741973
737883
731330
725603
725058
725046
724765
724650
722462
722080
721812
720568
716689
713394
712904
710723
710123
709789
706875
706780
705635
704981
704779
703439
697861
696683
691838
691493
691015
689088
686792
681351
680107
679163
679144
677403
676948
676342
670934
670684
666044
665030
663193
663155
662412
658448
655341
653308
652939
650457
643858
630864
628390
624136
622601
622355
620404
615596
614281
611014
607314
607011
606537
601854
601117
600467
595295
591707
587715
585247
583383
580221
575183
574541
574359
573592
572083
571716
571337
565345
564884
558899
557959
555772
552735
550519
547877
545353
544006
542255
541390
535372
533803
533163
530230
529466
527470
525329
524060
523260
521903
515349
514670
513154
511949
511924
508941
505937
505385
499909
498574
497382
494259
492063
491837
491628
491389
490230
489644
486007
483162
483094
482385
478758
477618
474614
473058
470256
469128
468456
466759
463819
459694
459467
457807
453960
453868
452898
450011
448995
444880
444294
441120
439163
438690
436461
433454
431846
431156
428644
427637
425160
422486
421471
419364
415654
415500
413902
410461
408679
407510
404707
403533
403466
400376
399927
397346
396226
395191
392886
392484
389537
389157
388466
387472
385499
384815
383175
382268
381612
380940
378192
373343
373061
371143
368031
366684
361670
361245
361085
359771
358566
357491
356759
353983
353040
351300
349062
346681
344827
344737
342720
342699
339942
339381
339013
337192
335220
335161
333306
333210
329156
327081
323145
323111
320853
320417
320085
315491
309342
309228
306741
300927
297575
292061
290450
289338
284631
282353
281485
280489
275867
275802
273893
273384
273267
273094
271845
270994
270511
268598
266705
260948
258371
256536
255712
254019
253425
253357
252983
249921
242777
242462
240862
239987
233289
233213
229255
228542
226542
225103
222323
221951
218279
217473
216362
214044
211961
210073
208638
208358
208314
206628
206559
205404
204609
203810
202843
202542
194531
192764
190665
189766
189284
188286
185525
179526
178348
174819
174325
173807
172045
171220
170013
169574
167508
166441
166099
163190
162435
161388
160781
158791
158207
154223
153610
151838
151251
150346
146311
144899
142691
141779
130878
128248
126775
126551
125877
125335
122902
122565
121839
120328
119735
115593
115205
115148
114762
111823
111348
110472
108607
107215
106407
98205
96041
94890
91615
88636
88062
87535
87307
79196
78611
75690
74302
70843
69159
65270
62441
61665
60233
59159
56877
52833
51126
51082
50702
50565
49457
45894
45610
44465
42106
40162
39948
39926
34593
31027
26818
25332
24876
23139
22677
22178
20032
19072
16003
15069
15014
14610
13992
10718
10050
9887
8590
7988
3548
2615
97
-1380
-3636
-5355
-7721
-7734
-8005
-9385
-10259
-10400
-12558
-12671
-13558
-17949
-19015
-19833
-21375
-22763
-23831
-29128
-30284
-33373
-34560
-36917
-37146
-38277
-44763
-45746
-49750
-54841
-55174
-55656
-56399
-57422
-58296
-65283
-66579
-67196
-67766
-69726
-70337
-70636
-71149
-71607
-77015
-79107
-86107
-91781
-97670
-100267
-102255
-103262
-103704
-104610
-109209
-109738
-109920
-112212
-113131
-113666
-114273
-116354
-122093
-124348
-125119
-125613
-131082
-131730
-133948
-134523
-135520
-135621
-139848
-141471
-143094
-143663
-143789
-144108
-145827
-146301
-149067
-149430
-150147
-150428
-152432
-155209
-157350
-157404
-161558
-165124
-166900
-166968
-167504
-168452
-168867
-175414
-175486
-183817
-185756
-186110
-186886
-189376
-189409
-193716
-195673
-196039
-198595
-202643
-202852
-204684
-207015
-207298
-209237
-209555
-211106
-211172
-214906
-216063
-219080
-219371
-223137
-226606
-227995
-228001
-233935
-236350
-237701
-238204
-241030
-242068
-243999
-244030
-246632
-252286
-252323
-253518
-254501
-255739
-257124
-258381
-259338
-260173
-264500
-265289
-271317
-280027
-282258
-288458
-291775
-292161
-292598
-294969
-295418
-298744
-301953
-303595
-304864
-306758
-306795
-310940
-317888
-319113
-320258
-321137
-321975
-323231
-326664
-329571
-332274
-333410
-333527
-335331
-337959
-341476
-342150
-342176
-342411
-343284
-344287
-344318
-345706
-353408
-354263
-355114
-355146
-356827
-359030
-359053
-359522
-360522
-362684
-363558
-364474
-364659
-367283
-369470
-373099
-373539
-374372
-376927
-377644
-378415
-382019
-382903
-384114
-385400
-386921
-388420
-390203
-396351
-404554
-413350
-418809
-420432
-420749
-429557
-429889
-429902
-432828
-433142
-441389
-441737
-442185
-443780
-446256
-447269
-449528
-450637
-452845
-455189
-458446
-462204
-469728
-470181
-472313
-472892
-473007
-474835
-475254
-477604
-481036
-483216
-483226
-483405
-488373
-489725
-491535
-492299
-493914
-494699
-499362
-500915
-501135
-502606
-503623
-504727
-506352
-509559
-509694
-514001
-520449
-520736
-524411
-539573
-546184
-546419
-546512
-547763
-549371
-550685
-554622
-555646
-557894
-558480
-560220
-564545
-565048
-565662
-566840
-569572
-577805
-577984
-582228
-582422
-582559
-590258
-590883
-592312
-592712
-593792
-598580
-600065
-604514
-605214
-610848
-616171
-620824
-623686
-625123
-627942
-628132
-630928
-631195
-633352
-633521
-635317
-637404
-640957
-643196
-643704
-646141
-647249
-647280
-650709
-655259
-660510
-664675
-665553
-666339
-671464
-671787
-671865
-672773
-673340
-674245
-675258
-676902
-678601
-681443
-685290
-685372
-685620
-689876
-690586
-691582
-693861
-696998
-699039
-699971
-703067
-704360
-706910
-707105
-711841
-712213
-714163
-714506
-714934
-717017
-717224
-718940
-722292
-727474
-728553
-728601
-732452
-736186
-736503
-751040
-754359
-759116
-761194
-764878
-765689
-765714
-766561
-768493
-770391
-774263
-775005
-775434
-777207
-778348
-780249
-781647
-782439
-787688
-788589
-788676
-791576
-793501
-797152
-797216
-799597
-801522
-802111
-804405
-806802
-809577
-814456
-814800
-816638
-818991
-820578
-821369
-821696
-822259
-822399
-823010
-824437
-827418
-831530
-831634
-832418
-833319
-836795
-838381
-839267
-839537
-842034
-843259
-843285
-843494
-845159
-847890
-848995
-851155
-851358
-854177
-854193
-854786
-856410
-857820
-860756
-863638
-867829
-870428
-872100
-876591
-877846
-878061
-881062
-882564
-887098
-895787
-897276
-899593
-899888
-904147
-906268
-914609
-915725
-916480
-918626
-918739
-919185
-923013
-923682
-924962
-925645
-926957
-927967
-933217
-935309
-938171
-939189
-940204
-940673
-941256
-947647
-954097
-955771
-957042
-957064
-959341
-960026
-965850
-965991
-970818
-977310
-978172
-978590
-979750
-980974
-980992
-981262
-982479
-987525
-988522
-992241
-992603
-995366
-995830
-997608
