10000
999044
998902
998779
998473
998469
998140
997925
997745
997743
997563
997478
997234
997193
997146
996998
996876
996580
995932
995844
995646
995358
995053
995021
994369
994215
994183
994130
993612
993563
993483
993187
992988
992820
992791
992675
992403
992128
991976
991185
991120
990933
990919
990761
990759
990384
990337
990311
990063
989764
989487
989394
989275
989225
988584
988427
988404
988281
988270
988124
987890
987545
987102
986969
986304
986064
986019
985545
985032
984905
984847
984808
984463
984279
984022
983893
983701
983467
983323
983320
983035
982388
981540
981419
981375
981209
981078
980851
980748
980647
980401
980386
980282
980279
980069
980007
979722
979703
979209
978909
977993
977990
977523
977521
977516
977126
977114
977108
977062
976694
976218
975992
975946
975834
975702
975546
975154
975119
974659
974574
974487
974245
974144
973851
973477
973151
973114
972718
972673
972092
972087
971180
970861
970760
970593
970456
970417
970292
970147
970125
969559
969236
969084
968990
968897
968330
967915
967469
967298
966816
966540
966299
966192
966163
965997
965923
965896
965645
965633
965570
965525
965498
965497
965305
965267
965236
965054
964484
964406
964370
964184
964137
964052
963944
963697
963661
963578
963195
962970
962215
962057
961981
961878
961437
961385
961285
961265
961104
961100
961049
960864
960785
960674
960612
960488
960450
960257
960129
960112
959952
959773
959662
959585
959313
959190
959006
958970
958831
958824
958774
958384
958227
958162
958013
957868
957660
957480
957474
957445
957362
957297
957171
957090
956875
956868
956769
956686
956193
955618
955604
955224
955111
955061
954998
954973
954334
954144
953971
953674
953603
953502
953257
953208
952976
952671
952398
952133
951798
951729
951653
951267
951230
951130
950737
950737
950674
950665
950618
950575
950233
949968
949499
949255
949149
949143
949026
948964
948873
948847
948797
948630
948226
947782
947536
947270
946325
945846
945590
945255
945205
944921
944884
944770
944730
944040
943775
943511
943347
943133
943060
943035
942804
942376
942013
941954
941013
940510
940423
940401
939891
939326
939175
938982
938813
938763
938067
937951
937736
937637
937398
937302
937267
937127
936984
936804
936789
936683
936618
936448
936009
935946
935871
935520
935484
935351
935317
935229
934947
934813
934448
934420
934367
934285
934234
933749
933466
933379
933276
933229
933217
933165
933065
932895
932879
932850
932551
932387
932382
932266
932213
932064
931765
931669
931075
930997
930711
930696
929879
929876
929861
929852
929653
929444
929360
928914
928744
928632
928620
928430
928265
927210
927182
927030
926685
926618
926569
926417
926408
925992
925971
925811
925728
925676
925585
925462
925434
924486
924212
924031
923932
923746
923478
923415
923313
923045
922892
922698
922463
922359
922039
921987
921886
921427
921191
920911
920800
920683
920641
920567
920480
920345
920283
919675
919673
919388
919148
919086
919043
919025
918871
918754
918522
918398
917522
917338
917175
916667
916641
916586
916528
916320
915937
915732
915389
915298
915174
914799
914789
914765
914664
914517
914276
914180
914168
914076
913644
913470
913467
913145
911206
910634
910104
910103
909615
909307
909177
909069
908929
908469
908444
908195
908154
907900
907644
907543
907537
907279
907089
906455
906384
905936
905832
905636
905467
905338
904666
904535
904305
904242
903735
903687
903605
903577
903482
903473
903300
903107
902752
902391
902354
902245
901768
901649
901068
900898
900148
900001
899844
899543
899485
899433
899212
899025
899018
898592
898530
898391
898013
897793
897635
896972
896594
896557
896243
896119
895868
895545
895292
895267
895244
895154
894988
894974
894647
894442
894251
894227
893993
893952
893883
893774
893636
893344
893271
893183
892676
892604
892427
892361
892222
892111
891789
891706
891105
890326
889879
889645
889451
889096
889075
888904
888721
888574
888417
888327
888040
887558
887326
887179
886997
886935
886689
886523
886417
886302
886045
885554
885538
885301
884908
884760
884234
884199
884143
883923
883843
883568
883507
883454
883235
883087
883026
882884
882858
882738
882388
882341
882330
882088
882000
881801
881371
881025
880981
880950
880815
880756
880563
880306
880140
879874
879754
879649
879541
879492
879410
878514
878338
878166
878164
877986
877738
877705
877624
877602
877526
877341
877242
876926
876693
876093
876058
876036
875996
875471
875445
875421
875296
875135
874922
874888
874738
874702
874696
874478
874353
874320
874218
874217
874214
873895
872939
872864
872597
872323
872110
872010
872008
871928
871836
871284
871268
870776
870591
870319
870280
869637
869243
869206
868939
868891
868869
868783
868647
868235
868215
867530
867468
867425
866908
866854
866490
865988
865916
865462
865427
864857
864589
864571
864212
864203
863829
863669
863626
863310
862986
862710
862655
862449
862133
862078
862014
861900
861776
861706
861692
861436
861229
861127
861097
861073
861024
860319
860236
860156
860016
859934
859790
859754
859207
859193
859135
858757
858444
857942
857788
857747
857661
857605
857307
857163
857133
856684
856563
856136
855887
855674
855342
855263
855136
854925
854867
854844
854627
854587
854528
854076
854072
853540
853328
852993
852407
851786
851151
850451
850370
850046
850032
849940
849492
848959
848841
848833
848710
847840
847776
847179
846710
845918
845736
845568
845286
845207
844858
844840
844626
844278
844012
843875
843808
843083
842747
842743
842637
842443
841836
841773
841605
841597
841592
841551
841548
841293
841102
840891
840719
840283
840198
840193
840106
840005
839746
839515
839163
838726
838486
838421
838306
838042
838039
837986
837979
837655
837583
837549
837264
835758
835692
835560
835503
835492
835407
834624
834502
834391
834337
833836
833547
832961
832370
831981
831531
831465
831292
831091
830322
830245
830241
830000
829756
829583
829513
829420
829378
829339
829296
829268
829057
828614
828380
828107
828015
827927
827559
827430
827335
827040
826873
826809
826802
826691
826604
826584
826292
826145
826054
825794
825629
825502
825442
825361
824951
824890
824727
824605
824325
824220
823723
823529
822207
822148
822027
821443
820907
820896
820798
820752
820452
820312
819820
819441
819051
818998
818951
818602
818588
818446
818338
818325
818280
818040
817782
817638
817438
817428
817389
816921
816754
816705
816241
815765
815719
815670
815609
815367
815283
815260
815210
815073
815035
814884
814829
814405
814312
814181
813992
813721
813650
813622
813247
812723
812427
811990
811836
811822
811315
811286
811186
811057
810952
810951
810944
810864
810423
810370
810261
810146
810100
810045
809426
809076
809010
808994
808971
808911
808883
808808
808317
808024
808013
807850
807664
807563
807521
807455
806895
806890
806359
806257
806218
806209
805543
805514
805445
805398
804545
804283
803910
803908
803819
803776
803743
803058
803001
802954
802542
802540
802015
801980
801896
801681
801519
801260
801227
800985
800747
800574
800396
799925
798472
798194
798082
798039
797912
797860
797803
797762
797744
797699
797502
797306
797205
796996
796856
796770
796764
796162
796119
795671
795281
795271
795211
794868
794098
793810
793808
793561
793408
793089
793029
792991
792831
792814
792523
792305
792073
791975
791805
791449
791148
791048
791018
790633
790586
790274
789823
789707
789543
789452
788987
788959
788923
788572
788313
788290
788082
787934
787748
787701
787464
787308
787273
786732
786612
786534
786275
786206
786130
786037
785678
785435
785335
784369
784262
783971
783897
783354
783229
783224
782995
782334
782267
782069
781960
781923
781499
781432
781375
781349
781307
781186
780374
780354
780012
779961
779422
779323
779284
778911
778654
778603
778054
778023
777829
777747
777741
777396
777289
776973
776823
776584
776476
776384
776136
776114
775947
775364
775361
775210
775070
774747
774293
774146
774079
773904
773735
773326
773294
773266
773242
773051
772843
772840
772801
772493
772437
772414
772071
771963
771690
771679
771439
771312
771105
771070
770976
770702
770659
770225
769886
769844
769611
769554
769477
769197
769101
769062
769050
768861
768371
768182
767888
767725
767519
767506
767321
767221
767204
767154
766949
766892
766773
766729
766671
766436
766324
766323
766041
766034
765903
765795
765592
765454
765420
765306
765272
765250
765053
764936
764930
764901
764806
764669
764529
764449
764143
763918
763710
763323
763221
762819
762786
762686
762367
761619
761602
761211
761146
761063
760725
760371
760021
759857
759592
759302
759294
759106
758579
758489
758164
758007
757987
757920
757825
757721
757559
757418
757287
757125
756952
756924
756910
756771
756650
755698
755635
755599
755507
755504
755400
755323
755196
755020
755007
754891
754858
754770
754764
754647
754551
754511
754467
753969
753795
753339
753222
753175
752807
752676
752672
752651
752145
752140
751885
751699
751681
751589
751542
751240
751100
750880
750336
749879
749447
749428
749286
749021
748888
748665
748609
748444
748281
748191
748138
747161
747083
746811
746761
746677
746576
746361
746063
745950
745944
745870
745842
745725
745581
745495
745344
745308
744821
744799
744526
744507
744451
744425
744022
744018
743960
743334
743325
743116
742605
742506
742480
742279
742196
742152
742076
741842
741475
741263
741225
741130
741090
740745
740622
740502
740369
740297
740281
740243
740045
739629
739221
739003
738892
738725
738139
738004
737914
737886
737630
736426
736309
736058
736038
735818
735770
735671
735473
735414
735337
735321
735121
734871
734806
734763
734314
734249
734118
733919
733866
733798
733515
733407
733328
733160
732841
732792
732477
732282
731979
731898
731856
731724
731470
731405
731039
731021
730992
730978
730611
730583
730192
729977
729926
729840
729272
728303
728189
727352
727257
727066
726574
726502
726236
726064
725734
725670
725618
725430
725331
725193
725162
724944
724635
724363
724211
724026
723972
723906
723605
723526
723190
723123
723041
723017
722294
722009
721799
721511
721145
720973
720917
720480
720363
720248
719852
719643
719492
718861
718678
718521
718055
717962
717852
717748
717645
717427
717299
717289
716808
716596
716370
716241
716187
715558
715491
715489
715246
714820
714604
714573
714195
713947
713383
713367
713194
713152
713072
712818
712558
712507
712426
712418
712346
711588
711533
711390
711276
711097
710959
710289
710203
709264
709124
708917
708752
708566
708406
708381
708207
708004
707910
707873
707869
707850
707650
707589
706668
706574
706447
706297
706149
706066
705784
705755
705680
705399
705082
704857
704668
704260
704174
703708
703684
703550
703443
703251
703158
703007
702825
702512
702394
702393
702384
702169
702101
702062
701951
701901
701783
700822
700299
700016
699982
699770
699392
699001
698651
698569
698557
698263
698127
697863
697816
697644
697105
696573
696361
695988
695943
695595
695288
695208
695176
695077
694973
694946
694748
694724
694376
694182
693643
693588
693481
693477
692666
692379
692360
692272
692172
692144
691541
691500
691054
691045
690495
689559
689235
689115
689066
688990
688879
688867
688782
688736
688418
688385
688182
688013
687886
687761
687605
687591
687277
687062
686352
686258
686080
685985
685854
685843
685807
685657
685446
685310
685299
685259
685213
685181
685122
684688
684524
684429
684352
684034
683885
683811
683482
683429
683126
682908
682873
682647
682528
682410
682369
682353
682216
682178
682023
681556
680791
680659
680639
680082
680069
679976
679964
679334
679213
679090
679070
679006
678976
678736
678432
678242
678161
677851
677750
677747
677426
677351
677324
677255
676968
676958
676847
676628
676352
676165
675401
675275
675018
674267
674245
674222
673957
673721
673688
673548
673297
673287
673024
672912
672407
672370
672339
672137
671435
671322
671219
671020
670763
670620
670549
669980
669808
669249
669081
669072
669064
668553
668393
668351
668057
668032
667959
667720
667513
667065
667033
666228
665815
665785
665472
665185
665156
665126
664095
663873
663481
663341
663183
663160
662880
662820
662326
662288
661992
661824
661785
661489
661195
661176
661154
659766
659725
659274
658850
658817
658772
658639
658573
658509
658479
658427
658369
658201
658116
657571
657567
657564
657316
657063
656917
656723
656695
656690
656625
656430
656409
656240
655829
655784
655529
655485
655465
655428
655109
655097
654872
654795
654715
654547
654287
654106
653439
653389
653192
653157
652835
652566
652561
652084
651706
651545
651545
651467
650523
650304
650302
649310
649161
649120
648589
648507
648468
647993
647950
647614
646749
646670
646411
646226
645990
645574
645349
645194
644974
644946
644829
644810
644641
644617
644396
644338
644248
644226
644025
643761
643487
643480
643035
643025
642939
642893
642580
642547
642503
642342
642081
641883
641866
641458
641204
640871
640589
640574
640491
640303
640130
640016
639460
639359
639150
639125
638835
638804
638614
638559
638558
638362
638206
638156
638130
637921
637665
637590
637326
637234
637205
636504
636160
636016
635966
635966
635857
635582
635341
635294
635282
634913
634782
634768
634746
634720
634599
634360
634328
634291
634084
634060
633839
633543
633483
633478
633280
632096
632080
631900
631880
631749
631582
631425
631357
631247
630988
630578
630473
630379
630088
629507
629472
628989
628882
628808
628669
628129
628063
628056
627846
627573
627470
627436
627334
627175
627163
626216
626047
625819
625694
625691
625132
625068
625051
624968
624864
624589
624411
624297
623716
623701
623267
623097
622938
622752
622377
621814
621669
621462
621405
621377
621202
621088
620945
620488
620243
619514
619476
619438
619241
618896
618845
618707
618705
618650
618625
618539
618074
617977
617714
617479
617354
617278
617210
616972
616664
616587
616073
615758
615293
614910
614857
614678
614625
614510
614116
613955
613599
613585
613227
613110
612659
612208
612170
611721
611631
611552
610824
610757
610706
610560
610159
609964
609831
609823
609541
609428
609339
609229
608916
608892
608777
608579
608543
608512
608427
607892
607096
607080
606933
606764
606641
606118
606057
606007
605873
605569
605447
605128
605114
604992
604973
604583
604506
604407
604060
604044
603605
603495
602997
602785
601913
601885
601736
601520
600914
600905
600746
600613
600284
599979
599884
599348
599245
598173
598072
598062
597865
597541
597458
597184
597091
597031
596946
596784
596769
596416
596378
595888
595808
595243
594920
594693
594252
594251
594210
593946
593848
593553
593528
592969
592945
592876
592839
592807
592754
592414
591842
591639
590883
590687
590536
590250
590144
589894
589892
589433
589367
589262
589135
588894
588817
588736
588658
588545
588491
588343
587637
587440
586771
586738
585978
585474
585153
584946
584553
584428
584286
584110
584009
583945
583738
583617
583400
583065
582816
582787
582286
582170
582122
581786
581529
581451
581322
581305
581095
580805
580377
580317
580290
580177
579937
579842
579780
579542
579525
579436
579335
579241
579167
579147
578444
578373
578210
578098
577809
577659
577618
577390
577341
576922
576846
576187
575846
575825
575552
575351
574899
574846
574831
574776
574696
574035
573935
573874
573845
573576
573274
572644
572641
572372
572016
571735
571272
571260
570946
570905
570820
570765
570374
570250
569944
569741
569649
569588
569387
569033
569019
568207
567726
567641
567462
567359
567163
567073
566726
566178
565870
565817
565678
564408
564396
564387
564284
563994
563674
563637
563433
562816
562189
562178
562032
561779
561753
561385
561063
560862
560428
560264
559366
559354
559306
559140
559095
558341
558125
558026
557945
557524
557475
557437
557379
557371
556857
556805
556732
556697
556693
556461
556261
555929
555569
555281
555191
555035
554937
554927
554810
554744
554089
553948
553730
553448
553403
553355
553041
552960
552676
552644
552434
552249
552003
551679
551500
551279
550909
550578
550520
550489
550167
549707
549615
549479
549438
549403
549305
549208
548685
548445
548401
548331
548299
548141
548034
548011
548009
547774
547720
547682
547583
547573
547172
546786
546148
546065
544924
544430
543796
543612
543436
543425
543364
543357
543234
542794
542663
542475
542119
542060
541874
541856
541830
541177
540993
540955
540763
540743
540669
540658
540511
540408
540302
540221
539659
539506
539452
537811
537518
537406
537051
537017
536829
536551
536313
536216
536146
536086
536070
535848
535518
535426
535378
535344
535142
534933
534769
534618
533555
533463
533437
533403
533321
533185
533044
532952
532794
532550
532380
532353
532207
531977
531795
531007
530884
530883
530644
530620
530563
530558
530554
530348
530264
530193
530047
530039
529915
529843
529796
529137
529127
528929
528379
528119
527916
527838
527835
527471
527391
527283
527046
527036
526638
526389
526349
525958
525866
525677
525581
524952
524778
524771
524500
524414
524298
523527
523465
523386
523070
522847
522767
522507
522268
522036
521960
521890
521690
521494
521180
520726
520700
520665
520481
520038
519868
519802
519660
519585
519496
519365
519278
519193
518657
518651
518632
518510
518463
518452
518406
518329
518259
518185
518179
518161
518038
517803
517752
517705
517520
517046
516934
515974
515796
515396
515310
515111
515081
514878
514356
514026
513719
513668
513547
513259
513149
512724
512597
512582
512418
512000
511860
511496
511457
511416
511347
510832
510634
510625
510592
510292
510118
510051
509721
509715
509359
509315
509113
509101
508891
508566
508513
508460
508388
508337
508336
508104
508070
508036
508015
507298
507036
506453
506340
506301
506277
505795
505775
505672
505402
505268
505208
505191
504948
504888
504818
504775
504554
504081
503731
503678
503513
503396
503074
502797
502261
502166
502159
501704
501498
501461
500901
500893
500754
500619
500117
499960
499708
499496
499338
499141
499106
499046
498940
498764
498403
498000
497898
497764
497574
497543
497531
497339
496784
496713
496586
496553
496207
495956
495901
495755
495277
495254
495015
494763
494757
494632
494509
494477
494463
494097
494054
493546
493540
493168
493039
492790
492595
492399
492156
492024
491773
491249
490357
490276
490193
490148
489932
489900
489449
489005
488994
488041
487807
487756
486698
486677
486613
486443
486284
486022
485535
485452
485231
485176
484946
484837
484510
484246
484119
483882
483818
483707
483671
483460
483156
483139
482945
482843
482787
482687
482665
482503
482442
482439
482393
482377
482317
481807
481801
481625
481590
481375
481366
481097
481037
480960
480956
480647
480448
480223
480079
480053
480014
479964
478923
478740
478324
478244
478065
478050
477983
477830
477442
477432
477365
476997
476924
476284
476257
476000
475885
475471
475335
475127
475021
474704
474679
474496
474208
474154
473834
473815
473804
473512
473374
472988
472960
472879
472439
472330
472208
471891
471802
471716
471465
471393
471222
470941
470648
470406
470249
470107
469992
469954
469946
469316
469169
468903
468867
468703
468578
468281
468211
468091
468061
467804
467754
467452
467434
467086
467034
466989
466559
466535
466196
466126
465259
465168
464871
464743
464355
463570
462832
462748
462576
462403
462271
461998
461483
461471
461364
461142
461073
461063
460933
460767
460762
460577
460386
460365
459933
459929
459473
459461
459444
459325
458857
458848
458667
458535
458470
458351
457984
457939
457870
457732
457731
457644
457555
457325
457070
456769
456458
456432
456290
456016
455151
454993
454700
454566
454482
454312
454311
453533
453349
452825
452519
452345
452312
450900
450842
450749
450550
450398
450091
450003
449945
449763
449687
449649
449208
448844
448749
448562
448547
448524
448294
447910
447865
446962
446914
446381
445728
445694
445599
445528
445357
445240
444724
444694
444555
444277
444215
443803
443432
443019
442932
442807
442744
442548
441890
441869
441703
441652
441549
441045
440620
440300
440154
439755
439187
439100
438829
438230
437800
437760
437451
437443
436984
436982
436657
436579
436149
436081
435821
435629
435222
435073
434144
434057
433948
433568
433502
433233
432700
432497
432267
432048
431846
431638
431549
431274
430915
430743
430658
430531
430330
430323
430203
429897
429857
429751
429414
429345
429330
429034
428994
428045
428044
428033
427891
427651
427569
427557
427331
426837
426676
426671
426612
426518
426346
426163
425899
425861
425487
425273
425004
424693
424668
424610
424443
424298
424235
424226
423891
423703
423069
422703
422470
422120
421831
421506
421425
421337
420817
420515
420337
420240
419958
419780
419759
419722
419299
419270
419189
419117
418860
418860
418825
418795
418737
418619
418357
418142
417841
417578
417465
417183
416970
416414
416264
416179
416088
415387
415119
414983
414913
414461
414446
414335
414277
414232
413867
413833
413820
413567
413411
412447
412431
412160
412133
411882
411779
411560
411468
411457
411292
411256
411245
411049
410851
410738
410443
409677
409639
409542
409278
408988
408678
408451
408443
408412
408256
407813
407474
406985
406596
406368
406314
406304
406218
405905
405820
405709
405429
405337
405177
405117
405086
405047
404750
404654
404562
404515
404502
404380
404319
403997
403947
403652
403608
403559
403247
403108
403054
402987
402812
402453
401882
401247
401135
400849
400711
400475
400474
400382
400261
399525
399134
398829
398771
398755
398743
398723
398549
398533
398258
398179
397857
397825
397535
397453
397381
397329
396871
396804
396787
396469
396230
396087
395666
395281
394908
393970
393949
393781
393606
393583
393005
392028
392003
391880
391879
391748
391551
391381
390507
390399
390377
390330
390162
389879
389821
389632
389613
389330
389201
388726
388638
388618
388560
388380
388141
388061
387788
387221
386565
386562
386382
386180
386121
385518
385514
385369
385299
385221
385023
384749
384726
384707
384408
384204
383557
383420
383208
382866
382846
382835
382804
382804
382776
382728
382062
382042
381937
381504
381459
381428
380989
380836
380381
380283
380275
380201
379615
379587
379466
378763
378533
378034
377864
377785
377158
376418
376285
376143
376103
375606
375403
375402
375293
375202
375155
374940
374678
374624
374535
374256
374235
373797
373440
373396
373289
373284
373157
372996
372991
372960
372456
371789
371284
371123
371106
370889
370531
370333
370238
369895
369489
369392
369387
369327
369289
369268
369177
369171
368561
368486
368214
367974
367847
367762
367752
367630
367034
366869
366235
366190
366042
365617
365409
364648
364607
364470
363763
363638
363561
362768
362630
362322
361934
361528
361318
360573
359780
359675
359068
358551
358345
358323
358030
358006
357908
357876
357617
357532
357408
356413
356265
356190
355990
355777
355672
355471
355351
355268
355183
355118
354679
354537
354497
354161
353998
353913
353730
353587
353389
352168
351965
351910
351673
351628
351590
351502
351289
351003
350845
350730
350648
350563
350381
350315
350208
350145
349885
349822
349620
349052
349036
348944
348885
348431
348086
347991
347861
347127
346968
346813
346722
345668
345395
345221
344989
344976
344692
344591
344532
344026
343978
343956
343450
343251
343158
343014
342981
342731
342620
342487
342089
342067
341694
341656
341606
341379
341237
341235
340964
340847
340345
340266
340206
340175
340096
339993
339699
339437
339167
338978
338914
338842
338476
338259
338241
338062
338060
337788
337605
337548
337441
337331
337087
336979
336921
336816
336236
335902
335469
335428
335328
335006
334970
334729
334680
334664
334503
334426
334231
334046
334003
333896
333874
333597
333519
333369
333001
332890
332851
332725
332479
332453
332224
332210
331846
330827
330478
330450
329822
329784
329382
329287
329159
329111
329056
329005
328263
327623
327450
327330
327032
326961
326908
326739
326735
326649
326469
326252
326163
325976
325492
325173
325136
324840
324524
324273
324121
323883
323561
323419
323309
322793
322534
321443
321423
320706
320381
320320
320126
319682
319384
319219
318917
318660
318512
318278
318168
318161
318099
317678
317064
317049
317045
316859
316798
316761
316482
316390
316317
316162
316101
315997
315483
315328
315317
315165
315161
315159
314963
314663
314283
314277
314273
314178
314171
313704
313471
313252
312642
312631
312275
312186
312131
311682
311614
311485
311290
311244
310627
310402
310327
310293
309946
309854
309176
308762
308583
308408
308298
308220
307897
307859
307784
307638
307624
307620
307505
307455
307014
307000
306988
306787
306532
306213
306202
306112
305942
305846
305737
305626
305468
305467
305260
305111
304680
304642
304152
303597
303450
303254
303073
302425
302231
302034
301764
301682
301524
300639
300628
300498
300094
299944
299653
299371
298932
298910
298901
298785
298622
298581
298551
297645
297526
297013
296966
296287
295941
295877
295340
295214
295195
295046
294742
294736
294099
294021
293988
293319
293206
292947
292909
292598
292424
292340
292038
291829
291789
291722
291392
291365
291305
291268
291202
290987
290963
290913
290826
290727
290586
290563
290058
289489
289058
288467
288298
288280
288030
288030
287670
287634
287310
287056
286781
286699
286691
286608
286498
286453
286452
286396
286046
285845
285699
285492
285475
284864
284689
284375
284123
283699
283623
283347
283131
283129
282438
282231
282203
281894
281860
281343
281122
280811
280763
280727
280657
280075
279754
278823
278637
278577
278503
278286
278272
278237
277257
277168
277086
276970
276950
276869
276758
276431
276413
276342
276255
276073
275966
275752
275281
275231
275163
275122
275111
275089
274936
274844
274658
274561
274305
274033
273909
273521
273486
273017
272650
272628
272496
272418
271931
271811
271782
271638
271322
271214
271127
270587
270355
270012
269682
269651
269505
269024
269003
268875
268845
268361
268339
267765
267541
267261
267253
267207
267186
267148
267124
267119
267025
266973
266849
266799
266740
266649
266539
266371
266202
266158
266146
266075
265647
265524
265499
265434
265299
265294
265271
265269
265146
264977
264832
264734
264383
264339
264251
263962
263434
263218
262846
262346
262344
262267
262180
261835
261792
261777
261754
261428
260976
260945
260675
260623
260612
260505
260105
259782
259689
258989
258605
258472
258462
258436
258122
258101
258055
257918
257900
257696
257583
257229
257171
257113
257080
256934
256809
256735
256642
256633
256506
256248
255466
255233
255202
255133
255071
254711
253544
253535
253189
253115
253046
252958
252763
252559
252444
252358
252237
252034
251831
251502
251099
251094
250954
250832
250454
250434
250403
250390
250252
250108
249982
249381
249212
249024
248903
248213
247832
247428
247347
247346
247238
246846
246485
246112
245619
245443
245149
245144
244924
244903
244837
244836
244664
244609
244412
244260
244243
244209
243331
243132
243117
242583
242533
241768
241494
241130
241100
240966
240687
240628
240459
239980
239111
239021
238963
238774
238615
238584
238504
238497
238391
238123
238106
238098
238065
238062
237741
237611
237507
237459
237444
237418
236980
236879
236737
236623
235947
235896
235867
235771
235437
235207
234580
234537
234496
234353
234197
233763
233566
233382
233134
232711
232652
232609
232441
232395
232389
232243
232233
232027
231724
231672
231500
231418
230691
230034
230006
229792
229295
229210
229146
228818
228757
228737
228590
228589
228479
228364
227837
227811
227666
227507
227106
227096
226640
226543
226418
226412
225622
225618
225610
225507
225471
225464
225168
224956
224934
224924
224320
224113
224029
223805
223791
223631
223371
223164
223123
223094
223047
222982
222862
222844
222827
222683
222654
222615
222273
222191
221836
221706
221535
221079
220471
219925
219682
219648
219473
219289
219086
219011
219008
218910
218891
218813
218762
218607
218532
218410
218392
218209
218124
217813
217754
217746
217684
217678
217513
217315
217162
217125
217034
216048
216022
215980
215100
214987
214925
214790
214426
214073
214022
213616
213523
213380
213340
213247
213104
212908
212610
212462
212435
211870
211519
211424
211320
210934
210917
210770
210738
210488
209977
209712
209650
209618
209614
209319
209048
208912
208783
208632
208135
207717
207594
207437
206918
206903
206778
206707
206625
206492
206458
206255
205898
205869
205626
205337
205178
205153
204568
204255
204250
203985
203711
203613
203416
202792
202693
202621
201821
201703
201128
201109
200702
200368
199756
199241
199129
198979
198605
198051
197857
197679
197555
196811
196405
196093
196058
195976
195731
195365
195309
195197
194928
194922
194908
194708
194355
194232
194090
194066
193924
193677
193662
193575
193256
192630
192493
192296
192186
192155
192024
191534
191533
191394
191211
191155
191089
190878
190863
190784
190767
190614
190532
190408
190103
190093
189870
189817
189629
189570
188982
188916
188754
188695
188668
188637
188537
188225
188047
188010
187933
187878
187630
187177
187027
186630
185958
185880
185714
185709
185690
185671
185568
185471
185224
185161
184960
184771
184747
184660
184332
184294
184214
184158
183611
183578
183505
183499
183449
183229
183158
183119
183019
182959
182558
182520
181766
181669
181599
181533
181297
180409
180313
180183
179609
179383
179012
178830
178654
178643
177967
177948
177867
177795
177063
176785
176592
176384
176132
175980
175681
175638
175155
175147
175019
174985
174920
174474
174442
174156
174093
173970
173797
173584
173310
173001
172885
172507
172284
172283
172171
171911
171829
171722
171485
171332
171126
170947
170906
170615
170400
170379
170215
170016
169979
169238
168789
168644
168411
168383
168325
168168
168132
168078
168074
167750
167655
167279
166848
166735
166722
166583
166294
165978
165750
165689
165481
165387
164960
164873
164581
164246
164244
164000
163928
163720
163441
163315
163178
162995
162925
162800
162646
162223
162207
162185
162115
161465
161394
161246
161241
161109
161017
160921
160852
160808
160440
160375
160131
159811
159741
159631
159378
158850
158225
158087
157819
157635
157536
157360
157094
156772
156756
156660
156645
156036
155922
155891
155804
155659
155508
155104
154554
154281
153878
153515
153448
153336
152983
152737
152608
152484
152119
151811
151792
151546
151522
151490
151296
151099
150821
150549
150382
150326
150324
150192
150111
150102
149842
149748
149296
149296
149072
148990
148861
148777
148681
148274
148049
148010
147533
147236
147212
147178
146873
146857
146046
145722
145658
145234
145181
145101
145027
145013
144445
144353
144239
144234
144181
143728
143660
143589
143107
143033
142995
142917
142909
142698
142624
142592
142429
142193
142163
142111
141694
141517
141472
141366
141346
141170
140976
140807
140584
140401
140227
140174
140146
139864
139714
139710
139345
138664
138570
138550
138192
137900
137714
137364
137281
137238
137148
137066
136524
136457
136170
136135
135476
135423
135347
135139
135082
134680
134221
134159
134080
134036
133619
133478
133430
133400
133309
133308
132951
132701
132038
132001
131559
131483
131397
130837
130174
129847
129590
129093
128309
128094
127723
127608
127214
127196
127041
126512
126312
126010
125969
125823
125700
125531
125332
125266
125035
124515
124418
124177
124146
124035
124010
123659
123262
122870
122861
122567
122478
122468
122465
122165
121802
121793
121744
121606
121110
121083
120998
120990
120961
120881
120500
120404
120130
119868
119827
119672
119502
119375
119062
118630
118449
118425
118308
118064
117990
117806
117792
117787
117334
117169
117055
116735
116550
116535
116511
116475
116042
115753
115425
115075
114626
114617
114473
114346
114343
114313
114291
113812
113796
113491
113370
113061
112523
112461
112104
111823
111801
111662
111640
111445
111348
111290
111133
110878
110646
110157
109894
109819
109758
109716
109450
109220
108791
108771
108688
108314
108105
108048
107961
107907
107670
107663
107644
107502
107356
107197
107077
106851
106585
106274
106192
106115
106015
105585
105495
105477
105410
105350
105277
105017
104885
104828
104798
104567
104317
103919
103648
103566
103552
103521
103478
103456
102899
102809
102556
102167
102015
101937
101594
101343
100483
100152
99763
99589
99387
99259
98997
98757
98613
98264
97842
97577
97440
97343
97199
97160
96965
96766
96323
96150
95679
95041
94809
94474
94438
94345
94219
94025
93988
93685
93593
93473
93379
93363
92973
92765
92732
92694
92443
91497
91254
90771
90745
90580
90499
90217
90132
89715
89521
89406
89374
89363
89247
89231
89196
89164
88933
88206
87539
87477
87428
87132
86927
86805
86508
86482
86240
86112
86046
85827
85765
85607
85555
85542
85536
85221
85154
84827
84425
84299
84096
83991
83723
83698
83546
83414
83232
82923
82741
82270
81843
81733
81489
81267
81152
81104
80642
80059
79291
79210
79146
78898
78880
78391
78372
78145
77975
77820
77586
77418
77213
77137
76991
76939
76825
76732
76707
76701
76278
76102
75860
75842
75630
75421
75117
74873
74845
74842
74708
74475
74367
74197
74186
74134
73351
72845
72753
72651
72630
72115
72020
71794
71632
71504
70896
70875
70839
70821
70685
70522
70520
70448
70416
70382
70198
70120
70111
69946
69714
69437
68889
68188
68148
68012
67974
67934
67929
67529
67471
67162
66979
66532
66289
66060
65935
65894
65598
65428
65424
65374
64734
64641
64481
64167
63445
63186
63087
62678
62541
62329
62215
61892
61833
61683
61540
61417
61297
61269
61188
60731
60587
60555
60221
60178
60160
60058
59934
59843
59715
59423
59134
58855
58527
58520
58492
58435
58427
58091
57661
57543
57117
57016
56781
56725
56649
56580
56504
56453
56445
56391
56261
56244
56215
56149
56038
55858
55492
54977
54952
54618
54606
54354
53982
53915
53895
53785
53643
53604
53141
52835
52419
52240
51931
51656
51640
51566
50782
50471
50448
50413
50164
50065
49661
49535
49232
49197
49110
49089
48649
48648
48399
48373
48025
47877
47865
47746
47708
47561
47514
47036
46386
46304
45512
45402
45361
44495
43986
43390
43312
43056
42868
42498
42073
41972
41898
41773
41391
41303
40852
40840
40711
40704
40418
40093
40034
39976
39774
39704
39681
39387
38744
38531
38147
38121
37789
37592
37222
37203
37123
37088
37004
36802
36188
36015
35987
35580
35573
34561
34544
34466
34283
33155
33025
32941
32808
31566
31308
31284
31280
31257
31238
31065
30948
30843
30670
30459
30184
29905
29763
29326
28986
28886
28826
28630
28519
28516
28231
28083
27991
27745
27531
27496
27406
27344
27202
26650
26585
26183
25936
25454
25132
25119
24964
24871
24793
24545
24368
24285
23967
23961
23836
23374
22975
22491
22488
22194
22185
22101
21882
21786
21636
21404
21151
20913
20897
20647
20320
20283
19990
19750
19601
19160
19157
19131
19123
19110
18925
18766
18719
18709
18692
18551
18408
18383
18334
18144
17972
17504
17431
17385
17377
17228
17176
17147
17115
16987
16899
16780
16661
16629
16332
16188
16099
16028
16026
15933
15553
15236
14843
14781
14747
14343
14269
14006
13455
13437
13216
13181
12544
12481
12445
12413
12117
11902
11885
11740
11664
11367
11324
11196
11067
10999
10826
10788
10755
10449
10406
9139
9016
8630
8537
8304
8268
8178
7983
7869
7858
7676
7564
7358
7077
6802
6598
6461
6025
5862
5659
5275
5112
5000
4812
4701
4510
4421
4363
4087
4002
3789
3455
3388
3198
2998
2920
2865
2277
1560
1465
1276
1172
467
451
-121
-127
-136
-570
-578
-596
-1579
-1778
-1849
-2144
-2167
-2268
-2399
-3049
-3147
-3173
-3175
-3226
-3233
-3470
-3763
-3795
-3967
-4050
-4161
-4283
-4446
-4895
-5171
-5205
-5410
-5416
-5566
-5823
-5946
-6080
-6369
-6547
-6750
-6930
-6932
-6945
-6958
-7031
-7066
-7561
-8118
-8219
-8461
-8465
-8757
-8831
-8911
-8928
-9060
-9329
-9445
-9612
-9667
-9788
-9842
-10024
-10082
-10650
-10749
-11076
-11191
-11400
-11623
-11802
-11965
-12030
-12310
-12401
-13220
-13569
-14215
-14326
-14542
-14918
-15329
-15431
-15759
-15920
-16282
-16867
-17169
-17247
-17588
-17897
-18125
-18375
-18659
-18706
-18732
-19236
-19344
-19417
-19770
-19959
-19975
-20382
-20398
-20529
-21093
-21361
-21631
-21716
-21798
-21952
-22168
-22387
-22471
-22539
-22723
-23735
-24434
-24439
-24556
-25108
-25547
-26206
-26290
-26395
-26575
-26962
-27363
-27427
-27521
-27578
-27678
-27939
-27999
-28497
-28519
-28798
-28823
-29319
-29357
-29605
-29651
-29944
-30019
-30468
-30493
-30727
-30837
-30864
-31480
-31824
-31981
-31982
-32310
-32332
-32360
-32686
-32940
-33008
-33561
-33830
-34029
-34470
-34481
-34487
-34621
-34795
-35220
-35475
-35586
-35597
-35744
-36371
-36839
-36871
-37157
-37257
-37924
-37961
-38006
-38098
-38714
-39113
-39152
-39191
-39254
-39294
-39557
-39839
-39913
-40179
-40180
-40193
-40299
-40587
-40738
-40802
-40943
-40967
-41001
-41096
-41419
-41781
-42245
-42604
-42608
-42671
-42945
-43084
-43310
-43474
-43499
-43533
-43613
-43889
-44089
-44150
-44216
-44616
-44647
-44813
-45306
-45580
-45582
-45663
-45762
-46230
-46580
-46627
-46721
-46952
-47127
-47218
-47801
-48164
-48297
-48346
-48351
-48390
-48448
-48713
-48935
-48964
-49531
-50480
-50723
-51130
-51144
-51345
-51396
-51548
-51573
-51732
-52502
-52617
-52820
-52925
-52967
-53081
-53240
-53873
-54167
-54452
-54703
-54956
-55162
-55310
-55316
-55449
-55781
-56212
-56246
-56283
-56640
-56647
-56688
-57063
-57095
-57384
-57486
-57724
-57860
-58057
-58715
-58852
-58853
-59019
-59133
-59169
-59280
-59886
-60163
-60309
-60438
-60487
-60844
-61354
-61598
-61678
-61720
-62680
-62749
-62851
-62887
-62910
-62937
-62939
-64164
-64297
-64511
-64620
-64695
-64745
-64933
-65318
-65534
-65576
-65981
-66460
-66665
-66668
-66924
-66990
-67418
-67610
-67616
-68042
-68287
-68353
-69152
-69532
-69665
-69685
-69884
-70442
-70788
-71148
-71157
-71525
-71608
-72029
-72212
-72464
-72523
-72937
-73248
-73580
-73677
-74305
-74471
-74664
-74829
-74942
-75444
-75635
-75767
-76198
-76204
-76207
-76581
-76673
-76959
-77079
-77712
-77989
-78094
-78543
-79018
-79215
-79215
-79401
-79569
-79977
-80011
-80547
-80563
-80844
-81001
-81485
-81856
-82535
-82704
-83146
-83377
-83456
-83471
-83597
-83611
-83759
-84167
-84710
-84788
-84994
-85460
-85735
-86031
-86072
-86243
-86329
-86337
-86424
-86485
-87146
-87251
-87310
-87530
-87786
-87839
-88068
-88098
-88106
-88402
-88465
-88512
-88632
-89114
-89279
-89283
-89301
-89312
-89440
-89445
-89472
-89507
-90183
-90407
-90976
-90988
-90990
-91131
-91248
-91815
-92239
-92250
-92530
-92880
-93198
-93213
-93408
-93451
-93467
-93885
-94089
-94671
-95201
-95208
-95433
-95649
-95920
-95990
-96107
-96229
-96572
-96582
-96744
-96759
-97656
-97772
-97812
-97886
-98026
-98034
-98425
-98675
-98933
-99065
-99438
-99677
-100017
-100072
-100568
-100694
-100799
-101028
-101097
-101364
-101842
-102097
-102252
-102513
-102696
-102697
-102997
-103043
-103122
-103167
-103367
-103399
-104002
-104037
-104385
-104446
-104561
-104707
-105107
-105281
-105509
-105729
-106423
-107382
-108350
-108357
-108532
-108534
-109133
-109176
-109406
-110124
-110181
-110403
-110403
-110487
-110540
-110671
-110758
-110810
-111632
-112044
-112338
-112390
-112588
-112939
-112951
-113032
-113184
-113276
-113365
-113408
-113486
-113795
-114512
-114666
-114855
-115007
-115547
-115619
-115776
-115834
-116003
-116260
-116345
-116574
-116881
-116987
-117102
-117158
-117287
-117529
-117658
-117749
-117878
-117887
-117898
-118554
-118609
-118889
-118892
-118918
-119065
-119276
-119985
-120404
-120680
-120841
-120891
-120922
-121363
-121538
-121603
-121714
-121791
-121881
-121996
-122373
-122458
-122776
-122894
-122919
-123006
-123051
-123213
-123327
-123613
-123676
-123740
-123939
-124106
-124260
-124478
-124568
-124714
-124889
-125268
-125379
-125519
-125937
-125938
-126398
-126448
-126487
-126552
-126562
-127512
-127646
-127735
-127953
-128016
-128452
-128548
-128669
-128719
-128782
-129073
-129133
-129538
-129611
-130166
-130189
-130693
-130761
-130871
-131007
-131219
-131617
-131750
-131826
-132357
-132853
-133370
-133536
-135422
-135424
-135877
-135994
-136125
-136213
-136410
-136544
-137126
-137437
-137535
-137653
-138161
-138295
-138851
-139108
-139155
-139271
-139458
-139597
-139609
-139758
-139960
-140281
-140319
-140508
-140556
-140705
-140722
-140912
-141045
-141415
-141420
-141935
-141992
-142330
-142423
-142453
-142591
-142850
-143408
-144247
-144472
-144631
-145264
-146546
-146699
-146748
-146816
-146828
-147023
-147299
-147536
-147937
-148522
-148543
-148899
-149304
-150204
-150550
-150847
-151021
-151046
-151256
-151409
-151413
-152111
-152114
-152303
-152389
-152416
-152586
-152682
-152699
-152816
-153982
-154325
-154462
-154548
-155280
-155607
-155613
-155680
-155803
-156149
-156219
-156415
-156487
-156502
-156678
-157788
-157890
-157991
-158143
-158201
-158442
-158589
-158649
-158790
-158891
-159080
-159142
-159145
-159186
-159252
-159297
-159423
-159596
-160196
-160311
-160604
-160644
-161013
-161185
-161276
-161484
-161617
-161674
-162195
-162265
-162383
-162396
-162568
-162629
-162663
-162819
-163204
-163306
-163618
-164153
-164482
-164698
-164718
-164846
-165135
-165173
-165205
-165243
-165740
-165999
-166052
-166259
-166704
-167159
-167223
-167280
-167317
-167506
-167607
-167657
-167789
-167827
-168270
-168352
-168426
-168506
-168708
-168840
-169352
-169587
-169612
-169646
-170175
-170354
-170664
-170763
-171229
-171280
-171631
-171844
-171858
-171936
-171953
-172233
-172242
-172831
-172911
-173057
-173262
-173629
-173683
-173899
-173916
-173917
-173934
-174031
-174088
-174177
-174597
-174651
-174747
-174903
-175198
-175219
-175540
-176283
-176590
-176600
-176649
-176693
-176756
-176884
-177001
-177020
-177036
-177071
-177227
-177276
-177357
-177807
-177938
-178137
-178142
-178665
-178691
-178718
-178789
-178984
-179084
-179122
-179181
-179443
-179686
-179768
-179891
-180432
-180602
-180689
-180947
-181052
-181067
-181296
-181320
-181333
-181336
-181830
-181889
-182116
-182207
-182305
-182685
-182959
-183131
-183397
-183404
-183572
-183812
-184413
-184711
-184833
-185054
-185166
-185252
-185291
-186376
-186674
-186675
-186808
-186943
-187213
-188064
-188308
-188423
-188561
-188929
-188995
-188997
-189076
-189110
-189123
-189171
-189606
-189964
-190491
-190537
-190635
-190883
-191012
-191050
-191109
-191550
-191560
-191627
-191913
-191941
-192614
-192703
-192902
-193632
-193935
-194141
-194246
-194837
-195046
-195110
-195309
-195560
-195715
-196703
-196718
-196787
-196819
-196834
-197448
-197768
-197769
-198336
-198421
-198689
-198803
-199086
-199566
-199608
-199893
-199965
-200107
-200232
-200242
-200308
-200744
-201342
-201383
-202009
-202203
-202295
-202324
-202464
-202493
-202872
-202902
-202915
-203347
-203421
-204364
-204477
-204554
-204692
-204773
-204917
-204937
-204958
-205732
-206150
-206729
-206905
-207045
-207201
-207216
-207932
-207943
-207995
-208035
-208160
-208187
-208197
-208483
-208748
-208946
-209032
-209069
-209169
-209329
-209512
-209718
-210040
-210166
-210224
-210362
-210375
-210534
-210841
-210975
-210989
-211496
-211511
-212017
-212052
-212084
-212394
-212436
-212538
-212600
-212723
-212821
-212976
-213128
-213133
-213534
-213598
-214201
-214232
-214612
-214831
-214881
-215405
-215588
-215733
-215955
-216010
-216071
-216365
-216574
-217236
-217345
-217655
-217758
-217787
-218195
-218783
-218894
-218949
-219284
-219947
-220463
-220503
-220675
-220977
-221336
-221515
-221558
-221762
-221893
-222034
-222063
-222317
-222339
-222412
-222532
-222838
-223197
-223443
-223625
-224060
-224467
-224507
-224548
-224667
-224762
-224954
-225241
-225254
-225284
-225813
-225864
-225882
-225975
-226075
-226208
-226806
-226951
-227189
-227227
-227318
-227377
-227393
-227464
-227652
-227881
-228002
-228196
-229201
-229688
-229734
-229978
-230026
-230139
-230370
-230502
-230558
-230562
-230866
-230990
-231178
-231744
-231835
-232138
-233187
-233413
-233810
-233895
-234434
-234485
-234492
-234493
-234580
-234746
-234873
-234897
-235039
-235193
-235232
-235356
-235527
-235592
-235688
-235702
-235746
-235991
-236384
-236585
-236630
-236701
-237137
-237220
-237608
-237903
-237937
-238011
-238032
-238194
-238766
-238821
-238978
-239107
-240058
-240380
-240384
-240548
-241111
-242368
-243245
-243259
-243346
-243514
-243656
-243735
-243861
-244293
-244402
-245593
-245692
-245777
-246051
-246071
-246477
-246520
-246688
-246765
-246806
-246848
-246866
-246877
-246921
-246956
-247020
-247284
-247581
-247626
-247668
-248022
-248046
-248681
-248968
-249022
-249639
-249880
-249906
-250086
-250615
-251145
-251242
-251537
-251643
-251837
-251947
-252424
-252654
-252682
-252788
-253009
-253095
-253171
-253431
-253731
-253768
-253842
-254105
-254151
-254400
-254600
-254787
-255120
-255427
-255444
-255446
-255449
-255591
-256256
-256448
-256603
-256770
-257401
-257640
-257993
-258153
-258359
-258496
-258557
-258870
-259008
-259109
-259560
-259951
-260102
-260646
-260661
-260740
-260889
-260913
-261276
-261427
-261546
-261587
-261875
-261939
-261952
-262298
-262695
-262787
-262885
-262888
-262988
-262988
-263061
-263361
-263491
-263641
-263720
-263729
-264101
-264197
-264289
-264581
-264691
-265064
-265342
-265375
-265413
-265544
-265544
-265717
-265806
-265917
-266004
-266016
-266072
-266073
-266125
-266163
-266564
-266716
-266770
-267100
-267201
-267449
-267647
-267753
-267888
-268141
-268213
-268561
-268608
-268761
-268854
-269203
-269223
-269602
-269868
-270228
-270266
-271281
-271307
-271409
-271548
-271706
-271780
-271923
-272021
-272208
-272502
-272705
-272842
-273468
-273495
-273576
-273631
-274091
-274309
-274470
-274518
-274534
-274544
-274824
-274858
-274864
-274908
-275071
-275503
-275723
-275776
-275806
-276103
-276301
-276337
-277247
-277329
-277769
-277802
-278201
-278412
-278788
-279069
-279212
-279423
-279479
-280060
-280217
-280278
-280339
-280407
-280411
-280431
-280848
-280940
-281112
-281196
-281291
-281480
-281774
-281860
-282492
-282648
-282806
-283920
-283951
-283981
-284598
-284741
-284970
-284980
-285233
-285309
-285405
-285600
-285698
-285919
-285976
-286031
-286468
-286542
-287650
-287840
-287889
-287933
-287964
-288261
-288445
-288626
-288665
-288760
-288880
-289059
-289611
-289660
-289724
-289734
-289958
-290201
-290304
-290332
-290354
-290601
-290749
-291173
-291313
-291327
-291541
-291831
-291971
-292329
-292757
-292789
-292801
-293277
-293681
-293993
-294239
-294835
-294841
-294892
-294981
-295051
-295259
-295354
-295447
-295653
-295855
-296121
-296340
-296382
-296388
-296392
-296762
-296934
-296967
-297680
-298042
-298108
-298362
-298680
-298869
-298894
-298908
-299203
-299635
-299953
-300109
-300158
-300164
-300587
-300608
-300674
-300705
-300746
-300767
-301001
-301144
-301217
-301263
-301544
-301627
-301756
-302320
-302437
-302497
-302762
-303250
-303434
-304023
-304246
-304779
-304954
-305050
-305072
-305327
-305478
-305664
-305667
-306098
-306211
-306416
-306754
-306797
-306978
-307484
-307641
-307978
-308115
-308502
-308596
-308945
-308960
-309282
-309385
-309985
-310472
-310838
-310866
-310968
-311549
-311574
-311694
-312175
-313104
-314044
-314210
-314221
-314263
-314278
-314374
-314402
-314794
-315003
-315509
-315603
-315738
-316131
-316279
-316293
-316382
-316429
-316717
-316908
-317154
-317239
-317264
-317731
-317808
-317815
-317991
-317996
-318210
-318222
-318386
-318963
-319139
-319424
-319495
-319507
-319804
-320308
-320466
-320474
-320544
-320573
-320814
-321009
-321874
-322677
-322772
-323133
-323148
-323689
-323753
-324087
-324340
-324835
-325246
-325403
-325408
-325418
-325519
-325661
-326037
-326743
-326821
-327133
-327368
-327402
-327615
-327759
-327975
-327977
-328023
-328108
-328392
-328458
-328647
-328801
-329162
-329191
-329214
-329607
-329860
-329893
-330264
-330482
-330531
-330588
-331041
-331044
-331199
-331237
-331333
-331524
-331563
-331571
-331660
-331896
-332398
-332640
-332671
-333038
-333121
-333349
-333428
-333572
-333643
-333732
-333744
-334137
-334300
-334742
-334898
-334987
-335023
-335173
-335218
-335542
-335783
-336091
-336122
-336374
-336501
-336894
-337037
-337106
-337169
-337270
-337301
-337844
-338076
-338173
-338451
-338664
-338670
-338749
-338865
-339026
-339085
-339480
-339744
-339786
-340129
-340152
-340347
-340644
-340720
-341232
-341551
-341604
-341869
-341929
-342250
-342811
-342941
-343349
-343532
-344410
-344529
-345042
-345089
-345215
-345229
-345492
-345815
-345935
-346171
-346997
-347570
-347592
-347756
-347983
-348332
-348438
-348626
-348696
-348845
-348889
-349077
-349085
-350246
-350434
-350644
-350934
-351215
-351259
-351520
-351525
-351640
-351705
-351823
-352042
-352162
-352222
-352359
-352497
-352570
-352624
-352848
-352945
-353092
-353297
-353367
-353420
-353583
-354049
-354124
-354224
-354942
-355165
-355554
-355560
-355812
-355822
-356100
-356179
-356422
-356549
-356778
-356816
-357312
-357334
-357376
-357380
-357915
-358033
-358051
-358453
-358527
-359021
-359053
-359144
-359154
-359287
-359319
-359353
-359487
-359627
-359971
-360031
-360298
-360388
-360540
-360680
-361135
-361256
-361633
-361686
-362124
-362288
-362463
-363948
-364529
-364839
-365022
-365370
-365653
-365942
-365990
-366012
-366173
-366238
-366305
-366553
-366735
-366964
-367124
-367188
-367316
-367550
-367551
-367668
-367680
-367804
-367944
-368189
-368850
-368936
-368993
-369780
-369883
-370281
-370499
-370500
-370507
-370706
-370897
-370900
-371408
-371640
-371686
-371745
-371760
-371830
-371912
-372437
-372452
-372718
-372741
-372753
-373468
-373480
-373735
-373758
-373837
-374053
-374067
-374141
-374222
-374290
-374531
-375370
-375553
-375903
-375916
-375940
-376286
-376297
-376488
-376553
-376633
-377054
-377123
-377133
-377514
-377521
-377626
-377797
-378108
-378344
-378424
-378763
-379066
-379140
-379484
-379725
-379963
-379969
-380214
-380334
-380411
-380453
-380622
-380630
-380846
-381069
-381333
-381352
-381597
-382097
-382144
-382244
-382330
-382507
-382653
-382673
-382839
-382888
-383080
-384011
-384827
-384830
-385009
-385195
-385873
-386111
-386193
-386212
-386239
-386264
-386339
-386369
-386891
-386962
-386992
-387131
-387508
-387518
-387642
-387800
-388026
-388494
-388782
-388885
-388944
-389395
-389429
-389710
-389757
-389905
-389959
-390032
-390393
-390468
-390578
-390584
-390883
-390930
-391201
-391216
-391631
-391814
-392226
-392361
-392444
-392552
-393387
-394031
-394139
-394227
-394248
-394330
-394364
-394458
-394580
-395120
-395409
-395658
-395823
-395849
-395946
-396020
-396085
-396560
-396606
-397184
-397323
-397353
-397612
-397655
-398052
-398424
-398504
-398535
-398630
-398633
-399100
-399167
-399330
-399336
-399346
-399717
-399720
-399757
-399804
-400489
-400581
-400677
-401000
-401004
-401050
-401551
-401642
-401833
-401850
-401994
-402393
-402609
-402617
-402707
-402728
-402763
-402809
-402929
-403068
-403077
-403303
-403345
-403427
-403771
-403851
-404147
-404463
-404599
-405043
-405436
-405497
-405545
-405683
-406052
-406427
-406465
-407027
-407170
-407566
-407657
-407903
-408139
-408189
-408477
-408588
-408937
-409013
-409340
-409506
-409642
-409695
-409866
-409888
-410073
-410086
-410228
-410287
-410642
-410657
-410675
-410769
-411431
-411503
-411527
-411604
-412124
-412482
-412588
-412594
-412976
-413348
-413476
-413842
-414460
-414869
-415137
-415318
-415419
-415604
-415997
-416185
-416277
-416678
-416788
-416904
-417380
-417423
-417431
-417465
-417471
-417624
-417706
-417955
-418277
-418378
-418468
-418829
-419232
-419707
-419727
-419946
-420110
-420249
-420364
-420504
-420528
-420828
-421489
-421573
-422030
-422048
-422329
-422517
-422563
-422888
-422936
-423265
-423600
-423774
-423829
-424292
-424384
-424431
-424583
-424734
-424915
-424923
-425090
-425606
-425669
-425869
-425900
-425945
-425966
-426105
-426197
-426427
-426505
-426564
-426763
-427053
-427287
-427763
-428154
-428452
-428479
-428548
-428624
-428868
-428868
-429380
-429569
-429703
-429994
-430166
-430184
-430659
-430662
-430830
-430902
-431310
-431741
-431848
-432210
-432342
-432676
-433087
-433142
-433171
-433421
-433785
-433889
-434034
-434209
-434418
-434428
-434518
-434581
-435244
-435786
-436464
-436530
-436707
-436714
-436934
-437232
-437532
-437902
-438456
-438501
-438518
-438636
-438640
-438845
-439335
-439671
-439898
-440354
-441009
-441138
-441416
-442693
-442764
-442878
-442975
-443065
-443663
-444022
-444114
-444153
-444424
-444554
-444977
-445047
-445241
-445352
-445497
-445614
-445937
-447151
-448239
-448305
-448392
-448438
-448626
-448780
-449270
-449561
-450107
-450228
-450281
-450337
-450650
-450733
-450788
-451089
-451216
-451219
-451381
-451451
-451544
-451599
-451607
-451891
-451970
-451994
-452039
-452190
-452548
-452744
-452825
-453916
-454088
-454390
-454747
-454807
-455103
-455160
-455196
-455359
-455630
-456116
-456442
-456459
-456493
-456498
-456729
-456763
-456981
-457041
-457045
-457444
-457664
-457938
-457961
-457981
-458566
-458734
-459428
-459921
-459988
-460104
-460392
-460463
-460580
-460738
-460769
-460870
-461284
-462078
-462150
-462188
-462461
-462677
-462812
-462834
-463329
-463780
-463790
-463845
-463891
-463983
-464105
-464227
-464418
-464445
-464896
-464974
-464986
-465093
-465115
-465854
-466094
-466324
-466538
-466645
-466645
-466680
-467047
-467813
-467879
-467980
-468051
-468353
-468417
-468774
-468857
-468967
-469065
-469070
-469527
-469543
-469585
-469599
-469728
-470119
-470404
-470410
-470513
-470619
-470709
-470948
-471158
-471236
-471551
-471632
-471768
-471891
-472294
-472680
-472891
-472992
-473160
-473412
-473413
-473443
-473491
-473724
-473836
-473851
-474061
-474419
-474491
-474676
-474858
-474971
-475579
-475635
-476056
-476732
-477305
-477478
-477510
-477829
-477863
-478068
-478402
-478504
-478536
-478828
-479017
-479096
-479392
-479506
-479972
-480066
-480448
-480615
-481018
-481087
-481167
-481518
-481840
-481886
-481929
-481968
-481981
-482374
-482449
-482892
-482925
-482967
-483184
-483434
-483636
-483743
-483744
-483832
-483886
-483931
-484251
-484621
-484902
-484902
-484962
-485077
-485671
-485863
-486310
-486502
-486510
-486585
-486614
-486806
-486811
-486872
-486995
-487087
-487256
-487363
-487487
-487845
-488138
-488202
-488789
-488968
-489158
-489167
-489280
-489379
-489398
-489689
-489824
-490051
-490478
-490514
-490557
-490664
-490935
-491257
-491324
-491502
-491786
-491790
-491915
-492054
-492055
-492145
-492765
-492998
-493200
-493383
-493619
-493643
-493816
-494172
-494473
-494726
-495338
-495608
-495880
-496014
-496022
-496392
-496514
-496578
-496783
-496796
-496987
-497105
-497133
-497331
-497347
-497385
-497600
-497672
-498076
-498194
-498340
-498398
-498681
-498805
-498863
-498868
-499559
-499599
-499772
-500763
-500784
-500875
-500950
-500983
-501182
-501294
-501522
-501666
-501667
-501745
-502152
-503115
-503166
-503273
-503277
-503316
-503332
-503354
-503738
-503984
-504134
-504739
-504842
-504906
-505146
-505151
-505607
-505883
-506201
-506407
-506591
-507440
-507623
-508123
-508262
-508394
-508675
-508759
-508884
-509085
-509089
-509166
-509521
-509565
-509653
-509759
-509824
-509890
-510008
-510034
-510040
-510055
-510625
-511277
-511286
-511308
-512231
-512406
-512672
-513206
-513373
-513476
-513498
-513502
-513518
-513526
-513834
-513862
-513987
-514514
-515047
-515266
-515318
-515375
-515395
-515510
-515600
-515713
-517122
-517221
-517224
-517248
-517846
-518245
-518402
-518500
-518517
-518575
-518826
-519553
-519688
-519819
-520123
-520228
-520494
-520639
-520718
-520897
-521100
-521333
-521536
-521945
-522073
-522284
-522367
-522469
-522578
-523198
-523281
-523424
-523463
-523520
-523975
-524050
-524129
-524300
-524308
-524354
-524498
-524743
-524877
-524943
-525234
-525370
-525388
-525702
-525747
-525988
-526181
-526375
-527064
-527118
-527219
-527652
-527709
-527871
-527923
-528041
-528192
-528915
-529026
-529062
-529494
-529624
-530009
-530138
-530205
-530433
-530989
-531112
-531290
-531319
-531452
-531819
-531986
-532378
-532389
-532394
-532411
-532570
-532776
-533156
-533189
-533430
-533962
-533971
-534075
-534149
-534294
-534720
-534934
-534944
-535027
-535144
-535214
-536026
-536258
-536541
-536570
-536621
-536946
-537137
-537296
-537515
-537559
-537613
-537712
-538115
-538787
-539320
-539337
-539393
-539542
-539914
-539991
-540030
-540161
-540687
-540866
-541227
-541308
-541390
-541391
-541409
-541822
-541983
-542097
-542608
-543027
-543138
-543219
-543239
-543709
-543869
-544182
-544489
-544499
-545002
-545050
-545128
-545183
-546023
-546149
-546365
-546550
-546578
-546710
-547248
-547480
-547519
-547574
-548239
-548332
-548334
-548364
-549049
-549093
-549120
-549293
-549408
-549458
-549472
-549491
-549735
-550009
-550200
-550311
-550357
-550555
-550657
-550670
-550697
-550922
-551142
-551179
-551217
-551357
-551425
-551451
-551460
-551720
-551771
-551803
-552018
-552032
-552048
-552205
-552404
-552483
-552523
-552634
-552653
-552656
-552902
-552969
-553020
-553106
-553126
-553414
-553802
-553895
-553987
-553994
-554490
-555162
-555170
-555231
-555662
-555791
-556277
-556628
-556686
-556704
-556711
-556720
-556855
-557040
-557044
-557078
-557486
-557514
-557526
-557613
-557711
-557725
-557862
-557969
-558267
-558728
-559012
-559211
-559491
-560011
-560066
-560221
-560320
-560342
-560607
-560699
-561073
-561354
-561426
-561515
-561626
-561791
-562027
-562140
-562703
-562742
-562795
-563040
-563159
-563419
-563457
-563583
-563922
-564002
-564390
-564468
-564519
-564544
-565023
-565103
-565498
-565515
-566283
-566443
-566584
-566678
-566783
-567161
-567301
-567692
-568304
-568665
-568740
-568769
-569004
-569600
-569891
-569984
-570042
-570044
-570774
-570780
-571718
-571741
-571757
-571809
-572097
-572158
-572290
-572432
-572454
-572678
-572951
-573158
-573220
-573284
-573295
-573841
-574149
-574307
-574405
-574579
-574654
-575131
-575347
-575522
-575703
-575925
-576002
-576189
-576405
-576575
-576594
-576749
-576766
-576932
-577097
-577133
-577540
-577594
-577793
-577888
-578456
-578504
-579213
-579248
-579299
-579499
-579527
-580190
-580519
-581217
-581376
-581391
-581400
-581420
-581837
-581947
-582068
-582086
-582214
-582415
-582969
-582998
-583030
-583056
-583365
-583376
-583775
-583824
-584148
-584195
-584647
-585040
-585300
-585757
-585777
-585852
-586291
-586498
-586775
-587053
-587145
-587244
-587285
-587323
-588132
-588383
-588641
-588703
-589010
-589152
-589926
-589967
-589995
-590057
-590102
-590575
-590872
-591068
-591306
-591606
-592196
-592213
-592261
-592278
-592362
-592446
-592492
-592679
-592847
-592880
-592924
-593555
-593720
-593839
-593957
-594117
-594453
-594645
-594906
-595553
-595923
-596005
-596075
-596428
-596947
-597130
-597132
-597266
-597323
-597575
-597825
-597993
-598043
-598104
-598161
-598270
-598609
-598929
-599203
-599215
-599248
-599519
-600234
-600370
-600391
-600416
-600510
-600644
-600944
-601093
-601301
-602078
-602230
-602329
-602384
-602492
-602555
-602722
-602725
-602807
-603161
-603438
-603573
-604138
-604222
-604264
-604473
-604564
-604660
-604675
-604796
-604879
-605282
-605406
-605429
-605544
-605776
-605883
-605955
-606011
-606096
-606182
-606817
-607004
-607032
-607094
-607150
-607278
-607389
-607821
-607855
-608093
-608296
-608683
-608688
-608715
-609091
-609205
-609502
-609941
-609959
-610357
-610429
-610443
-610755
-610979
-610992
-611201
-611428
-611493
-611571
-611777
-611953
-612197
-612390
-612665
-613133
-613197
-613351
-613389
-613531
-613747
-614215
-614247
-614432
-614649
-614816
-614842
-614914
-615025
-615857
-615892
-615917
-616153
-616265
-616345
-616365
-616551
-616571
-616629
-616673
-616751
-616842
-616873
-617162
-617191
-617456
-617511
-617590
-617592
-617992
-618227
-618260
-618366
-618409
-618631
-618872
-619070
-619285
-619294
-619348
-619488
-619541
-619703
-619782
-620016
-620617
-620667
-620866
-620933
-621121
-621291
-621504
-621511
-621560
-621705
-621832
-622017
-622257
-622389
-622556
-622965
-623091
-623198
-623209
-623304
-623401
-623448
-623561
-623883
-623920
-624289
-624430
-624610
-624634
-624786
-625009
-625243
-625268
-625305
-625481
-625686
-626292
-626491
-626771
-627075
-627076
-627082
-627185
-627488
-628048
-628081
-628126
-628230
-628388
-628522
-628975
-629006
-629345
-629382
-629578
-629965
-630080
-630279
-630657
-630666
-630923
-631106
-631327
-631417
-631466
-631642
-632654
-632986
-633141
-633229
-633239
-633517
-633740
-633884
-633970
-633986
-634131
-634302
-634439
-634609
-634721
-634726
-634798
-635135
-635145
-635360
-635387
-635427
-635619
-635619
-635791
-636082
-636840
-636845
-636882
-637168
-637199
-637593
-637611
-638141
-638194
-638321
-638340
-638363
-638585
-638930
-639200
-639674
-640455
-640625
-640835
-640904
-640982
-641068
-641475
-641574
-641597
-641603
-641717
-642020
-642174
-642454
-642474
-642653
-643031
-643721
-643932
-643976
-644000
-644018
-644051
-644475
-644539
-644540
-644564
-644874
-644975
-645147
-645611
-645681
-645855
-646077
-646308
-646347
-646637
-646966
-647634
-648402
-648555
-648561
-648661
-648911
-649426
-649437
-649519
-650193
-650353
-650533
-650846
-651120
-651220
-651315
-651332
-651370
-651783
-651855
-652179
-652252
-652479
-653095
-653221
-653462
-653639
-653786
-654415
-654498
-654516
-655379
-655415
-655522
-655555
-655569
-655578
-655680
-655777
-655899
-655908
-655919
-656170
-656284
-656392
-656516
-656670
-656689
-657041
-657582
-657802
-658069
-658300
-658381
-658780
-659415
-659425
-659427
-659581
-660773
-661322
-661559
-661661
-661803
-662134
-662155
-662390
-662401
-662512
-662512
-662807
-662892
-662901
-662946
-663109
-663271
-663709
-663804
-664112
-664242
-664518
-664541
-664544
-664839
-664948
-664965
-665295
-665455
-665497
-665811
-665877
-666015
-666105
-666281
-666370
-666506
-666613
-667393
-667609
-668243
-668421
-668665
-668886
-669166
-669703
-669733
-670287
-670515
-670526
-671118
-671131
-671675
-671823
-672636
-672784
-673170
-673373
-673821
-674305
-674383
-674426
-674792
-674930
-675237
-675666
-676054
-676254
-676303
-676363
-676386
-676408
-677108
-677227
-677265
-677540
-677559
-678115
-678158
-678162
-678339
-678342
-678532
-678883
-679052
-679278
-679313
-679487
-679789
-679875
-679898
-679957
-680143
-680156
-680166
-680249
-680249
-680521
-680911
-681163
-681213
-681249
-681257
-681576
-681655
-681682
-681805
-681876
-682234
-682749
-683172
-683281
-683512
-683565
-683790
-683965
-684542
-684573
-684694
-684733
-684804
-685124
-685131
-685270
-685375
-685458
-685493
-685789
-685797
-686439
-686658
-686672
-686695
-686736
-686786
-686792
-686889
-686919
-686922
-687233
-687403
-687412
-687451
-687571
-687631
-687938
-687957
-688117
-688799
-688843
-689074
-689108
-689252
-689395
-689894
-689897
-690223
-690509
-690615
-690872
-691017
-691465
-691668
-691982
-692055
-692492
-692673
-692732
-693172
-693453
-693527
-693555
-693565
-693700
-693789
-694203
-694258
-694301
-694563
-694667
-694827
-694878
-694886
-695302
-695368
-696549
-696854
-697274
-697331
-697363
-697432
-697833
-697964
-698043
-698181
-699002
-699382
-699419
-700398
-700443
-700526
-700685
-700825
-701200
-701482
-701726
-701882
-702581
-702660
-702727
-703026
-703353
-704196
-704287
-704440
-704470
-704646
-704661
-704922
-705059
-705122
-705151
-705226
-705258
-705439
-705463
-705586
-705622
-705649
-705731
-706350
-706482
-706487
-706496
-706766
-707869
-707881
-707936
-708012
-708931
-708972
-709014
-709128
-709147
-709660
-710002
-710227
-710328
-710555
-710586
-710871
-711177
-711304
-711341
-711380
-711703
-711800
-711836
-711950
-712172
-712404
-712484
-712563
-712890
-713008
-713092
-713224
-713586
-713594
-713610
-713618
-713761
-714098
-714162
-714330
-714414
-714472
-715218
-715393
-715794
-716433
-716972
-717025
-717322
-717941
-718110
-718221
-718496
-718612
-718714
-718729
-719157
-719399
-719687
-719913
-720049
-720240
-720631
-721465
-721487
-721651
-721814
-721840
-722327
-722760
-723051
-723070
-723086
-723174
-723219
-723400
-723487
-723665
-723846
-723950
-724567
-724615
-724625
-724836
-724863
-725229
-725284
-725624
-726081
-726372
-726441
-726542
-726630
-726695
-726942
-727082
-727256
-728027
-728248
-728353
-728665
-729007
-729015
-729101
-729416
-729627
-729774
-729833
-729984
-730273
-730522
-730571
-730747
-730788
-731064
-731146
-731329
-731823
-731883
-732298
-732673
-732771
-732897
-733164
-733822
-733934
-734124
-734216
-734251
-734549
-734605
-734942
-735492
-736117
-736488
-736733
-736855
-736874
-736909
-737204
-737545
-737693
-737866
-737975
-738817
-738900
-738968
-738984
-739371
-739758
-739829
-739832
-739872
-739908
-739965
-739990
-740104
-740266
-740292
-741784
-741865
-742038
-742105
-742406
-742443
-742457
-742493
-742722
-742939
-743562
-743925
-744278
-744402
-744464
-744588
-744639
-744748
-745136
-745148
-745210
-745823
-746374
-746638
-747260
-747374
-747734
-748414
-748466
-748558
-748831
-748895
-749127
-749193
-749333
-749669
-750415
-750487
-751073
-751305
-751417
-751527
-752103
-752116
-752329
-753548
-753777
-754145
-754381
-754998
-755059
-755850
-756098
-756463
-756669
-756807
-757065
-757828
-758157
-758500
-758792
-758908
-759386
-759726
-759758
-760035
-760050
-760479
-760662
-760833
-760941
-760971
-761299
-761323
-761347
-761387
-761574
-761899
-762152
-763154
-763206
-763640
-763690
-764010
-764272
-764486
-764743
-764984
-765332
-765567
-765733
-765860
-766132
-766384
-766403
-766511
-766524
-766994
-767178
-767222
-767302
-767638
-767700
-767801
-768161
-768276
-768314
-768632
-768691
-768901
-769004
-769096
-769108
-769244
-769263
-769323
-769447
-770031
-770036
-770396
-770600
-770681
-770831
-770843
-770894
-771133
-771339
-771681
-771737
-771816
-772024
-772573
-772819
-773070
-773591
-774153
-774251
-774558
-774831
-775132
-775436
-775479
-775634
-775813
-776029
-776290
-776419
-776426
-777059
-777069
-777087
-777131
-777487
-777553
-777686
-777741
-777815
-778327
-778437
-778565
-778700
-778758
-778855
-778925
-779464
-779494
-779522
-779821
-779834
-779982
-780028
-780468
-780527
-780593
-780832
-780919
-781277
-781596
-781809
-781980
-782014
-782022
-782251
-782453
-782486
-782572
-782722
-782903
-783376
-784272
-784470
-784495
-785029
-785587
-785625
-785639
-786074
-786078
-786108
-786333
-786383
-787372
-787408
-787605
-788018
-788168
-788326
-788641
-788862
-788914
-789179
-789303
-789421
-789451
-790129
-790194
-791728
-792029
-792284
-792618
-793708
-794495
-794528
-794581
-794820
-794871
-795157
-795344
-795785
-796061
-796135
-796230
-796502
-796766
-796775
-797195
-797213
-797281
-797353
-797353
-797511
-798132
-798447
-798501
-798635
-798826
-798827
-798894
-798967
-799114
-799217
-800224
-800244
-800340
-800419
-800791
-801011
-801075
-801389
-801402
-801463
-801696
-801975
-802060
-802098
-802504
-802574
-802621
-803083
-803275
-803331
-803402
-803564
-803786
-803820
-803959
-804140
-804173
-804199
-804442
-804759
-804803
-805064
-805135
-805377
-805572
-805607
-805627
-805773
-805786
-805822
-805946
-805958
-806359
-806414
-806962
-807003
-807225
-807443
-807464
-807672
-807742
-807939
-807951
-807956
-808108
-808123
-808199
-808295
-808362
-808409
-808748
-808879
-809295
-809449
-809697
-809847
-809901
-809973
-809978
-810111
-810208
-810251
-810508
-810748
-810953
-811053
-811286
-811341
-811703
-811729
-811778
-812103
-812119
-812273
-812377
-812580
-812601
-812644
-812683
-812830
-812895
-812920
-812928
-812959
-813002
-813048
-813067
-813085
-813171
-813392
-813760
-813978
-814043
-814106
-814359
-814692
-814975
-815473
-815488
-815530
-816147
-816916
-817146
-817472
-817591
-817602
-817604
-817622
-817903
-817907
-818545
-818824
-818999
-819160
-819318
-819468
-819747
-819858
-820010
-820431
-820739
-820990
-821002
-821130
-821357
-821442
-821833
-822367
-822498
-822749
-822806
-823156
-823170
-823282
-823411
-823664
-823712
-823945
-824153
-824473
-824701
-824979
-825140
-825261
-825757
-825828
-825863
-826133
-826406
-827422
-827513
-827624
-827673
-827692
-827974
-828434
-828656
-828665
-828745
-829024
-829249
-829633
-829829
-829973
-830177
-830321
-830540
-830719
-830964
-831016
-831248
-831275
-831280
-831316
-831317
-831744
-831987
-832323
-832609
-832714
-832716
-833195
-833447
-833579
-833788
-833951
-833984
-834082
-834183
-834317
-834505
-834696
-834706
-834850
-835138
-835477
-835581
-835845
-835845
-836064
-836230
-836249
-836501
-836562
-836863
-837273
-837370
-837560
-837710
-837817
-837897
-838395
-838815
-838905
-839169
-839783
-840480
-840821
-840907
-841101
-841837
-841871
-842225
-842317
-842319
-842465
-842646
-842943
-843005
-843074
-843099
-843277
-843280
-843325
-843449
-843555
-843962
-844203
-844339
-844382
-844516
-844672
-845013
-845031
-845258
-845649
-846018
-846117
-846496
-846780
-847067
-847127
-847219
-847351
-847404
-847795
-848114
-848253
-848285
-848362
-848406
-848582
-848593
-848631
-848755
-848780
-848916
-849315
-849875
-849944
-849957
-850368
-850574
-850585
-850591
-850702
-850911
-850979
-851100
-851151
-851213
-851585
-851766
-852359
-852417
-852605
-852756
-853163
-853220
-853359
-854203
-854367
-854442
-854487
-854580
-854596
-854706
-854833
-854835
-854895
-854937
-855037
-855187
-855370
-855670
-856132
-856327
-856394
-856594
-856651
-857106
-857255
-857285
-857317
-857333
-857566
-857628
-857875
-857960
-858026
-858475
-858581
-858624
-858629
-859296
-859550
-859690
-859690
-859695
-859697
-859861
-860006
-860400
-860804
-860853
-861042
-861933
-862356
-862451
-862524
-862530
-862540
-862668
-862957
-862976
-862976
-863105
-863462
-863509
-863542
-864057
-864158
-864240
-864635
-865469
-865606
-866066
-866111
-866625
-866658
-866879
-866920
-867171
-867588
-867628
-867844
-868653
-868785
-868966
-869082
-869162
-869481
-870011
-870217
-870581
-870607
-870618
-870984
-871147
-871268
-871963
-872066
-872433
-873207
-873400
-873757
-873767
-874072
-874465
-874484
-874504
-874570
-874733
-874852
-874987
-875000
-875010
-875068
-875257
-875540
-875748
-876536
-876549
-876661
-877347
-877480
-878295
-878316
-878494
-878714
-878830
-879255
-879309
-879334
-879987
-880065
-880259
-880488
-880509
-880617
-881029
-881616
-881644
-881645
-881700
-881863
-881923
-882054
-882161
-882718
-882847
-883126
-883216
-883251
-883880
-883987
-884060
-884134
-884260
-884510
-884764
-884816
-885040
-885221
-885503
-885956
-886008
-886219
-886263
-886270
-886491
-886827
-886878
-887106
-887177
-887509
-887758
-888119
-888231
-888591
-888695
-888816
-888913
-889257
-889527
-889614
-889691
-889859
-889944
-890205
-890210
-890300
-890352
-890516
-890708
-890731
-890892
-890937
-890948
-891052
-891100
-891219
-891344
-891384
-891635
-891840
-892047
-892156
-892174
-892385
-892509
-892568
-892811
-892960
-893296
-893384
-893773
-894692
-894785
-894805
-894826
-894990
-895270
-895310
-895347
-895365
-895521
-895744
-896011
-896071
-896389
-896456
-896692
-896800
-897077
-897106
-897109
-897627
-898119
-898448
-898620
-898651
-898704
-898854
-899015
-899093
-899420
-899669
-899672
-899720
-899875
-900102
-900152
-900336
-900739
-900915
-901146
-901160
-901515
-901581
-901871
-901982
-902182
-902462
-902470
-902496
-902604
-903638
-903850
-904475
-904581
-905091
-905134
-905329
-905346
-905623
-905767
-905778
-905849
-906103
-906156
-906566
-906577
-906786
-906815
-907056
-907070
-907230
-907828
-908352
-908770
-909681
-910314
-910535
-911324
-912276
-912279
-912335
-912357
-912625
-912898
-913045
-913093
-913105
-913230
-913419
-913918
-913975
-914173
-914403
-915221
-915861
-915863
-915993
-916311
-916465
-916589
-916721
-916844
-916928
-916988
-917432
-917666
-917953
-918008
-918304
-918533
-918803
-919476
-919520
-919650
-920162
-920707
-920814
-920972
-921250
-921350
-921480
-921663
-921917
-921949
-922102
-922164
-922427
-922657
-922792
-923357
-923975
-924762
-925073
-925083
-925265
-925764
-925779
-925928
-926053
-926092
-926165
-926315
-926394
-926631
-926650
-926695
-926809
-927036
-927231
-927425
-928207
-928458
-928709
-928779
-928882
-929267
-929289
-929289
-929562
-929794
-929827
-930088
-930304
-930445
-930492
-931112
-931161
-931550
-931746
-931822
-931899
-932005
-932047
-932316
-932617
-932683
-932772
-932787
-932814
-933175
-933250
-933460
-933585
-933834
-933835
-933915
-934018
-934055
-934237
-934306
-934605
-934733
-935666
-936042
-936666
-936687
-937182
-937266
-937286
-937485
-937571
-937622
-937647
-937689
-937759
-938042
-938312
-938632
-938670
-938901
-939140
-939313
-939367
-939485
-939585
-939764
-939788
-939866
-940943
-941115
-941299
-941435
-941612
-941739
-942052
-942598
-942778
-942928
-943081
-943320
-943406
-943611
-943833
-943969
-944018
-944721
-944726
-944785
-944983
-945073
-945104
-945420
-945704
-945751
-946453
-946558
-946707
-947016
-947273
-947376
-947662
-947680
-947709
-947841
-947891
-948062
-948076
-948298
-948305
-948336
-948741
-948895
-948946
-948952
-948991
-949297
-949596
-949803
-949833
-949858
-950011
-950424
-950474
-950598
-950617
-950642
-951143
-951355
-951443
-951455
-951602
-951612
-951994
-951996
-952021
-952097
-952171
-952694
-952744
-952781
-953286
-953560
-953860
-953870
-954024
-954369
-954581
-954865
-955028
-955075
-955315
-955370
-955371
-955538
-955795
-955821
-955834
-955920
-955972
-956392
-956402
-957062
-957268
-957669
-957937
-957948
-958161
-958931
-958940
-959483
-959502
-959759
-959969
-960219
-960242
-960289
-960487
-960565
-960749
-960780
-960905
-960945
-961312
-961576
-961782
-962033
-962188
-962353
-962662
-962662
-962835
-963211
-963212
-963446
-963529
-963758
-964106
-964200
-964408
-964538
-964628
-964637
-964781
-965226
-965244
-965465
-965493
-966145
-966511
-966626
-966768
-966777
-966798
-967125
-967716
-967781
-968014
-968531
-968901
-968952
-968961
-969068
-969339
-969468
-969595
-969909
-970839
-970910
-971008
-971018
-971037
-971054
-971460
-971705
-971770
-971819
-971877
-972065
-972092
-972095
-972230
-972276
-972325
-972712
-972839
-973333
-973434
-973582
-973617
-974422
-974691
-975389
-975418
-975423
-975530
-975588
-975840
-975996
-976050
-976067
-976148
-976178
-976374
-976430
-976601
-976778
-976780
-976953
-977045
-977563
-977697
-977805
-978234
-978288
-978329
-978336
-978459
-978807
-978979
-979242
-979390
-979404
-979454
-979494
-980228
-980505
-980530
-980635
-980659
-980826
-980912
-980971
-981277
-981548
-981800
-981867
-982067
-982569
-982800
-982848
-983246
-983251
-983294
-983418
-983491
-983723
-983739
-983813
-984000
-984066
-984092
-984271
-984341
-984399
-984414
-984513
-984880
-985037
-985085
-985178
-985190
-985534
-985576
-986109
-986315
-986558
-986620
-986705
-986915
-987158
-987721
-987745
-988597
-988614
-988981
-989009
-989099
-989180
-989391
-989596
-989646
-989827
-989859
-989877
-990098
-990353
-990515
-990752
-990959
-991055
-991145
-991564
-991581
-991593
-991902
-992181
-992219
-992395
-992807
-992840
-993203
-993475
-993522
-993868
-994263
-994335
-994377
-994714
-994812
-994988
-995231
-995231
-995261
-995364
-995496
-995585
-995706
-995878
-996724
-996774
-997853
-998187
-998270
-998334
-998628
-998768
-998882
-999286
-999727
-999906
-999993
