1000
1714
2514
2551
3000
7031
12892
12965
14167
15441
17781
18763
18789
19092
19236
19824
20200
21318
24739
26266
27136
28587
31065
33030
33370
33404
33711
34504
34585
35566
36243
38190
38641
38917
40266
40396
41043
41057
41494
42003
43399
43829
46750
47286
47334
47442
49305
49589
51509
51810
52006
52471
53072
54279
54444
55580
57248
57552
57885
59246
60568
63142
64917
67385
68981
68995
69268
70902
71188
72054
73216
74507
75399
75683
76908
77357
78170
78272
78939
79094
82425
83089
83303
83994
87147
88078
90592
91612
92998
93239
94809
97297
100680
101132
102343
103379
103972
104013
104021
105530
106546
107082
109092
109192
109487
110313
111897
112801
112956
114871
116086
116196
116291
117469
117587
119498
119556
119696
121347
121695
121932
122875
123088
125573
125717
126424
127496
128175
129675
129808
129929
130152
131441
132050
134964
137311
138562
139629
139934
140344
140986
141390
141532
141963
143098
143145
143924
145079
149409
151694
151948
153100
154613
155108
155760
156873
157317
158402
158422
159154
160322
162272
163780
163841
164417
165805
167011
168235
169333
171174
171602
172364
173472
173622
173789
174292
176223
176496
178164
178444
179705
180335
181301
181686
181941
182813
183477
185293
187415
190282
190299
191068
191191
191950
193300
194734
195823
197438
198413
200247
200599
200918
201220
201595
202848
204358
204483
204663
204889
205895
206040
206634
206821
207006
208673
210807
211169
211761
213559
215617
218176
218379
219513
220695
221198
221650
222955
223558
224284
225266
225319
226566
226903
227220
228689
228847
231228
231389
232005
235054
235975
237599
239347
239471
239951
240911
241669
243263
244951
245892
246776
248654
250929
251551
252269
252478
252548
254113
254277
254383
256406
256451
256882
259394
259691
259696
261243
263051
263291
264158
264686
265162
265328
266111
266403
269212
273846
275623
276718
278473
280327
280636
281161
282105
282449
282649
282711
284865
285203
286348
286786
286796
287558
288601
291628
291736
293445
294019
294255
295129
296055
301661
303525
307516
309730
310219
310437
311870
313147
319002
319924
320568
321348
322196
322326
324084
325350
329002
329602
330086
330233
330766
332234
332413
332579
333700
334324
335119
335151
336265
338389
339322
340179
340249
340424
340541
342576
343816
344090
345145
345552
346186
348835
350931
351681
351865
352082
353004
353245
356373
357870
358269
358274
358421
359216
359813
359931
360416
360795
362681
362958
363072
364111
364156
364193
365073
368299
369044
371335
371632
372556
372586
375397
376290
377416
377978
377988
379302
379828
380250
381234
382827
383117
384128
384555
388366
388385
388666
390603
392220
393402
394488
396558
398000
398094
398177
398253
400579
403407
405757
406114
406658
412924
413725
417983
418672
419468
419684
419786
419925
420201
420773
423339
424059
425353
426865
426934
429474
430406
431004
431119
432858
433381
434182
435435
436487
439151
441230
441518
441921
444058
444889
446067
447457
448805
449503
450181
450438
450542
450922
452169
452575
453678
453906
458148
458182
458205
459414
462127
462358
462523
462996
463030
464558
468071
468932
470293
470366
470824
470925
470998
472127
473130
473786
474137
476170
476491
476828
477066
478101
480330
482932
483466
484244
485322
485745
486306
488211
494436
494438
494622
500558
501947
503231
503573
503977
504293
504322
506904
507563
508467
508499
508806
508837
509082
509897
510581
512000
513461
513549
514183
514998
517164
517810
519023
519347
520365
521715
522165
522892
523067
523520
523759
524106
524833
527795
527830
527963
528211
528583
528893
532285
532626
535239
535253
536888
536925
537045
537654
537715
538208
539453
540410
540552
540895
541158
541605
542270
542577
544386
544973
545112
545260
545281
545335
545573
547719
548156
548471
548485
548966
549524
550210
552936
553213
554039
555266
555922
556573
557694
558452
559767
560478
562714
563644
564591
566810
567656
570072
570531
572803
574655
575494
577703
579842
582661
583422
583587
583727
583972
585505
585615
585733
586427
587116
587394
587491
591368
591782
592931
593062
594900
595366
595403
596052
597156
599638
599972
601025
601063
601076
602184
602465
603983
604258
605916
609091
610643
612189
613738
614898
615222
615889
619355
620733
621628
621630
622637
623926
624315
626470
628265
628489
630568
631264
631920
631967
632174
632411
632692
633094
633479
635635
637269
637992
638943
639665
640427
641824
642646
644054
644203
646582
647590
648214
648229
648565
651683
655271
655847
659547
660011
661542
661743
662486
662632
662912
663759
665306
666602
667176
668223
670617
671310
672599
675605
678999
680007
680707
681610
682034
682718
683536
684071
684227
684247
684364
685623
686978
689445
689464
689941
691200
692153
692178
697106
698294
698545
700276
701521
702751
702876
703177
703474
703559
704474
704814
705247
705547
706888
706935
708029
708918
710262
711956
711973
712230
712411
713473
713882
714590
714739
714885
715612
715891
716509
717100
717339
718288
719135
720374
721427
722240
723180
723273
723512
723566
724275
725281
727303
729191
729339
730308
733473
733716
734253
735657
738544
739052
739580
739787
740122
742681
743118
743413
744917
746323
750270
750560
751120
751926
757561
758128
760272
760421
760839
761533
762290
762638
765162
766810
767351
767556
770887
770972
771066
773112
775098
775927
776377
778097
778731
778935
779096
780007
780020
781560
781929
782300
782510
782536
782998
783988
784044
788744
791104
791157
791431
792009
794101
796406
796421
797453
801823
801906
802121
804191
804393
804807
804894
806122
807731
809670
809730
809925
811094
812017
813723
814027
815419
815792
816666
817161
818631
818664
821356
821688
822150
823140
824229
824244
827012
828131
828985
829019
829601
830660
830920
831516
832193
833702
834064
835060
836758
839056
839640
840037
842277
843626
845030
845348
847318
850319
851438
851564
853110
855753
856877
857348
857876
858457
859347
860284
860334
860378
860590
862862
863147
863898
865493
867318
869959
872882
874062
874139
874156
874235
875740
875958
876879
877634
878119
878417
878483
878521
878787
880397
880642
881359
881724
883380
883910
884284
884862
884995
885582
886156
886911
887570
890785
893779
895149
895172
895298
899079
900526
902710
902882
903392
903927
903934
904663
906803
907161
908198
909527
910674
911784
914778
916039
917368
917681
918460
919083
919354
919933
922232
922914
923009
924042
925012
925756
927086
928316
928637
929369
931734
934366
934919
936381
937363
940862
941876
942878
944775
945734
946823
948886
949295
949927
950430
952265
952777
952863
953010
955067
956725
956895
958278
960158
960225
960390
960534
961891
964502
966337
967131
969702
969757
970172
970817
970851
972645
975295
975433
975875
976400
976824
977519
978742
979635
979668
979956
980268
982132
982307
983067
983250
983428
983867
984510
986513
986760
989593
990284
990624
991312
991556
991714
992906
993872
994587
994727
995535
996749
996827
997124
998388
999235
999315
999830
