100
242
796
6562
16695
21532
32858
36363
58195
64435
69041
72866
85963
90231
121556
128109
146079
147124
169422
172068
174550
187004
203031
225365
225659
232056
240582
244196
250321
282279
300640
302608
306727
316181
341993
354731
362090
363460
372938
383382
391596
394037
400376
411405
412702
415193
424305
455760
475706
476840
477123
484185
492333
524146
526766
536122
537865
538982
539509
563352
576256
587630
587879
631614
656583
656838
666266
727930
737367
741042
745953
749850
752658
753416
760364
784447
805645
823596
830576
832692
836408
847305
853548
856065
856621
859027
867250
868466
868957
876918
877713
905165
911796
935964
936045
967363
973201
982488
984739
990545
990678
