10000
999920
999809
999757
999692
999626
999510
999500
999491
999436
999332
998943
998907
998795
998395
998393
998304
998124
997990
997987
997969
997882
997681
997382
997376
997333
997050
997010
997001
996812
996638
996409
996388
996332
996268
996148
996105
995972
995860
995750
995734
995706
995577
995513
995204
995145
995015
994871
994620
994599
994376
994300
994218
994069
993869
993813
993801
993738
993700
993691
993549
993528
993489
993367
993179
993172
993091
992856
992800
992741
992730
992572
992513
992507
992354
992329
991747
991665
991649
991643
991522
991505
991374
990883
990783
990683
990663
990651
990650
990633
990449
990445
990431
990414
990392
989967
989958
989940
989654
989465
989338
989191
989092
989079
988935
988634
988618
988509
988471
988435
988385
988275
988217
988172
988160
987887
987597
987480
987443
987024
986685
986561
986243
986158
985966
985957
985611
985603
985578
985540
985378
985174
985044
985027
984922
984894
984851
984464
984444
984392
984388
984292
984251
984238
984197
984115
984071
983811
983708
983680
983493
983442
983391
983240
982936
982784
982747
982742
982682
982588
982573
982490
982241
982072
981828
981560
981248
981061
980936
980808
980760
980582
980554
980290
980261
980217
980060
979964
979892
979845
979347
979315
979299
979204
979122
979014
978967
978905
978883
978792
978661
978623
978586
978426
978422
978269
977996
977890
977730
977729
977649
977366
977332
977331
977196
977189
977155
976941
976559
976493
976450
976442
976386
976334
976283
975915
975848
975747
975642
975534
975470
975469
975429
975408
975264
975187
975148
975115
975078
974969
974889
974607
974590
974575
974530
974506
974432
974318
974286
974218
974000
973821
973629
973384
973320
973065
973044
972988
972960
972907
972660
972623
972541
972518
972078
972064
972059
972000
971778
971642
971561
971504
971433
971380
971286
971232
971114
971042
971041
970479
970403
970324
970183
970133
970096
970095
969898
969877
969871
969824
969726
969362
969330
968978
968901
968785
968668
968452
968402
968297
968278
968221
968086
967953
967770
967705
967654
967626
967587
967355
967221
967147
967134
967065
967030
967030
967023
966955
966893
966866
966818
966811
966795
966760
966718
966577
966506
966493
966340
966327
966322
966320
966317
966242
966161
966013
965913
965830
965607
965600
965451
965422
965416
965382
965375
965367
965296
965206
965193
965156
965050
964899
964890
964751
964734
964680
964363
964308
964209
964084
963901
963795
963786
963721
963575
963418
963188
963059
963044
963014
962835
962731
962340
962324
962121
961984
961972
961934
961898
961730
961729
961487
961454
961333
961287
961096
961087
961015
960916
960910
960868
960856
960715
960577
960517
960473
960443
960441
960301
960288
960276
960130
960111
960109
960092
960077
960068
959959
959721
959459
959403
959242
959190
959120
959034
958964
958570
958510
958510
958498
958418
958363
958326
958206
958113
958059
957954
957921
957916
957888
957839
957552
957535
957460
957348
957269
957066
957054
957011
957004
956889
956800
956768
956500
956406
956331
956256
956152
956133
956094
956079
955985
955797
955753
955567
955565
955539
955475
955474
955322
955307
955160
955086
954886
954869
954855
954781
954578
954469
954466
954395
954314
953999
953866
953841
953814
953799
953672
953614
953569
953182
953014
952980
952869
952686
952579
952525
952417
952366
952284
952262
952183
952114
952105
951936
951909
951858
951764
951756
951735
951701
951605
951519
951509
951482
951481
951223
951103
950996
950981
950850
950809
950723
950696
950637
950572
950522
950509
950183
950081
950032
949884
949797
949747
949736
949649
949503
949423
949274
949148
948893
948777
948683
948629
948455
948407
948293
948200
948050
948029
947970
947959
947875
947720
947700
947632
947359
947245
947142
947083
946974
946720
946565
946542
946460
946451
946297
945841
945840
945816
945799
945713
945578
945477
945475
945406
945259
945156
945117
944917
944735
944459
944379
944295
944264
944236
944208
944172
943472
943446
943251
943221
943218
943214
943130
943020
942988
942757
942726
942696
942625
942574
942508
942366
942292
942054
942047
941917
941822
941663
941647
941415
941249
941211
941175
941082
940965
940912
940902
940850
940689
940670
940622
940480
940429
940222
940140
940058
939982
939936
939804
939774
939739
939556
939445
939337
939168
938783
938774
938713
938679
938636
938469
938336
937928
937902
937884
937859
937803
937781
937735
937592
937378
937262
936933
936921
936836
936820
936810
936666
936615
936476
936432
936173
935983
935951
935936
935888
935731
935622
935605
935603
935567
935482
935017
934956
934867
934694
934364
934359
934283
934274
934239
934223
934050
934003
933894
933840
933655
933628
933556
933502
933444
933314
933205
933127
933106
932961
932941
932924
932886
932755
932607
932590
932560
932500
932433
932226
932197
932194
932102
932043
932000
931923
931783
931570
931491
931414
931321
931308
931170
931154
931000
930669
930604
930439
930432
930430
930360
930356
929885
929657
929135
928905
928852
928783
928722
928634
928601
928282
928093
928060
928016
927991
927982
927871
927699
927687
927392
927344
927307
927273
927168
926889
926853
926785
926651
926553
926541
926412
926341
926212
926194
926173
926145
926105
926068
926030
925996
925952
925559
925456
925254
925148
925121
925070
925020
924876
924787
924777
924765
924716
924652
924590
924578
924334
924261
924133
923984
923973
923532
923516
923435
923073
922778
922739
922703
922690
922598
922392
922354
922121
922044
921902
921866
921813
921801
921789
921785
921751
921669
921566
921367
921058
920957
920939
920791
920742
920548
920518
920426
920274
920145
920138
920043
919695
919141
919117
919072
918951
918882
918797
918742
918624
918488
918382
918373
918218
918067
917313
917246
917169
916912
916688
916538
916482
916452
916407
916247
915920
915879
915680
915663
915601
915570
915474
915186
915083
915068
915067
914876
914802
914569
914493
914482
914480
914465
914382
914255
914238
914202
914154
913871
913822
913770
913686
913663
913635
913484
913418
913410
913278
913194
913118
912815
912682
912645
912635
912591
912460
912379
912335
912323
912289
912065
912010
911904
911899
911831
911760
911668
911581
911526
911389
911089
911050
910859
910839
910794
910782
910780
910746
910738
910557
910243
910197
910118
910117
910078
910017
909970
909841
909804
909571
909337
909325
909241
909161
908874
908548
908520
908418
908382
908263
908208
907964
907855
907749
907620
907534
907533
907303
907216
906977
906932
906900
906896
906853
906597
906567
906539
906481
906415
906384
906297
906283
906214
905928
905924
905694
905640
905536
905512
905371
905231
905190
905070
904944
904817
904809
904777
904734
904642
904495
904318
904265
904242
904170
904160
904129
903908
903618
903321
903258
903153
903014
902977
902782
902600
902572
902496
902434
902092
902090
901972
901928
901927
901650
901613
901610
901549
901398
901352
901259
901200
901115
901076
901068
900784
900707
900632
900541
900419
900281
900271
899973
899893
899720
899690
899583
899533
899231
899230
899049
898989
898843
898695
898694
898630
898489
898390
898371
898231
897613
897583
897465
897318
897317
897196
897090
896973
896888
896871
896679
896619
896406
896292
896179
896168
896130
896105
896103
896096
895842
895737
895604
895486
895480
895418
895272
895243
895127
895118
895084
895003
894987
894731
894717
894656
894589
894413
894366
894302
894299
894228
894155
894036
893941
893882
893777
893723
893620
893343
893248
893242
893150
893071
892968
892815
892797
892693
892342
892270
892215
892082
892023
891998
891972
891909
891624
891472
891144
891020
891008
890950
890930
890823
890798
890691
890689
890527
890521
890385
890380
890143
889775
889434
889432
889398
889332
889307
889185
889002
888963
888953
888922
888850
888785
888724
888621
888507
888391
888319
888315
888250
888241
888228
888017
887966
887928
887752
887743
887512
887449
887396
887378
887320
886788
886730
886715
886679
886675
886569
886481
886395
886206
886198
886154
886091
885844
885613
885489
885333
885293
885154
884623
884581
884501
884433
884407
884367
884115
884110
884037
884014
883996
883847
883803
883775
883708
883596
883249
883125
883123
882908
882836
882833
882759
882617
882609
882543
882387
882156
882021
881906
881748
881714
881411
881380
881328
881286
881208
881015
880806
880745
880688
880401
880400
880391
880317
880300
880221
880162
880064
879902
879881
879769
879666
879301
879048
878862
878616
878570
878316
878228
878179
877962
877921
877817
877791
877678
877593
877541
877473
877141
877122
877118
877012
876671
876653
876448
876386
876351
876244
876200
876131
875800
875795
875623
875611
875554
875506
875478
875361
875361
875185
875110
875049
875033
875010
874915
874778
874689
874640
874567
874527
874518
874417
874357
874348
874282
874207
873844
873817
873763
873400
873279
872815
872759
872682
872560
872438
872426
872370
872354
872126
872096
872093
872090
871965
871942
871923
871526
871487
871446
871330
871329
871279
871259
871201
871126
870860
870699
870633
870503
870466
870406
870330
870238
870146
870134
870119
870042
869968
869952
869829
869769
869688
869666
869639
869580
869398
869394
869299
869264
869144
869077
868988
868896
868796
868720
868684
868659
868639
868625
868560
868557
868494
868425
867841
867718
867450
867158
867141
867115
867113
867048
866999
866938
866792
866715
866668
866633
866574
866521
866447
866338
866323
866293
866199
866173
866113
866110
866041
865968
865936
865906
865893
865852
865644
865594
865552
865492
865479
865426
865276
865227
865055
864901
864734
864640
864597
864490
864466
864440
864423
864126
864074
863916
863913
863876
863870
863828
863826
863693
863638
863540
863493
863488
863350
863339
863320
863303
863204
863099
863098
862746
862642
862595
862421
862257
862208
862173
862126
861985
861976
861805
861666
861630
861090
861083
861066
860968
860835
860788
860702
860688
860529
860389
860367
860155
860148
859561
859520
859473
859060
859002
858925
858887
858682
858502
858269
858117
858077
858070
857998
857935
857871
857553
857535
857494
856594
856302
856275
855985
855925
855912
855646
855632
855520
855319
855314
855237
855149
855098
854980
854798
854371
854366
854364
854276
854127
853967
853896
853860
853623
853491
853375
853187
853111
853077
853043
852892
852766
852597
852576
852519
852413
852382
852353
852250
852199
852199
852068
852034
852028
851961
851853
851836
851575
851483
851458
851270
851197
851088
851061
851030
850980
850874
850591
850157
850047
849940
849927
849570
849555
849517
849423
849414
849372
849242
849134
849068
848947
848911
848871
848727
848672
848531
848528
848472
848330
848312
848215
848145
848054
847897
847841
847828
847691
847684
847651
847387
847314
846861
846650
846532
846463
846281
846214
846139
846086
845841
845838
845817
845653
845439
845349
845127
844949
844891
844869
844719
844687
844663
844530
844327
844299
844240
844193
844157
843975
843783
843756
843677
843549
843511
843476
843414
843251
843153
842996
842986
842670
842406
842401
842386
842295
842276
842228
842192
842171
842099
842081
842028
841952
841769
841678
841633
841563
841413
841410
841313
841284
841282
841231
841203
841201
840850
840845
840742
840534
840500
840491
840435
840433
840389
840348
840334
840296
840204
840202
840136
839947
839913
839865
839792
839731
839632
839385
839333
839305
839154
839088
839052
838990
838880
838688
838450
838401
838262
838132
838056
838045
837555
837364
837229
837196
837102
836950
836846
836590
836583
836460
836447
836241
836214
835915
835728
835419
835358
835332
835049
834912
834898
834827
834739
834622
834367
834365
834140
833916
833596
833519
833418
833370
833135
833097
833046
832700
832653
832500
832464
832196
832189
832058
832000
831916
831795
831757
831725
831570
831508
831423
831388
831316
831194
830924
830892
830765
830621
830571
830225
830218
830167
830152
830093
829849
829844
829677
829669
829628
829562
829297
829283
829080
829053
828743
828693
828619
828241
828108
828022
828016
827972
827799
827674
827606
827506
827501
827461
827259
827250
827236
827194
827043
826966
826929
826861
826776
826664
826652
826640
826610
826582
826510
826373
826356
826354
826324
826279
826278
826239
825851
825581
825562
825395
825319
825267
825262
825235
825204
825127
824880
824652
824621
824346
824099
824042
823865
823838
823710
823681
823579
823420
823391
823357
823334
823197
822966
822953
822913
822738
822732
822718
822616
822530
822348
822340
822257
822211
822204
822186
822157
822115
822107
822013
821738
821718
821581
821523
821504
821388
821323
821309
821228
821150
821122
820849
820835
820788
820749
820201
820125
820115
820107
819927
819741
819699
819594
819312
819158
819152
819100
818935
818887
818581
818327
818037
817832
817830
817821
817797
817720
817699
817621
817594
817567
817514
817480
817364
817159
817150
817107
817064
817043
817030
816963
816923
816879
816819
816811
816659
816596
816530
816466
816382
816185
816095
816024
815928
815813
815765
815669
815638
815574
815433
815347
815154
815143
815098
814971
814730
814660
814541
814432
814365
814346
814332
814329
813945
813738
813513
813456
813274
813227
813213
813207
813174
812937
812889
812733
812723
812683
812618
812528
812498
812474
812464
812335
812275
812178
811906
811726
811537
811310
811068
811061
811047
810733
810683
810630
810591
810537
810367
810119
809825
809825
809756
809717
809696
809551
809481
809373
809244
809197
809061
808999
808997
808920
808920
808732
808602
808467
808467
808346
808327
808168
808034
807761
807671
807287
807231
807215
807180
807149
807147
806854
806755
806518
806506
806501
806437
806164
806130
805977
805944
805833
805827
805610
805447
805141
805091
804844
804837
804563
804444
804418
804411
804378
804230
804164
804106
803919
803830
803746
803727
803672
803425
803335
803291
803177
803142
803071
802938
802769
802693
802484
802390
802266
802136
801893
801834
801816
801582
801479
801312
801304
801206
801139
801036
800992
800979
800975
800796
800740
800660
800482
800430
800423
800419
800298
800176
800109
800072
800049
799876
799820
799767
799490
799471
799444
799329
799303
799241
799095
799059
798998
798975
798566
798472
798399
798390
798149
798117
797988
797961
797809
797151
797073
796854
796727
796496
796433
796363
796302
796205
796167
796038
796023
795995
795977
795881
795771
795690
795484
795472
795469
795462
795455
795315
795315
795171
795145
795124
794941
794926
794897
794855
794696
794662
794554
794516
794316
794212
793996
793970
793770
793703
793643
793599
793426
793413
793409
793238
793200
793057
793011
792997
792987
792967
792912
792871
792788
792772
792755
792651
792415
792291
792170
792058
791997
791959
791874
791738
791694
791662
791657
791576
791517
791504
791414
791375
791372
791327
791279
791201
791039
790833
790796
790747
790746
790287
790191
790188
790168
790152
790097
790020
789973
789790
789702
789554
789396
789347
789137
789092
789075
788960
788816
788741
788453
788377
788322
788146
788140
788063
787552
787482
787407
787373
787252
787121
787022
786717
786535
786119
786097
786002
785995
785659
785647
785615
785470
785452
785449
785442
785301
785190
785142
785088
785076
784957
784885
784830
784797
784755
784692
784636
784484
784323
784274
784097
784094
784064
783970
783945
783722
783581
783509
783422
783207
783051
783038
782962
782905
782790
782749
782485
782461
782402
782370
782344
782246
782207
782152
781966
781952
781794
781755
781428
781305
781082
780996
780729
780714
780713
780616
780393
780150
779942
779524
779463
779360
779217
779080
779037
778988
778947
778750
778738
778687
778656
778621
778429
778417
778369
777958
777766
777688
777665
777646
777480
777479
777416
777277
777250
777242
777142
777053
776977
776875
776530
776520
776512
776475
776455
776424
776382
776375
776368
776334
776271
776270
776196
776098
775960
775941
775907
775527
775447
775428
775377
775247
775079
775054
774920
774904
774673
774611
774578
774486
774473
774285
774168
774141
774088
774082
773995
773988
773980
773957
773803
773753
773713
773677
773640
773578
773543
773156
773155
773135
773103
772807
772781
772766
772766
772675
772646
772571
772447
772178
772138
772030
771872
771605
771537
770955
770648
770602
770441
770371
770371
770233
770209
770200
770192
770054
770047
769995
769872
769750
769569
769551
769408
769269
769191
769179
769060
768928
768837
768632
768531
768508
768486
768485
768435
768243
768177
768000
767754
767700
767685
767543
767520
767507
767502
767180
767067
766789
766770
766695
766635
766583
766412
766348
765798
765763
765580
765503
765277
765232
765213
765092
765066
765049
764876
764776
764655
764587
764525
764481
764349
764317
764264
764167
764093
764064
763892
763756
763752
763720
763359
763331
763264
763129
763016
762941
762873
762285
762282
762143
762130
762116
762032
761974
761854
761801
761504
761425
761381
761313
761057
761045
760941
760898
760879
760790
760780
760715
760680
760633
760430
760211
760200
760183
760065
759866
759639
759605
759493
759443
759109
759105
758795
758677
758436
758193
758178
758120
758034
758026
757924
757661
757597
757516
757421
757289
756920
756894
756647
756529
756493
756393
756078
756057
755947
755806
755729
755714
755527
755493
755308
755154
755096
754657
754645
754642
754605
754587
754560
754535
754488
754482
754397
754389
754366
754332
754316
754295
754265
754232
754197
754158
754128
754021
753789
753700
753673
753469
753363
753271
752933
752873
752623
752561
752494
752488
752421
752123
751966
751955
751913
751838
751728
751698
751561
751486
751437
751412
751379
751293
751116
751094
750968
750955
750907
750831
750792
750755
750740
750667
750457
750400
750215
750123
750014
749998
749929
749812
749682
749500
749462
749386
749347
749189
748873
748362
748218
747958
747921
747782
747660
747655
747626
747346
747245
747245
747082
747020
746995
746957
746912
746859
746837
746826
746520
746486
746403
746389
746377
746371
745621
745590
745523
745125
745094
744944
744870
744739
744723
744719
744709
744604
744572
744522
744339
744179
743878
743445
743388
743373
743252
743217
743168
743142
743068
743037
742803
742714
742480
742447
742179
741965
741903
741786
741786
741785
741761
741721
741666
741649
741506
741436
741294
741236
741198
741148
741125
741085
741015
740877
740799
740706
740677
740505
740489
740442
740336
740258
740092
740035
740001
739822
739795
739793
739751
739620
739599
739554
739523
739415
739386
739385
739326
739307
739217
739144
739117
738946
738928
738891
738706
738635
738551
738452
738412
738407
738334
738293
738268
738266
738255
738158
737981
737793
737742
737525
737178
737158
737126
736966
736961
736938
736754
736687
736515
736474
736386
736355
736336
736213
736097
735997
735939
735828
735814
735492
735319
735316
735260
735224
735064
734966
734955
734510
734508
734394
734372
734279
734244
734114
734050
734001
733961
733676
733544
733472
733404
733387
733349
733325
733163
733157
733000
732876
732867
732842
732795
732577
732537
732483
732411
732356
732082
732020
731976
731813
731711
731639
731565
731532
731498
731473
731471
731433
731341
731219
731074
731008
730920
730855
730850
730802
730634
730184
730120
730086
729812
729565
729476
729334
729092
728896
728765
728561
728547
728272
728237
728188
728069
727997
727984
727957
727744
727684
727622
727498
727468
727433
727366
727299
727281
727277
727230
727207
727190
727177
727173
727115
727043
726969
726969
726951
726777
726642
726566
726494
726373
726264
725911
725907
725709
725616
725300
725048
725004
724751
724536
724517
724465
724279
723840
723707
723654
723637
723461
723333
723333
723309
723108
722938
722782
722756
722439
722377
722311
722223
722204
722095
722068
722003
721690
721544
721535
721441
721427
721322
721318
721316
721124
720906
720811
720778
720730
720424
720415
720359
720320
720296
720048
719769
719531
719508
719484
719395
719154
718988
718957
718767
718531
718499
718485
718472
718462
718415
718406
718394
718383
718349
718343
718318
718266
718253
718180
717859
717703
717591
717589
717558
717450
717326
717316
717231
717008
716996
716790
716595
716137
716106
716088
716062
715946
715822
715671
715571
715435
715382
715345
715325
715243
715142
714938
714892
714672
714649
714492
714450
714392
714266
714256
714010
713964
713885
713791
713623
713474
713369
713350
713219
712952
712941
712904
712901
712893
712649
712542
712515
712504
712353
712341
711944
711930
711710
711509
711471
711219
710898
710821
710819
710735
710732
710726
710660
710580
710566
710443
710310
710150
709709
709551
709478
709099
708910
708871
708865
708774
708771
708613
708545
708536
708526
708525
708502
708483
708449
707984
707962
707700
707589
707588
707425
707258
707124
707110
707107
706987
706743
706697
706681
706632
706542
706456
706421
706394
706219
705974
705855
705741
705485
705359
705238
705179
705157
705049
704932
704682
704578
704317
704293
704181
704165
703916
703727
703647
703530
703527
703385
703244
703080
702997
702788
702722
702721
702706
702463
702321
702208
702170
702117
702103
701905
701674
701641
701589
701524
701522
701504
701447
701306
700803
700741
700693
700682
700661
700606
700510
700415
700409
700300
700295
700284
700177
700052
699970
699953
699915
699677
699611
699546
699391
699300
699283
699219
699169
699156
699081
698978
698973
698928
698650
698637
698573
698458
698458
698404
698115
697968
697846
697759
697462
697458
697384
697231
697040
697005
696984
696949
696903
696840
696833
696773
696729
696701
696225
696154
696153
696049
695647
695621
695616
695604
695368
695214
694906
694869
694807
694573
694523
694446
694331
694134
693958
693655
693650
693388
693282
693232
693099
692954
692834
692746
692697
692575
692354
692335
692302
692281
692059
691981
691970
691910
691883
691715
691649
691635
691245
691104
691100
690942
690939
690679
690561
690514
690406
690299
690256
690235
690185
690160
690093
690013
689760
689743
689633
689606
689606
689417
689376
689294
689255
689168
689059
688772
688627
688588
688567
688413
688394
688387
688288
688095
688016
687981
687883
687858
687853
687760
687687
687609
687601
687573
687531
687495
687480
687454
686948
686889
686769
686664
686464
686378
686208
686009
685948
685833
685698
685618
685401
685326
685318
685088
684972
684939
684897
684783
684778
684732
684434
684426
684381
684101
684045
684031
683890
683782
683647
683645
683544
683311
683246
683144
682819
682736
682683
682597
682429
682426
682339
682336
682320
682292
682106
681932
681824
681812
681774
681403
681042
680967
680910
680908
680777
680617
680476
680400
680287
680228
680207
680110
680079
680076
680053
679609
679435
679368
679235
679123
679093
678907
678648
678426
678267
678249
678160
678099
678066
677968
677873
677774
677713
677479
677267
677232
677087
676839
676774
676751
676598
676465
676392
676389
676244
676129
676003
675992
675881
675633
675628
675507
675449
675445
675322
675274
675172
675091
674981
674892
674803
674728
674628
674492
674278
674258
674120
674101
674073
673837
673795
673673
673446
673211
673196
673103
673101
673101
673073
672856
672822
672763
672492
672473
672379
672362
672361
672231
672217
672176
672163
672102
672068
672067
672018
671996
671928
671866
671824
671523
671069
670964
670926
670777
670664
670604
670441
670246
670185
670113
670038
669860
669643
669628
669483
669450
669237
669170
668916
668888
668765
668704
668512
667956
667906
667840
667811
667764
667754
667738
667489
667459
667390
667215
667147
667008
667007
666996
666984
666977
666954
666925
666919
666874
666722
666422
666321
666188
666159
666130
665954
665824
665586
665539
665473
665421
665410
665234
665188
665103
665069
665054
664893
664874
664870
664696
664545
664500
664447
664417
664147
663923
663908
663882
663588
663441
663323
663313
663272
663161
663074
663072
663032
663003
662942
662248
662191
661900
661860
661835
661645
661581
661548
661503
661474
661460
661302
661289
661285
661105
661085
660958
660942
660877
660852
660829
660585
660460
660386
660355
660182
660179
660082
659831
659786
659712
659524
659508
659484
659457
659398
659266
659132
658914
658677
658629
658388
658385
658250
658250
658224
658221
658200
657995
657618
657603
657539
657474
657258
657144
656949
656884
656721
656636
656629
656616
656614
656467
656431
656390
656098
656069
656044
656021
656004
655932
655919
655849
655768
655621
655598
655460
655417
655417
655315
655282
655078
654830
654731
654696
654687
654684
654578
654326
654256
654214
654204
654200
654160
654155
654126
653937
653888
653842
653630
653615
653492
653381
653146
652942
652941
652938
652795
652654
652634
652590
652589
652422
652251
652242
652232
652232
652203
652140
652001
651998
651971
651834
651817
651738
651435
651413
651293
651196
651019
650861
650716
650714
650615
650530
650431
650390
650246
649796
649752
649660
649640
649458
649452
649090
648937
648859
648750
648747
648585
648567
648530
648388
648341
648311
647894
647853
647846
647818
647796
647714
647624
647449
647443
647417
647411
647392
647353
646999
646978
646852
646514
646439
646309
645702
645541
645419
645332
645190
645158
644750
644742
644706
644526
644479
644424
644354
644320
644312
644311
644292
644258
644202
644162
644064
643663
643608
643529
643237
643212
643142
643030
643014
642911
642835
642801
642665
642577
642572
642527
642496
642487
642474
642415
642411
642247
642240
642232
642231
642164
642116
641991
641881
641841
641364
641339
641134
641059
641004
640943
640730
640585
640516
640319
640131
640041
640035
639819
639752
639529
639195
639106
638897
638765
638738
638650
638643
638638
638560
638140
637809
637747
637715
637612
637569
637468
637452
637390
637334
637123
637109
636936
636853
636725
636687
636643
636626
636595
636303
636297
636183
636129
635957
635914
635744
635734
635730
635647
635607
635597
635556
635543
635521
635507
635504
635157
635090
634974
634919
634889
634885
634842
634471
634389
634346
634302
634120
633928
633752
633669
633663
633598
633457
633418
633306
633059
633044
633012
632984
632858
632835
632745
632713
632607
632604
632483
632467
632416
632334
631943
631935
631657
631391
631354
631333
631074
631016
630736
630688
630549
630531
630456
630342
630313
630162
630106
629990
629970
629967
629965
629800
629681
629636
629614
629439
629226
629178
628919
628591
628324
628006
627990
627889
627659
627412
627169
627162
627141
627078
626978
626962
626813
626772
626769
626758
626684
626647
626633
626590
626490
626332
626297
626277
626163
625950
625923
625747
625612
625408
625370
625342
625337
625294
625257
625126
624652
624565
624509
624254
624244
624013
623920
623625
623550
623449
623367
623290
623152
623046
622887
622848
622808
622619
622381
622182
622158
622013
621790
621771
621615
621573
621282
621273
621087
620787
620730
620547
620449
620443
620431
620353
619866
619841
619795
619787
619670
619616
619513
619477
619368
619251
619117
619108
618855
618788
618661
618565
618185
618004
617987
617973
617960
617902
617882
617861
617828
617816
617753
617731
617726
617715
617686
617615
617536
617531
617446
617234
617143
617137
617095
617007
616961
616851
616543
616332
616260
616248
616105
616104
616086
616037
615955
615904
615647
615337
614920
614772
614762
614590
614570
614529
614439
614320
614285
614239
614191
614119
614114
614105
613940
613809
613746
613700
613686
613454
613224
613152
613127
613050
612914
612858
612794
612645
612625
612555
612555
612544
612307
611965
611916
611811
611684
611562
611482
611408
611399
611349
611192
611063
610850
610816
610321
610221
610220
610165
610113
610056
610035
609787
609760
609738
609696
609664
609385
609368
609355
609253
609226
609216
609215
609145
608775
608739
608642
608577
608513
608293
608114
608066
608037
607905
607867
607604
607530
607408
607349
607229
607124
607021
606992
606948
606880
606804
606701
606607
606115
606037
605933
605894
605815
605806
605785
605646
605631
605598
605580
605511
605451
605441
605419
605345
605336
605258
604817
604753
604673
604572
604407
604306
604234
604186
604182
604052
604042
604012
603896
603216
603081
603024
603007
602866
602808
602637
602628
602622
602576
602478
602417
602406
602384
602299
602183
602183
602112
602027
601946
601936
601875
601697
601691
601423
601340
601227
601139
600824
600724
600585
600558
600552
600375
600250
600224
600195
600088
599951
599943
599802
599788
599582
599411
599352
599246
599196
599138
599084
599082
598937
598848
598840
598720
598670
598436
598363
598238
598151
598087
598075
597937
597864
597800
597724
597680
597585
597465
597229
597202
597161
596998
596883
596861
596808
596745
596681
596681
596618
596572
596565
596391
596296
596177
595983
595871
595867
595812
595715
595478
595472
595447
595384
595345
595207
595110
595039
594693
594673
594601
594563
594562
594557
594474
594333
594330
594144
594133
594119
594031
593850
593765
593727
593616
593443
593306
593163
593105
593089
592908
592792
592777
592577
592366
592318
592303
592278
592170
592128
592099
592003
591926
591734
591709
591489
591464
591426
591338
591203
591171
591057
591032
590997
590802
590743
590737
590638
590540
590211
590032
589950
589922
589462
589276
588800
588684
588664
588447
588439
588417
588353
588316
588235
588061
588014
587951
587846
587821
587711
587656
587177
587132
587109
587045
586796
586685
586500
586432
586325
586243
586202
585849
585609
585520
585385
585295
585207
585068
584976
584919
584822
584580
584569
584420
584317
584194
584121
584114
584073
583937
583909
583667
583568
583494
583440
583343
583314
583290
583085
583023
583023
582862
582859
582825
582753
582646
582637
582606
582595
582580
582572
582505
582456
582320
582258
582241
582179
582097
582091
582064
581923
581901
581841
581806
581769
581675
581673
581552
581551
581481
581472
581324
581218
581129
581112
581021
580981
580731
580697
580616
580596
580545
580524
580382
580320
580173
579924
579894
579826
579689
579675
579627
579607
579347
579238
579119
578950
578883
578707
578484
578390
578342
578229
578177
578112
578003
577987
577964
577720
577568
577545
577291
577284
577168
577148
577109
577062
577027
576992
576965
576686
576609
576554
576549
576384
576328
576256
576123
575992
575807
575521
575512
575486
575458
575416
575373
575311
575266
575255
575099
575085
574970
574779
574734
574483
574479
574438
574362
574015
573912
573894
573854
573779
573776
573717
573708
573638
573540
573466
573255
573104
573042
573011
572915
572907
572904
572900
572806
572682
572659
572592
572572
572487
572457
572430
572425
572348
572201
572178
571839
571794
571665
571653
571281
571203
571103
570891
570470
570448
570447
570422
570357
570263
570172
570054
569919
569887
569883
569701
569632
569574
569420
569388
569363
569341
569248
569164
569134
568971
568718
568693
568581
568438
568381
568366
568309
568229
568204
568172
567909
567850
567709
567697
567577
567168
567116
567095
567020
566822
566762
566461
566242
566185
565921
565872
565855
565849
565844
565774
565741
565600
565593
565585
565537
565524
565488
565444
565406
565326
565310
565308
565243
565205
565060
565049
564999
564917
564712
564710
564638
564565
564452
564440
564276
564268
564143
564027
563662
563641
563358
563347
563313
563305
563151
562836
562801
562783
562771
562753
562684
562358
562307
562140
562071
561925
561830
561816
561812
561781
561722
561684
561468
561445
561374
561273
561220
561181
561050
560975
560853
560842
560831
560786
560704
560690
560592
560431
560410
560274
560273
560030
559973
559791
559637
559515
559486
559362
559355
559339
559218
559027
558990
558987
558716
558622
558612
558444
558438
558288
558265
558056
558041
557944
557918
557885
557685
557684
557650
557587
557440
557424
557405
557400
557392
557218
557114
556992
556978
556964
556926
556797
556679
556611
556451
556087
556056
555944
555911
555901
555813
555760
555502
555470
555337
555288
555229
555112
555068
555033
555018
554998
554808
554629
554624
554553
554478
554465
554450
554273
554115
554115
554100
554085
553975
553947
553908
553701
553538
553482
553420
553374
553303
553210
553044
553014
552808
552616
552539
552243
552188
552057
551949
551835
551676
551611
551535
551303
551235
551235
551031
551025
550864
550792
550660
550407
550380
550252
550081
549899
549819
549717
549647
549480
549402
549363
549362
549359
549340
549152
549109
549071
549066
548937
548919
548796
548539
548440
548406
548379
548204
548158
548133
547996
547977
547942
547934
547848
547359
547335
547304
547242
547220
547184
547120
547097
547065
546956
546536
546485
546386
546374
546341
546301
546284
546249
546211
546194
546092
545983
545763
545745
545718
545631
545294
545234
545124
545037
544897
544864
544746
544744
544650
544523
544150
544026
543788
543787
543700
543554
543403
543378
543376
543320
543179
543103
542738
542537
542513
542498
542449
542410
542319
542170
541913
541884
541774
541761
541696
541304
541129
541115
540668
540583
540551
540527
540344
540287
540180
540123
539949
539916
539854
539601
539451
539179
539087
539065
539053
538956
538842
538836
538833
538682
538513
538441
538432
538266
538232
538211
538126
538063
538058
538035
537862
537691
537571
537557
537356
537237
537166
536906
536817
536724
536658
536599
536588
536454
536309
536266
536220
536162
536141
536125
536027
536005
535897
535698
535644
535510
535252
535188
534935
534849
534504
534476
534373
534363
534243
534089
533920
533452
533359
533357
533027
532969
532905
532850
532818
532669
532343
532324
532095
531934
531895
531861
531701
531496
531453
531393
531320
531296
531222
531172
530955
530670
530567
530498
530411
530371
530362
530188
530103
529858
529761
529678
529562
529199
529121
529097
529019
528981
528925
528697
528637
528568
528403
528171
527960
527825
527728
527641
527631
527625
527499
527481
527375
527326
527324
527209
527109
527082
526874
526858
526580
526530
526254
526183
526136
526135
526120
526084
526030
526023
525837
525705
525691
525596
525468
525427
525264
525254
525244
525191
525177
525116
525093
525091
524932
524707
524470
524392
524361
523987
523715
523711
523560
523511
523297
523226
523175
523121
523009
522982
522973
522818
522771
522605
522486
522386
522175
522065
522019
521849
521787
521594
521539
521438
521234
521184
521171
521051
520850
520815
520701
520607
520315
520083
519950
519939
519739
519576
519458
519438
519351
519335
519216
518976
518856
518672
518528
518380
518328
518180
518156
518132
518131
518111
518087
518010
517930
517859
517782
517734
517731
517665
517495
517417
517115
516865
516863
516862
516848
516702
516582
516488
516472
516427
515988
515898
515840
515832
515725
515725
515607
515574
515569
515521
515472
515468
515326
515287
515234
515182
515027
514917
514843
514675
514666
514526
514519
514359
514155
514147
513928
513870
513583
513578
513470
513432
513393
513367
513243
513174
513158
513094
513000
512996
512784
512774
512638
512403
512291
512201
512102
512021
511932
511921
511739
511723
511679
511626
511554
511282
511138
511006
510647
510626
510299
510169
509669
509618
509556
509505
509150
509110
509052
508992
508973
508647
508635
508592
508336
508331
508292
508267
508225
508207
508200
508190
508156
508110
508064
508052
508009
507949
507909
507898
507839
507812
507758
507736
507560
507352
506970
506917
506915
506805
506732
506728
506678
506288
506270
506058
505878
505625
505543
505511
505325
505315
505280
505233
505189
505149
505130
505054
505036
504940
504902
504825
504542
504517
504393
504248
504209
504153
504149
504093
504071
503958
503753
503727
503646
503563
503326
503028
502982
502871
502662
502630
502465
502446
502438
502382
501651
501594
501543
501450
501425
501412
501347
501074
500834
500823
500787
500720
500653
500598
500528
500440
500252
499958
499893
499829
499813
499757
499596
499593
499523
499040
499038
498993
498875
498857
498737
498707
498557
498454
498452
498131
497285
497243
497166
497108
497097
496877
496793
496734
496700
496400
496348
496253
496234
496106
495785
495760
495754
495702
495698
495513
495158
495033
495026
494965
494858
494714
494481
494223
494141
493820
493715
493690
493656
493606
493439
493424
493353
493348
492928
492844
492801
492685
492643
492325
492147
492011
491947
491921
491174
491022
490951
490832
490809
490714
490681
490679
490642
490641
490597
490251
490114
490068
490000
489729
489725
489647
489584
489557
489538
489358
489313
489122
489116
488986
488634
488498
488496
488461
488419
488192
488137
487965
487925
487902
487845
487843
487709
487432
487427
487417
487292
487276
487265
487185
487031
486978
486771
486711
486465
486413
486410
486381
486185
486077
485998
485917
485266
485079
485043
484863
484528
484394
484306
484302
484256
484250
484225
484179
484175
484078
484028
484013
484009
483999
483918
483562
483355
483335
483253
483235
483194
483128
483121
483096
482775
482720
482649
482584
482580
482534
482263
482114
482062
482035
481725
481682
481573
481264
481234
481214
481133
480949
480904
480834
480828
480649
480604
480514
480501
480376
480282
480201
480036
479875
479802
479693
479535
479506
479342
479097
479011
478862
478648
478598
478515
478437
478307
478134
477976
477888
477781
477699
477633
477547
477356
477303
477160
476985
476906
476809
476803
476514
476468
476464
476441
476388
476373
476333
476190
476142
475872
475623
475585
475581
475577
475412
475274
475006
474938
474897
474769
474764
474611
474598
474447
474293
474191
474187
474171
474156
474118
474072
473833
473615
473576
473431
473253
473099
472927
472911
472847
472762
472727
472725
472629
472553
472551
472543
472455
472340
472172
472170
472057
471945
471895
471733
471700
471547
471241
471179
471129
471119
471117
471022
470868
470810
470502
470360
470341
470252
470093
469807
469690
469612
469510
469459
469413
469402
469401
469308
469121
469074
469024
468992
468927
468759
468701
468593
468324
468292
468063
467991
467942
467854
467754
467753
467739
467713
467693
467639
467559
467546
467499
467463
467448
467345
467280
467183
467125
467064
467051
466906
466812
466797
466795
466743
466714
466692
466678
466640
466607
466509
466492
466003
466001
465935
465916
465792
465729
465641
465571
465486
465370
465268
465244
465238
465045
464920
464900
464577
464543
464481
464427
464389
464271
464266
464114
463910
463891
463782
463777
463713
463656
463652
463608
463562
463458
463447
463350
463316
463310
463225
463180
463169
463151
463132
463077
462983
462928
462624
462504
462397
462290
462062
461984
461969
461938
461918
461862
461785
461780
461743
461731
461680
461666
461516
461499
461304
461210
461141
461058
460901
460749
460665
460555
460405
460376
460227
460125
460060
459932
459853
459755
459725
459378
459212
459209
459117
458971
458819
458804
458699
458578
458358
458337
458307
458305
458134
458025
457982
457912
457624
457532
457493
457447
457214
457127
457065
457057
456859
456756
456478
456438
456298
456261
456006
455730
455647
455392
455332
455324
455320
455252
455169
455166
455141
455104
455084
455014
454987
454855
454828
454633
454494
454486
454479
454370
454363
454288
454281
454194
454128
454102
453747
453660
453618
453569
453546
453509
453505
453418
453399
453272
453186
452823
452817
452808
452761
452760
452747
452708
452541
452489
452471
452354
452211
452195
451869
451853
451337
451222
451125
451122
450928
450818
450808
450749
450692
450630
450556
450544
450528
450521
450495
450466
450221
450216
450197
449657
449611
449557
449530
449437
449363
449331
449090
448772
448665
448561
448225
448186
448185
447848
447709
447494
447484
447419
447418
447202
446897
446824
446780
446760
446728
446665
446573
446505
446299
446244
446104
446049
445859
445811
445804
445756
445488
445346
445091
445024
445005
444979
444939
444897
444779
444709
444694
444687
444623
444411
444305
444296
444235
444235
444225
444035
444023
443932
443916
443803
443660
443543
443525
443422
443389
443146
443059
443056
442997
442941
442863
442782
442552
442480
442423
442288
442274
442022
442013
441889
441868
441848
441763
441645
441632
441630
441453
441441
441401
441362
441310
441212
441139
441058
440958
440803
440647
440616
440460
440370
440287
440234
440206
440205
439820
439786
439653
439529
439512
439145
439121
439015
439010
438741
438679
438502
438342
437994
437960
437950
437943
437642
437607
437558
437498
437338
437263
437098
437095
437074
436821
436765
436679
436436
436260
436086
436028
435940
435867
435846
435844
435504
435452
435436
435127
435070
435043
434916
434860
434849
434840
434664
434662
434643
434570
434273
434256
434072
433503
433489
433443
433415
433286
433202
433028
432956
432901
432882
432832
432705
432685
432681
432658
432635
432602
432576
432472
432189
432112
432094
431982
431738
431695
431579
431455
431407
430978
430813
430451
430423
430406
430396
430270
430249
430186
430145
430020
429952
429934
429450
429342
429201
429095
429077
429050
428898
428817
428816
428502
428475
428468
428435
428325
428308
428046
428043
427982
427976
427965
427917
427864
427857
427831
427803
427715
427471
427294
427207
426987
426913
426871
426557
426475
426111
426032
426031
426029
425978
425970
425937
425780
425509
425167
425130
424969
424914
424684
424538
424435
424410
424361
424298
424180
424173
423761
423735
423680
423661
423650
423595
423344
423288
423273
423261
423249
423249
423047
422966
422923
422811
422799
422574
422488
422079
422075
422015
422010
421895
421863
421862
421770
421550
421544
421430
421408
421367
421339
421252
421251
421082
420863
420732
420585
420391
420368
420209
420179
420159
420149
420109
420096
420019
419888
419873
419770
419743
419518
419320
419199
418949
418794
418706
418614
418301
418035
417977
417862
417843
417585
417565
417331
417318
417277
417173
416935
416930
416907
416772
416763
416648
416610
416589
416458
416441
416399
416228
415781
415758
415736
415667
415539
415526
415430
415337
415331
415155
415040
414906
414792
414693
414610
414248
414245
414242
414232
414027
413591
413468
413379
413223
413111
413069
412999
412991
412890
412668
412577
412575
412557
412432
412215
412100
412032
411936
411874
411819
411715
411692
411633
411608
411489
411454
411436
411205
411104
410895
410790
410692
410596
410503
410469
410292
410260
410192
409752
409748
409634
409395
409328
409296
409265
409219
409171
409026
409020
408989
408979
408953
408945
408925
408870
408866
408759
408580
408503
408431
408411
408386
408052
407928
407831
407808
407305
407272
407148
407119
407001
406942
406648
406585
406550
406446
406362
406285
406245
406144
406144
406077
405986
405962
405931
405902
405834
405815
405556
405501
405350
405247
405232
405084
405057
404773
404772
404749
404733
404689
404666
404633
404610
404584
404449
404443
404238
403952
403909
403876
403821
403788
403134
403039
402899
402722
402594
402580
402310
402272
402189
402139
402078
401811
401797
401771
401592
401433
401296
401260
401111
400905
400886
400879
400808
400802
400724
400715
400684
400567
400419
400406
400198
400145
399866
399840
399642
399611
399469
399439
399190
398957
398471
398353
398313
398267
398218
397957
397816
397626
397567
397551
397069
397025
396789
396626
396623
396588
396344
396157
396114
396037
395962
395961
395784
395329
395186
395138
395100
395089
394990
394950
394622
394602
394594
394567
394520
394495
394416
394393
394393
394389
394189
394142
394120
393793
393789
393775
393670
393489
393437
393399
393365
392293
392041
392041
392019
392013
391958
391798
391721
391663
391546
391543
391508
391493
391421
391410
391052
391037
390675
389977
389909
389807
389773
389553
389537
389403
389367
389348
389235
388891
388792
388738
388722
388617
388402
388366
388257
388190
387998
387988
387896
387892
387820
387742
387731
387593
387580
387543
387469
387396
387291
387113
387061
386863
386618
386521
386493
386449
386447
386353
386327
386243
386193
386191
386088
386035
385962
385956
385816
385732
385680
385657
385555
385538
385467
385424
385242
385238
385208
385206
385097
385090
385045
385026
385025
384833
384505
384325
384217
384075
383904
383846
383628
383609
383517
383448
383380
383371
383244
382650
382625
382588
382450
382376
382211
382169
382063
382004
381722
381698
381614
381600
381596
381561
381547
381505
381416
381372
381305
381175
381137
381105
381076
380980
380929
380791
380765
380705
380646
380473
380359
380293
379909
379868
379827
379801
379656
379619
379581
379568
379483
379463
379447
379192
379185
379101
379076
378886
378645
378639
378626
378217
378105
378017
377998
377968
377803
377696
377631
377554
377483
377482
377287
376974
376937
376721
376667
376472
376454
376363
376227
376225
376169
375945
375694
375686
375649
375520
375086
374664
374660
374641
374502
374425
374293
374242
374180
374111
374035
374005
373798
373783
373751
373634
373602
373528
373384
373329
373102
373102
373059
373038
372931
372926
372869
372712
372698
372598
372585
372510
372451
372413
372347
372114
372076
372016
371974
371968
371843
371665
371627
371583
371446
371371
371351
371326
371083
371067
370696
370491
370423
370371
370216
370055
369963
369939
369923
369919
369489
369417
368989
368986
368877
368839
368826
368719
368674
368664
368657
368253
368218
368197
367915
367828
367587
367561
367321
367100
367078
366989
366857
366852
366624
366592
366487
366405
366367
366254
366163
366118
366069
366001
365977
365941
365906
365834
365819
365777
365302
365282
365228
365133
365120
365073
365045
364991
364956
364881
364720
364698
364509
364401
364232
364076
364052
363871
363825
363773
363721
363639
363293
363232
363228
363054
363017
363000
362964
362826
362815
362669
362612
362596
362373
362366
362294
362271
362170
362075
362055
361905
361884
361811
361806
361667
361616
361587
361516
361512
361394
361365
361157
361061
361009
360966
360920
360880
360824
360764
360640
360630
360407
360334
360252
360237
360164
359985
359903
359898
359691
359667
359608
359386
359285
359254
359114
358838
358833
358704
358699
358532
358095
358039
357941
357897
357802
357650
357627
357619
357273
357227
357227
357071
357011
356988
356781
356637
356395
356216
356195
356148
356088
356067
356062
356014
355908
355853
355723
355653
355342
355124
355105
355102
355027
354877
354820
354797
354767
354743
354734
354670
354568
354498
354236
353941
353933
353843
353658
353498
353101
352929
352884
352854
352282
352190
352045
352018
351966
351949
351915
351787
351784
351751
351746
351517
351498
351399
351304
351287
351063
350945
350865
350825
350730
350682
350666
350661
350570
350512
350467
350304
350249
350111
349884
349668
349656
349586
349583
349462
349398
349386
349301
349048
349025
348885
348872
348766
348756
348750
348563
348543
348487
348465
348409
348257
348054
348034
348013
347972
347866
347768
347738
347737
347542
347524
347480
347315
347307
347304
347060
347024
346963
346921
346686
346648
346623
346364
346179
346124
346075
346033
345975
345968
345914
345906
345757
345693
345631
345546
345496
345288
345147
345136
345061
345009
344963
344816
344795
344695
344622
344547
344367
344152
344068
343844
343383
343359
343278
342920
342744
342638
342524
342404
342283
342279
342161
342132
342084
341999
341987
341611
341572
341478
341428
341172
341162
341105
341081
341066
341058
340990
340966
340706
340585
340530
340382
340353
340306
340261
340258
340206
340143
340113
340092
339878
339865
339757
339697
339465
339255
338821
338662
338576
338503
338375
338085
338032
338027
337902
337819
337774
337734
337728
337595
337593
337574
337476
337374
337340
337292
337163
337163
336752
336718
336714
336508
336388
336187
336182
336101
335717
335713
335571
335560
335544
335356
335067
335010
334999
334971
334904
334891
334842
334810
334782
334639
334242
334212
333969
333929
333764
333688
333676
333622
333617
333560
333540
333420
333379
333306
333109
333055
332989
332918
332819
332784
332404
332350
332119
332119
332022
331840
331613
331566
331512
331308
331294
331204
331200
331149
331139
331040
331027
331010
330995
330950
330936
330788
330208
330205
329951
329820
329636
329588
329571
329434
329385
329384
329179
329147
329016
328962
328899
328697
328650
328544
328275
328133
328123
328036
327986
327778
327740
327054
327048
326979
326628
326594
326477
326374
325881
325760
325601
325475
325224
325134
324998
324908
324772
324716
324614
324487
324466
324352
323990
323940
323914
323821
323634
323513
323475
323461
323422
323308
322987
322946
322939
322610
322542
322245
322232
322220
322194
321767
321749
321653
321578
321544
321544
321440
321431
321189
321111
321109
321109
321051
321028
320995
320925
320845
320814
320675
320374
320315
320151
319978
319899
319896
319879
319818
319485
319480
319464
319355
319316
319211
319194
318950
318640
318599
318587
318428
318412
318410
317911
317885
317700
317541
317535
317468
317306
317235
317195
317044
316924
316825
316718
316575
316567
316464
316243
316107
316104
316080
316039
315938
315858
315538
315519
315417
315346
315160
315144
315044
315007
314691
314575
314420
314378
314261
314076
314013
313922
313609
313183
313127
312974
312925
312910
312872
312792
312771
312738
312648
312446
312355
312026
311966
311877
311655
311639
311589
311389
311344
311073
310974
310923
310805
310250
310166
309988
309962
309732
309431
309416
309394
309383
309221
309113
309070
308865
308733
308652
308566
308522
308508
308427
308324
308135
307985
307889
307788
307628
307611
307575
307429
307399
307213
306980
306953
306926
306719
306638
306618
306600
306553
306518
306499
306406
306043
306028
305792
305467
305261
305235
305195
305178
305066
304801
304723
304668
304603
304342
304269
304224
304076
303947
303894
303569
303511
303461
303450
303400
303381
303269
303225
303011
302995
302939
302839
302767
302658
302590
302572
302426
302290
302248
302049
301988
301834
301511
301360
300997
300713
300409
300392
300285
300260
300189
300037
299993
299979
299702
299602
299575
299450
299413
299274
299234
299113
299111
299096
299011
298801
298761
298706
298699
298690
298639
298595
298540
298422
298288
298270
298183
298159
298114
298042
298041
298015
297991
297904
297665
297572
297330
297068
297043
297016
296729
296707
296553
296521
296471
296457
296388
296205
296165
296158
295897
295885
295732
295699
295541
295389
295386
295325
295284
295268
295216
295079
295047
294978
294960
294924
294905
294567
294195
294172
294115
294012
294004
293948
293738
293597
293537
293525
293464
293085
293062
293000
292929
292665
292626
292624
292561
292541
292366
292336
292265
292172
292099
292075
292061
291824
291813
291790
291642
291557
291461
291279
291272
291216
291067
291007
290951
290903
290784
290783
290620
290508
290492
290372
290355
290317
290299
290287
290202
290119
290062
289973
289906
289622
289573
289400
289392
289179
289174
289040
288977
288800
288790
288651
288242
288134
288082
287970
287874
287833
287815
287802
287576
287565
287516
287387
287067
287018
286710
286594
286558
286548
286457
286447
286373
286315
286313
286300
286071
285786
285775
285714
285604
285473
285438
285370
285367
285288
285234
285142
284995
284847
284745
284725
284234
284101
284038
283964
283875
283799
283748
283692
283327
282974
282937
282931
282846
282584
282501
282285
282018
281928
281921
281866
281821
281721
281423
281373
281367
281275
281165
281040
280821
280734
280609
280439
280260
280176
280125
280095
280025
280021
279752
279648
279634
279619
279471
279370
279309
279293
279139
279106
279030
278887
278854
278801
278719
278575
278555
278407
278397
278012
277964
277675
277587
277299
277174
277050
277032
276979
276943
276579
276569
276552
276127
276068
276023
276013
275999
275908
275746
275653
275652
275635
275610
275568
275230
274996
274890
274751
274649
274451
274274
274241
274123
274088
273907
273899
273891
273718
273565
273556
273505
273443
273159
272997
272929
272822
272755
272534
272339
272335
272333
272209
272136
271925
271731
271686
271582
271558
271441
271437
271308
271181
271083
270959
270828
270739
270725
270700
270548
270352
270345
270334
270246
270226
270069
270050
270050
269963
269898
269826
269676
269589
269562
269521
269344
269310
269107
269066
268738
268517
268516
268415
268053
268027
268009
267966
267730
267698
267643
267562
267456
267397
267286
267219
267212
267122
267094
267038
266588
266567
266356
266027
265546
265305
265119
265046
264924
264885
264859
264830
264820
264810
264742
264507
264439
264362
264293
263999
263985
263892
263864
263773
263764
263626
263539
263456
263443
263082
262700
262617
262504
262492
262403
262306
262189
262000
261660
261591
261485
261465
261406
261371
261349
261327
261269
261051
260913
260806
260727
260707
260407
260340
260294
259761
259681
259630
259529
259412
259260
259218
259189
259052
258901
258820
258688
258610
258488
258388
258211
257843
257779
257660
257634
257622
257563
257496
257312
257179
257065
256977
256939
256839
256511
256482
256466
256345
256330
256312
255921
255817
255526
255507
255417
255417
255350
255347
254802
254777
254707
254644
254570
254419
254042
253999
253968
253882
253874
253826
253678
253643
253508
253502
253389
253385
253355
253346
253330
253315
253241
253221
253209
253117
252746
252642
252277
252121
252057
252011
251848
251735
251614
251407
251302
251295
251294
251153
251082
251074
251073
251062
250467
250362
250266
250211
250106
250094
249976
249895
249884
249723
249422
249027
248973
248864
248837
248754
248643
248631
248437
248433
248244
248237
248157
247908
247861
247807
247625
247607
247338
247315
247303
247276
247094
247033
246988
246954
246816
246753
246727
246478
246346
246159
245923
245847
245825
245696
245193
245023
244854
244797
244509
244356
244192
244167
243922
243685
243635
243426
243206
243128
243011
242823
242653
242522
242386
242362
242272
242213
242198
242183
242048
241997
241770
241670
241404
241361
241281
241279
241257
241250
241201
241136
241070
240876
240869
240355
240184
240180
240024
239987
239862
239847
239722
239612
239518
239310
239093
239078
238997
238897
238856
238853
238756
238626
238504
238325
238224
238123
237844
237785
237635
237583
237557
237478
237261
237250
237177
237174
237153
237097
237036
236809
236754
236726
236635
236575
236506
236401
236275
236256
236256
236226
236216
236144
236065
236056
235996
235864
235782
235774
235698
235464
235188
235160
235154
234914
234909
234824
234811
234758
234752
234745
234736
234724
234471
234410
234403
234331
234165
234049
233881
233870
233743
233583
233543
233542
233531
233439
233023
232965
232940
232926
232786
232703
232693
232374
232261
232151
232132
232104
232006
231913
231898
231846
231711
231516
231450
231424
231398
231345
231299
231244
230938
230874
230855
230648
230507
230463
230382
230377
230370
230351
230076
229780
229768
229694
229532
229511
229509
229403
229109
229016
228990
228955
228891
228871
228687
228618
228541
228517
228512
228371
228359
228200
228112
228022
227966
227862
227783
227761
227727
227604
227494
227434
227378
227335
227263
227219
227117
226947
226915
226902
226836
226574
226386
226206
226196
226165
225966
225891
225424
225349
225347
225258
225073
224908
224688
224644
224631
224542
224325
224276
224266
224122
223958
223889
223854
223408
223349
223188
222979
222882
222824
222779
222607
222603
222584
222489
222264
222104
222097
221948
221918
221849
221415
221277
221225
221091
220962
220953
220945
220907
220857
220606
220354
220200
219925
219907
219862
219625
219571
219556
219549
219232
219226
219214
219185
219080
218845
218757
218693
218663
218633
218444
218426
218399
218372
218205
217958
217687
217459
217441
217237
217044
217017
216789
216706
216482
216435
216262
216193
215810
215790
215711
215654
215625
215614
215385
215342
215189
215131
215005
214752
214205
213968
213805
213787
213535
213525
213407
213351
213338
213308
213208
213195
212898
212846
212596
212543
212437
212359
212298
212140
212125
212087
212072
211899
211840
211814
211660
211629
211603
211429
211357
211199
211196
211140
211084
210955
210874
210733
210667
210547
210496
210363
210228
210058
209940
209912
209747
209702
209666
209612
209117
209069
209060
209006
208971
208958
208928
208866
208857
208497
207874
207866
207782
207743
207663
207653
207632
207322
207311
207251
206969
206955
206833
206774
206685
206638
206429
206387
206378
206293
206291
206251
206250
206210
205937
205932
205842
205835
205655
205495
205457
205417
205271
205118
205080
205064
205031
204948
204741
204686
204605
204493
204419
204357
204216
204032
203982
203964
203953
203920
203714
203298
203071
202872
202582
202558
202547
202476
202466
202292
201890
201886
201838
201819
201705
201606
201564
201553
201439
201243
201075
201027
200598
200546
200496
200323
200222
200056
200011
199829
199630
199481
199358
199230
199079
199055
198969
198859
198814
198779
198769
198761
198581
198361
198138
198070
198013
197909
197895
197818
197731
197689
197436
197167
196956
196940
196876
196830
196755
196710
196387
196359
196343
196237
196227
196204
196100
196039
195991
195702
195688
195567
195499
195488
195308
195050
194985
194806
194725
194635
194484
194331
194052
193892
193714
193605
193453
193101
193081
192976
192905
192861
192754
192661
192643
192562
192453
192269
192195
192007
191811
191811
191372
191276
191217
191213
191164
191058
190862
190795
190792
190720
190597
190531
190423
190350
190327
190241
190238
190182
189623
189530
189462
189253
189200
188946
188914
188907
188849
188830
188763
188732
188678
188676
188606
188556
188477
188410
188004
187981
187925
187810
187653
187443
187384
187217
187088
187077
187013
187002
186875
186864
186759
186478
186390
186341
186316
186283
185871
185822
185818
185784
185596
185233
185082
184807
184777
184514
184447
184412
184206
184205
183975
183951
183794
183405
183278
183245
183077
183006
182928
182394
182258
182228
182053
181974
181965
181938
181564
181524
181463
181421
181142
181014
180935
180791
180743
180697
180571
180565
180449
180409
180222
179772
179757
179708
179594
179497
179441
179106
178982
178821
178817
178659
178632
178369
178359
178351
178145
178047
178022
177892
177857
177725
177692
177601
177428
177343
177295
177154
177131
177023
176950
176878
176868
176664
176588
176501
176473
176388
176274
176175
175887
175687
175679
175655
175628
175518
175437
175424
175422
175284
175242
174806
174797
174632
174630
174450
174275
174259
174056
174042
173798
173720
173710
173706
173258
173234
173229
173146
173018
173015
172746
172729
172472
172369
172366
172357
172243
171986
171902
171843
171738
171641
171231
171028
170796
170763
170735
170438
170416
170345
170329
170169
170070
169881
169670
169646
169444
169285
169242
169150
169140
169044
168832
168768
168471
168373
168284
168163
167980
167893
167886
167837
167782
167564
167538
167525
167482
167337
167288
167154
167134
166940
166910
166882
166842
166785
166555
166492
166432
166409
166372
166161
166090
165855
165772
165734
165325
165284
165166
165116
165107
164858
164780
164741
164614
164274
164199
164196
164122
164079
163973
163949
163850
163811
163699
163551
163454
163439
163416
163406
163359
163357
163338
163148
162898
162885
162871
162770
162636
162634
162568
162326
162239
162031
161906
161650
161532
161480
161443
161420
161318
161280
161209
161115
161011
160840
160725
160718
160553
160474
159904
159805
159721
159617
159514
159504
159425
159387
159299
158900
158808
158661
158132
158063
158033
158003
157978
157892
157844
157667
157486
157457
157433
157412
157362
157153
156943
156821
156708
156603
156573
156499
156442
156378
156300
156000
155943
155671
155637
155597
155593
155525
155159
155133
155062
155000
154950
154836
154829
154712
154701
154606
154571
154446
153956
153952
153733
153707
153679
153431
153415
153401
153365
153362
153271
153192
152772
152631
152472
152461
152405
152392
152391
152299
152181
152166
152146
152040
152029
151859
151805
151729
151709
151682
151673
151604
151587
151534
151339
151275
151272
151082
151060
150899
150886
150753
150534
150522
150279
150208
150070
149972
149778
149731
149614
149546
149482
149454
149375
149330
149307
149197
148984
148681
148670
148563
148458
148223
148105
148104
148049
147554
147544
147365
147005
146933
146795
146790
146751
146696
146672
146661
146571
146485
146240
146196
146162
146064
146042
145894
145816
145796
145352
145300
145179
145042
144926
144853
144806
144795
144707
144598
144590
144576
144487
144321
144305
144254
144222
144191
143925
143913
143824
143666
143631
143599
143516
143475
143316
143259
143140
142998
142904
142900
142718
142508
142495
142482
142458
142426
142404
142371
142340
142327
142121
141869
141790
141569
141458
141359
141308
141170
141123
140989
140946
140932
140851
140490
140471
140466
140386
140288
140274
140260
140197
140183
140058
140023
139941
139930
139906
139854
139691
139523
139347
139288
139004
138836
138811
138595
138513
138410
138206
138031
138018
138014
137878
137690
137689
137654
137595
137396
137330
137141
137114
137050
136951
136812
136808
136617
136543
136492
136474
136321
136198
136101
136091
136023
136009
135943
135911
135866
135827
135750
135700
135540
135539
135372
135239
135162
135141
135125
134992
134977
134938
134844
134634
134556
134329
134246
134191
134057
134026
133522
133422
133407
133368
133276
133123
132962
132655
132633
132601
132397
132242
132214
132211
132099
131989
131796
131790
131757
131721
131686
131381
131292
131243
130963
130841
130790
130739
130688
130577
130525
130509
130438
130357
130313
130234
130206
130138
130080
130055
129983
129878
129821
129734
129510
129450
129278
129124
128940
128885
128767
128747
128671
128630
128598
128494
128170
127974
127646
127609
127543
127526
127383
127382
127293
127193
127076
126959
126900
126885
126769
126719
126695
126596
126501
126475
126311
126205
126095
125975
125903
125846
125503
125476
125382
125321
125177
125033
125006
124978
124839
124515
124452
124392
124385
124376
124175
124168
124161
124121
123600
123549
123459
123445
123418
123283
123124
123118
123113
122906
122770
122729
122717
122561
122478
122398
122389
122379
122283
122136
122082
122000
121938
121888
121861
121809
121712
121473
121362
121322
121167
121115
121092
121037
120948
120945
120697
120651
120644
120521
120466
120195
120165
120157
120110
120109
120074
119855
119827
119654
119551
119529
119369
119271
119031
118842
118798
118735
118337
118225
118001
117966
117933
117907
117817
117578
117156
116894
116861
116849
116745
116719
116656
116506
116134
116026
115957
115848
115745
115454
115453
115436
115231
115180
115032
114982
114779
114726
114618
114555
114369
114311
114273
114190
114187
114165
114108
114074
113878
113846
113836
113624
113474
113350
113341
113264
113229
113128
113080
112916
112872
112738
112731
112721
112618
112606
112524
112469
112406
112239
112213
112213
112209
112153
112077
111739
111701
111693
111666
111469
111429
111349
111279
110846
110695
110653
110597
110337
110281
110281
110143
110126
110050
109849
109849
109731
109467
109462
109372
109310
108799
108744
108615
108581
108340
108291
108061
107982
107940
107938
107728
107639
107613
107429
107029
106968
106774
106706
106350
106185
106129
106033
106008
105889
105862
105859
105742
105686
105637
105484
105451
105254
104998
104962
104847
104831
104782
104656
104613
104588
104571
104567
104531
104382
104273
104234
104086
104082
104063
104040
104012
103986
103274
103213
103024
102985
102983
102958
102825
102771
102749
102720
102718
102684
102672
102667
102663
102657
102364
102278
102226
102219
102190
102175
102175
101961
101760
101678
101584
101532
101461
101210
101131
101110
100783
100726
100601
100514
100396
100279
100149
99933
99896
99815
99775
99754
99697
99533
99446
99443
99383
99269
99249
99135
99020
99009
98835
98686
98620
98434
98363
98343
98305
97909
97822
97822
97632
97431
97404
97303
96830
96584
96547
96488
96380
95919
95704
95683
95485
95470
95465
95448
95436
95376
95351
95264
95168
95018
94792
94645
94614
94515
94447
94445
94439
94430
94274
94235
94232
94105
93915
93864
93538
93493
93468
93401
93272
93249
93180
93168
92985
92812
92788
92705
92674
92513
92355
92336
92151
91952
91925
91796
91788
91641
91369
91204
91139
90664
90638
90614
90589
90561
90374
90336
90294
90251
90235
90204
89711
89653
89642
89462
89395
89293
89164
88906
88873
88873
88868
88833
88659
88642
88627
88477
88417
88327
88153
88009
87780
87765
87593
87299
87113
87100
86709
86564
86429
86376
86209
86172
86145
85701
85512
85428
84650
84596
84482
84257
84143
84117
84066
84062
83978
83852
83831
83577
83550
83486
83464
83403
83302
83293
83204
83164
83163
83156
83081
82775
82751
82502
82387
82315
82227
82222
82173
82063
82018
81927
81686
81601
81555
81550
81491
81426
81195
81185
81101
81076
81040
81010
80974
80722
80643
80567
80419
80416
80307
80278
80149
80085
80078
80052
79752
79659
79503
78976
78973
78968
78953
78859
78781
78741
78601
78186
78174
78109
78088
78053
78021
77903
77842
77686
77638
77598
77589
77526
77516
77443
77097
77012
76988
76836
76793
76669
76595
76567
76472
76387
76345
76343
76225
76203
76154
76035
76000
75956
75753
75424
75182
75174
75163
75111
74949
74834
74827
74823
74669
74402
74391
74042
74031
73876
73860
73844
73822
73401
73349
73318
73210
73177
73057
73041
73014
72835
72801
72753
72742
72551
71905
71823
71794
71739
71730
71628
71325
71292
71120
70910
70760
70677
70613
70445
70419
70323
70302
69980
69910
69905
69773
69759
69755
69705
69655
69410
69304
69073
68921
68863
68678
68601
68509
68503
68448
68295
68187
68131
68035
67936
67850
67835
67713
67710
67647
67480
67342
67019
67010
66837
66816
66814
66800
66701
66630
66621
66524
66484
66426
66404
66351
66131
66117
66009
65967
65951
65827
65774
65667
65632
65623
65563
65497
65327
65308
64947
64900
64842
64731
64487
64460
64375
64334
64306
64229
64089
64085
63962
63954
63931
63846
63709
63672
63663
63483
62974
62959
62675
62522
62488
62472
62421
62304
62302
62298
62214
62147
62099
62094
62093
61686
61658
61568
61523
61255
61244
61136
61083
61075
61058
60923
60782
60604
60563
60516
60390
60291
60229
60207
60197
60138
59686
59510
59329
59293
59102
59073
58986
58702
58702
58611
58469
58449
58418
58413
58198
58026
58001
57931
57901
57897
57534
57333
57234
57191
57168
57154
57081
56988
56829
56777
56753
56614
56498
56363
56352
56288
56259
56224
56078
55822
55794
55760
55732
55645
55415
55398
55331
55315
55230
55096
54886
54873
54864
54743
54617
54509
53793
53626
53475
53320
53268
52997
52982
52955
52849
52741
52320
52229
52082
52068
52003
51957
51811
51698
51696
51300
51298
51211
51207
51111
50887
50779
50722
50691
50483
50285
50018
49918
49776
49645
49636
49538
49503
49494
49313
49305
48947
48898
48889
48887
48792
48583
48348
48287
48285
48226
48080
48024
47998
47900
47890
47885
47793
47692
47582
47559
47552
47468
47332
47230
47135
46927
46780
46683
46588
46555
46528
46329
46110
45990
45975
45963
45903
45683
45635
45632
45515
45379
45267
45188
45178
44973
44762
44752
44670
44558
44508
44499
44497
44215
44116
43962
43866
43741
43732
43265
43177
43111
43026
42987
42948
42936
42870
42745
42714
42686
42607
42549
42427
42284
42276
42255
42248
42225
41888
41839
41818
41816
41762
41732
41676
41647
41523
41512
41418
41184
40879
40850
40668
40668
40638
40625
40610
40547
40354
40343
40339
40298
40255
40211
39836
39784
39624
39560
39559
39499
39465
39279
39208
39207
39097
39070
38962
38909
38791
38786
38776
38753
38661
38607
38248
38190
38088
38049
38033
37981
37861
37818
37804
37769
37741
37708
37640
37455
37408
37396
37372
37355
37309
37282
37175
37033
36962
36955
36930
36855
36801
36734
36633
36624
36503
36398
36139
36017
36004
35961
35652
35620
35575
35443
35387
35279
35164
35139
35136
34982
34881
34772
34744
34717
34692
34682
34590
34559
34536
34534
34509
34500
34342
34213
34212
34118
34115
34050
33948
33553
33545
33470
33386
33273
33256
33145
32987
32979
32975
32612
32601
32465
32337
32318
32305
32291
32188
32103
32054
31665
31590
31383
31366
31045
31005
30830
30712
30693
30645
30470
30416
30361
30311
30256
30206
30172
30125
30115
29773
29630
29535
29467
29467
29262
29195
29097
29034
28907
28867
28815
28714
28575
28547
28534
28483
28156
28145
28123
28061
28056
27999
27943
27712
27696
27640
27633
27548
27458
27452
27424
27209
27106
26920
26893
26844
26803
26502
26495
26376
26278
25817
25523
25260
25243
25138
24952
24697
24687
24656
24577
24434
24145
24035
23945
23697
23621
23520
23471
23307
23170
23105
23032
22977
22810
22536
22443
22404
22382
22321
21930
21866
21752
21702
21524
21466
21300
21211
21182
21092
21060
21047
20753
20321
20303
20070
20016
19909
19878
19757
19739
19714
19658
19640
19630
19510
19302
19121
19102
19086
18831
18793
18762
18641
18632
18622
18511
18403
18366
18365
18121
17962
17909
17827
17816
17814
17812
17652
17611
17532
17360
17155
17151
17074
17021
16806
16491
16488
16446
16363
16273
16130
16097
16083
15781
15684
15619
15554
15551
15513
15376
15212
15141
14592
14579
14570
14484
14290
14156
13887
13835
13786
13775
13649
13595
13592
13583
13418
13389
13369
13333
13309
13305
13272
13203
13196
13172
12909
12893
12870
12863
12789
12741
12633
12607
12575
12388
12320
12275
12174
12149
12049
11985
11950
11810
11781
11668
11634
11556
11454
11224
11188
11144
11143
11078
10948
10911
10908
10809
10743
10689
10652
10552
10464
10205
9912
9858
9792
9748
9570
9478
9409
9303
9055
9003
8876
8789
8664
8603
8532
8427
8391
8176
8164
8146
8057
8056
8042
7957
7450
7445
7367
7086
6969
6823
6804
6218
6176
6112
6071
6051
5900
5796
5593
5516
5445
5406
5335
5308
5302
5295
5205
5185
5075
4886
4773
4502
4497
4388
4354
4329
4287
4058
3830
3623
3547
3359
3307
3299
3153
3098
3087
3008
2887
2807
2764
2673
2634
2387
2343
2340
2336
2332
2191
1980
1796
1737
1325
1091
1052
973
860
779
745
693
655
651
636
569
561
294
123
107
88
20
