1000
999518
998725
997581
997093
994719
993861
988725
988574
987575
986499
986034
985263
985244
984042
983420
982553
980372
979945
979721
977985
977934
976608
975191
973863
973606
972867
971219
969846
968794
968149
968131
967944
967902
967474
966526
965817
965544
964874
963989
963092
962644
960968
959959
959798
959116
958739
955610
951217
949226
948982
946952
945979
945490
943094
942678
940441
939935
937292
937272
936980
936921
936262
935910
933803
932696
932515
932184
931397
931392
930990
930726
930420
926131
925151
924550
923262
923190
922819
922420
921556
921482
919999
918545
918163
917645
915378
915051
913204
910443
909994
909698
909368
908581
908098
907602
906676
906337
906020
905533
901382
900002
899019
897475
897060
896884
896733
896365
895734
895151
894408
894112
893970
893249
893194
892088
891919
891827
891188
891054
889530
889112
887115
886770
886339
885611
885254
885016
883099
882784
881882
881405
879381
877710
876963
876891
875793
874306
874135
873878
873848
873337
873082
871289
870421
869598
867873
866701
866691
866341
865573
865340
865017
864625
864287
862306
861788
861184
861144
856620
856575
856073
855814
854749
853537
847790
846844
845138
844858
843622
843239
843238
843191
840917
835638
834629
833320
832916
830443
829413
828131
824645
823741
823466
819742
819203
819155
817776
815358
815233
814521
813459
813261
812978
812725
810668
807109
806228
805003
804328
803005
801032
800803
796177
795850
794379
793949
793305
791299
790780
790521
790008
789970
789404
789204
789162
786617
786187
784116
784106
783896
783014
782793
782219
782129
781090
780039
779216
778693
777873
776608
775121
773364
771498
770946
769538
769256
766847
766393
765915
765627
764866
763985
763232
762299
761918
760676
760257
759635
759489
758778
758563
756337
755944
754602
753834
751272
751043
749992
749413
746545
745985
742436
742291
741125
740805
739877
739453
739135
738851
738765
738342
737441
737121
737078
737040
735694
734973
734615
733487
733313
732299
730554
727536
727418
725402
723268
722913
722231
720299
718633
718320
717545
715631
714559
712064
711454
710434
710308
708063
707856
706767
706550
706307
706016
705829
705598
701124
700088
699691
698612
697929
694338
694278
693422
692807
692131
691780
691534
691147
688921
688628
688620
686113
685199
685044
683054
680448
680241
678536
678471
677301
674114
673851
673065
671261
670293
670036
669468
667431
665585
665441
664113
661429
659157
658632
657368
655860
655190
654632
653663
651050
650901
650047
649232
648783
648626
644890
643984
643549
642519
641552
640787
639454
636822
636790
636294
635826
634793
634776
634736
634648
631750
631165
629707
629685
628366
627966
626631
624842
624598
621080
621051
620562
620381
620090
619979
617991
616177
616020
615870
614765
612182
611935
610836
610577
610513
610304
608778
606779
606290
605866
604558
602468
602330
602254
601425
599805
598889
596737
596239
595429
593268
589507
587494
585595
581525
581351
579780
579029
577256
575410
575121
574274
573043
572387
570724
568313
566223
566218
565945
565166
563596
563132
562360
560455
558108
557666
557309
556201
555592
553486
551749
551320
549978
549339
549280
548864
547717
546473
546231
545908
544558
544176
543100
542143
541439
539543
538778
537715
536655
535630
534634
531392
530678
528061
528038
527824
526478
524583
521828
514470
514390
513292
512230
511130
510672
507679
506217
505032
504196
501547
500266
499673
498129
498041
496477
496324
496196
496159
495960
495586
494458
493360
492452
491560
491076
490770
490727
489985
489695
489249
489202
489055
487110
486084
482907
480882
479959
479268
477880
477502
476797
475329
474475
473905
473428
472280
472011
471423
471055
470676
470315
468797
468377
468020
467244
466810
466253
464181
463183
462684
462475
459924
457063
457056
455429
454716
454660
454547
454517
453165
452982
452980
450045
448453
448282
447874
447354
446403
445226
444847
444800
444626
443097
441616
441240
440057
438509
438366
437801
437519
436506
433275
431950
430866
430731
429476
428410
427876
426521
424382
424307
421096
420216
419895
415857
415224
415146
415124
413802
413771
413713
412625
411706
410171
409283
408703
408227
407697
407567
405978
404682
404614
402723
397912
397670
396501
390868
390330
387267
386870
386652
382703
380201
380118
379099
378698
377821
376518
375811
375508
374125
371959
370904
370510
366473
366130
365659
365493
363832
363663
363109
362561
362112
362024
361918
361551
359547
358783
357383
357374
356277
355776
353967
352078
351124
350053
348791
348071
346439
346319
345835
345026
342699
341921
340156
337877
336505
336135
335574
335538
334688
332654
332578
332504
328447
328065
327449
326435
324428
324246
324081
321019
320046
319601
318812
317145
316738
316526
314666
314435
314073
313200
312936
312699
309607
308675
308516
307428
306798
302219
301510
300716
300427
300286
298005
296979
296044
294735
289883
286840
286025
284963
281365
280788
280176
280088
279589
277762
277137
275405
275403
274832
274373
272411
272148
271632
271620
271532
270593
270358
270281
270011
269840
268776
268709
268303
266793
266583
266156
265209
264802
263210
263029
262435
262260
261843
261820
259936
257350
257096
255704
255287
254551
254352
253734
253622
252091
250324
250186
249319
248514
247901
247413
247394
246126
244843
244772
244643
244589
244532
243841
243251
241763
241617
240882
240204
240187
239579
239434
237793
237513
236679
236354
235948
232840
232702
232233
232193
231635
231378
230439
226896
226794
226267
226032
222983
222410
221881
221659
221342
220088
219729
215459
214226
213860
212358
211819
210303
210302
209556
209455
208972
208777
205725
204404
203976
203910
202774
200145
199920
199841
199401
199250
199199
198603
198240
197920
196293
195103
194889
193741
191171
188819
188790
188654
188630
188181
187092
186632
186456
186095
184847
184577
183539
183350
182293
181382
179810
179726
178972
178645
177353
176752
175392
175380
175374
174396
174312
171225
171078
170355
168584
168120
165914
165330
165088
161754
161728
159549
159529
158979
158811
158476
157574
156642
155869
155377
155125
154209
154195
153495
152453
151336
151197
151079
149192
147923
147594
147483
146625
146133
144803
144703
144408
143070
141609
140435
138557
137929
136925
136557
136546
133329
133015
131823
130639
130350
128739
128291
127387
127227
127177
124966
123526
122258
121081
120627
120359
119573
116514
112989
112583
109493
109462
106927
106579
105252
105022
103874
102999
102441
101430
100772
100674
100614
100377
96880
95544
94857
94851
92413
92113
90405
89523
89124
86598
85420
83771
83362
83178
82084
82077
79430
77646
76826
76148
74080
73376
73225
72593
70721
69672
69650
69624
68462
64877
63822
63764
62130
60887
60633
59470
59111
58921
58028
55312
53428
51296
50727
50595
48180
47501
45958
45828
43504
43211
42909
42828
40143
37438
35551
35253
34709
33751
29724
28953
28089
25246
22432
21430
21090
19746
17715
16053
15336
14930
13321
13151
10428
9469
8700
7367
6501
6392
5579
5420
5359
3240
2731
