100
996927
988776
952284
947357
927567
923858
913336
912324
909357
906327
893431
887981
885224
864972
813279
783759
756633
751677
750120
749043
725739
708354
707191
695533
693396
682840
678127
672776
657962
629256
628368
626105
608423
603704
603173
603150
597499
571182
538014
537731
524713
517345
516140
487118
483750
469018
459286
452989
452696
449701
449371
447980
447733
447634
437255
418567
414781
401133
398147
391160
364056
363939
358445
344907
343741
343140
321912
313197
312309
284962
283643
273255
232812
222612
213712
212429
208580
178831
173666
170504
149807
145484
132086
129670
127671
104169
98590
90071
85657
72882
72619
67361
56684
47565
44218
28445
27797
13925
12401
3274
