100
705629
324285
918338
969592
889841
867632
338105
120681
207946
581166
412878
378830
55025
459078
112840
119876
351006
679598
94311
194598
551493
550463
682764
878562
856301
574369
944073
345389
165697
294686
707274
44261
680070
267722
31651
176901
287811
682978
109353
209355
637363
307330
917569
193953
433158
859913
445393
223692
123267
706184
275948
685081
942053
499737
168558
198426
792163
217761
671467
854683
812892
743516
418835
364924
92499
774590
934739
669259
240650
341886
790844
472619
161338
630533
801495
147581
462571
178442
534931
878795
529592
324693
785760
679875
54582
99099
526453
667007
77619
415451
351802
99276
826584
664109
720810
173303
673353
720141
786951
877997
