1000
853400
481608
58161
146110
207647
434326
274758
375186
719864
908125
370417
903626
870545
507264
145756
275174
962732
283698
728113
155989
863992
85874
74490
324426
286857
791102
222684
343791
911501
263654
806628
409344
73551
632566
143648
969921
353842
486958
264381
356882
707591
775982
705503
154916
267543
842221
558933
721580
829929
789860
800027
965164
567760
704541
216607
529606
625742
598840
54404
730204
872818
365360
146857
169596
876152
788786
881695
751118
204052
298663
239992
396769
317967
228890
91711
847856
368118
346725
453080
288170
371807
597011
407821
46839
188690
949929
257488
256204
521568
186306
117748
592666
565445
538215
825129
794168
617617
273106
443480
974242
288141
73714
919964
889391
291689
115825
593923
194321
66429
548653
568849
500376
858261
48527
551807
520352
896895
452925
213583
366108
775663
476267
308725
712130
247720
309140
450068
840841
191487
385099
314606
995506
52375
90233
94797
356630
997374
688660
576663
18132
774195
675724
670369
164290
187940
684388
579534
362305
849689
732398
770292
487505
128820
654053
134768
456516
692363
94370
577473
464153
670079
615388
294980
162249
374356
182511
223907
196677
206114
227160
784080
561155
696827
903966
641040
713179
974993
220674
330189
295482
6847
580106
690150
556018
122502
150276
630408
386007
567537
349087
275219
898410
575187
711276
692405
19248
807875
999070
678175
757476
251357
404819
766347
474779
918120
406943
928369
698704
956404
812474
349053
310523
159858
319366
296877
218205
347339
155718
235533
689822
39636
673789
575778
719009
226044
388632
20343
983475
652653
649810
220440
941809
151578
891879
412300
220382
89196
854108
344403
253343
670017
484732
151855
382170
886226
252310
478067
570888
642249
727298
310419
932500
919863
150663
475710
573937
238535
340420
900765
338620
627403
869764
843054
856630
989258
701194
471491
52899
307725
124707
358605
333054
71879
957672
426628
679192
801512
713944
27289
166467
258178
348809
797163
189086
724770
317301
990642
714502
768635
317707
489740
989648
433285
979536
703636
967977
540344
653744
373840
435313
627364
67406
790788
806036
476125
900594
334518
166946
1236
322158
946542
938727
471394
817182
37079
248042
514914
283657
797446
190386
901074
959692
801374
717487
225407
138893
490020
126341
779258
90946
666891
919149
145954
505667
171172
582554
230706
52521
937597
471038
953962
327101
651875
142901
369955
269316
450397
532425
286176
263334
55823
791169
267988
205042
913968
871592
565894
168613
799023
434546
40051
340440
651765
689551
990180
395486
814632
191478
168567
223017
940987
67155
860760
175485
832642
245439
924439
636039
129099
411260
669254
511190
23477
590788
943100
396498
907525
168203
798492
161872
210984
49243
165253
877530
753281
799325
302087
830050
243992
545729
453115
167808
41616
900762
256772
58796
320335
382421
367732
331955
165106
738766
332698
957155
874315
105999
262756
728966
318950
961662
352784
878471
862659
676868
676768
366201
994504
789744
890811
768443
112949
174581
816313
447395
847918
223226
481006
740353
933812
602455
739806
815008
347595
774824
156799
204599
795449
922279
51773
489739
568405
488497
592721
51549
278825
620612
911033
105961
193404
145513
755539
255588
766200
14412
268002
839061
117421
798816
419395
28706
931009
112416
518482
544678
595522
201533
222262
13081
96805
744066
975840
995731
339248
311542
286558
493264
203432
91971
235951
375622
372722
453863
58817
642866
713828
997336
87568
157974
603471
590124
807441
458325
491407
269344
282322
364784
951637
706412
20642
187685
127811
517335
459366
309399
94718
756925
82309
138381
586269
422250
248503
972852
161053
531000
349001
723255
435948
983084
308701
521229
590257
629819
873815
254936
894259
308278
660026
924843
629778
221835
344628
115773
661493
348166
593335
951578
512647
882910
508601
420055
844420
130035
103213
540735
889434
70799
312069
976771
830011
230191
454933
295382
199353
225417
862593
255545
247605
897412
521916
795510
642403
509030
872565
84418
206465
320110
868206
774072
832955
796431
900103
901995
539760
671821
513089
984641
834519
694904
630044
995776
367409
851009
572824
911109
968134
624832
376427
17661
991352
78965
576534
866895
445489
203156
122174
758078
508530
887326
451444
415541
924977
959146
199143
567671
598621
365780
782311
780745
163922
360947
995289
887567
975536
531813
266694
520559
305904
53612
218800
430820
112723
448761
760520
930589
648532
661923
497061
2933
540835
918159
78905
995433
658049
343466
352104
575050
87723
283699
117297
786589
148273
956387
282880
855390
753809
543766
775822
692433
507356
922010
666801
586519
731121
351572
538575
535315
275438
651550
512563
364512
352116
39297
996259
592974
405783
817106
872021
381462
695254
269040
9585
968276
402328
139226
129711
460484
773388
816901
75884
855938
617400
944579
579954
434443
242588
421105
206404
157968
801342
523040
136793
68320
414185
451721
499931
122913
161260
214651
511206
595313
163748
930886
313622
800059
268565
61295
751773
130451
763744
540523
902032
944562
750435
278828
451257
693448
281610
254326
515156
313251
164791
184774
888193
725308
66847
85243
470401
607846
54623
606627
550726
111218
557839
752091
883016
922447
265182
301184
613741
89683
5317
344575
944263
374404
60139
64532
13584
386996
702554
930973
513763
508718
837308
694287
918533
147134
541697
313658
718272
484430
188163
942268
592270
361699
48505
663741
7072
395290
701347
141024
375115
148344
713573
801992
272679
679937
704108
508485
460218
418709
421056
492742
380663
69946
796997
123893
887865
627212
425893
898655
136284
785634
92653
464379
309242
746737
540699
388932
95686
299882
973543
831273
655547
909401
224829
190392
280516
2473
582269
997185
864089
544306
887132
377794
648125
688214
495652
332629
13527
285130
376763
339827
640121
603097
636822
930045
15534
666010
113691
635305
595182
631755
405999
347395
931767
666837
553969
209722
645901
633638
408406
180708
888952
436196
531249
807455
159689
222239
503011
25301
754393
245911
331272
932754
27691
977287
694790
605638
145878
764490
731985
343342
98030
973830
964011
811545
542110
733795
464708
331309
302129
557232
365309
380434
583240
805388
209816
116799
24017
223754
25356
222321
449117
911850
586394
245704
432989
669016
32555
137288
18901
741721
322010
271187
741711
265593
756021
828239
708840
205023
828789
951608
277509
864073
948206
257579
864429
675256
900430
835651
451218
193421
502751
379983
435842
207233
279504
776351
593234
760709
641800
951842
696068
157675
226261
218939
153430
733405
591510
234289
563546
813124
290010
717878
174950
163541
132451
574688
971939
454816
581934
694381
902030
410283
268591
913560
135914
755444
862847
835793
636045
978447
829369
422068
541372
732141
253477
142338
696139
462236
605187
113895
523502
807545
136099
535348
675217
681488
347110
851212
893701
581938
845756
709594
640975
487384
985499
874179
531941
513395
836911
295269
444816
865144
834280
286741
271355
944140
605121
186764
