10000
285250
571120
708766
780846
184173
243214
152511
669537
13934
338002
735589
86173
856372
190991
99591
266688
520270
238754
373989
796948
918782
47578
741221
551484
399355
271633
505867
193842
848022
518954
415775
941672
861646
623994
925281
929580
214383
606386
452413
850077
506908
10873
917123
975884
803547
41076
743325
169376
93436
108194
305413
488984
399697
886029
330578
427212
535298
918186
766973
301879
362635
661834
870596
131008
935709
67708
412942
76411
713777
892012
698679
687799
535274
446969
635442
740808
888517
572962
823046
720224
134606
359768
746137
18866
589423
369196
873925
154209
554492
86476
178330
839456
401373
225458
356632
352106
130575
271294
842261
933373
75301
580894
977735
886492
156836
464476
239414
145092
899305
920771
109465
597463
757205
976590
261768
230888
433814
812751
524245
388040
472628
912078
909986
783494
510116
936533
338871
949037
990709
380259
26653
497015
420104
259543
742415
416691
66008
596286
228995
737952
541170
317072
953882
418987
475852
727159
441929
640061
536698
880666
64757
12910
129727
810581
614082
64897
241312
429669
47078
303813
81741
776767
614946
617159
443741
300785
600646
495865
83037
368391
176710
126928
322545
660850
889051
783592
773229
923853
471448
586990
878337
94265
580474
500439
649428
701968
271591
275579
167769
450190
859886
392601
73910
359280
897773
497071
660174
708967
711039
219937
172672
712859
403337
163763
273837
148102
220397
696374
913267
682117
17250
433523
73758
660430
602930
994837
400302
71812
869481
857807
680470
385387
160267
363813
836984
154139
13340
761520
791261
525908
499230
664663
151424
383050
573470
606690
221598
546804
422072
676745
676101
196074
396526
998502
443193
634160
578138
267300
198388
592863
357214
280960
487823
756140
563971
865867
788991
865242
526100
946781
506855
843259
27212
499594
202674
209769
633322
433292
688876
766891
482178
120863
310238
69895
898934
300339
721461
908810
455388
42148
277735
644955
531393
361560
38972
25254
213556
960158
147912
289455
127036
259946
134872
259996
438977
210008
597206
79912
283706
634030
296979
66783
683247
535372
603972
576364
460744
931200
429191
284473
684710
934656
736377
992219
300629
761012
691357
458335
879766
166683
739038
667162
425565
302791
410612
230857
863742
524146
748424
661222
750497
11095
390099
363714
73539
403909
506521
975347
368557
179468
674623
260796
660177
985841
488559
516324
547520
379580
218440
865244
248525
602387
919703
995716
271594
413798
861104
955777
194497
385319
668269
422797
508096
413756
619825
915598
998410
350695
195752
330380
125914
154742
758596
694567
214692
640825
99336
454930
195011
303129
249803
74104
972667
348531
899946
201135
680063
420962
201370
824124
759527
435991
695912
807309
86468
803229
205702
282493
171578
433547
135345
239445
663913
584547
988780
862486
283801
242846
986600
959784
334942
75180
728507
153694
870510
623900
808286
253419
981369
885908
970425
768567
749578
470364
670743
224070
164712
871181
506614
803214
318000
824132
960353
173853
584570
475065
852209
474369
174714
557318
475355
464201
159115
412345
688351
968146
669851
604887
255663
340471
313149
422551
632274
603535
812901
790620
467764
869349
815039
500500
274383
105495
422467
220311
94942
798958
475317
377811
818910
173749
68541
537917
418356
573083
920491
254036
563559
195609
149265
458320
260917
184961
959828
447623
59996
551015
365877
742821
209400
326062
616376
221303
583105
444214
843536
435498
567055
673629
866904
328977
740945
671848
528892
241601
325474
646223
93235
196992
576108
957051
996587
185526
132805
365747
451821
346545
270372
125127
236504
136979
706029
870899
179643
667124
395776
45389
963738
72062
295276
371097
168461
192015
650656
556579
354587
324149
312975
984271
363753
88170
172927
933131
617028
757994
826985
67799
280557
610493
346502
486834
12993
58858
614956
298122
183392
294974
548858
398721
685542
969864
47790
693846
963038
431090
694007
865789
554521
636652
935372
195608
438114
825240
613261
265193
726569
919265
287990
515259
261783
607787
688374
499418
924924
830998
249672
732289
169894
654968
329995
818448
306106
327786
45162
56029
831059
845595
837740
180205
554428
226385
415892
381665
306468
398962
624584
257819
434770
45693
593018
331593
740489
123010
620821
467795
125398
60221
966358
152983
67209
266803
250997
758203
877575
794516
42581
320062
55058
511442
284753
927893
253444
170322
919060
122129
465732
54554
414087
872516
678960
143087
343399
359276
491451
645224
189999
172379
225554
415891
600370
59104
30256
773508
894745
698371
436343
712473
703050
114154
969120
638641
363781
956411
369760
963279
41405
273170
536287
942050
765872
344954
564768
872395
741060
191578
806351
401205
116546
910491
455610
994732
187695
294130
455662
679739
704713
998754
885913
435748
680646
670112
403315
635228
530505
512298
676724
19103
684142
448543
180502
340684
33912
110666
36435
90157
783105
184603
769159
682450
44094
430569
831883
656212
965333
666823
731427
530843
420818
70491
252322
898453
228769
440823
275619
954870
500428
993784
931820
432162
254194
268430
836575
288969
714764
208885
682552
669637
799319
585059
312734
655196
907426
557108
101786
338612
635282
676333
157096
437252
970990
366670
950002
255511
204849
503978
476747
535555
667564
44555
663364
917262
46973
649090
994486
587670
716678
40685
45781
483186
145860
676853
363248
393280
868478
884097
957492
735548
243423
542931
848434
409839
252930
886145
274564
262235
376747
719601
954268
359158
192987
834125
105692
246805
394899
709252
866918
741062
970886
864071
967817
393336
577456
808932
340361
116165
348394
239220
938605
517399
253482
699458
51079
457045
210333
776139
291984
315968
492165
704336
351549
787536
608981
563523
779689
977209
229927
250286
650891
406343
119899
673593
188866
986518
64680
838290
809302
168061
761065
230275
976075
637635
174514
998526
140397
501593
846270
750262
910301
169771
662463
717385
897236
908869
249879
780532
583122
458836
340525
582428
861479
500593
656139
74514
396363
942283
447092
205374
640187
257240
121232
986478
730774
226891
505298
588196
961788
491502
966561
325401
197465
21640
22002
644134
217336
889041
222126
222605
991655
511993
357303
685302
610394
570780
751968
232217
260569
109550
322960
885665
172150
80668
71718
708131
750260
341607
35405
826509
991531
624955
958197
755356
526355
266267
837406
873764
335257
820321
640199
596870
216498
964476
87223
746413
266725
490026
170462
52948
26241
370159
733056
554268
15036
674144
547991
842876
820645
786574
843757
827360
445354
824001
791349
118199
871545
153202
9377
382626
965890
899781
976751
158400
799424
958214
389334
138127
968987
722444
587825
291581
882790
242934
748798
895822
557478
138563
203621
781172
78109
662100
667435
751069
476440
809890
2094
565950
79374
82321
144862
902673
77662
561569
236785
456756
10541
40288
813549
399970
137093
313005
275636
446529
528434
929059
247590
930786
931330
874218
994768
10962
602
463598
316303
692925
607807
527775
924220
385769
136776
305543
874166
291931
226812
243292
607909
94711
592463
79327
165937
696854
733658
344990
208037
906530
102322
784307
753307
197889
775774
680531
419868
842426
16458
431512
595035
17586
340010
459782
707615
948057
347577
186897
623496
460636
839368
859586
392712
582871
94525
38352
918375
999070
258820
456474
739399
312019
611729
686430
589440
383858
758006
585146
751439
532836
684542
272942
538691
782234
227020
518417
246491
936123
372202
638215
523
74913
358256
98557
125055
295465
963600
463728
421662
204205
145466
148749
927382
356414
875290
594892
554519
431294
999567
280526
962772
778433
481328
406709
293775
706683
589691
454345
166377
176409
10933
404949
243933
345690
837974
568035
809397
521550
287083
963896
475954
561341
400171
31801
5482
982311
256967
739075
697448
330504
244436
545118
256997
640603
919068
291595
110047
306168
745436
576089
109633
559142
391382
344206
698625
45442
490686
623373
590095
419723
823792
578497
602900
852251
851272
18263
120489
115854
528561
421922
241159
391461
661859
142960
196382
149465
395100
231783
75797
36956
352363
626226
824751
909521
678268
958304
823431
67194
675945
462999
2386
130147
905910
251881
75707
842071
803234
186228
759638
93888
1035
25973
432978
520748
115497
444978
622987
274190
114835
855729
344884
52882
52537
627270
797542
279206
693026
566319
796457
657385
707500
478801
265309
215169
478462
943536
820283
579229
812603
834679
46852
739193
829377
222347
335237
598879
449637
875533
118549
831585
182869
654229
911912
957523
227311
366742
509577
501202
9872
987627
846216
305456
916299
712221
863617
385015
269224
659475
421408
579361
634709
671823
470131
94272
593832
212204
66041
560349
192420
808246
578468
199909
951491
707119
923900
702289
504889
378288
819577
580474
523989
918642
366954
799247
836451
854691
974666
359169
178711
119115
118960
545549
544172
964543
590484
922159
320926
327455
188791
415798
485078
309871
595211
281855
744594
288241
615572
181457
590691
412865
338691
705293
753367
128535
7712
677866
120072
686809
114787
891418
714438
225287
968990
161333
210052
788426
6932
87085
153749
742268
503112
53656
179467
167725
775923
95019
36214
249975
941324
300537
868997
546111
335098
212326
951684
924378
571813
634856
749622
151497
374895
827020
889786
672625
850619
895756
470219
218836
519109
556314
326095
24371
198039
11742
48717
585094
64014
918364
160825
620110
909207
973751
633411
727245
964308
758598
271095
802669
416886
456794
894508
932785
244304
554819
546496
25943
33623
397177
613769
411978
890688
705969
674225
811585
912586
8782
777503
525389
583213
507840
660861
609509
724480
858569
610850
516674
820427
662827
911913
941278
572679
807560
783560
921177
391244
677906
656964
42527
746453
262107
151517
111805
359538
580204
168871
801764
314337
697382
909553
747145
871243
63931
348978
884091
93163
324366
94604
570363
456288
486181
339481
438284
196732
168749
197696
479752
846420
435088
130525
805139
961084
359541
954021
878677
493223
386155
613668
490163
612082
167131
101491
134198
797045
633552
387757
499006
417804
545737
268885
59748
424558
290126
934486
337729
948773
752513
623876
559249
587544
768315
647692
913887
682994
983606
32311
845856
931671
750097
580716
704059
607893
117150
57403
566157
884035
688992
194064
101745
115887
929944
219379
689673
941158
974364
334357
831358
908427
397482
14491
497015
478305
618475
12138
805007
61385
511479
605691
162173
103466
333075
131903
230108
16178
699860
919053
338818
594219
759082
94877
64397
210365
944325
578206
40065
195309
663308
75989
34895
906360
964820
67332
962594
512252
468363
465387
682325
733246
574451
386822
446051
814938
796214
92142
798821
477830
312829
721934
695398
469994
847913
538871
271893
225236
102374
613431
367628
218174
624366
334663
892268
58071
492313
129271
406008
79911
946566
557195
371703
20539
345961
409732
860047
670631
388051
88711
429274
481238
400752
78971
428845
332227
923333
658445
94506
52615
565721
642964
468893
26774
40012
779094
299568
19635
487771
506300
977232
488555
236391
701879
226306
691454
962209
729367
491659
686567
92676
870837
210493
607563
577942
952760
390349
618717
33508
127688
104810
243802
449797
709500
596909
556825
266343
116781
111271
683199
995462
856916
321647
681006
863724
223594
366954
410935
309062
548676
91224
163791
75071
55796
992609
744103
738542
989168
629300
481795
956415
80412
787552
212540
168884
192143
321050
239046
878834
909177
295322
264066
481660
777956
382774
741669
15734
733234
859143
997704
306448
431184
598050
230302
431627
833461
913472
82401
626880
804834
647951
543782
662916
798105
447224
643236
575325
726057
941119
818598
749167
67243
841276
439488
70910
692790
926462
81938
861112
425714
399383
605151
747839
66886
152466
908244
327187
821660
34210
322190
898431
648782
327906
629303
983009
435704
278904
397196
674530
297545
879540
551598
822211
202080
103992
745175
194514
760397
573343
649433
880764
85257
710679
870183
519999
296979
441204
677105
433122
936907
547813
507996
27655
248401
932104
652517
42412
84158
424203
289652
476314
986615
538564
991590
383507
193092
702020
470864
9852
384892
795958
406748
387040
874174
751645
868588
858065
56790
798625
767531
948287
311496
663196
317764
367618
981888
110379
889212
739998
866233
151404
46090
740884
491803
289396
220469
70422
718839
850556
876237
175124
649737
409195
818448
913255
953196
426389
683628
468480
259106
36575
185995
458053
375298
551312
244769
698088
633027
963605
657367
691774
108106
702779
182770
557925
245021
932828
72008
382784
511988
26057
191199
573243
169708
848854
835452
443649
309216
284637
625014
113405
110849
444314
726901
857150
223548
22677
240529
118875
202677
421999
332003
167686
518081
448553
389384
114035
102795
513066
412599
938656
90270
299317
297776
522072
584654
881976
35948
775563
707330
18760
975319
896497
638959
741175
572668
155981
268004
559617
485725
380245
608146
625966
271414
33572
160348
729795
515456
304894
484401
439340
794986
91758
298268
236188
756556
447963
707287
789001
441632
292256
412899
318446
839432
540499
493808
719847
160739
283175
832417
142639
933548
204288
729469
672932
345882
52237
513479
30437
541539
115074
451848
393430
274877
540039
962466
629003
724571
141955
693360
200812
899022
206548
588469
509412
393587
243911
838234
631523
807525
665718
13732
941378
610809
91214
771942
854676
507893
536341
262262
484077
97867
216371
328573
606062
556447
204760
777242
277388
926842
816586
70166
655377
398874
792809
476800
180556
354904
982869
734243
322735
735788
978459
866529
337235
309882
537500
454544
792272
370575
571199
963328
389375
670492
211256
562135
232931
261472
85584
400620
735731
868536
484493
490037
317539
689462
248550
17927
534874
936351
998738
618707
57805
190532
353365
24613
259008
274069
647531
794309
906184
118441
364348
904789
541168
436048
556218
317084
697742
965647
309482
795238
869902
686510
199803
616559
457019
738437
573780
410565
866192
773379
884410
161210
170516
334604
567705
219420
544601
43284
139533
98019
283539
764361
281244
705496
995758
315568
484845
449481
93956
881533
517902
773948
255936
638011
527076
708083
37779
786214
133180
574551
266954
60827
956875
40540
387094
30812
350839
415248
826892
354485
346709
871028
602018
331682
47040
740662
678649
727759
483240
544276
103151
655955
647581
184245
120085
769873
594774
682925
46121
415212
469669
379048
264104
754885
382460
98728
678328
239352
793363
979311
844190
234305
795069
771068
660418
435649
182156
734033
565717
272414
585050
73000
950910
313451
906216
426803
95044
715513
439894
972710
746393
568722
666586
315776
633026
480142
584902
794878
344465
819646
534637
789171
499295
164858
590571
979142
798646
300481
427756
144331
709671
666150
759687
592406
559571
931827
529404
833820
954901
106580
727220
11960
375535
405109
201737
553236
337203
966621
428395
136562
807023
202985
788140
10686
930569
393679
331893
475301
479221
67862
152592
972345
497949
918653
330754
353174
654193
200309
485797
532389
817289
157703
269328
446275
348137
874064
958493
758766
430118
462328
834769
944144
300030
901118
371881
519830
576450
339960
294321
441878
781506
345461
184367
637691
809642
44880
533961
251019
830245
376862
47059
318990
291136
476222
126849
142020
811308
969218
505610
746657
327011
643788
195676
565837
800682
876251
705817
816446
996332
699204
747870
745400
839004
661043
855904
893755
781483
372264
348048
539493
898371
607812
559327
384934
902685
885881
806202
173493
75192
595202
408872
491333
231692
750824
440085
74235
55555
65024
945374
79036
974858
999907
518362
112792
517489
150099
951943
870374
859209
684339
154487
133992
595494
971101
596785
797690
2707
511369
280510
401191
806860
415441
377652
489451
348204
670017
172911
921185
468695
698769
251658
442437
904236
150094
358888
593825
32486
51778
133052
30936
339817
233627
310526
818942
963664
483117
400635
332286
547295
401953
826842
888644
215484
281078
355419
347840
243127
810647
748599
111091
589954
656543
757516
573841
592957
978612
873335
976195
730162
580394
166578
750692
535971
449195
113166
554161
201730
457128
377563
989344
576077
309275
225059
549805
55159
885659
654624
419642
89178
461149
460800
6431
746726
310507
206066
130642
616359
803439
737628
900221
807294
856874
139322
735903
752109
268443
304599
546368
576317
488119
500271
131651
73896
389311
396464
582988
187804
476696
966576
546150
353333
627480
150096
453507
559030
197591
451027
607361
186190
938722
77193
386176
843341
870392
174503
463472
70422
389591
737916
295689
561824
396674
704168
977165
340322
452137
524861
340576
25049
374130
505538
372242
18218
753668
118527
201582
801184
693030
348366
133251
329407
339670
629565
627202
946139
588196
133076
614253
11878
924304
200860
137586
423279
766205
826297
299887
814190
104922
889016
326451
987842
336664
114733
189172
910851
944116
588389
57432
745304
544926
308844
408114
485870
511864
978672
433364
227455
509287
565544
287094
51238
781482
180338
990137
66061
473950
523308
672358
17236
17857
646751
553
840577
206886
988263
982717
377074
776867
357014
812512
755871
246749
770202
120712
651283
365058
3690
54509
129525
256929
136433
219371
372390
290801
767305
649590
610520
517704
910833
284963
760544
740678
708903
948182
284406
688896
70263
30687
379647
556299
851982
876290
217114
841516
427836
404428
461168
879858
792720
52476
961771
72293
113851
281182
595235
553753
178709
764789
533244
207857
474040
866848
665468
53655
441991
399074
617792
172953
877519
359075
357559
259584
720226
257857
652901
289898
778947
877303
918627
438390
502240
24212
635096
511350
48598
948099
352081
792219
90920
286895
899236
384484
138494
165845
851926
388695
582748
312712
305084
371962
849122
696554
391179
866815
599861
248236
431441
234328
453269
35202
474491
886022
524850
768492
717857
250663
202629
124781
1063
177358
542868
228278
577377
306517
248506
14351
651604
789254
772755
935224
877336
937282
341744
903344
287986
641553
994426
672383
918779
259263
358316
674943
673983
648690
988084
390205
16267
737387
496628
742712
59416
545324
564960
831383
44992
381711
554725
316466
83929
534172
680951
625621
731400
737865
534796
962300
503700
36405
31837
10281
872396
713660
266933
368864
700530
507586
403786
571446
920593
973209
257991
988740
134356
786242
116485
865778
620740
670366
567794
137699
366994
258775
840287
110677
616979
137704
685450
675301
912990
472884
794215
261360
38284
886510
295001
422604
244129
657709
879468
215671
957865
611914
984469
977783
636372
548238
844764
875904
506991
529240
240069
492004
723661
575938
759063
93953
577020
299591
359785
654361
955168
998320
540509
71701
403207
431532
48608
829116
291312
189792
894620
976152
597855
332093
694096
384436
983453
618975
507962
777072
915475
529809
309121
172613
576897
594071
683961
819368
665355
436567
334169
452428
167868
341644
942412
495576
626543
792799
719966
350723
691356
287992
432117
960853
520445
639242
3238
677977
822929
893634
124587
953272
542258
170778
835165
335475
746449
641945
132881
390965
825618
380798
846459
303512
37478
788376
153935
187750
253859
391694
396489
711929
671813
826840
290786
6067
651409
721460
568825
112646
193931
798494
487583
350002
326096
875984
24900
399642
182470
166540
207698
883749
79937
101948
465557
177481
943829
676637
930922
239492
869828
466165
403491
822282
24491
561602
48270
36125
565478
350733
868052
802787
755928
161714
267692
459579
171705
139675
405460
45684
906123
84287
768565
262977
171480
785717
477968
879490
627573
66250
135875
426547
445199
482645
612014
254201
504624
895612
389328
456257
141223
321901
862318
320217
502366
965459
890803
977394
706521
647526
993644
263207
239980
563961
295557
636712
315192
606208
446965
466437
799200
965527
313954
749110
119568
631421
486304
508622
507704
504484
542769
734203
521159
536374
79802
534136
273429
858427
387955
552774
104156
28836
913125
231185
902916
457361
445786
249290
747699
759739
475107
344675
91678
929767
640834
830312
961993
207294
560813
404860
676872
190717
34568
221054
701735
929565
225513
343229
934948
154013
947608
331814
994741
779907
532118
137806
36822
271358
862929
335457
223570
740095
746698
438882
855731
497890
102992
85590
947968
449630
18557
440293
949984
738440
584110
532023
895616
804049
752529
490967
913024
840151
835062
930889
369052
308164
139502
506372
696758
363426
768465
473133
597000
393889
718781
901338
577489
392737
857758
213679
49557
306751
355077
327386
390612
833969
982225
305767
993464
825758
249227
944353
222319
189505
911689
773139
680542
709335
992477
466034
440541
22674
470540
52030
635925
482205
343393
878564
861136
517973
327325
598138
951956
735408
175294
158421
132996
751824
132768
366560
20999
529897
177273
426596
690649
839249
971615
567650
47541
502613
56634
280755
305226
830295
967929
772803
581431
989130
570526
807869
149062
992161
940636
901696
168120
562318
675654
163767
353044
124684
71676
621182
745870
935020
474879
196838
907992
816260
782449
728379
521591
474466
183207
518292
914140
360968
269706
304354
621708
709860
753312
993479
971302
230589
585496
759644
18251
713050
659872
199243
826445
106908
731679
973132
193068
813116
615563
7659
864399
626883
431030
512750
78975
924528
107161
76835
312909
412234
701527
297698
944662
286516
485335
974906
207142
369681
642880
471750
290456
769443
120049
650041
102274
985540
911138
485562
268264
634194
621006
742538
386155
386236
339158
807402
91248
812432
252665
71061
937614
755748
791771
139326
611835
695734
233687
772498
633467
14453
617293
150402
776335
351625
515635
302036
827940
977844
597984
911664
631177
770600
670510
493115
242562
67559
607352
878754
200491
819598
79984
839516
592919
433078
99857
197454
271574
421045
598186
214827
713671
74234
399610
91108
847930
150052
70145
116234
374569
651415
430466
295892
122848
884326
888882
233993
870915
426151
217934
957224
785257
582478
216388
191720
968793
348790
692865
477714
629924
245546
171785
907251
469251
119502
836257
163810
21439
453079
818300
895326
34044
970059
448460
989736
128398
654639
56093
575251
435168
853637
421076
631962
986101
961374
75721
814322
899333
378933
639455
124666
813494
188458
794092
990323
617908
764392
128734
345659
354643
503138
364508
166826
622861
258456
267039
86982
762751
81329
297398
566734
721199
786395
226079
915355
816669
220869
604590
287165
323553
684304
410225
346686
766694
604351
133926
274908
472248
863005
173051
33323
112745
559628
414648
503938
36341
214255
481237
657326
17265
419146
796746
707158
348135
943382
145916
888327
928554
180334
873046
509463
222834
597137
626429
222324
486686
377832
475177
498676
102743
1566
44362
798905
568849
516584
494062
427265
165645
881900
639506
411776
388168
740207
405530
442458
452891
199989
746059
508197
257712
529053
526338
760242
921227
394526
876384
915887
339658
180010
262586
130209
279435
811172
204628
879402
730715
146260
288395
669195
67191
462249
416826
845173
308045
905431
195442
423500
702471
285093
528393
11876
118310
963663
364751
42128
486519
111689
429736
328935
14190
340937
370994
328583
513417
273000
853830
167287
22315
399773
156911
742676
388801
59037
527159
150524
939718
32341
735573
673910
504049
539512
374084
562270
711380
501696
384505
536735
198935
530763
586040
971116
648692
123371
242630
376470
924507
630496
580708
732363
203022
725817
737015
6683
529842
100181
199425
274669
69223
364089
781681
896679
30487
620474
533082
223656
595682
292374
433666
262503
503850
994272
671025
990642
162558
600940
715238
284658
727973
673888
417755
632380
888142
486397
944565
839265
709067
471148
480894
252410
196965
508218
977951
748926
872514
795115
673467
121254
712526
434049
522750
249041
468218
978047
525621
791555
224703
815095
426790
218886
413503
367780
815181
269958
674151
898619
405498
765584
436847
406014
456853
182679
355242
533109
182575
194766
889534
248975
527362
951565
58144
842442
215948
967428
104136
117165
580467
839161
77822
723611
313277
551287
332808
156893
929825
500292
831398
33518
160737
986033
534197
44802
779181
866750
996848
556020
323109
586713
500824
442217
747729
974001
925774
16423
691712
492009
176851
209807
385470
971107
699935
664099
741968
609534
531910
636099
440831
277290
828672
712901
210176
75875
777540
631671
80240
842656
261254
177516
845314
649175
641172
802306
985727
15398
160603
823087
803226
424386
950204
419655
305339
950330
791374
142938
10580
245410
900088
860065
686360
81518
596930
473326
721319
292828
572198
47591
861774
763485
360960
564676
460238
723521
282296
837692
439820
471672
557677
106287
363907
693249
723695
958385
544824
870881
967799
60284
93055
889924
534681
543319
547038
317896
976848
333725
863538
518792
629220
126368
225077
521360
802315
446864
381107
245793
134851
343836
562308
487959
516146
108523
849042
69396
813724
147453
52459
433585
663528
402152
588930
882111
209920
689506
104133
512161
518106
667281
702631
713062
22844
131985
197845
763712
349090
396210
923085
850538
821918
57071
708571
365845
794825
856327
107244
884673
321773
656736
159585
423586
130669
776709
521439
252620
251213
826875
641198
742402
606995
619325
872481
157370
680269
888215
633785
487886
415316
182094
769655
60263
759719
935941
950531
613593
204861
559576
403566
398634
772915
735239
253160
769516
271706
998130
780690
372821
355686
427179
135899
817627
649821
39486
467680
848391
729326
891874
318531
559348
295120
775541
899148
566259
812313
167643
585224
480986
554354
576168
966143
162427
473460
842471
221153
468881
876362
656539
543925
959049
409275
92637
704843
965561
203636
708979
835948
680329
445550
479401
429344
679217
196230
557103
223744
719342
346767
813653
979801
212125
976387
406346
298230
906677
469212
994549
215505
544224
100684
459894
914524
42960
701145
536258
272480
904955
827422
207984
477496
657147
91459
86204
748705
888139
862979
120083
421423
925677
779288
131932
762974
146138
71358
268130
643540
467932
945559
296814
967602
989630
820685
609618
655203
13947
406072
272809
10939
317579
941423
128998
954963
452382
845677
860325
290151
810098
221970
668728
469822
784874
913161
649057
182471
809229
769039
677767
888417
868939
645904
148775
431850
787471
426617
503876
514641
713529
195065
289194
230988
374966
128558
440574
60775
73148
928080
533143
220520
666677
86318
958314
899951
827256
854539
900094
155410
313146
495040
726425
677575
697255
570095
133017
752903
867964
467861
514746
835782
136368
743451
87756
562304
550354
744331
826285
648185
173428
917936
112583
778458
348850
225512
97313
122440
140352
280334
818525
390050
938126
812072
239077
464215
639811
379618
920220
679279
446113
612362
734337
71630
867148
970672
599344
255283
517615
173944
472841
87720
946321
700083
536140
957370
841844
990897
158975
128547
638425
574356
188839
497871
220090
283123
372014
13357
657436
494134
644689
298541
612028
388059
342784
410808
109954
408662
186115
211185
583897
685273
906822
967669
692314
367770
737947
461913
334458
386457
394167
988440
963276
485531
565732
783176
196684
750697
639218
53365
935467
990582
294527
75977
864288
607066
270886
224030
289566
692243
70232
188144
449690
933225
573774
441646
21672
687692
764384
354842
467899
883015
391307
756856
522501
579947
743082
972935
314113
952277
974526
174665
582797
49975
44756
790961
535848
715704
210278
90986
934032
818108
732719
209841
159598
258310
945296
474661
318389
975915
188193
771200
717413
651171
627791
471196
973259
819476
656843
795065
421671
341579
968408
122380
34847
731549
60237
21270
255455
326078
748000
181769
178797
132981
408905
929919
888466
515739
567534
27189
987840
788304
201250
947343
394149
436751
884561
604237
508981
538404
775625
238864
960446
481997
785967
860153
967930
617657
760742
216151
734910
376932
605095
943762
666735
224813
309753
457567
585503
829824
698413
753589
495105
826119
889347
145312
789083
425206
382355
49583
525265
360568
128316
728226
753820
816814
947493
782756
244132
304298
502607
364237
422430
88247
269312
618464
654403
946430
134540
234630
776889
933752
520888
171997
152550
995770
275386
352935
376502
871203
179112
451041
712303
104907
876805
752731
50799
137713
678077
148691
796854
79128
629154
235904
896681
355553
863097
547297
767268
821752
140869
870993
976038
874717
263346
926041
103058
585381
649125
279474
631281
221937
45430
876753
56673
308571
759364
210332
584863
364867
436612
766230
805442
363417
400734
358896
222777
701367
283307
709434
993685
75703
398098
891684
886369
985823
84993
369632
961579
3157
396835
188776
404337
915238
658165
303630
603649
739495
947435
206869
313057
228544
92873
145404
856404
248472
471021
448743
975163
331174
857820
113165
849165
745355
762474
154863
516368
627979
135062
696379
902922
897901
97257
185786
447822
742389
816184
706514
791148
221463
370185
885964
794837
742387
2989
484427
996928
571500
683474
908360
248016
848737
440886
732421
1788
88534
576295
915950
808053
591507
796885
982410
101929
740698
325848
902922
708482
671702
10573
689311
469268
811246
355236
36317
343425
554106
665485
461569
46310
325541
222286
201408
436720
621506
155593
77028
225827
787150
663619
105170
449203
859011
947145
138187
534784
18870
730329
705558
313541
950256
331533
436230
156330
856247
568806
936655
948980
121476
829628
304512
67387
194163
157872
334569
69507
702696
932196
795982
38324
953124
446917
851643
245564
400479
228236
826476
834243
41978
18598
180128
387744
153553
361707
474648
448843
352104
205008
96248
473204
343402
835144
672884
251514
135203
689484
987629
31139
233815
781789
191457
218127
569498
218946
831958
834979
635960
754827
46146
500475
878636
823159
396225
10551
647447
196874
897288
866623
463546
85588
935485
319000
937115
913906
994663
940156
948532
458729
455457
55900
8237
832022
579507
826160
281007
355196
149412
612899
377966
783326
631551
152635
974877
729656
648099
811637
171119
210199
390050
189004
50656
871582
405128
540103
173661
173645
795304
130411
955858
304973
119672
608648
993354
763843
34268
781992
384477
74352
556361
121363
612842
768181
478809
389231
471557
547794
159325
217861
659413
248870
419757
952721
406183
322135
306904
897005
27662
65763
828651
413111
983190
782698
116589
314243
105
432076
299510
836222
581377
729741
811543
956024
662069
228174
791205
773508
358871
132534
148484
203768
242741
593526
507174
588091
593389
478628
331528
521229
387276
798613
864358
973736
612704
582478
790876
404110
272691
730339
663568
559332
649675
601130
213666
899045
957260
477881
133818
692337
434974
111217
628995
980429
12425
71244
620546
297571
941867
67718
154594
145271
373964
469515
105620
725106
583563
593861
119008
982911
406914
794203
959614
520804
364305
801322
659747
897755
423884
974393
966381
456589
925770
902056
732976
94284
867753
565386
184921
544791
842566
582909
302711
693469
176337
487155
80517
668198
781601
473753
291713
984920
472095
307190
743479
648288
289346
617226
606158
354097
243877
935994
281369
561670
595634
515348
180929
97540
994564
921750
535058
5936
795389
277047
67459
539599
649607
664680
163721
256437
486604
660649
178909
245869
687568
141841
617673
935366
884602
487397
862488
77882
400646
939636
666986
482851
306341
476654
545601
215871
858109
620833
474330
930990
584835
372200
866970
750385
673404
855155
646312
979087
77230
38519
462364
304293
307007
989903
634972
825102
454940
25939
913135
928174
429751
246335
329182
266214
980090
382171
835463
127784
520474
601838
609337
622724
822628
629659
84539
948634
860841
398268
538654
260142
421652
220959
74661
231313
140701
589717
63792
518001
590459
425597
157325
426221
946685
105312
930664
175855
668464
892705
916924
68620
206744
187947
565282
349835
284196
217348
825125
343640
278036
653082
231865
700343
833601
612559
901308
346485
565820
790515
853854
355318
794732
826308
595027
671455
694204
16212
940546
857017
888898
71832
974845
654055
626339
586767
817674
462727
523376
330770
225027
670032
119984
932155
137502
379225
86103
384186
285935
426758
967882
469873
950133
229656
737851
509237
214023
164382
623061
894356
164468
308425
811211
533668
978871
536708
970534
981195
82133
955302
621836
600463
217986
743338
583127
7697
529603
435591
15678
217080
357019
217473
381162
768774
951406
108728
777715
598500
531274
757471
287031
895968
184080
628462
808074
410656
912452
903606
597768
581626
932764
477990
731315
50281
716583
93371
343832
942034
631110
274989
710862
429355
65289
877518
274255
117843
930925
708458
209540
477327
483002
206214
687559
151208
520611
9232
806986
650263
830662
761672
391145
974925
638637
846804
813646
293637
744123
884822
679123
875839
220364
116830
267007
105062
440451
604065
44991
109297
254227
119773
82434
656282
726996
133633
887124
366532
902528
16952
210907
819496
449696
996137
957666
576912
537483
805445
608427
224568
760886
826679
787009
643005
152316
690741
457863
63318
89899
930396
69957
921719
901614
96192
669364
311548
673394
146088
690106
198184
318831
612229
489851
916515
620986
707546
311797
556083
719253
478241
842574
157892
638890
636952
399678
178389
736383
286156
256780
20529
938694
965095
79145
468571
851403
139689
408945
298223
311094
222713
324362
820426
81179
267158
505165
179634
641931
296196
928448
424873
664001
102378
262764
317181
685665
502623
543424
801433
959695
275633
66424
574415
136287
18976
551215
634933
373391
392097
30909
102603
659858
223535
995671
602560
915308
265894
260980
409839
712940
9346
678692
161810
409779
534443
647476
870159
49344
271342
796526
243550
538529
426054
805855
767046
149866
448649
987424
584521
844913
37985
796193
802790
879995
130253
897343
483501
473274
821482
150572
538378
53184
738442
226654
374029
510373
488141
150876
41335
939066
759723
332042
428608
366351
452195
605387
565544
313369
490088
394809
103158
170656
802315
568173
80771
863368
981862
119140
722137
806960
481718
15265
550183
561376
381303
860684
436779
367141
604655
838091
929817
449812
102151
662198
341204
760514
88013
869016
511937
66814
554288
355702
544021
243007
521709
237261
218585
173058
927894
530654
779147
960430
570437
262125
48471
727164
342802
946531
446642
277461
664154
79247
457303
691143
369450
124529
138670
24822
331093
516958
280922
714189
175697
631148
49322
814911
622685
100455
575124
887582
95829
357300
114811
174226
237570
390348
448751
475077
500561
197707
850181
304354
999647
839092
406485
499819
316022
54237
640021
539539
797798
351596
470822
665706
385851
20551
25341
141059
810900
345450
194549
965419
909534
467712
660942
773689
346633
58498
170096
806386
342680
865294
711826
841682
134486
207522
750165
569315
118140
355065
618146
14809
84299
628780
114201
971907
936222
664462
587300
617334
53083
368879
841870
974328
586059
801130
540824
596943
486575
70204
151533
278959
349209
348633
260552
956777
480649
635720
992870
936458
683052
689999
194663
478828
986470
620854
181327
242199
129355
633487
553342
40093
692509
539541
633925
695885
907741
804022
326864
462361
556449
451082
14394
633076
415229
963799
509074
122058
988846
848493
878417
516130
375065
710188
613676
295982
422906
184976
47992
70750
117695
603142
672651
940417
987057
972957
706279
268065
376238
650064
430985
713587
690327
300083
830659
426084
467615
378979
157790
920458
698804
664265
618489
905794
14166
94407
46073
874601
673352
419939
689650
170318
899557
466295
890074
194227
303740
107987
250653
172228
534699
89482
341689
249296
248534
710652
975564
352662
243983
135602
659230
3047
494928
770339
574280
486820
458988
826424
438945
756833
228538
932742
506404
160602
76740
924093
401948
744015
24455
297197
64948
492593
435023
867196
147583
860600
948006
642690
119013
861831
33479
678454
846973
143016
400772
887870
25107
869500
833875
200074
329815
401239
180413
806947
358169
583078
403311
514846
694735
496883
248562
566892
534994
248340
437725
790479
398814
427698
833275
282961
592002
379003
261092
987216
133687
975300
967137
595168
373757
305384
455662
946130
558004
830845
698738
137307
980872
939846
785440
333002
446442
226571
85017
926470
609833
348404
908829
79171
258257
790262
479327
727082
753414
944777
421376
876092
437141
853686
356856
807075
436065
736210
304405
688357
591663
194487
194640
311447
84585
742918
310411
645623
845532
508898
277146
986550
79196
986589
344406
835014
225765
702800
174970
633452
546869
24192
189765
689962
265301
196581
800064
209571
21937
547270
42055
749409
459922
388198
515534
576195
264928
335302
8223
134597
997661
74069
195523
890538
223261
774646
418012
883873
499552
295689
560372
13420
268564
423273
441585
27467
402213
241554
52683
109543
755447
190498
735117
625261
7758
641750
206519
919161
638815
795569
405376
78134
128324
382419
915318
785991
650281
468448
87481
279885
906489
76923
274726
146168
919205
706507
123473
135264
431247
406683
275842
517820
566224
737690
907518
707351
342318
653580
742735
528603
382483
62630
194899
141552
768266
348516
337877
703518
751922
572659
477274
323102
942658
963375
766545
743257
731166
474278
926593
67858
809974
187594
895027
440245
91295
865480
77018
203645
32949
598958
534602
679974
236747
106862
244141
38974
327606
644720
2797
984630
810522
619909
212831
707274
454453
225053
317467
603842
523027
852398
756925
754158
119411
399077
926242
330078
483871
956482
444658
563406
796474
616781
514844
512017
145787
301812
12155
430208
246882
386449
842497
620072
745440
701851
664845
707045
604312
512660
410330
861251
108361
910263
193216
954399
91356
923467
828322
318831
929058
245585
574487
469120
318970
547162
952653
727179
188921
898328
429461
31852
947822
976736
842099
871030
244977
131053
795419
176203
481269
634992
306115
347853
250957
517747
588110
824263
101265
149927
119172
840647
309639
333842
735137
5409
532653
113262
790167
497987
858578
672381
946133
26929
263708
193747
447242
631754
856399
359735
238146
712033
491182
610884
579452
65645
923767
531025
723083
228673
682645
791508
522123
847852
922818
562155
634676
697799
636077
395688
321789
627089
90934
861534
180506
928129
139942
201471
146144
797114
879018
526654
600963
785837
55623
955683
247934
362958
72285
344954
567138
334975
13112
924071
751236
16589
447397
383746
291747
504350
3815
386674
749423
345302
458048
135605
948750
346569
869994
927612
825249
105071
552741
473598
194902
837660
181760
124122
376501
343467
162130
74694
106121
726144
322259
117206
691629
602712
831337
817693
307587
392703
603219
837409
247680
322187
826687
587198
398321
849754
326129
394863
87531
643345
852992
806974
767007
594666
235732
998003
294531
885517
737809
371763
690536
634640
51873
185493
977432
924092
132929
128956
444383
473037
824952
477799
523444
3253
442445
365599
916062
387154
916058
51167
257487
909563
747005
360817
992993
776219
793014
263644
290381
317634
473874
663438
138180
702486
555949
944176
448398
547919
166646
679272
441898
311053
965900
938381
993119
341949
587380
370345
172031
781380
937081
932519
630761
453204
109257
84936
866511
2177
349319
387506
610928
833468
968613
671418
82785
579601
709834
527490
599749
685361
23204
317346
742769
49940
872528
898539
205555
672366
274275
332290
218507
470049
851890
436670
725958
214377
301400
247962
806743
557427
210934
853390
166475
586321
808470
375577
512067
83392
39975
376620
671129
811521
428878
2497
278373
498218
352284
627586
497661
267247
535413
592965
396831
725815
323981
970585
758812
172664
588192
906139
412335
482994
803109
486620
781872
226237
380676
482674
971773
310294
607040
890160
37867
485988
747540
317865
486341
610878
346689
859334
384317
486679
221449
983903
70206
265882
643797
30883
535713
643447
355563
888683
808033
316674
258979
806249
589699
478544
394434
875325
522128
579213
354381
563611
973008
234627
731726
973694
711537
239481
605884
600466
467725
94478
710243
429472
26960
308898
474997
962640
256671
381762
388782
845453
83204
861045
468211
791424
346622
539320
120798
690474
91173
280424
919756
443106
726340
337321
114161
170519
393351
22774
648490
470503
281196
367874
365568
8776
774404
325916
992245
193913
865009
275230
357442
764869
728713
134961
614002
371551
878655
426840
732672
392502
821689
463319
79075
549453
900635
812762
720369
250460
958443
495394
905423
439535
533049
894598
666365
739465
660707
117612
586488
253085
296554
479673
771673
651812
663126
487847
595697
697143
183187
378727
598644
552778
52074
718395
708187
384448
595284
785453
273632
914681
379875
83896
31458
176695
211658
271558
452432
898776
794552
523717
442419
459272
543653
4202
282020
560794
462901
593801
460952
11159
600561
896953
29666
92095
561974
303720
415963
518715
540901
168449
852820
938896
808616
629021
373069
469373
721701
551179
309454
884061
316368
566864
263577
637340
718934
44863
678886
818157
454938
244462
349658
105415
57400
986413
39665
272377
803253
423311
299495
260094
972781
453091
725706
504073
630233
292368
527836
133251
471542
368184
339753
319762
43439
385213
970789
158155
608909
823606
843214
813203
470231
291825
777584
925797
946053
193353
226154
248981
925735
856297
854409
507318
12914
708020
712902
496746
43943
353509
306992
876603
482005
406264
288417
912085
224334
730480
159263
717147
722808
426579
194701
838706
78734
392429
805623
4759
34719
49510
564180
280376
97273
938477
580129
458413
137724
866092
871263
944797
167888
979353
975748
146797
975352
115722
731607
195183
257608
289655
498418
209754
975709
147153
361933
246251
970584
540710
739103
228026
100679
192781
510531
924626
321058
268979
207256
578143
93336
823724
528620
940847
701227
818083
871671
337606
126388
195188
567278
929019
512870
248691
256717
278413
213083
546715
89587
848500
715909
399666
402934
267315
834462
107304
757957
819430
48323
64755
159173
621659
276119
122356
400277
305969
885942
498073
697351
16175
421367
968951
382115
358231
723939
272601
192779
577758
134996
518123
526945
717213
702096
571933
163970
746358
365890
510219
198407
936405
216504
669749
228896
744701
59608
840232
442290
895911
644741
367647
263398
777225
475177
960555
197408
422988
910646
233603
580402
688175
921586
815095
767228
144286
702115
884101
852272
332077
125943
197355
403398
106617
759431
103359
7120
910019
450671
783904
428891
622382
950836
584207
149440
851985
211352
592961
811984
552543
968483
216802
197198
925421
40044
206218
230301
847716
504697
168213
256097
554865
914718
735749
318535
707808
487313
53078
898350
106857
2670
534825
382724
252198
781917
812540
331595
131981
614815
411463
596398
941087
772267
110932
277625
369467
98536
511832
344671
962673
754509
784596
216167
848044
206892
32372
453839
646429
250823
623323
710216
302955
550553
462371
254304
491570
404652
474882
731713
690827
299780
196072
639069
559718
295041
237897
752122
902598
312832
548803
622893
946169
640794
712311
690847
162245
443726
693629
171355
383445
367911
501913
7890
301001
71444
524971
697811
490088
215313
352437
479771
498959
591970
186969
647829
84565
782107
568100
356072
582398
532382
932728
113739
823953
647145
634088
959031
448892
990793
802056
550074
59050
103164
610172
304878
86040
80111
79381
590148
731234
554791
347094
341458
705465
753703
9854
907098
758626
993977
7618
416679
925901
887038
91309
838125
668012
441541
513755
341414
982428
51095
449240
503781
222979
428096
102049
109894
182957
645232
742915
135052
84876
924848
747576
405861
505464
682264
427689
528337
847661
437994
533088
275070
308994
490038
479440
571540
811887
824727
539876
779311
433116
441868
529557
687080
976604
862555
217377
568885
875662
930588
334199
14004
166644
540620
963663
824251
75699
606577
749343
97591
150129
689788
881091
524864
809921
7892
941076
457599
291042
835081
731723
955388
247443
567137
736899
547514
963416
201741
26848
769901
752859
776431
359579
589801
643229
650121
452791
126883
484892
15194
270392
717223
5921
559344
260870
587601
623756
887090
545917
617180
180544
894741
437075
759286
628443
47944
136470
240046
720799
79213
916541
570305
870561
475717
99853
959266
206663
415202
714804
162469
964913
69375
866760
726837
744344
194611
696919
681891
513537
61049
348427
236614
484555
239964
853704
876618
798719
848919
18606
6057
964251
781245
109542
922127
20792
10220
986943
172372
491097
495309
532770
719248
253226
606221
40383
341476
874222
426282
888626
115414
698693
305583
231636
874878
214229
283601
780631
768132
887146
362821
605011
877683
148002
144699
663864
687322
117137
181086
629886
957497
276882
597010
128435
750857
423138
260171
106493
919942
543812
833733
457157
466288
642111
930902
340332
990077
235488
987836
255463
310705
111303
757195
469548
551026
557075
904287
927251
173589
606082
836702
490189
112668
672311
808967
747421
818705
71874
490524
394085
118984
830695
770594
562233
267907
529526
200613
437444
721716
376253
26789
727010
191200
565875
928615
799369
344291
771600
782845
651932
511626
276856
611401
764533
347133
807987
426171
616664
605215
654921
519843
252254
140742
993049
839904
357721
430540
658690
49959
985375
800213
906667
146238
795008
545499
497584
191066
465191
400515
818733
550773
927304
867770
123951
891786
89911
341538
782943
29642
822984
430313
936662
685143
674007
926657
789287
845441
505816
737563
126291
997109
246185
768145
748894
890156
813108
327557
890819
894279
41165
185827
123245
681536
502301
204936
238598
886245
563518
479170
290135
819276
332904
175554
86060
702727
998535
911314
303006
828968
368753
354903
990227
376760
201097
49763
421695
912588
117833
545489
912347
391414
464963
837649
287765
986945
953785
726244
330697
130495
690585
187547
209837
697597
75597
101604
186234
993082
777737
815485
505644
317573
60944
13117
790048
512558
108365
214029
767496
524428
155117
100875
230710
805773
444013
361916
994016
978753
926800
969523
119620
501193
978759
269907
714140
319738
928870
631042
193367
523646
440042
783511
894253
231719
263871
191950
456248
817727
450651
464940
198847
603582
814140
887464
114673
904862
316197
104855
796471
516459
300069
170715
925341
405042
620639
419276
193341
382844
222290
348127
907998
344289
598433
617871
171586
505146
974147
775950
12371
67508
900310
706874
435742
716254
103752
270151
616861
669427
372262
13444
155447
621404
512992
499616
991177
594915
923442
797374
401827
946590
422202
338721
936443
518141
432239
760438
269220
446572
754602
990911
33526
928401
75424
263726
120101
175120
451311
368854
226513
294206
590146
97534
157698
700207
706164
118607
170169
12478
789485
987416
68100
408897
812275
722560
374901
596411
145201
904304
521357
206668
681364
341502
568254
680952
478047
705906
102625
442341
142810
285075
617474
589959
871828
691264
906895
408797
808137
885595
35885
91812
199521
198204
971791
654245
801342
695060
453010
267970
934617
631476
904438
543123
879335
848497
742048
831957
245066
93188
192439
404583
234905
326576
966358
720010
466138
39048
226916
902193
598159
22655
278138
966937
824535
172751
35839
29156
27976
611354
714654
344177
973206
999150
204113
768367
244974
253969
753727
722679
58825
902771
947862
631602
234466
33457
859024
601740
457274
278018
384401
82235
55639
808035
245115
281722
111346
133012
21152
981021
524541
364576
82636
891974
590921
102375
380310
642773
728704
536587
191919
729969
685069
196224
626187
547066
729469
675846
267539
96825
763014
722645
607353
134503
796901
456955
556348
894489
76239
525955
265321
803969
347967
965119
311568
804657
937288
104318
428576
145143
523751
249897
840610
448011
568287
902849
182320
591749
27727
617520
735920
682195
2596
8265
574767
598625
141193
868538
267536
61187
149670
548395
280930
391372
938381
418473
377568
214305
909155
509643
659015
298731
85783
131968
107257
767357
541968
366547
408681
384607
351564
154737
850036
760632
818079
565389
582712
878425
483696
965586
132666
186302
345973
571343
591190
166881
579729
262389
458494
458137
102390
587279
336243
10092
65218
59239
524288
358375
250409
711539
20366
837907
483286
887773
462002
843181
689646
784304
16234
487396
96168
684676
751836
238682
224046
929703
958285
199491
678337
463597
193284
439072
625683
373054
289136
159213
815825
45979
528911
581100
736402
287315
332336
971461
399671
38737
785035
634542
988025
929816
580491
556189
158587
346078
691491
730033
629731
702592
834897
790594
656605
995295
543034
818295
354275
991224
97558
860835
417216
557826
355861
537047
727433
531925
740309
649012
773856
894887
428658
633089
873632
497890
456194
646352
319431
365850
416351
708480
453289
794651
57531
342153
258313
820180
186328
641268
81656
999138
583809
649412
857594
399454
772377
491211
192126
820588
422445
729534
654848
118402
28708
802617
717589
611219
734502
206663
182910
235716
219218
757722
751982
443538
34648
276610
444197
473490
148662
207195
942713
464124
969867
190585
711073
106253
606066
350946
390999
57262
923448
731140
178226
326244
234913
503322
792267
298734
566493
358715
222763
414515
834079
347546
453772
823290
285560
370285
84743
652425
487625
464596
236646
840399
612399
173710
968475
319974
220756
57545
78900
345899
565388
327726
880313
899561
528857
598413
914877
966300
429823
76725
860478
85086
258221
29928
451343
806487
423283
182539
853834
868930
875318
346894
523959
461142
574621
605529
400677
914137
332257
367426
19444
678600
524898
261661
247969
797841
739717
710753
635522
974747
595442
127334
236908
410595
197829
457887
198542
352857
513391
911323
883144
712590
592044
601131
972157
118305
816051
213716
468062
140613
390525
124735
444082
640859
94309
98795
960663
91303
20293
302020
977806
713608
529604
686550
331197
892487
442022
164203
286504
577073
115630
731234
259205
179133
706271
192200
431922
452889
7255
27594
771379
485022
720654
903517
869690
66329
984556
766212
782554
257136
821444
492111
601968
241109
897028
219087
432960
655832
406301
478381
751971
300027
284237
534323
106762
249543
329672
76927
684926
850006
453704
85717
889793
727500
774080
476710
316483
818275
208242
404369
183430
420576
749339
241923
365082
380653
386389
74116
244673
968945
863007
211938
696110
155278
998904
458262
789799
957356
435722
83799
855435
581319
885264
46772
171356
249141
261315
582839
603637
971680
178645
735891
660409
205040
825419
664569
56303
252813
200674
998240
678328
1862
156713
903926
863372
541719
239697
328232
390201
520824
383507
581549
215192
358430
535706
529869
434050
596676
951242
693387
578061
963724
803473
728116
854794
755018
494168
803410
324835
474340
119913
375093
850652
121687
830997
491314
835124
668082
362678
399446
176886
816545
228107
327913
610721
867804
506958
315097
123578
455061
194577
461548
326042
882669
726800
304888
595470
682741
159301
808269
50660
457098
22607
748657
454784
599230
138712
671348
25735
956007
257867
23149
316699
862112
32049
152464
508150
490641
303114
457372
615878
957254
32587
376881
130198
116865
805470
882329
508936
507525
485923
754737
280915
623249
854579
5839
469359
859137
766219
340928
213526
683106
643188
575797
726566
74032
823933
179060
491930
986963
396811
986873
300737
599043
527260
951831
140483
797562
956269
859483
300310
379670
918221
168375
143218
408239
159055
41997
771011
581365
469580
494419
340838
451447
146028
935675
532618
735777
376937
502692
681949
735973
153576
740086
640976
337527
295742
775804
290491
842707
402101
113264
515322
656457
420618
236127
68066
257519
166211
778495
818060
14505
451228
883719
509354
353848
963692
55823
686076
277753
106804
640854
178310
368165
816801
753741
143217
78900
302209
320618
244801
706313
54056
545803
252217
439927
110582
472429
453643
222473
743384
456434
110738
706865
918955
925945
255366
919250
172331
883422
301759
198682
622684
429955
491482
730993
173298
822143
461612
999435
93843
823047
492728
900140
409433
393543
375526
564230
178070
803730
351138
429285
842382
683173
67684
680422
390114
537845
214847
967951
841898
147964
688265
467176
161915
934253
186777
180198
461764
229033
211357
701938
836294
544601
565106
874027
48645
458139
814967
672363
689609
635228
984182
484242
368323
682966
510750
199881
594831
229578
493970
90709
889349
352194
84996
381709
621740
111237
2521
414456
764104
597991
355290
912254
670458
298322
595753
652969
847114
71792
425645
229607
47406
974495
497953
126572
127126
451720
579027
636118
78847
125842
350383
503016
993502
427214
617286
149068
408421
21498
169508
106049
110429
934977
154163
266968
626838
3764
341614
937937
142166
152346
178440
837768
995578
345107
850082
924695
366094
938177
401984
356466
968256
12601
61996
449806
185360
957903
472295
23841
530033
452893
426749
325131
949553
628969
661289
391793
829777
385153
563858
893255
107219
763143
11402
415256
755791
245327
892579
876734
540267
560718
352058
766955
114670
134096
922800
318428
140991
430454
661169
796439
65058
312650
523843
459344
723560
133787
129979
135114
75229
905821
976009
82637
469455
546785
305068
493424
692821
250298
457618
652535
632897
859818
803138
211640
618238
837277
89787
285213
982791
198221
861462
988209
312304
909399
220771
981765
268320
346691
354169
568256
137124
954663
188279
753813
686461
163853
126272
363812
615691
938227
984009
160302
444225
145197
482752
293724
296006
517308
543755
610924
904825
544468
29841
664900
553463
714134
501077
361493
24879
379471
607790
395511
911463
871532
161670
293113
704705
782339
750197
578896
870563
525970
353915
243925
847383
74302
43783
20871
583567
241360
753125
15987
702841
529123
770629
270791
728933
920555
874306
745465
195489
569146
297282
71699
876609
193479
89896
792399
500885
928873
79168
197103
389571
706517
365692
876796
336278
725525
551799
208253
214385
407947
436800
53881
129323
185580
800583
151647
404379
280787
228701
703153
549896
743782
663512
706474
560633
519288
415664
882591
16513
644854
934217
832297
328126
63716
282804
635652
443794
734602
540708
257359
735309
41798
48300
268962
69545
356721
631807
813432
488131
702718
460666
944456
223182
138092
457394
803290
17818
513691
258159
365536
138525
813971
281738
638813
978519
287382
96541
245738
122380
375891
252019
112094
189489
871454
890511
612332
735508
462801
169858
568165
954517
608307
161090
939060
78066
894305
655591
795615
318521
87839
840489
653843
576228
22959
444952
915605
519721
750373
563697
412901
814108
627495
399126
271950
735372
391194
115860
585467
396034
375855
521453
112841
565943
926820
478794
777290
655895
446993
584258
1326
782064
164016
908849
851476
825280
730796
293484
127707
710415
211731
270613
856476
709371
961537
225704
554062
504285
814173
152063
941643
432299
198331
599144
754697
139422
761809
556105
802052
137181
425249
906218
399151
966458
261753
285989
857013
891323
482856
389165
562302
662222
602743
414412
904313
262200
301754
876083
204097
780289
174338
716390
248897
365436
145901
908630
901782
922481
782682
635133
846133
188983
611341
314395
842891
958819
514789
103103
604343
145112
952379
672538
306510
830562
757512
529296
408245
624925
469675
684639
910251
313545
903763
314421
231852
459092
203787
230273
274153
810724
328720
837028
874151
453073
418267
500132
331622
585030
763114
280263
472906
220067
633574
437684
728729
420797
656069
402145
437895
500458
20542
716122
78042
563162
954456
524399
487896
785534
267061
651206
974779
22388
692134
219571
746954
109503
664166
239276
415202
774884
509703
471334
324650
632156
772218
952045
887827
615776
249033
881183
850615
151936
590869
59732
582554
108519
903241
710376
77531
52485
283970
81508
141488
944177
267922
253286
116138
519756
350902
452833
126628
858295
809599
914825
876253
641774
52932
285630
109300
425197
369150
981567
873285
3889
965132
794697
453013
568105
281127
216857
948841
342910
811700
395596
940763
73501
602208
866703
490400
910580
199568
268962
735709
799225
481738
119428
738940
578797
585015
271015
471360
683577
310843
881208
309288
751049
32451
602034
933129
712503
759008
401300
289526
600218
687246
205645
838127
308381
372993
999379
338227
872551
126899
566718
544478
241556
26525
248576
348261
299477
653947
112749
815517
686940
785703
19878
843253
505920
879667
28608
867137
464491
176698
905771
71988
231851
854096
67254
200024
921185
247158
289273
941635
985987
800440
131988
806017
680849
2900
325273
126782
898341
536760
848568
714639
768982
626833
32610
676716
203641
991840
627673
300695
66582
779148
290651
521343
120691
392934
504458
732468
200476
604041
963866
941373
319405
909763
639417
601244
443503
741728
376627
520409
122992
50022
614506
711472
93921
980634
561331
387706
778254
649627
65761
599847
684330
772211
216795
501416
55952
24791
428228
32959
871069
286849
550282
951612
912518
19344
249287
878382
938227
781779
150904
440737
848335
969639
700590
404864
886516
508357
785312
391668
774475
236297
62972
43318
818247
661430
662368
878298
449258
964508
361419
15181
291
721837
441226
666894
736129
906193
44223
157144
533649
854253
308740
742123
956990
4805
328098
246352
274538
415838
678323
594896
454753
391994
742830
4729
996514
164050
55849
143888
375559
470768
894251
402008
598976
436002
953219
595514
78225
781291
902477
141728
499690
871012
775044
136329
357117
714500
565354
603108
920931
321241
848131
357036
727207
87044
832684
11626
608409
669447
296647
768511
272979
297137
308704
43467
107995
796682
678818
224893
706168
225850
728706
750393
88152
258896
362750
432092
830262
868325
758396
245288
976109
243625
552390
154751
520019
718010
322677
643451
842286
861991
40524
835474
477128
983224
108793
140426
284654
520294
356499
966056
171637
829553
693100
79461
499565
201034
482663
795577
161126
666632
624158
774460
605017
20741
512431
947843
142226
348038
858425
990366
731618
887668
684221
816993
895406
673007
939512
775363
24234
846663
437960
451574
833144
986049
944880
239171
132423
85505
790701
606879
6423
912129
11926
653870
958759
631014
46083
575884
155995
538895
373218
580564
110934
48649
868965
762102
915911
64815
371095
928296
373531
175955
261989
6141
623101
990502
17557
957225
551949
65231
920226
228758
389294
466832
541773
326915
305433
897290
696302
717613
847599
21844
647539
191707
204802
574201
461076
315711
527078
857768
470487
254252
443080
794389
758355
95882
56214
198585
900414
459962
246645
900403
65208
736325
282851
282964
758991
790110
489640
970223
984217
991617
199857
941000
54700
285942
727278
110373
682276
537799
622245
578176
146943
978981
323390
501506
661613
672012
489350
853760
455719
821764
691110
573841
444028
350611
305331
249595
600816
690110
874224
758498
880869
674276
170761
749075
560911
847569
783237
980009
414050
542933
732651
958490
420534
520269
480291
515896
845164
104767
171796
197392
832483
842310
882761
848085
685096
6254
562192
497590
736899
679078
954105
782660
74558
784861
27788
531018
771511
21576
413506
896062
39981
866527
870533
176543
391945
896354
848041
564556
526171
63235
430694
100991
619181
190377
369760
595494
613803
629098
775039
277118
763907
541505
187449
655711
100611
340328
524834
577942
909353
86834
571685
538114
976248
404646
334466
208271
678718
752492
876198
273138
876450
189847
82466
42293
921548
722865
363664
164978
633487
814674
459384
295573
674436
942911
327403
436990
28728
763052
318584
49201
51174
956761
92095
603927
153877
143279
103961
39510
534845
669684
748029
434060
436971
250761
328002
774442
8772
228823
541747
507146
95646
60098
541866
390023
235130
388453
170880
362554
716138
835593
661684
817166
551115
19057
910938
574216
191107
286783
729895
798678
634395
1100
331454
665876
892514
43224
984627
902032
652152
504137
4075
739990
19719
350931
647407
896933
556860
489759
683931
619634
781689
184703
83373
714513
790163
906156
349822
191282
847451
607696
378499
889128
883335
718675
670334
778563
794595
225839
330521
224917
327858
81626
118339
309597
281919
972190
442055
810443
6766
189516
492227
883791
774521
611194
718951
970179
868633
515021
788729
374691
306217
173865
780200
492871
912964
178116
424448
866653
733076
157922
461499
241129
186613
68762
621723
844500
690318
314781
673300
479110
55370
216290
698075
933483
350026
428818
305870
860610
706306
74510
495629
98259
865293
284212
373493
186161
983790
144518
507471
248721
403004
942258
603029
500068
191932
97584
720324
10711
585965
62151
977935
229619
104029
759545
553376
976237
49691
269
551000
638227
660632
149644
611626
734650
80119
529080
445364
570538
613475
171673
893003
763868
781225
169855
251146
811393
680786
650410
189688
979207
97849
578589
925270
267981
322304
495881
514379
581937
469191
899624
644616
466510
65631
190970
766799
107779
427969
962703
161487
663923
705323
888854
442329
761118
740512
377377
393454
580213
486757
788772
979699
898010
912878
144539
749498
805127
991080
398616
504146
501041
457260
694478
472358
656421
930735
160829
843583
316484
218765
903472
696177
152016
759218
31259
677323
59154
724614
185233
862237
113279
171704
441630
501760
394614
354847
958280
193763
467551
763871
91781
817448
981060
973710
854794
88595
57161
537321
946231
68845
165517
316399
870776
802300
509305
68884
756875
872273
244833
955102
553103
246933
353186
790155
232946
433139
305058
128107
894964
358364
277076
366546
587245
58916
467778
467782
648262
775331
905690
806275
555350
292747
457555
626733
644110
479212
857558
632825
760368
44979
570620
359967
130219
885584
14793
794892
370174
917294
589982
23898
476608
385749
216233
770784
764107
654477
640501
737480
580653
45873
459843
281647
832105
370833
827801
172944
351753
683017
162911
129369
540664
409857
552061
757057
129174
362236
585901
200415
522413
219847
394870
462576
431631
909104
702703
82810
312345
921528
277484
190965
463135
919526
950037
566272
32626
845635
462403
574611
53003
933886
108049
812785
787477
63280
313453
9074
65907
56293
318698
368274
588416
856173
276502
182849
711317
816140
365525
212259
352261
999350
575815
671230
580728
587600
51609
775977
451210
286359
729053
997989
923086
946351
26770
128924
367366
945823
607686
247556
373153
743855
386956
912668
314128
669693
720769
65664
432115
358101
158377
825176
873043
962788
594254
771082
630739
833236
445744
511451
353358
907867
457896
20160
24219
80903
934091
914524
697477
618196
457246
178496
305841
511605
721008
618718
393814
106543
10088
484441
226263
700121
641314
41564
930300
654839
775384
343764
24037
251786
182623
173725
112973
40019
801382
984036
676426
189952
309788
671646
253425
921497
723742
596575
592707
268094
666617
884967
578842
188338
419841
428878
904095
32121
955687
705406
685630
459109
17642
674506
647470
653855
339667
527602
616131
451957
173243
41726
569715
548979
488535
174367
283172
855199
785565
275674
162197
11030
836566
870205
42850
66724
543370
402661
783117
893550
301854
791054
973249
628613
72669
15973
184451
973320
111528
394016
116940
728523
39207
204317
469932
674129
96404
898602
433225
43097
592769
511458
446846
968976
894978
152013
27995
505303
541526
794493
336458
579585
715631
879858
995731
41199
710676
856438
791640
344714
968007
823756
472193
35497
457570
44414
426390
516663
478731
337386
633864
395054
32398
933443
692550
418936
643678
379251
425039
144649
949158
898149
824980
22439
903925
71303
660842
639092
203526
36304
566641
473084
312931
170461
793386
666573
571480
371442
308634
545581
474216
975525
136115
715625
740954
615902
651957
639456
481713
173467
517373
521718
904214
967807
128255
922868
694530
488579
490255
257702
122400
315135
834317
955189
223130
683717
226416
953391
240967
463358
359535
249225
277664
729505
512343
226619
798447
989930
552568
240862
84662
831269
50238
387471
784534
812796
354226
590914
649534
933512
925424
781962
665827
387700
796669
276151
405235
18125
549670
767146
596349
780569
167132
289771
270246
809817
247903
202460
859950
852087
869708
805794
745052
723339
516369
259283
353970
389267
84370
207855
161608
833078
583292
488385
991388
436361
83995
735961
668438
145042
380643
202156
532862
857543
43169
930944
883436
59261
312134
533026
718788
336366
922108
622037
401431
47410
752211
578717
556280
779186
419221
316723
860503
142079
974677
552873
524334
585157
471922
939956
609055
835045
407051
364150
944996
973004
838641
412329
21639
433101
341521
738861
207001
697619
38876
985905
234043
299854
268044
346741
589645
2327
10201
227573
18867
81616
716326
236831
595363
574713
391529
790521
331286
319579
767148
447238
854252
649887
519824
792796
569359
374433
219673
378275
2394
256051
496500
612178
376328
260709
925170
347715
405973
885676
199870
771001
323310
549341
311880
395540
612034
688129
703381
948638
963113
425501
668098
532044
388703
180042
767691
217100
762425
671522
239020
954662
772447
245935
844455
941295
235491
402846
748867
401759
979567
804990
877935
67504
99755
722616
741424
51078
361200
385842
728202
546407
665473
380564
291746
719811
849653
14286
760117
586415
584899
970943
42117
269832
69679
882169
132276
839585
408638
783521
430878
473179
819006
743069
638032
134274
976693
791575
268008
606634
337925
679915
220799
766205
898219
750668
756530
424713
461446
676194
623126
688610
592241
427228
132152
647276
846503
253483
253115
363358
155176
952965
394925
372722
324086
312835
787506
429317
129690
426118
575228
940532
782835
492748
317604
629179
85105
887829
274833
320292
306772
687397
365954
282342
14345
133740
419552
980257
152016
656732
365868
665596
774326
380119
151098
220850
709214
707822
291676
11231
652959
403970
845294
171525
580685
502742
190902
944587
465649
706252
681138
501955
720756
248035
956294
356773
204502
556622
774003
815442
932495
717640
328140
292286
889950
913756
975325
954283
263427
759620
83945
12769
959353
977118
548402
53089
709738
30550
291099
925068
339243
104652
648869
538776
877362
850161
172195
19568
60099
768979
439736
651057
735064
673362
867519
272029
842722
964466
601372
506320
742438
674508
198544
640586
780375
605918
229489
544586
765316
13291
400684
512128
753844
118084
801132
164712
685415
812229
14428
345729
953924
673559
631632
886194
648190
674934
122912
54922
300936
653719
695205
688483
214355
55365
80545
352907
348174
3031
173187
933256
675836
28213
291327
966093
485616
772715
395527
252548
79871
984080
597697
895208
93446
832207
467355
397695
550184
924394
980986
408651
305597
7778
600585
181680
409572
23282
644482
23272
778579
162420
195172
179563
430986
16771
266691
229840
78796
877599
994490
865130
477884
600628
370955
376604
559354
483442
639381
486891
191913
900259
409108
241419
274959
583550
921417
778614
201211
158436
351246
112426
683525
307773
161124
481412
280224
593293
240568
795856
441199
729117
794279
882462
581879
567778
199359
92730
276787
645302
750872
735916
228703
609516
118025
631121
124265
731075
84827
880477
694115
76251
754332
54627
188572
518472
518831
954803
949810
865219
399544
689296
138684
427202
82615
626247
759429
331970
909277
658413
991529
618707
631600
308663
544521
213252
915134
275841
972396
451334
200328
215294
102343
805288
881462
708331
289788
506682
489872
833254
708131
308578
783318
97463
34197
757531
968668
964726
944571
768374
92804
500746
661621
517667
831460
36130
28537
594796
829740
89098
306354
888933
401673
871957
459401
104422
468218
253197
416276
407520
616393
628035
215158
370095
910938
443262
248182
564442
80150
763603
176983
358100
70889
366929
423701
952058
61430
966981
805796
930011
775796
628966
334198
380934
713653
879604
586434
839140
787585
864591
48611
995982
899898
912719
823030
317267
359545
846658
139831
19060
553584
693088
800851
700234
115371
195288
448505
87890
184901
725303
478520
688852
840953
551166
341143
410868
751236
117512
255180
532517
590281
690211
237747
614155
457992
566869
272114
455601
765262
218463
697803
891150
760738
906974
171670
790265
699551
655417
169595
64344
68452
146418
36307
929361
321362
385270
962878
750027
226419
235356
987033
184441
267865
339242
892913
629710
496063
52697
380451
340380
793186
361233
567413
815131
946476
630720
696008
270868
194349
227948
233207
137238
627017
252685
124577
984478
384535
301444
447475
610362
430742
497077
29661
798763
417648
970310
500983
384319
225359
496193
42068
772575
124531
640089
540199
865491
249850
69894
933187
899746
612007
370202
820395
548160
368663
660842
861481
896854
76255
701168
668094
208782
565805
377064
3957
756477
703691
754390
570317
600919
413258
186100
698555
189698
459582
663551
293670
365004
992454
684760
72485
955610
881298
496217
419253
20742
46425
349484
12319
981144
199119
268030
959457
584103
525895
421708
203659
418723
153149
498304
83961
971594
941327
380637
575126
796993
183732
452784
815425
990897
113718
440728
287056
412701
84513
203410
326438
801020
965806
268826
800024
123775
874976
677326
612161
799077
899478
801594
438482
218933
695401
281371
291311
50974
998238
963706
940539
966310
213845
952672
56346
251807
368672
201024
548347
305943
589597
964510
846994
979093
360135
921154
955334
112178
633745
855234
878681
857158
429326
576909
256966
495691
914326
931420
836573
290238
981638
901855
190345
181730
398342
186078
64702
642337
104158
190642
212368
206263
104708
536588
534207
128497
693526
955013
542462
66848
952062
727417
370526
139320
688259
499756
293922
1700
567723
845798
138729
577807
272237
900039
270722
27235
185050
674794
759746
170956
693791
224532
156053
131987
169543
808395
844893
604223
272759
113154
757485
236831
413554
400314
835660
132274
42564
510361
865977
318302
937550
321989
447680
301448
749895
330288
260440
131064
933582
833973
916271
213086
295278
127353
792082
523388
971329
606237
797620
652747
879935
173154
256269
790480
631382
811851
228259
408250
8108
916222
120226
824732
313723
653328
72036
239442
120151
995948
451648
371169
600576
193715
289679
903367
424088
916340
583157
620073
256218
272912
796851
280314
54530
447829
61385
540380
