100
-995560
-962310
-950335
-934567
-899068
-861715
-855913
-819363
-791110
-747614
-697291
-644671
-641052
-559081
-557798
-527394
-508533
-507916
-506575
-490563
-489844
-470651
-467587
-467344
-441957
-406209
-366924
-354778
-341804
-313200
-290980
-255113
-247726
-241644
-224947
-219797
-219419
-210767
-183990
-165538
-102516
-74356
-67217
-66485
-61490
-51002
42654
121028
148061
158431
160826
183757
186765
192242
200614
204465
205882
224687
232147
253374
254624
265267
267809
300089
312855
313025
355971
379171
383226
393379
405666
441178
451634
477110
477675
502873
551923
558974
561646
567139
568748
593699
622563
623760
644361
656465
663601
698648
732525
764820
766999
788643
811587
836839
913419
916983
936030
952390
990890
994462
