1000
-999907
-999750
-999588
-999333
-996109
-994218
-991760
-989156
-987445
-986088
-982470
-981799
-981772
-979392
-978735
-978323
-976192
-974823
-973223
-972230
-972087
-969629
-969460
-969061
-966375
-961499
-958280
-954266
-952251
-949493
-948389
-947013
-945337
-944840
-943028
-941560
-940679
-940187
-940049
-939324
-938439
-937750
-935790
-935768
-928080
-927688
-924600
-920857
-920685
-918681
-917073
-915450
-909108
-904914
-901737
-900200
-900142
-896092
-892581
-888959
-888861
-888423
-878409
-877556
-876714
-871186
-866870
-863250
-858643
-856980
-855029
-852227
-851296
-847862
-840578
-840522
-838858
-836904
-836726
-836015
-835124
-835000
-834830
-834747
-833401
-832465
-831370
-830760
-829862
-827323
-823395
-822814
-822758
-822114
-818997
-816564
-815217
-812920
-810388
-807054
-805954
-805567
-805186
-804679
-803976
-802490
-802377
-801386
-800313
-799478
-797038
-791873
-791868
-787754
-783077
-782477
-781250
-778718
-778243
-777768
-776909
-767821
-765766
-765557
-762914
-762736
-762636
-762138
-759610
-756576
-755114
-753122
-743649
-741146
-739868
-738966
-734216
-734016
-733619
-732939
-730074
-726822
-721344
-711558
-709131
-708945
-707953
-704244
-701635
-697342
-697145
-695984
-694210
-691037
-685552
-682041
-680337
-677651
-674238
-671956
-671442
-671206
-668792
-667762
-665473
-663676
-660481
-659866
-659072
-658231
-655336
-654647
-651971
-650167
-649875
-647886
-647565
-645744
-642667
-641470
-639183
-638224
-637798
-635162
-634289
-633254
-629874
-615056
-614463
-614347
-613092
-612453
-611357
-610581
-609375
-609218
-608071
-607325
-601183
-600259
-599179
-597366
-593822
-593701
-591680
-591145
-588153
-586652
-585639
-577950
-577874
-577366
-576894
-574752
-573792
-573627
-572987
-571850
-566631
-566437
-560626
-559614
-557515
-556067
-554015
-551728
-550698
-548307
-547544
-547333
-546247
-544957
-540814
-539327
-537440
-537038
-535317
-533773
-529605
-528539
-526719
-524006
-523580
-523538
-521532
-520169
-519122
-511904
-509530
-509097
-505722
-505005
-504455
-501473
-500688
-496214
-495948
-494244
-491906
-491841
-491661
-487354
-485806
-483742
-483490
-481569
-478779
-478232
-476611
-476501
-474263
-465898
-465776
-465366
-464984
-464539
-462042
-460497
-460104
-456852
-454501
-454472
-450709
-449272
-445805
-443917
-442681
-438702
-435895
-435186
-428332
-427366
-424332
-423074
-419642
-410399
-404154
-403521
-402495
-401979
-400252
-396335
-395582
-394481
-393682
-391276
-389313
-386671
-385395
-385288
-384490
-383092
-377966
-377521
-372644
-371558
-369248
-367929
-367063
-366360
-364345
-362834
-362604
-361488
-360649
-360364
-359420
-354667
-353803
-352938
-352891
-352755
-351909
-351882
-348634
-347444
-346535
-342045
-338907
-335641
-335554
-333643
-333222
-326953
-325173
-324154
-324095
-323096
-320135
-318830
-318495
-318284
-318270
-312798
-311367
-310519
-309169
-308689
-306253
-306188
-305831
-303113
-300868
-299306
-297541
-297460
-296992
-291693
-291408
-289359
-285264
-284391
-282353
-282129
-280594
-277087
-275729
-275319
-272051
-270678
-266510
-265448
-264956
-264886
-263445
-260134
-258064
-255279
-254596
-253612
-253230
-250850
-247910
-244355
-244347
-243869
-242836
-240563
-238025
-235544
-229570
-229317
-228933
-228809
-220154
-219200
-216460
-215882
-209192
-205711
-204908
-202579
-201100
-200590
-200226
-199931
-197546
-194271
-194012
-190591
-187417
-187026
-186652
-186439
-179996
-179962
-178560
-177428
-176454
-176314
-173123
-171967
-171419
-169696
-166166
-165405
-162686
-160736
-160702
-160512
-154211
-148452
-147371
-144982
-140102
-140049
-138387
-137861
-135276
-129175
-128337
-128229
-125704
-125402
-124476
-119800
-116917
-115270
-115001
-113151
-108381
-108354
-106791
-105234
-100969
-100662
-98010
-96671
-93056
-92212
-83832
-83280
-78091
-77226
-76552
-76235
-74590
-73609
-70012
-67194
-66399
-65383
-65123
-63350
-63320
-57686
-55691
-53146
-50294
-48603
-45620
-35479
-34672
-33499
-30668
-29564
-28962
-26087
-24528
-22842
-21679
-21391
-19963
-18041
-16922
-14858
-11166
-10516
-9920
-7003
-5184
-2965
-1948
-1851
2459
6972
11937
18589
19395
19620
19926
23138
25585
26276
26694
27584
30546
30955
31281
32118
32347
34438
38400
43651
44069
46869
48147
49262
49600
49864
50761
52401
53383
53741
55147
57784
59666
60823
62149
63633
64925
65939
68218
69176
69911
71085
72327
80797
81143
84519
85282
87183
87873
89929
92233
92839
93724
94375
100861
101462
102280
103166
107080
107370
109539
112170
112645
117350
120146
121985
125060
128427
131797
132674
133045
138036
138087
138088
144328
144408
147317
147655
149401
149657
150858
151513
152891
154723
159197
160220
162715
168143
168616
170533
173065
175343
177230
181893
183698
187217
187369
192217
197262
197359
198157
198209
202998
203840
205473
208345
210174
215529
216466
217724
219401
219524
220117
222042
222745
225626
226261
227210
228217
234508
242380
242529
249981
251988
253313
255721
259417
266596
266675
276266
277464
277709
277762
280313
285261
285861
287759
290976
291330
293556
293994
296222
297904
300983
301537
302227
303331
303404
303850
306706
308805
311190
312049
312561
314447
316562
318692
318995
320833
322712
324413
326807
326963
330308
330735
332087
332775
335476
336838
336981
337213
340049
341640
343872
345653
350186
350211
352004
352238
354123
355958
359456
364932
367733
370835
370856
373736
375834
375994
380724
381854
385595
387190
389989
391536
392362
396079
398436
399582
404291
409936
415047
417322
417823
418775
419301
419534
420307
420979
422372
422420
428298
432529
433512
434457
435021
435869
438101
438271
438465
438585
439863
440917
443127
445057
447150
451874
452718
456711
456991
457148
458541
460068
460426
461113
461304
462136
465040
466404
468243
473739
473989
476639
477113
478067
479059
479383
481068
482121
482822
482927
488878
489485
490206
494049
498605
500865
505918
506835
510526
514097
515254
515551
515583
516536
518958
519844
524595
527459
528853
530507
533130
533233
536754
538654
542149
543221
543882
545126
545724
550881
551046
551296
551813
552921
557488
559092
559725
562115
569472
571077
571890
580135
581722
582150
582439
586488
589135
589292
589798
590999
592323
596232
601657
606054
608493
610549
615214
617702
618235
619261
624525
627962
631124
631424
631520
635446
635728
637279
637406
638574
642271
644493
648402
648409
655436
655503
656891
661038
662945
665225
669535
671492
671927
674596
676934
681054
681415
683526
689050
690128
691526
692662
693037
693289
694020
694752
695248
695575
695750
695805
696927
699993
701655
702220
703136
703901
704948
709091
710290
711083
712289
713877
716880
717521
718505
719619
721217
723185
724857
725522
727727
729537
731241
747000
747640
748410
751499
751613
753098
754452
756081
758928
759312
762064
762383
766620
770576
773447
774396
780761
783373
785242
786060
795772
796129
799342
807962
808182
808899
811850
814298
816252
817029
817315
817765
817815
818489
822589
822831
825019
825557
829588
829678
836635
843724
844119
854323
856574
858745
860688
860854
864717
867272
869234
872848
876073
882384
883429
885875
887626
888285
888558
889193
894166
896313
903366
903936
905053
906192
907021
915974
916208
918600
919053
919324
919602
921568
923795
925516
928794
928998
929198
932592
933831
935927
942664
942899
943494
945031
947256
950155
951326
956414
956425
956471
957492
957623
958034
960474
961590
962437
962526
970242
973763
974774
976578
977044
979719
981578
981947
983427
983855
990239
996090
999942
