10000
-999471
-999432
-999288
-998958
-998897
-998070
-997855
-997618
-997246
-996253
-996009
-995707
-995191
-994485
-993980
-993666
-993624
-993523
-993483
-993359
-993310
-993281
-993197
-993147
-992695
-992680
-992595
-992539
-992451
-992449
-992197
-992057
-991550
-991509
-990343
-989714
-989713
-989555
-988327
-988314
-988007
-987913
-987455
-987114
-986902
-986901
-986797
-986441
-986440
-986327
-986300
-986261
-986085
-986014
-985688
-985674
-985341
-984881
-984779
-984505
-984303
-983857
-983269
-983216
-983175
-983119
-982465
-981743
-981310
-981288
-981284
-981246
-980974
-980906
-980487
-980209
-979610
-979525
-978887
-978804
-978774
-978734
-978591
-978496
-977981
-977945
-977826
-977653
-977389
-977122
-977036
-976698
-976667
-976639
-976573
-976414
-976396
-976308
-976284
-976160
-975957
-975639
-974989
-974691
-974680
-974593
-974479
-974462
-974354
-974290
-974232
-974036
-973952
-973493
-973393
-973313
-973304
-973240
-973031
-972975
-972905
-972826
-972761
-972474
-972290
-972180
-971900
-971874
-971843
-971785
-971329
-970974
-970639
-970582
-970353
-970185
-969888
-969736
-969403
-969380
-969356
-969273
-968592
-968438
-968273
-968258
-968168
-967839
-967517
-967253
-967192
-967090
-966942
-966639
-966598
-966496
-966291
-966205
-966178
-966113
-965719
-965647
-965516
-965487
-965221
-965014
-964744
-964389
-964172
-962567
-962244
-962150
-962146
-961852
-961638
-961285
-961197
-960532
-960517
-960340
-959681
-959434
-959328
-958811
-958661
-958498
-958340
-958243
-957861
-957749
-957500
-957433
-957186
-957102
-957069
-957014
-956765
-956472
-955522
-955320
-954898
-954734
-954646
-954446
-954320
-954287
-954006
-953820
-953649
-953488
-953450
-953386
-953118
-952979
-952839
-952691
-952383
-952275
-951928
-951826
-951444
-951302
-951222
-950148
-950103
-950057
-949872
-949739
-949730
-949698
-949535
-949471
-949261
-949013
-948921
-948557
-948024
-948018
-947878
-947485
-947303
-947131
-947068
-946893
-946777
-946526
-946446
-946068
-946029
-945969
-945959
-945830
-945640
-945075
-944703
-944653
-944645
-944192
-943855
-943805
-943766
-943593
-943158
-942850
-942665
-942507
-942496
-942484
-942419
-942091
-941965
-941766
-941726
-941690
-941638
-941021
-941013
-940960
-940958
-940718
-940677
-940579
-940431
-940146
-940141
-940023
-939880
-939761
-939693
-939531
-939339
-938869
-938311
-938292
-938272
-937938
-937893
-937742
-937316
-937036
-935459
-935452
-935392
-935005
-934941
-934751
-934458
-934053
-933153
-933027
-932997
-932830
-932705
-932446
-931920
-931206
-930713
-930418
-930153
-930008
-929971
-929947
-929881
-929800
-929544
-929276
-928723
-928651
-928383
-928197
-928189
-928177
-928137
-928046
-927559
-927088
-926783
-926584
-926502
-926487
-926195
-926136
-926090
-926008
-925839
-925838
-925699
-925605
-925564
-925507
-925189
-925103
-924723
-924480
-924308
-924223
-924216
-923987
-923968
-923546
-923543
-923349
-923245
-923066
-923004
-922731
-922657
-922574
-922361
-919864
-919718
-919359
-919149
-919136
-918288
-918026
-917975
-917959
-917810
-917618
-917483
-917380
-917136
-916879
-916744
-916394
-916239
-916086
-915882
-915838
-915533
-915348
-915208
-915011
-914720
-914209
-913238
-913214
-913188
-912882
-912777
-911189
-911139
-910925
-910852
-910784
-910356
-910302
-910240
-910220
-910172
-910138
-909996
-909907
-909654
-909561
-909408
-909407
-909214
-909091
-908889
-908784
-908469
-908195
-908170
-908073
-908010
-907437
-907209
-906907
-906791
-906679
-906570
-906520
-906369
-906249
-906182
-905914
-905849
-905844
-905843
-905479
-905436
-905405
-905330
-905190
-905026
-904917
-904766
-904354
-904306
-904188
-904140
-904112
-903910
-903890
-903646
-903630
-903554
-903332
-903202
-903135
-902666
-902626
-902480
-902316
-902224
-902059
-901406
-901343
-900952
-900555
-900429
-900412
-900081
-899569
-899364
-899288
-898812
-897632
-897131
-896473
-896282
-896228
-895811
-895798
-895729
-895248
-895042
-894787
-894693
-894660
-894550
-894447
-894406
-894134
-893885
-893720
-893661
-893491
-893304
-893064
-892820
-892559
-892432
-892347
-892338
-892291
-892173
-892074
-892032
-891482
-891454
-891175
-891125
-890978
-890872
-890614
-890251
-889916
-889894
-889543
-889402
-889170
-888848
-888771
-888763
-888336
-888220
-888104
-888019
-888014
-887743
-887702
-887478
-887163
-887105
-887050
-886905
-886537
-886426
-886216
-885815
-885725
-885689
-885589
-885357
-885311
-885050
-884953
-884775
-884643
-884528
-884373
-884075
-883689
-883653
-883580
-883562
-882988
-882753
-882742
-882722
-882176
-882138
-882053
-882005
-881997
-881929
-881895
-881850
-881797
-881771
-881533
-880985
-880287
-880259
-880207
-880160
-879715
-879672
-879657
-879417
-879300
-879122
-878938
-878915
-878584
-878446
-878421
-878401
-878116
-877885
-877735
-877519
-877460
-877410
-877358
-877283
-877130
-877078
-876696
-876392
-876291
-876192
-876068
-875803
-875554
-875501
-875501
-874984
-874672
-874658
-874641
-874613
-874598
-874080
-874077
-873872
-872843
-872797
-872435
-872349
-872193
-871685
-871571
-871456
-870917
-870792
-870779
-869861
-869739
-869387
-869358
-869194
-869140
-868920
-868907
-868859
-868857
-868692
-868548
-868271
-868149
-868124
-867693
-867652
-867497
-867175
-867032
-866611
-866566
-866448
-866073
-865951
-865806
-865752
-865466
-865411
-865342
-865218
-865181
-865173
-864896
-864402
-864278
-864207
-863847
-863757
-863599
-863463
-862425
-861978
-861942
-861800
-861786
-861658
-860930
-860288
-860218
-860039
-860004
-859939
-859932
-859766
-859456
-859362
-859334
-859215
-858721
-858513
-858206
-858116
-858114
-858066
-857669
-857066
-857004
-856890
-856795
-856721
-856252
-856013
-855957
-855871
-855733
-854946
-854881
-854613
-854606
-854360
-854253
-853806
-853676
-853628
-853433
-853025
-852971
-852807
-852714
-852623
-852540
-852241
-852103
-851753
-851600
-851547
-851063
-851010
-850609
-850584
-850575
-849787
-849761
-849594
-849385
-849036
-848803
-848688
-848598
-848373
-848150
-848149
-848109
-847630
-847264
-846731
-846493
-846459
-846368
-846290
-845886
-844912
-844446
-844367
-843665
-843400
-843226
-843214
-842879
-842408
-842196
-842050
-841976
-841937
-841805
-841584
-841268
-840401
-840286
-840190
-839970
-839858
-839313
-839235
-839232
-839114
-838930
-838862
-838259
-837788
-837755
-837497
-837150
-836632
-836387
-836381
-835963
-835909
-835675
-834938
-834816
-834808
-834450
-834138
-833498
-833280
-832214
-831883
-830840
-830760
-830590
-830505
-830487
-830141
-830009
-829551
-829478
-829463
-829338
-829209
-828760
-828159
-827075
-826939
-826798
-826641
-826556
-826306
-825876
-825022
-824743
-824234
-823776
-823430
-823355
-823269
-822921
-822850
-822810
-822718
-822417
-822413
-822376
-822132
-822113
-821896
-821742
-821712
-821701
-821292
-820648
-820581
-820536
-820284
-820227
-820172
-820119
-819844
-819685
-819601
-819191
-819062
-818829
-818800
-818726
-818473
-818421
-818401
-818387
-818185
-817805
-817630
-817542
-817239
-816429
-816227
-816217
-816050
-815672
-815651
-815596
-815405
-814800
-814431
-814149
-814135
-813722
-813697
-813367
-813150
-813056
-812934
-812900
-812830
-812740
-812648
-812006
-811549
-811418
-811163
-810936
-810752
-810387
-810085
-809398
-809040
-808790
-808788
-808338
-808113
-807953
-807559
-807492
-807436
-807282
-807079
-806966
-806859
-806845
-806792
-806610
-806212
-805643
-805602
-805340
-805165
-805101
-805012
-804853
-804632
-804574
-804513
-804483
-804483
-803766
-803537
-803345
-803188
-803145
-803092
-803053
-802929
-802844
-802539
-801844
-801687
-801507
-801480
-800467
-800418
-800335
-800198
-799844
-799457
-799033
-798624
-798507
-798261
-798128
-797957
-797822
-797691
-797613
-797572
-797548
-797525
-796884
-796656
-796607
-796584
-796462
-795564
-795397
-795362
-795329
-795259
-795226
-794783
-794296
-794160
-793936
-793914
-793706
-793679
-793546
-793500
-793072
-792984
-792698
-792615
-792220
-791778
-791729
-791566
-791529
-791135
-791112
-791095
-790927
-790801
-790347
-790201
-790065
-789998
-789637
-789144
-788398
-788357
-788160
-787305
-787043
-786748
-786415
-785681
-785560
-785540
-785387
-785058
-784846
-784803
-784630
-784490
-784488
-784368
-784365
-784211
-783509
-783072
-782992
-782912
-782699
-782583
-782542
-782537
-782484
-782422
-782337
-781553
-781529
-781373
-781251
-780211
-780137
-780099
-780041
-779545
-779488
-779082
-778808
-778727
-778563
-778499
-778239
-778149
-778117
-778012
-777976
-777847
-777605
-777310
-776823
-776795
-776770
-776254
-776176
-776135
-776059
-775910
-775721
-775286
-774898
-773895
-773742
-773736
-773510
-773259
-773118
-773109
-773008
-772641
-772436
-772147
-772039
-771971
-771946
-771658
-771443
-771282
-770878
-770787
-770614
-770587
-770332
-770144
-769911
-769813
-769686
-769630
-769622
-769592
-769359
-769327
-769232
-769043
-768544
-768201
-768131
-767848
-767824
-767772
-767682
-767635
-767448
-767177
-766978
-766959
-766625
-766520
-765897
-765427
-765280
-764964
-764935
-764545
-764374
-764297
-764143
-764084
-763762
-763758
-763685
-763594
-763584
-763469
-763436
-763098
-763057
-762997
-762655
-762477
-762387
-762192
-761834
-761822
-761532
-761509
-761390
-761358
-761325
-761084
-760996
-760927
-760690
-760622
-760385
-760228
-760060
-759037
-758999
-758998
-758835
-758790
-758215
-758057
-757954
-757609
-757500
-757252
-757234
-757225
-757007
-756502
-756135
-755954
-755935
-755845
-755821
-755557
-755332
-755218
-755200
-755123
-755016
-754950
-754927
-754905
-754206
-753754
-753509
-753318
-753102
-752906
-752873
-752398
-752206
-752187
-751780
-751585
-751580
-751357
-750878
-750870
-750725
-750569
-750423
-750288
-749755
-749574
-749227
-748808
-748668
-748622
-748557
-748523
-748076
-747891
-747829
-747698
-747658
-747449
-747396
-747282
-746877
-746785
-746725
-746257
-746223
-746163
-746106
-745968
-745866
-745614
-745423
-745407
-745384
-745372
-744336
-743918
-743898
-743869
-743467
-743296
-743135
-743118
-743108
-743088
-743015
-742739
-742702
-742187
-741881
-741294
-741118
-740793
-740504
-740479
-740448
-740191
-739168
-739145
-739067
-739006
-738818
-738497
-738269
-737788
-737585
-737306
-737289
-736998
-736974
-736443
-736245
-736234
-735878
-735832
-735775
-735771
-735725
-735584
-734450
-734224
-734048
-733777
-733679
-733600
-733329
-733157
-733085
-732977
-732832
-732793
-732741
-732435
-732248
-731954
-731923
-731865
-731814
-731789
-731743
-731683
-731645
-731591
-731366
-731338
-730921
-730885
-730476
-730442
-730427
-729356
-729315
-729213
-729139
-729125
-729049
-729007
-728938
-728614
-728208
-727940
-727866
-727862
-727814
-727758
-727599
-727572
-727501
-727203
-726818
-726674
-726635
-726177
-726049
-725780
-725573
-725562
-725355
-724996
-724708
-724557
-724556
-724528
-724500
-723810
-723791
-723763
-723575
-723562
-723206
-723115
-722897
-722609
-722515
-722144
-721774
-721748
-721136
-720928
-720898
-720856
-720582
-720569
-720515
-720446
-720029
-719819
-719667
-719262
-718741
-718598
-718189
-718045
-717900
-717569
-717535
-717460
-717002
-716915
-716873
-716543
-716537
-716532
-716434
-716339
-716019
-715889
-715809
-715595
-715391
-715294
-715236
-714981
-714975
-713881
-713755
-713745
-713482
-713379
-713224
-713079
-713064
-712563
-712066
-711913
-711843
-711841
-711804
-711751
-711584
-711499
-711412
-711274
-711186
-710732
-710645
-710461
-710042
-709871
-709790
-709623
-709608
-708883
-708494
-708391
-708305
-708044
-707581
-707478
-707452
-707452
-707351
-707322
-707189
-707143
-706870
-706680
-706668
-706514
-706198
-706162
-706010
-705960
-705701
-705110
-704707
-704615
-704409
-704346
-704267
-703899
-703744
-703592
-703125
-703104
-703040
-702907
-702652
-702369
-702279
-701990
-701745
-701734
-701576
-701558
-701546
-701448
-701377
-701157
-701151
-701018
-701007
-700772
-700699
-700142
-699953
-699816
-699796
-699644
-699505
-699486
-699460
-698807
-698456
-698151
-697727
-697614
-697293
-697024
-696980
-696797
-696486
-696475
-696239
-695971
-695676
-695622
-695601
-695522
-695432
-695318
-695279
-695197
-695184
-694823
-694479
-694472
-694438
-694237
-693859
-693372
-692942
-692249
-691486
-691461
-691325
-691103
-690837
-690723
-690500
-690310
-690286
-690119
-690053
-690009
-690002
-689865
-689488
-689417
-689314
-689155
-688988
-688930
-688694
-688637
-688525
-688093
-688051
-687015
-686830
-686739
-686673
-686360
-686183
-685970
-685847
-685748
-685664
-685466
-685428
-685327
-685272
-685152
-684396
-684159
-684142
-684093
-683627
-683617
-683573
-683409
-683361
-683259
-682838
-682823
-682785
-682705
-682539
-682427
-682329
-682241
-682232
-682231
-682010
-681862
-681566
-681466
-681440
-681414
-681308
-681014
-680968
-680689
-680593
-680498
-680441
-680426
-680363
-680315
-679642
-679395
-678863
-678826
-678768
-678585
-678565
-678232
-678131
-677732
-677510
-677473
-676979
-676962
-676898
-676840
-676281
-676185
-676113
-675906
-675853
-675805
-675514
-675507
-675428
-675143
-675094
-675062
-674662
-674440
-674294
-674115
-674111
-673976
-673841
-673707
-673351
-672879
-672452
-672442
-672303
-672220
-672120
-671793
-671683
-671642
-671297
-671226
-671080
-670938
-670841
-670786
-670760
-670647
-670622
-670602
-670438
-670417
-669831
-669603
-669463
-669180
-668970
-668958
-668773
-668744
-668475
-668329
-668284
-668157
-668130
-667959
-667499
-667282
-667261
-667231
-667094
-666719
-666390
-665806
-665582
-665558
-665266
-665053
-665026
-664814
-664813
-664784
-664751
-664441
-663980
-663965
-663934
-663911
-663759
-663326
-663128
-663076
-662710
-662593
-662392
-662280
-661888
-661805
-661790
-661655
-661400
-661329
-661316
-661309
-661062
-660525
-660403
-660355
-660286
-660225
-660073
-659898
-659808
-659542
-659203
-658209
-657936
-657538
-657395
-657251
-657098
-656953
-656722
-656471
-656353
-655951
-655718
-655373
-655061
-655002
-654625
-654501
-654150
-654079
-653885
-653819
-653614
-653371
-653189
-653071
-652787
-652508
-652469
-652148
-651597
-651321
-650899
-650816
-650726
-650693
-650290
-650249
-650000
-649937
-649774
-649173
-648809
-648001
-647997
-647939
-647774
-647454
-647388
-647354
-646481
-646147
-646118
-646021
-645599
-645496
-645488
-645450
-645389
-645358
-645329
-645105
-644995
-644422
-644301
-643994
-643912
-643758
-642965
-642620
-642441
-642242
-642121
-642027
-642022
-641445
-641278
-641041
-640885
-640867
-640763
-640712
-640607
-640245
-639968
-639867
-639790
-639755
-639698
-639623
-639456
-639129
-639011
-638964
-638962
-638875
-638801
-638684
-638515
-638401
-637929
-637864
-637707
-637319
-637198
-637148
-637077
-637055
-637044
-636618
-636349
-636081
-635710
-635616
-635284
-634361
-633999
-633653
-633645
-633618
-633530
-633521
-633330
-633279
-633242
-633184
-632912
-632827
-632491
-632392
-632363
-632325
-632057
-631676
-631334
-631169
-631078
-631062
-631037
-630884
-630823
-630772
-630563
-630179
-629524
-629514
-629508
-629175
-629084
-628983
-628912
-628500
-628491
-628187
-628174
-628047
-627622
-627398
-627280
-625930
-625890
-625695
-625548
-625492
-625310
-625206
-624879
-624831
-624809
-624554
-624170
-624023
-623813
-623061
-622978
-622906
-622902
-622897
-622854
-622629
-622561
-622558
-622479
-622266
-622231
-622083
-621986
-621815
-621645
-621268
-620952
-620918
-620175
-619922
-619846
-619785
-619765
-619686
-619683
-619647
-619395
-618957
-618615
-617978
-617772
-617572
-617523
-617204
-617070
-616977
-616722
-616697
-616645
-616299
-616144
-615462
-615363
-615222
-615170
-615058
-615021
-614779
-614713
-614685
-614569
-614479
-614369
-614141
-614132
-614056
-613927
-613808
-613754
-613514
-613409
-613399
-613338
-613157
-612943
-612744
-612737
-612421
-612122
-612112
-611640
-611567
-611539
-611538
-611345
-611252
-611060
-610984
-610924
-610762
-610731
-610698
-610569
-610493
-609864
-609822
-609660
-609151
-608799
-608229
-607884
-607828
-607598
-607475
-606682
-606621
-606553
-606402
-606144
-605639
-605317
-605045
-604732
-604724
-604213
-603944
-603830
-603610
-603576
-603383
-603322
-603111
-602458
-601842
-601643
-601642
-601386
-601192
-601080
-600635
-600116
-599664
-599606
-599555
-599541
-599526
-599386
-599235
-599231
-599189
-599160
-599086
-598732
-598655
-598596
-598517
-598323
-598287
-598278
-598031
-598015
-597765
-597591
-597302
-597100
-596985
-596423
-596047
-595842
-595788
-595728
-594796
-594696
-594672
-594416
-594189
-593961
-593708
-592944
-592880
-592653
-592599
-592519
-591999
-591463
-591165
-590880
-590560
-590349
-590279
-590019
-589964
-589787
-589539
-589177
-589063
-588875
-588845
-588648
-588593
-588532
-588497
-588158
-587959
-587522
-587405
-586958
-585847
-585720
-585703
-585446
-585368
-585286
-585119
-584776
-584369
-584356
-583788
-583606
-583536
-583535
-583491
-583468
-583437
-583343
-583150
-583003
-582673
-582617
-582450
-582317
-582068
-581858
-581749
-581389
-581019
-580991
-580921
-580876
-580399
-580162
-579729
-579398
-579022
-578747
-578041
-577510
-577442
-577441
-577381
-577370
-577282
-577109
-577103
-576971
-576655
-576248
-576166
-575951
-575830
-575150
-575069
-575059
-574892
-574818
-574576
-574552
-574540
-574388
-574259
-574074
-574056
-573947
-573890
-573708
-573370
-573186
-572483
-572458
-572065
-571837
-571793
-571763
-571725
-571347
-571265
-571052
-570947
-569996
-569578
-569136
-569102
-568632
-568005
-567589
-566876
-566434
-566061
-566039
-565792
-565512
-565491
-565383
-565309
-565198
-565190
-565087
-565002
-564951
-564925
-564776
-564529
-564415
-564140
-563255
-563159
-562893
-562710
-562680
-562388
-562343
-562283
-562118
-561799
-561426
-561358
-561281
-561217
-561184
-560871
-560842
-560669
-560518
-560339
-560072
-560030
-559795
-559578
-559308
-559301
-559295
-559180
-559080
-558945
-558795
-558792
-558689
-558683
-558085
-557992
-557144
-557035
-556986
-556980
-556926
-556354
-556331
-556289
-556002
-555769
-555351
-554911
-554717
-554716
-554596
-554558
-554456
-553977
-553287
-552854
-552267
-552169
-551879
-551786
-551582
-551308
-551291
-550842
-550556
-550527
-550258
-550091
-550023
-549906
-549653
-549623
-549465
-549422
-549192
-549019
-548994
-548635
-548263
-548109
-548049
-547962
-547851
-547327
-546924
-546828
-546826
-546699
-546484
-546308
-546283
-546066
-545979
-545896
-545848
-545722
-545614
-545204
-544775
-544747
-544732
-544596
-544462
-544145
-543886
-543273
-543208
-542872
-542846
-542842
-542795
-542276
-542170
-542008
-541708
-541588
-540967
-540879
-540462
-540384
-540313
-539982
-539976
-539841
-539047
-538910
-538897
-538838
-538428
-538229
-537948
-537705
-537656
-537151
-536982
-536759
-536570
-536334
-536185
-535633
-535311
-535290
-534935
-534932
-534444
-534223
-534125
-533870
-533653
-533479
-533239
-533070
-532500
-532391
-532158
-532085
-532006
-531810
-531643
-531042
-530996
-530984
-530745
-530448
-530334
-530148
-530112
-529995
-529924
-529717
-529109
-528642
-528611
-526885
-526810
-526772
-526439
-526158
-526106
-525898
-525793
-524869
-524624
-524405
-523950
-523822
-523814
-523722
-523497
-523355
-523345
-522830
-522473
-522402
-522300
-522010
-521870
-521737
-521550
-521191
-520988
-520754
-520723
-520514
-519830
-519766
-519595
-519385
-519229
-519138
-519064
-518919
-518899
-518775
-518459
-518428
-518344
-518216
-518188
-518106
-517688
-517386
-517266
-517131
-516808
-516618
-516584
-516570
-516299
-515828
-515050
-514754
-514730
-514286
-514033
-513703
-513010
-512910
-512909
-512811
-512577
-512289
-512169
-512065
-512024
-512000
-511839
-511812
-511736
-511615
-511119
-510941
-510836
-510651
-510614
-510301
-510144
-510097
-509700
-509570
-509439
-509422
-509057
-508995
-508823
-508632
-508461
-508237
-508217
-508160
-507995
-507887
-507677
-507626
-507563
-507482
-507302
-507219
-507060
-506411
-506304
-506235
-506141
-506023
-505813
-505784
-505769
-505355
-505290
-505070
-505032
-504892
-504384
-504319
-504156
-504145
-504075
-503910
-503667
-503583
-503390
-503331
-503213
-503157
-502944
-502712
-502519
-502445
-502441
-502382
-502303
-502024
-501935
-501510
-501259
-501060
-500704
-500621
-500179
-500077
-499999
-499950
-499938
-499665
-499514
-499453
-499424
-499292
-499014
-499012
-498341
-498311
-498221
-497907
-497778
-497604
-497476
-497419
-497411
-497333
-497138
-496723
-496070
-495971
-495855
-495717
-495699
-495663
-495590
-495581
-495580
-495385
-495349
-495296
-495249
-495010
-494729
-494498
-494270
-493879
-493820
-493703
-493330
-493212
-492998
-492887
-492756
-492535
-492511
-492508
-492370
-492278
-492140
-491492
-490614
-490082
-489810
-489737
-489455
-489410
-489156
-489018
-488748
-488425
-488220
-487947
-487785
-487739
-487603
-487562
-487530
-487436
-487005
-486976
-486906
-486895
-486783
-486454
-486220
-485678
-485528
-485462
-485448
-485362
-485259
-485193
-484255
-484110
-483209
-482466
-482386
-482176
-482038
-481901
-481793
-481592
-481554
-481511
-481456
-481452
-481427
-481135
-480661
-480039
-479862
-479702
-479626
-478963
-478610
-478600
-478466
-478393
-478129
-477954
-477943
-477446
-477249
-476917
-476910
-476834
-476556
-476475
-475886
-475571
-475525
-475487
-475360
-475254
-475152
-474307
-474223
-473987
-473632
-473116
-473114
-473026
-473008
-472961
-472715
-472409
-472366
-472312
-472183
-471864
-470794
-470552
-470392
-469999
-469734
-469552
-469261
-469132
-468912
-468626
-468618
-468598
-468398
-468303
-468169
-468083
-467816
-467576
-467525
-466781
-465615
-465602
-465040
-464878
-464853
-464836
-464722
-464611
-464299
-464114
-463986
-463603
-463422
-463289
-463272
-463174
-462867
-462619
-462474
-461825
-461636
-461427
-461245
-460581
-460385
-460203
-460147
-459666
-459628
-459618
-459051
-458791
-458757
-458393
-458353
-458339
-458214
-457569
-457489
-457343
-457034
-456982
-456892
-456891
-456789
-456726
-456596
-456521
-456375
-456188
-456043
-455489
-454930
-454835
-454509
-454223
-453988
-453947
-453913
-453902
-453756
-453427
-453024
-452787
-452666
-452497
-452420
-452377
-452209
-452172
-451892
-451790
-451485
-451433
-451333
-451275
-451247
-450917
-450842
-450515
-450484
-449931
-449901
-449691
-449663
-449175
-449155
-449136
-449048
-448492
-448354
-448313
-448311
-448119
-447896
-447825
-447825
-447705
-447548
-447502
-447303
-447238
-447068
-446087
-445266
-444964
-444923
-444651
-444633
-444457
-444402
-444241
-444079
-443926
-443886
-443737
-443350
-443265
-443166
-442820
-442625
-442622
-442555
-442517
-442319
-441831
-441741
-441731
-441676
-441575
-441016
-440946
-440914
-440822
-440790
-440701
-440630
-440545
-440228
-440099
-439937
-439870
-439719
-439388
-439325
-439152
-439079
-439037
-438835
-437993
-437762
-437674
-437530
-437295
-437130
-437105
-436909
-436820
-436709
-436503
-436493
-436403
-436191
-436104
-436077
-436076
-435728
-435573
-435485
-435110
-434855
-434131
-434070
-434063
-433834
-433796
-432700
-432542
-432532
-432372
-431758
-431667
-431611
-430798
-430748
-430596
-430345
-430110
-430105
-429803
-429773
-429324
-429307
-429163
-428948
-428859
-428825
-428694
-428240
-427982
-427777
-427480
-427475
-427435
-426397
-425631
-425500
-425315
-425259
-424870
-424776
-424367
-424246
-424135
-424132
-424063
-423891
-423852
-423755
-423547
-423393
-423331
-423240
-422731
-422297
-422262
-422077
-421757
-421630
-421296
-421134
-421077
-420869
-420663
-420402
-420053
-419846
-419245
-418499
-418457
-418339
-418326
-417982
-417911
-417774
-417696
-417689
-417585
-417518
-417434
-417405
-417392
-417009
-416676
-416417
-416385
-416297
-416040
-415822
-415568
-415484
-415484
-415368
-415066
-414939
-414562
-414488
-414371
-414205
-414148
-413907
-413823
-413759
-413478
-413315
-413255
-413162
-413155
-412556
-412493
-412143
-411807
-411773
-411700
-411494
-411260
-410992
-410586
-410403
-410155
-410039
-409858
-409645
-409541
-409472
-409370
-408692
-408452
-408374
-408373
-407996
-407877
-407439
-407230
-407228
-406896
-406525
-406483
-406257
-406035
-405922
-405744
-405667
-405660
-405622
-405286
-404903
-404851
-404708
-404416
-404048
-403911
-403827
-403441
-403097
-402955
-402473
-402393
-402154
-401691
-401383
-401217
-400978
-400834
-400345
-400331
-400132
-400096
-399862
-399672
-399394
-399264
-399231
-399162
-398968
-398941
-398935
-398860
-398835
-398744
-398642
-398298
-398276
-397959
-397905
-397878
-397733
-397729
-397684
-397301
-397083
-396629
-396482
-396216
-395918
-395871
-395776
-395776
-394963
-394396
-393864
-393850
-393724
-393649
-393575
-393539
-393483
-393225
-393054
-392802
-392467
-392429
-391971
-391820
-391360
-391309
-391307
-391254
-391228
-390475
-390294
-390168
-390137
-389980
-389753
-389616
-389485
-389361
-389141
-388951
-388875
-388779
-388344
-388252
-388039
-387900
-387614
-387538
-387480
-387401
-387083
-386889
-386665
-386616
-386602
-386589
-386570
-386324
-386047
-385855
-385477
-385188
-385082
-385016
-385006
-384991
-384836
-384428
-384412
-384348
-383963
-383829
-383386
-383217
-383203
-383154
-383008
-382865
-382086
-381864
-381764
-381520
-381267
-381171
-381122
-380985
-380819
-380713
-380558
-380465
-380409
-379817
-379664
-379558
-379498
-379433
-379317
-379277
-379139
-378677
-378339
-378312
-378242
-378024
-377967
-377833
-377658
-377638
-377632
-377508
-377464
-377403
-377239
-376426
-375886
-375766
-375570
-375225
-374699
-374638
-374179
-373967
-373750
-373729
-373707
-373564
-373081
-373019
-372988
-372817
-372670
-372538
-372348
-372234
-371684
-371661
-371433
-371251
-371178
-371141
-370946
-370742
-370311
-369699
-369647
-369562
-369460
-369360
-369204
-369027
-368422
-368193
-367801
-367591
-367452
-367320
-367271
-366666
-366484
-366352
-366030
-365918
-365700
-365666
-365304
-365237
-365218
-364434
-364073
-364030
-363936
-363728
-363725
-363694
-363558
-362800
-362716
-362668
-362154
-361724
-361501
-361369
-361200
-361188
-361030
-360996
-360655
-360569
-360279
-359770
-359189
-358730
-358663
-358294
-357654
-357358
-357300
-356874
-356674
-356622
-356567
-356300
-356220
-355644
-355047
-355002
-354901
-354801
-353992
-353890
-353881
-353594
-353341
-353121
-353048
-352816
-352790
-352661
-352630
-352445
-352338
-352227
-352056
-351943
-351645
-351185
-350918
-350635
-350500
-350381
-350107
-349748
-349613
-349510
-349398
-349398
-349381
-349353
-349193
-348771
-348091
-347541
-347386
-346673
-346438
-346311
-346159
-344934
-344894
-344858
-344829
-344764
-344637
-344545
-344405
-344400
-344237
-343996
-343959
-343607
-343485
-343468
-343310
-343255
-343110
-342939
-342710
-342542
-342096
-341776
-341671
-341416
-341410
-341265
-340836
-340830
-340699
-340178
-339817
-339185
-338954
-338598
-338461
-338033
-337782
-337640
-336925
-336624
-336522
-336297
-336134
-335622
-335544
-334974
-334618
-334559
-334325
-334248
-333726
-333482
-333346
-333102
-333061
-332971
-332946
-332847
-332398
-331573
-331420
-331034
-330880
-330861
-330789
-330714
-330489
-330011
-329208
-329190
-328961
-328847
-328778
-328287
-328217
-327920
-327915
-327899
-327759
-327552
-327395
-327202
-327107
-327039
-326615
-326269
-326263
-326087
-325795
-325786
-325756
-325733
-325675
-325358
-325263
-325194
-324709
-324351
-323956
-323486
-323194
-323192
-322828
-322737
-322577
-322222
-322211
-321987
-321819
-321805
-321634
-321567
-321432
-320939
-320807
-320129
-319733
-319513
-319411
-319043
-318762
-318727
-318344
-318340
-318113
-317772
-317721
-317594
-317566
-317441
-317422
-317279
-317105
-317014
-316978
-316629
-316001
-315653
-315446
-315440
-315418
-315264
-315139
-314998
-314797
-313844
-313648
-313396
-313390
-313116
-312666
-312456
-311854
-311715
-311574
-311564
-311482
-311217
-311153
-311106
-310996
-310687
-310671
-310516
-310403
-309984
-309554
-309483
-309251
-309218
-308774
-308671
-308566
-308566
-308553
-308540
-307853
-307821
-307711
-307118
-306947
-306703
-306675
-306613
-306506
-306476
-305782
-305046
-304956
-304909
-304887
-304714
-304196
-303846
-303575
-303329
-303094
-302722
-302489
-301830
-301765
-301708
-301373
-300950
-300646
-300242
-300037
-300033
-299872
-299545
-299332
-298990
-298979
-298931
-298876
-298770
-298510
-298444
-298174
-298022
-297733
-297639
-297483
-297367
-297145
-296699
-296690
-296229
-296029
-295877
-295821
-295810
-295727
-295412
-295257
-295103
-295039
-294953
-294804
-294753
-294698
-294432
-294401
-292715
-292434
-292086
-291992
-291865
-291858
-291812
-291455
-291261
-291000
-290847
-290730
-290699
-290343
-290134
-289755
-289257
-288575
-288555
-287872
-287637
-287597
-287444
-287079
-287013
-286919
-286913
-286845
-286737
-286563
-286096
-286023
-285950
-285940
-285373
-284551
-284391
-284337
-284327
-283959
-283880
-283671
-283409
-283283
-282894
-282861
-282734
-282605
-282528
-281952
-281950
-281635
-281454
-281440
-281221
-281163
-281005
-280917
-280831
-280799
-280612
-280576
-280546
-280468
-280467
-280255
-279963
-279706
-279487
-279445
-279432
-279314
-279279
-278903
-278668
-278299
-278296
-278196
-278041
-277437
-277265
-277168
-277070
-276868
-276692
-276672
-276383
-276348
-276118
-276086
-276025
-275975
-275907
-275832
-275807
-275776
-275735
-275642
-275437
-275142
-274986
-274864
-274587
-274264
-273440
-273357
-273296
-273033
-272690
-272270
-272224
-272106
-272014
-271498
-271210
-270544
-270093
-269892
-269746
-269332
-268849
-268840
-268557
-268196
-267741
-267573
-267115
-266650
-266539
-266150
-266093
-265773
-265737
-265652
-265288
-264966
-264966
-264942
-264881
-264756
-264744
-264669
-264548
-264467
-264280
-263287
-263051
-262220
-262127
-261901
-261775
-261758
-260842
-260715
-260552
-260457
-259962
-259806
-259795
-259024
-258691
-258647
-258534
-258359
-257224
-257204
-256871
-256784
-256756
-256689
-256608
-256578
-256422
-255979
-255762
-255748
-255589
-255446
-255130
-254626
-254415
-254200
-253995
-253831
-253693
-253526
-253424
-253313
-253256
-253075
-252974
-252817
-252570
-252560
-252249
-252195
-252004
-251945
-251890
-251579
-251083
-250853
-250286
-249787
-249725
-249652
-249436
-249388
-249238
-249184
-249114
-248808
-248602
-248543
-248410
-248400
-248389
-248092
-247945
-247358
-247023
-246745
-246715
-246428
-246250
-246199
-246154
-245493
-245269
-245195
-245054
-244718
-244569
-244397
-244067
-243923
-243848
-243480
-243061
-243059
-242506
-242408
-242193
-242119
-242008
-241946
-241723
-241681
-241669
-241634
-241553
-241289
-240998
-240993
-240972
-240877
-240398
-240336
-240238
-240178
-239853
-239712
-239655
-239644
-238537
-238501
-238423
-237896
-237867
-237725
-237683
-237198
-236995
-236842
-236435
-236408
-235978
-235261
-235100
-234924
-234681
-234432
-233869
-233765
-233361
-233266
-232992
-232827
-232817
-232732
-231812
-231718
-231355
-231256
-231155
-231141
-231097
-230966
-230930
-230902
-230860
-230701
-230300
-230178
-230016
-229955
-229743
-229614
-229554
-229453
-228935
-228517
-228242
-227931
-227768
-227767
-227534
-227461
-227025
-226734
-226654
-226590
-226543
-226216
-226051
-226006
-225833
-225754
-225660
-225658
-225476
-225376
-225287
-225063
-224948
-224804
-224351
-224019
-223986
-223696
-223440
-223171
-222952
-222947
-222912
-222809
-222734
-222656
-222548
-222370
-222209
-221991
-221902
-221820
-221786
-221605
-221569
-221050
-221024
-220750
-220340
-220221
-220196
-219737
-219720
-219526
-218994
-218828
-218119
-217871
-217506
-217444
-217389
-217285
-217129
-216947
-216576
-216563
-216539
-216408
-216296
-216057
-215931
-215711
-215574
-215550
-215523
-215415
-215018
-214939
-214858
-214830
-214702
-214658
-214508
-214328
-214144
-214130
-213992
-213810
-213411
-213374
-213090
-213085
-212958
-212761
-212597
-212548
-212537
-212372
-212231
-211977
-211626
-211328
-211318
-211167
-211112
-210981
-210934
-210469
-210237
-210058
-209681
-209270
-209168
-208594
-208553
-208116
-207893
-207761
-207506
-207383
-207185
-206794
-206525
-206489
-206305
-206284
-205985
-205927
-205894
-205864
-205716
-205456
-205202
-204947
-204765
-204531
-204032
-203599
-203437
-203409
-202929
-202731
-202155
-202143
-202080
-201291
-201139
-201135
-201017
-200472
-200136
-199940
-199842
-199492
-199469
-199286
-198808
-198648
-198332
-198113
-198031
-197907
-197309
-197244
-197082
-196859
-196112
-195972
-195716
-195492
-195472
-194932
-194832
-194799
-194595
-194345
-194151
-194117
-193926
-193830
-193713
-193655
-193206
-193194
-192934
-192497
-192348
-191718
-191303
-191168
-191132
-190974
-190951
-190826
-190532
-190149
-189819
-189362
-189093
-188847
-188695
-188638
-188566
-187972
-187959
-187879
-187195
-187159
-186949
-186924
-186810
-186803
-186801
-186762
-186671
-186650
-186620
-186063
-185783
-185359
-185259
-185221
-185151
-185000
-184856
-184772
-184720
-184681
-184331
-184293
-184200
-184139
-184117
-183940
-183869
-183456
-183444
-182980
-182570
-182548
-182539
-182433
-182362
-182126
-181910
-181683
-181493
-180503
-180439
-180350
-180297
-180212
-179773
-179699
-179618
-179504
-179240
-179080
-179039
-178995
-178863
-178331
-178234
-177820
-177523
-177471
-177249
-177119
-177049
-177012
-176873
-176262
-176219
-176189
-176186
-176032
-175478
-174615
-174613
-173878
-173768
-173693
-173542
-173465
-173343
-173324
-173148
-172861
-172823
-172734
-172715
-171981
-171872
-171806
-171688
-171360
-171327
-171263
-171241
-171164
-171074
-170912
-170824
-170692
-170558
-170219
-170028
-170013
-169963
-169881
-169821
-169776
-169738
-169297
-169218
-169211
-169162
-168972
-168900
-168757
-168655
-168592
-168582
-168308
-168186
-168148
-167956
-167949
-167849
-167471
-166932
-166564
-166448
-166142
-166130
-165896
-165622
-165409
-165310
-164615
-164603
-164479
-163487
-162943
-162637
-162354
-162351
-162328
-162064
-161898
-161828
-161701
-161392
-161233
-160874
-160694
-160429
-160417
-160337
-160223
-159366
-158867
-158862
-158830
-158710
-157910
-157910
-157868
-157750
-157698
-157410
-157146
-156905
-156346
-156101
-155715
-155548
-155360
-155211
-155209
-155170
-154206
-153863
-153658
-153615
-153599
-153407
-153201
-152777
-152718
-152682
-152041
-152009
-151896
-151718
-151424
-151149
-150628
-150419
-150372
-150037
-149802
-149614
-149546
-149232
-149120
-148585
-148581
-148273
-147942
-147907
-147758
-147517
-147229
-147205
-146888
-146867
-146434
-146401
-145918
-145849
-145111
-145097
-144472
-144257
-144231
-143500
-143206
-143053
-142987
-142910
-142064
-141829
-141671
-141400
-141143
-140883
-140391
-139915
-139743
-139272
-139099
-139001
-138842
-138653
-138519
-138469
-138253
-138175
-138025
-137891
-137749
-137736
-137576
-137524
-137500
-137084
-136929
-136768
-136675
-136565
-136455
-135624
-135521
-135460
-135335
-135158
-134747
-134415
-134344
-134047
-133950
-133676
-133553
-133497
-133184
-132876
-132711
-132482
-132333
-132297
-132269
-131495
-131381
-131102
-130898
-130402
-130400
-129818
-129501
-129428
-129329
-129279
-129028
-128929
-128896
-128372
-128285
-128006
-127977
-127886
-127801
-127769
-127452
-127208
-127009
-127008
-126788
-126562
-126552
-126366
-125087
-125067
-125019
-124687
-124586
-124392
-124181
-124071
-123946
-123806
-123423
-123276
-123090
-122820
-122702
-122677
-122544
-122360
-122317
-122215
-122099
-121973
-121720
-121595
-121577
-121300
-121044
-120965
-120944
-120534
-120307
-119975
-119671
-119020
-118814
-118808
-118579
-118407
-118383
-118190
-117746
-117476
-117382
-117242
-117208
-116855
-116374
-116169
-116019
-115290
-115061
-114939
-114444
-114245
-114178
-113900
-113474
-113411
-113398
-113293
-113254
-113177
-112874
-112568
-112356
-112322
-112279
-112003
-111943
-111764
-111531
-111144
-110585
-110466
-110450
-110314
-110008
-109559
-109484
-109449
-109409
-109025
-108396
-108247
-108092
-108031
-107973
-107359
-107334
-107031
-105988
-105759
-105748
-104951
-104265
-104242
-104191
-104062
-103760
-103731
-103436
-102969
-102968
-102950
-102740
-102685
-102565
-102406
-101956
-101876
-101789
-101775
-101756
-101688
-101667
-101349
-100933
-100821
-100733
-100552
-100487
-100342
-99915
-99774
-99614
-99386
-98697
-98683
-98426
-98122
-97923
-97891
-97828
-96912
-96631
-96560
-96518
-96438
-96366
-96264
-96210
-96174
-96057
-96033
-96018
-95520
-95353
-95304
-95119
-94906
-94872
-94665
-94519
-94428
-94355
-94336
-94205
-93873
-93808
-93241
-93067
-92626
-92146
-92109
-92027
-91914
-91908
-91644
-90929
-90229
-90002
-89844
-89554
-89426
-89351
-89342
-89330
-88704
-88695
-88562
-88316
-88299
-88107
-87560
-87371
-87171
-86874
-86772
-86473
-85976
-85897
-85628
-85453
-85012
-84968
-84766
-84457
-84369
-84310
-84113
-83861
-83559
-83473
-83323
-82905
-82888
-82819
-82772
-82632
-82588
-82319
-81305
-81101
-81099
-80933
-80811
-80611
-80413
-80279
-80255
-80060
-79941
-79680
-79565
-79048
-78707
-78527
-78409
-78185
-78088
-77828
-77444
-77245
-76815
-76653
-76429
-76400
-76384
-76104
-76101
-76034
-75680
-75212
-75103
-74791
-74713
-74428
-74336
-74137
-73839
-73833
-73706
-73410
-73345
-73161
-73122
-72929
-72449
-72144
-72104
-71939
-71887
-71702
-71509
-71436
-70888
-70563
-70507
-69695
-69662
-69192
-69151
-68827
-68784
-68351
-67977
-67954
-67874
-67826
-67607
-67494
-67145
-66974
-66832
-66445
-66408
-66206
-65927
-65882
-65738
-65642
-65445
-64988
-64876
-64860
-64848
-64796
-64756
-64689
-64653
-64459
-64362
-64334
-64327
-64278
-64168
-64072
-63851
-63797
-63485
-63416
-63359
-62911
-62900
-62733
-62284
-61961
-61952
-61735
-61691
-61616
-61557
-61259
-60650
-60546
-60526
-60459
-60128
-60029
-59888
-59808
-59768
-59588
-59425
-59275
-59143
-59079
-58877
-58820
-58476
-58431
-58127
-58019
-57903
-57520
-57451
-57209
-56666
-56214
-55775
-55532
-55374
-55372
-54853
-54659
-54546
-54457
-53963
-53773
-53510
-52919
-52844
-52772
-52755
-52728
-52449
-52395
-52176
-51923
-51891
-51850
-51648
-51464
-51430
-51042
-50757
-50672
-50481
-50435
-50340
-50021
-49875
-49814
-49769
-49740
-49395
-49123
-49103
-48401
-48235
-48133
-47710
-47698
-47695
-47331
-47153
-47056
-46885
-46601
-46315
-46210
-44837
-44694
-44632
-44607
-44567
-44235
-44096
-44009
-43584
-43511
-42748
-42412
-42258
-42065
-42061
-41958
-41616
-41611
-41552
-41416
-41311
-41296
-41292
-41267
-41232
-40981
-40908
-40801
-40745
-40644
-40267
-40245
-39989
-39929
-39824
-39626
-39559
-39065
-39016
-38924
-38874
-38820
-38818
-38721
-38440
-38331
-38059
-37929
-37581
-37280
-36984
-36961
-36924
-36913
-36823
-36693
-36650
-36613
-36549
-36323
-35679
-35546
-35545
-35511
-35426
-34935
-34869
-34726
-34450
-34167
-34031
-34008
-33928
-33739
-33711
-33640
-33607
-33519
-33505
-33182
-33039
-32643
-32374
-32305
-31798
-31766
-30928
-30585
-30553
-30296
-30259
-30218
-29801
-29800
-29718
-29682
-29677
-29631
-29577
-29489
-29326
-28784
-28455
-28340
-28212
-28054
-27957
-27956
-27770
-27661
-27607
-27452
-27439
-27387
-27114
-26980
-26787
-26679
-26564
-26445
-26414
-26221
-26185
-26065
-26002
-25924
-25634
-25620
-25322
-25304
-25265
-25034
-24756
-24657
-24433
-24397
-24279
-23990
-23829
-23238
-23204
-22938
-22762
-22728
-22353
-22293
-21779
-21738
-21565
-21313
-21139
-21000
-20936
-20912
-20729
-20665
-20144
-19953
-19805
-19754
-19515
-19393
-19359
-19320
-19004
-18964
-18955
-18908
-18692
-18381
-18349
-18295
-18252
-17935
-17743
-17655
-17597
-16994
-16819
-16748
-16605
-16570
-16502
-16294
-16143
-16022
-15930
-15468
-15332
-15251
-15137
-14695
-14266
-13904
-13807
-13607
-12724
-12686
-12674
-12641
-12389
-12334
-12021
-12005
-11486
-11288
-11261
-11247
-11170
-11163
-10978
-10918
-10885
-10871
-10571
-10241
-10206
-10192
-9972
-9767
-9540
-9405
-9370
-9324
-9267
-9164
-8894
-8888
-8802
-8645
-8317
-8118
-7833
-7754
-7747
-7726
-7449
-7367
-7349
-7049
-7040
-6692
-6681
-6346
-6153
-6081
-6062
-5885
-5812
-5496
-5470
-5441
-4995
-4914
-4591
-4493
-4408
-4360
-3415
-3034
-2992
-2939
-2761
-2502
-1534
-1410
-1320
-1316
-1279
-1116
-814
-775
-489
-478
-198
105
267
282
292
347
416
483
631
1316
1368
1455
2313
2367
2818
2834
3042
3293
3356
3632
3664
4298
4389
4513
4677
5011
5225
5270
5747
5760
5960
6031
6220
6241
6366
6502
6574
6974
7064
7536
8077
8128
8329
8330
8570
8606
8705
9319
9408
9895
9969
9987
10118
10238
10653
11119
11865
12232
12260
12947
13413
13622
14071
14148
14474
14562
14649
14804
15308
15453
15461
15525
15669
15723
15880
15994
16065
16091
16148
16241
16445
16756
17188
17232
17792
17857
18021
18265
18358
18390
18566
18610
18657
18724
18897
19400
19547
19600
19758
20069
20152
20165
20355
20523
20903
21029
21047
21191
21285
21294
21406
21563
21871
21959
22015
22050
22383
22510
23275
23316
23379
23613
24060
24652
24710
24710
24738
24782
25011
25290
25573
25635
25792
25975
26328
26398
27806
27931
27960
28005
28203
28320
28380
28422
28585
28744
28782
28857
28886
28986
28995
29053
29315
29542
29599
29627
29675
30386
30474
30496
30751
30802
31059
31083
31133
31238
31283
32073
32462
32783
32926
32962
33029
33053
33768
33979
34033
34096
34404
34475
34996
35166
35189
35212
35242
35245
35322
35360
35377
35570
35763
36163
36196
36659
36954
37496
37508
37686
37772
37783
38376
38826
38895
39285
39416
39684
40173
40314
40583
40588
40632
40654
40689
40985
41154
42356
42888
43116
43437
43738
44039
44125
44135
44202
44572
44717
44780
44991
45218
45369
45519
45617
45809
45839
45896
45897
45919
46125
46223
46267
46284
46320
46490
46790
46801
46959
47289
47577
47722
47847
47916
48282
48380
48412
48659
48931
49180
49330
49371
49638
49746
49942
50029
50081
50256
50506
50738
50930
51518
51548
51911
52356
52375
52642
52794
53479
53662
54056
54993
55131
55217
55713
55838
56354
56438
56677
56931
57331
57420
57571
57758
58435
58505
58582
58753
58991
59075
59253
59276
59290
59326
60198
61599
61731
61766
61871
62067
62097
62282
62419
62484
62588
62899
63133
63230
63290
63370
63573
63848
64198
64369
64843
65045
65148
65176
65430
65701
65872
66000
66093
66152
66274
66308
66337
66372
66910
67141
67934
67963
68092
68215
68374
68476
68844
69101
69132
69267
69402
69486
70447
70449
70470
70650
70800
70986
71314
71651
71768
71849
71992
72469
73256
73317
73340
73544
73743
73784
73791
74019
74040
74259
74460
74488
74884
74951
75016
75133
75265
75283
75330
75540
75656
75722
75886
76001
76141
76311
76591
76782
76917
77282
77377
77542
77757
77862
77956
78029
78141
78345
78450
78462
78758
78789
78833
79120
79175
79291
79328
79355
79451
79685
79713
79761
80437
81232
81445
81474
81559
81759
82380
82426
82774
83037
83108
83252
83258
83392
83403
83750
83792
84393
84889
85489
85568
85660
85674
85872
85988
86248
86360
86422
86462
86523
86550
86681
86732
87097
87370
87526
87600
87954
88051
88486
88589
88760
88845
88871
89107
89520
89601
89864
90084
90731
90799
90800
91056
91111
91399
91869
92265
92277
92420
92621
92803
92846
92851
92860
93113
93437
93484
93853
93924
93967
93994
94037
94061
94161
94297
94701
94759
94769
94821
95007
95080
95137
95226
95228
95278
95460
95464
95528
95575
95860
96153
96210
96260
96949
97015
97309
97637
97641
98415
98529
99261
99853
99887
99897
100044
100126
100594
100917
101100
101525
101590
101805
101809
101881
102022
102601
102818
102839
102878
103111
103306
103665
104084
104539
104794
104858
105107
105181
105339
105359
105408
105470
105960
106105
106380
106561
107120
107301
107312
107453
107842
107893
108036
108287
108472
108685
108751
109133
109269
109351
109616
109778
110164
110232
110436
110652
111085
111278
111281
111497
111671
111792
111929
112158
112173
112177
112185
112228
112350
112555
112659
112789
113191
113313
113502
113828
114401
114416
114905
115038
115206
115247
115329
115619
116082
116203
116228
116633
116724
116915
117901
117942
118125
118347
118369
118834
118895
118999
119027
119081
119454
119637
119863
120294
120375
120590
120692
121186
121248
121369
121621
121672
121755
122505
122800
122803
123129
124232
124423
124462
124506
124655
125011
125184
125520
126042
126128
126221
126242
126262
127005
127042
127901
128225
128391
128481
128521
128681
128966
129464
129831
130630
130792
131333
131595
131596
131853
131951
132024
132142
132180
132326
132509
132805
132983
132985
133746
133825
134011
135054
135064
135154
135809
136101
136283
136380
136396
136517
136653
136889
136982
137371
137406
137418
137500
137532
137555
138100
138144
138160
138170
138324
138436
138568
138599
139275
139317
139539
139576
139688
139771
139903
139953
140139
140628
140977
141146
141252
141341
141638
141808
141905
141922
142347
142498
142964
143016
143137
143176
143220
143571
143793
143990
144412
144929
145116
145482
145505
145519
145739
145811
146035
146133
146188
146199
146325
146451
146475
146489
146816
146844
147180
147205
147333
147363
147511
147521
147556
147832
148039
148041
148621
149163
149203
149410
149541
149687
149736
149931
150285
150760
151006
151285
151427
151669
151671
151892
152199
152253
152301
152364
152378
152381
153098
153598
153656
153915
154368
154650
154796
154887
154905
155101
155313
155442
155710
156021
156054
156117
156163
156333
156356
156468
156852
157248
157343
157344
157537
157663
157747
158162
158429
158466
158786
159000
159136
159227
159359
159797
159964
160115
160221
160234
160344
160550
160604
160787
160838
161274
161502
161504
161851
161889
161918
161936
162104
162141
162210
162266
162373
162391
162798
162957
163162
163596
164034
164255
164602
165304
165506
165580
165625
165747
166134
166177
166186
166296
166392
167049
167148
167184
167675
167859
168212
168730
168825
169214
169627
169896
170258
170303
170391
170557
170893
171051
171437
171631
171870
172227
172462
172615
173012
173013
173174
173380
173389
173934
174125
174309
174451
174503
174552
174563
174606
174614
175013
175089
175207
175391
175523
176179
176246
176557
176640
176677
176755
176905
177150
177328
177546
177581
177732
177771
177977
178216
178367
178435
179145
179240
179546
179935
180272
180911
181178
181450
182027
182436
182811
182909
183067
183138
183500
183547
183623
184087
184332
184611
184643
184804
184807
185088
185277
185307
185454
185984
186138
186369
186417
186566
186649
186885
186928
186970
187042
187367
187401
187603
188172
188465
188494
188604
188758
188809
188852
189130
189161
189409
189616
189815
189908
190025
190895
190982
191090
191153
191312
191390
192467
192477
192698
193057
193362
193362
193746
194008
194253
194354
194592
194707
195196
195301
195411
195598
195750
196025
196058
196184
196555
196738
196832
197475
197497
197610
197613
197648
197852
197924
198163
198176
198811
199159
199400
199415
199862
200261
200286
200291
200319
200587
200876
200939
201004
201013
201072
201286
201536
201784
201824
202041
202139
202623
202651
202794
203101
203118
203244
203271
203374
204058
204132
204356
204489
204529
205185
205651
205752
205823
206073
206486
206589
206727
206864
206949
207608
207675
207818
208199
208369
208747
208806
208873
210177
210266
210450
210603
210939
211279
211430
211739
211849
211866
211936
211991
212292
212317
212341
212461
213398
213431
214114
214216
214227
214506
214514
214563
214568
214741
214882
214957
215534
215776
216050
216080
216166
216385
216448
216683
216952
216977
216995
217610
217679
217765
218679
219788
220216
220347
220644
220804
220930
221165
221220
221268
221428
221475
221481
221533
221558
221665
222116
222713
222797
223030
223550
223556
223832
224625
224662
224856
224899
225005
225025
225034
225099
225381
225605
225786
225901
225932
225964
226061
226090
226194
226201
226640
226828
227103
227682
228053
228512
228645
229087
229142
229179
229237
229546
229906
229909
230072
230121
230355
230440
230597
230843
230970
230985
231338
231509
232039
232122
232388
233201
233304
233391
233946
234163
234187
234204
234399
234510
234640
234770
235308
235482
235743
235826
236608
236627
236629
236651
236688
237171
237372
237398
237411
237629
237804
237896
238299
238710
238837
238985
239337
239381
239446
239605
239694
239764
239998
240126
240205
240589
241119
242324
242366
243936
244069
244235
244412
244517
245049
245053
245328
245450
245674
245791
245947
246338
246871
246993
247258
247268
247454
247491
247730
247779
247891
248023
248192
248641
248785
248844
249269
249300
249394
249915
249961
250169
250594
250906
251120
251593
251766
251998
252571
252688
252822
252876
253415
253556
254106
254475
254647
254757
254899
254945
255250
256040
256076
256082
256307
256430
256604
256842
256972
257071
257122
257632
257741
257982
258179
258441
258589
259119
259153
259207
259628
259735
259790
259905
259943
260192
260586
260900
260932
261184
261739
261909
261935
261973
262031
262111
262114
262137
262303
262419
262589
262758
263070
263201
263317
263527
263865
263951
263961
264200
264308
264362
264926
265013
265090
265171
265254
265268
265457
265848
265907
265966
266012
266386
266616
266758
266951
267085
267205
267313
267432
268189
268442
268471
268686
268767
268785
269008
269392
269965
270017
270027
270149
270258
270471
271620
271682
271968
272049
272137
272164
272299
272623
272680
272827
273023
273298
273428
273723
274018
274331
274487
274533
275047
275863
275890
276096
276610
276965
277049
277105
277769
278662
278733
279232
279264
279272
279308
279324
279337
279366
279404
279411
279444
279587
279720
279916
279981
280486
280947
280961
281129
281357
281423
281468
281733
281855
282034
282111
282170
282514
282632
282701
282778
283147
283971
284083
284134
284360
284521
284832
284842
285215
285273
285362
286002
286258
286327
286437
286516
286621
287183
287280
287329
287673
287776
287845
287967
288027
288118
288206
288383
288548
288801
288920
289031
289479
289611
289629
289714
290081
290245
290258
290439
291135
291276
291440
291473
291583
291740
291779
291794
291797
291842
292280
292577
293293
293723
293737
294108
294184
294230
294295
294424
295365
295495
295513
295519
295657
296068
296189
296482
296507
296604
296747
296948
296983
297039
297138
297145
297168
297286
297370
297373
297455
298028
298467
298782
298810
299133
299522
299686
300092
300424
300522
301146
301551
301770
301800
301801
301867
302281
302462
302693
302797
302869
302871
302950
303031
303096
303373
303385
303606
303679
303886
304108
304108
304109
304348
304367
304389
304861
305147
305192
305368
305804
306091
306482
306492
306607
306976
307895
307908
308212
308523
308624
308630
308673
308707
308718
308793
308864
308958
309078
309234
309838
310161
310681
310863
311088
311405
311656
311913
311919
312101
312378
312468
312593
313509
313612
313760
314052
314892
314952
314985
315220
315557
315902
315904
316022
316227
316825
316906
316923
317012
317193
317203
317339
317799
317900
317947
318315
318400
318641
318777
318801
319092
319110
319629
319889
320059
320124
320187
320674
320695
320899
320955
321388
321469
321713
322000
322378
322386
322708
322758
323227
323651
323846
324475
324477
325393
325954
326005
326054
326129
326251
326275
326278
326458
326606
326636
327046
327588
327920
327926
328131
328584
328926
328950
329048
329195
329274
329546
329576
329658
329720
330054
330055
330226
330749
330811
331634
332368
332976
333498
333518
333540
333562
333683
333721
334097
334229
334553
334616
334759
335021
335082
335364
335416
335426
335616
335693
336010
336056
336405
336536
336539
336638
337230
337553
337813
338465
338471
338490
338508
338657
338948
339020
339172
339581
339678
339772
339823
339921
340006
340008
340182
340203
340478
340918
340985
341231
341237
341439
341674
341884
341913
342345
342400
342438
342447
342558
343042
343132
343399
343949
343982
344056
344314
344668
344763
344900
344970
345150
345236
345698
346019
346028
346130
346472
346707
346958
347120
347535
347783
348387
348550
349025
349219
349335
349398
350407
350440
350533
350543
350918
351304
351328
351520
351669
351694
351808
351883
351970
352598
352981
353212
353230
353272
353313
353385
353672
354285
354357
354452
354692
354694
355350
355386
356029
356249
356294
356709
356787
356808
356888
356891
357058
357072
357103
357634
358029
358066
358476
358755
358896
358960
359848
359942
360060
360975
360985
361141
361456
361703
362168
362180
362276
362774
362850
362921
362931
363197
363316
364234
364362
364398
364662
364861
365185
365326
365386
365734
366071
366076
366291
366326
366367
366373
366500
366741
366890
366936
366951
367032
367217
367364
367392
367420
367579
367667
367773
367982
368278
368612
368663
368763
369029
369303
369663
369842
369976
370011
370076
370265
371718
372088
372231
372328
372468
372782
372818
373153
373205
373688
373892
374028
374108
374255
374435
374811
374843
374885
375345
375701
375758
375819
375842
375923
375925
376262
376306
376362
377338
377512
377707
377888
378078
378225
378391
378506
378579
378737
378740
379065
379194
379839
379850
380031
380064
380419
380857
380936
381036
381205
381670
381703
381807
381893
381989
382235
382240
382442
382582
382641
382781
382832
382916
382937
382949
383200
383447
383628
383634
383951
384039
384313
384951
385670
386018
386185
386803
386912
386984
387677
387807
387909
388106
388124
388143
388184
388337
388480
388539
388896
389067
389138
389290
389313
389749
390557
390756
390787
391025
391318
391358
391376
391390
391488
391587
391603
391893
391956
392070
392229
392254
392546
392551
392614
392621
392745
393316
393344
394150
394393
394477
394546
394760
394794
394815
394865
395284
395296
395452
395633
395718
395825
395957
396033
396070
396311
396432
396762
396780
396868
397019
397103
397151
397224
397234
397630
397824
397880
397921
398414
398691
398748
398750
398859
399543
399581
399722
400161
400251
400290
400487
400523
400663
401522
401615
401758
401853
401981
402460
402541
402775
402895
403617
403645
403767
403971
404516
404587
404594
404618
404704
405065
405131
405253
405561
405880
405899
406261
406264
406349
406460
406664
407022
407163
407559
407638
407991
408097
408178
408232
408256
408556
408642
408659
408766
408798
408826
409251
409329
409421
409468
409562
409609
410456
410460
410574
410715
410985
411025
411132
411252
411258
411384
411429
411739
412120
412491
412539
412624
412673
413314
413456
413637
414049
414158
414224
414351
414457
414487
414528
414541
414788
414843
414904
415475
415620
415705
415895
415968
416012
416027
416130
416789
416854
416912
417219
417523
417722
418054
418341
418388
418408
418469
418505
418558
418896
419149
419212
419630
420249
420927
421226
421389
421408
421575
421605
421814
421948
423133
423366
424055
424274
424684
425279
425568
425645
425732
426070
426443
426676
426732
426817
426852
427012
427262
427468
427727
427849
427908
427924
427984
428092
428423
428636
428651
428954
429226
429935
430118
430129
430179
430215
430305
430341
430431
430482
430649
430655
430757
431254
432383
432428
433066
433085
434077
434339
434588
434794
435061
435532
435699
435791
436366
436632
436930
437100
437223
437346
437749
438400
438401
438431
438622
438654
438761
438790
439196
439435
439465
439476
439824
440262
440502
440865
440894
441029
441382
441530
441654
441892
442152
442621
442658
443133
443286
443648
443801
444014
444052
444070
444155
444223
444255
444539
444554
444775
444902
444933
445085
445472
445532
445645
446510
446864
446936
447062
447118
447336
447449
447466
447472
447488
448461
448558
448816
448902
449178
449321
449324
449543
449693
449806
449917
450078
450156
450243
450303
451063
451074
451113
451297
451319
451407
451461
451767
451879
451905
452183
452239
452670
452770
452803
453007
453089
453094
453569
453736
453919
454087
454230
454287
454307
454336
454495
454523
454764
454769
454789
454988
455232
455277
455684
455757
456231
457422
457443
457456
457632
457702
457774
457972
458022
458778
459461
459522
459821
460238
460434
460548
460582
460678
460754
460778
461099
461689
461699
461855
461886
462212
462380
462467
462659
462852
463123
463169
463388
463842
464213
464593
464906
465082
465193
465691
465819
466790
467119
467230
467377
467510
467630
468331
468347
468398
468647
468777
468886
469051
469230
469234
469268
469631
470094
470810
470972
471378
471406
471421
471565
472144
472298
472532
473653
473844
473985
474420
474444
474918
474961
475008
475068
475319
475641
476187
476319
476585
476618
476656
476783
477048
477194
477232
477510
477668
477998
478004
478109
478334
478657
478684
478857
479206
479271
479435
479440
479528
479611
479828
480435
480553
480639
480666
480809
480976
481053
481204
481549
481651
482374
482577
482578
483386
483389
483469
483505
483881
483912
484163
484190
484269
484360
484798
485464
485565
485656
485864
485929
486089
486220
486262
486305
486575
486615
486660
486858
486949
487016
487075
487231
487473
487522
487693
487797
488469
488477
488642
488853
489145
489148
489156
489185
489397
489479
490026
490697
490801
490949
490961
491050
491123
491487
491667
491738
491759
491982
492017
492025
492394
492645
492801
493072
493082
493102
493119
493129
493140
493645
493765
493850
494080
494196
494370
494544
494597
494641
494792
494890
494986
495078
495133
495138
495423
495469
495897
496235
496326
496410
496503
497348
497645
497882
497967
497994
498024
498038
498258
498266
498522
498765
499051
499214
500270
500567
500604
500817
500920
500929
501055
501119
501476
501511
501655
501819
501932
502181
502188
502376
502666
503142
503144
503192
503303
503366
503519
503785
504209
504225
504345
504558
504641
504698
504750
504833
504914
505193
505637
505717
506135
506624
506696
506835
506992
507113
507262
507622
507640
507724
507868
507952
508007
508296
508555
508793
508960
509149
509245
509615
509618
509727
509929
509971
510160
510274
510435
510541
510709
511072
511166
511394
511477
511574
511905
512135
512186
512845
512917
513696
513743
513980
513989
514037
514063
514075
514232
514325
514500
515086
515273
515459
515658
515980
516058
516904
517175
517228
517326
517684
517776
517809
518161
518281
518472
518539
518731
518882
518971
518977
519358
519528
519724
519859
520039
520070
520231
520233
520748
520858
520895
521357
521800
521806
521939
522059
522221
522412
522449
522680
522791
523246
523376
523675
524068
524485
525039
525066
525187
525204
525333
525406
525489
525548
525808
526066
526161
526250
526350
526372
527281
527289
527412
527443
527659
528337
528388
528533
528643
529106
529314
529755
529815
529960
530264
530408
530467
530628
531113
531393
531398
531915
532373
532447
532488
532892
533062
533211
533566
533986
533995
534227
534469
534610
534719
534720
534817
535421
535454
535525
535587
535663
535699
535729
536162
536407
537010
537486
537555
537747
537784
538103
538279
538400
538515
538530
538871
539181
539281
539308
539430
539479
539710
539733
539733
539851
540057
540356
540426
540660
540865
540993
541964
542041
542051
542199
542245
542316
542341
542387
542809
542935
542991
543273
543459
543514
543594
543696
543840
543845
543919
543956
544061
544448
545734
545884
545933
546059
546456
546854
547409
547669
547691
547775
548127
548321
548472
548810
548975
549425
549796
550503
550721
550823
550922
551097
551203
551463
551842
552181
552202
552245
552520
552652
552800
552942
553127
553574
553632
554050
554259
554345
554406
554627
554798
554977
555176
555299
555604
556392
556452
556627
556804
556814
556837
556839
557001
557129
557243
557413
557546
557550
557622
557856
557985
558221
558623
559192
559457
559646
559660
559881
559905
560285
560289
560960
561048
561468
561741
561884
561906
562169
562375
563222
563232
563734
563953
563992
564130
564173
564523
564834
564921
565126
565277
565294
565388
565486
566180
566222
566381
566410
566693
566784
567267
567756
568211
568337
569212
569381
570004
570024
570356
570475
570716
570870
570964
571039
571158
571176
571334
571382
571402
571835
571886
571998
572126
572174
572444
572656
572714
572760
572852
572888
572998
573207
573235
573276
573668
574022
574155
574597
575000
575048
575117
575283
575752
575929
576043
576108
576349
576584
576866
577335
577412
577457
578186
578186
578194
578356
578520
578981
579179
579369
579391
579395
579540
579970
580343
580525
580583
580865
580902
581331
581377
581398
581419
581656
581729
581982
582023
582047
582217
582229
582278
582607
582614
582843
583105
583122
583288
583433
583485
583837
583928
584579
584600
584799
584858
585005
585448
585855
586216
586231
586794
586970
586971
587004
587068
587320
587447
587861
587912
588028
588037
588582
588710
588963
589198
589423
589644
589841
590297
590301
590393
590683
590776
590808
590859
590958
590982
591136
591350
591773
591879
591908
591945
592101
592361
592564
592569
592651
592659
592684
592689
592851
593031
593052
593157
593260
593360
593398
593579
593865
593931
594178
594245
594326
594537
594547
594671
594950
595036
595182
595228
595331
595552
595817
596258
596568
596825
596837
596897
597336
597393
597437
597636
597682
597726
597856
597885
597905
598055
598133
598296
598558
598746
598859
598896
599203
599232
600078
600380
600431
600511
600587
600838
601016
601082
601244
601714
601834
601893
602316
602616
602757
602773
603274
603560
603644
603740
603897
603929
603941
604497
604621
604771
604832
605253
605284
605723
605947
606189
606529
606740
606807
607617
607901
608379
608710
608845
608847
609235
609370
609785
609828
610144
610478
610967
611058
611209
611273
611313
611322
611337
611503
611539
611577
611586
611604
611740
611910
611943
612133
612336
612373
612523
612942
613135
613509
613589
613618
614070
614085
614540
614988
615081
615084
615098
615358
615371
615440
615939
615989
616174
616200
616773
616868
617864
617931
617938
618164
618595
618890
618926
619103
619328
619404
619818
620001
620108
620196
620294
620751
621110
621166
623101
623149
623304
623490
623557
623557
623608
623616
623664
623946
623950
624243
624283
624494
624498
624776
624937
625068
625272
625418
625441
625538
625540
626157
626731
626960
627153
627161
627289
627618
627684
627909
627991
628355
628475
628571
628615
628646
628730
628869
628960
629211
629472
629508
629628
629846
629887
630224
630273
630274
630878
631060
631363
631389
631691
631721
631760
631923
632239
632603
632745
632785
632989
633050
633104
633185
633430
634216
634279
634454
634567
634771
634789
635022
635058
635203
635347
635479
635618
635734
635932
636077
636167
636273
636675
636731
636787
637218
637330
637457
637495
637677
637987
638567
638797
639514
639752
639825
639829
639893
640271
640352
640677
640901
640975
641099
641278
641302
641977
642143
642347
642742
643160
643570
643622
643900
644136
644340
644360
644459
644504
644522
644641
645199
645434
645461
645991
646040
646183
646406
646483
646698
646718
646729
646866
647023
648059
648234
648339
648549
648645
648776
649439
649483
649493
649578
649640
649688
649710
650022
650156
650290
650345
650411
650757
651082
651333
651381
651385
651460
651579
651584
651628
651987
652222
652421
652592
653813
653930
654171
654230
654556
654660
655044
655068
655373
655669
655847
655893
656905
657095
657113
657132
657389
657538
657842
657929
658392
658548
658556
659429
659949
660154
660279
660503
660933
661503
661735
662658
662661
662918
663181
663443
663494
663857
663901
664647
665454
665621
665849
666318
666319
666463
666592
666726
667218
667351
667552
667668
667829
668077
668080
668297
668518
668961
669018
669372
669463
669567
669616
669640
670483
670561
670838
670991
671004
671022
672213
672236
672265
672344
672345
672402
672447
672483
672654
672956
673261
673273
673306
673759
673785
674125
674224
674283
674440
674692
675009
675042
675660
676264
676603
676757
676794
676867
676872
677216
677571
677877
678241
678337
678464
678741
678745
678889
679542
679763
679923
680093
680345
680684
680777
681000
681242
681568
681604
681866
681871
682346
682388
682607
682647
682715
682826
682940
683035
683131
683365
683530
683578
684349
684754
684754
684896
684932
684979
685620
685656
685998
686228
686478
687007
687090
687123
687265
687351
687503
687576
687763
687834
688225
688583
688635
688815
688920
689053
689303
689418
689444
689498
689674
689984
689998
690118
690263
690812
691110
691158
691513
691532
691562
691796
692522
693136
693685
693705
693721
693818
694010
694909
695277
695741
696670
696707
696739
696799
697277
697397
697753
697852
698071
698086
699053
699162
699281
699346
699381
699416
699633
699674
699738
699854
700210
700268
700317
700776
700964
701011
701514
701542
701748
701773
702100
702985
703215
703702
703845
704249
704614
704808
704939
705534
705535
705577
705620
705836
705885
705887
705914
705942
706048
706072
706102
706349
706505
706596
706617
706651
706655
706856
707131
707194
707256
707387
707451
707485
707505
707783
707813
707851
708019
708087
708149
708655
709338
709539
709739
709936
710561
710583
710752
710816
711252
711421
711513
711876
712158
712268
712454
712570
713096
713573
713648
714079
714325
715041
715131
715150
715711
715963
716027
716175
716511
716644
717033
717048
717545
717662
718028
718191
718421
718571
719087
719282
719567
719911
719915
719927
720229
720269
720462
720476
720629
720737
720945
721052
721184
721292
721322
721833
722080
722324
722636
722990
723055
723157
723180
723377
723842
724009
724043
724141
724267
724380
724500
724613
725006
725119
725371
725384
725536
725962
726052
726074
726277
726323
726399
726633
726806
727108
727303
727347
727445
727799
727956
728602
728699
728717
728841
728988
729080
729429
729631
729755
729765
730439
730475
730669
730910
731006
731338
731367
732041
732220
732526
732538
733029
733269
733358
733666
733760
733988
734067
734145
734163
734207
734220
734368
734435
735428
735841
736592
736738
737125
737566
737710
738069
738849
738855
738885
739083
739325
739633
740026
740236
740239
740252
740275
740514
740585
740682
740733
740917
741464
741503
741695
741846
741946
741991
742138
742186
742370
742565
742849
743023
743131
743281
743707
743849
744091
744128
744262
744525
745075
745167
745219
745588
745639
745838
746065
746165
746296
746481
746658
747184
747280
747425
747543
747655
747707
747744
747989
748306
748437
748556
748573
748709
749010
749058
749431
749469
749617
749625
749879
750187
750472
750649
750937
751055
751378
751561
751574
752255
752388
752768
753015
753103
753500
754111
754311
754389
754751
755285
755551
755570
755700
755809
756110
756186
756555
756570
756757
756788
756861
756947
757239
757366
757541
757676
757948
758209
758220
758424
758756
759092
759272
759384
759392
759636
759733
759811
760357
760398
760725
760801
760999
761279
761743
761798
761807
761850
762014
762245
762557
762906
762950
763234
763561
763569
763618
763835
763908
764144
764263
764317
764367
764627
764636
764743
764922
765089
765193
765246
765287
765482
765537
765669
765771
765887
765933
765957
766630
766643
766743
766815
767133
767228
768397
768773
768782
768804
769141
769228
769261
769371
769432
769478
769714
769768
770080
770515
770562
770719
771249
771250
771357
771449
771469
771663
771754
772426
772488
772693
772847
773021
773037
773127
773299
773456
773549
773739
774018
774142
774293
774377
775137
775288
775401
775454
775729
775744
776956
777206
777212
777375
777651
777671
777760
778313
778318
778529
778651
778706
778755
779471
779474
780240
781470
781619
781753
781814
782000
782271
782363
782760
782873
783110
783262
783323
783409
783604
783662
783744
783798
783983
784495
784523
784731
785037
785357
785519
785697
785954
786175
786237
786263
786321
786328
786468
786976
787042
787136
787617
787688
787722
787981
788549
788657
788694
788799
789043
789167
789192
789390
789568
789971
790337
790361
790652
790677
790933
791112
791375
791381
791490
792050
792351
792849
793056
793329
793341
793498
793765
793833
793840
793928
793929
794001
794052
794088
794417
794612
795051
795280
795446
795566
795921
796231
796862
797109
797195
797275
797324
797336
797389
797518
797661
797683
797996
798057
798189
798454
798732
799182
799356
799720
800224
800597
800668
800708
800798
801104
801114
801132
801217
801371
801469
801607
801710
801745
801932
802063
802303
802592
802667
803564
803666
803791
803964
804061
804253
804437
804450
804645
804676
804754
805089
805168
805251
805483
805643
805735
805823
805989
806019
806336
806434
806452
806730
806815
806948
807136
807558
807750
807905
808050
808161
808251
808727
808753
808753
808968
809108
809279
809741
810006
810047
810058
810194
810198
810407
810597
810958
811173
811302
811341
812049
812654
812978
813062
813375
813442
813660
813909
814317
814644
814807
815801
815977
816071
816110
816459
816610
816974
817140
817405
817524
817809
818222
818447
818467
818536
818867
818947
819118
820139
820313
820421
820433
820434
820741
821212
821330
821423
821470
821529
821550
821716
821834
822130
822152
822209
822411
822414
822602
822639
822672
822745
822818
822887
823004
823199
823283
823545
823604
823619
824149
824188
824190
824399
824562
824586
825015
825330
825420
825794
826659
826831
827020
827260
827400
827496
827750
828179
828576
828723
828816
828995
829304
829395
829554
829770
830236
830533
830671
830971
831091
831198
831318
831616
831630
831796
831948
832120
832544
832580
832632
832659
832895
832996
833921
833937
834299
834304
834325
834513
834901
835072
835272
835764
835805
836605
836666
837215
837476
837707
838316
838335
838565
838936
839077
839321
839587
839605
839637
839763
840105
840220
840522
840949
841394
841407
841577
841959
842879
843003
843015
843194
843288
843308
843651
843839
843967
844237
844270
844391
844540
844710
845215
845532
845985
846201
846257
846465
846634
846644
846731
846879
847209
847572
847635
847729
847924
847975
848100
848250
848399
848499
848667
848745
848829
848882
849397
849421
849645
849646
849656
849768
850449
850503
850721
850746
850803
850993
851003
851178
851342
851350
851459
851629
851737
852019
852029
852470
852619
852677
852732
852754
852817
852987
853050
853072
853192
853405
853406
853657
853773
853960
854339
855248
855552
855666
855901
856221
856398
856699
856833
857226
857261
857448
858308
858764
858787
858946
858953
859035
859644
859882
860196
860217
860362
860395
860596
860606
860618
860663
860676
860848
861026
861335
861883
861926
862248
862307
862430
862442
862552
862601
862769
863003
863690
863724
863817
864020
864198
864238
864314
864491
864892
864987
865423
865940
866223
866426
866502
866510
866600
866754
866771
866804
866825
866849
866881
867106
867119
867422
868107
868222
868428
868476
868685
868703
868801
868857
868877
868934
868965
868993
869352
869418
869731
869809
870104
870577
870579
870598
870705
870797
870997
871352
871513
871565
871641
871668
871958
871960
872058
872087
872329
872458
872483
872903
873366
873450
873554
874094
874154
874362
874451
875027
875148
875218
875527
875579
875669
875744
876067
876727
877065
877111
877863
877937
878096
878546
878777
879195
879654
880294
880301
880358
880904
880909
881339
881539
881775
882227
882493
882600
882659
882979
883109
883263
883593
884521
884616
884910
884915
885353
885359
885598
885684
885684
885730
885733
886028
886233
886373
886472
886543
886935
887092
887203
887394
887579
887807
888116
888348
888822
888927
889192
889344
889412
889499
890050
890285
890600
890854
891001
891002
891157
891231
891324
892288
892583
892707
892823
893057
893191
893203
893413
893625
893866
894076
894120
894135
894258
894504
894532
894971
895009
895011
895235
895746
895774
896053
896224
896949
897138
897158
897195
897228
897482
897557
897559
897606
897875
898511
899208
899222
899601
899923
899961
900480
900518
900528
901090
901351
901511
901809
902103
902254
902673
902789
903130
903328
903697
903704
903937
904084
904245
904560
905382
905871
905968
906025
906030
906265
906847
907167
907361
907375
907406
907521
907567
907618
907751
908228
908399
908751
908777
908784
908791
909011
909030
909108
909138
909269
909530
909643
909667
909865
910137
910196
910231
910313
910775
910794
910860
910938
910988
911245
912457
912474
912877
913434
913716
913726
913762
914370
914508
914609
914687
914713
915038
915052
915159
915274
915393
915683
915941
915995
916027
916077
916132
916947
916954
917451
917979
918038
918041
918380
918722
918790
918820
919282
919345
919505
920038
920115
920140
920299
920599
920771
920981
921235
921285
921470
921602
921845
922035
922395
922453
922633
922720
922820
922872
923026
923333
923348
923833
923955
923991
924288
924649
924748
925257
925445
925577
925591
925802
925818
925926
926044
926437
926994
927075
927454
927480
927635
927654
927669
928265
928276
928313
928629
928630
928961
929012
929013
929127
929128
929523
930115
930146
930302
930446
930519
930653
931035
931378
931884
931888
931969
932216
932231
932305
932381
932670
932855
933024
933111
933514
933599
933680
934195
934207
934306
934335
934470
934555
934561
934704
934878
935248
936099
936283
936492
936522
936623
936817
936845
937199
937371
937400
937749
937833
938108
938457
938646
938655
938710
938958
938983
939265
939281
939468
939790
939897
939996
940078
940223
940471
940594
940752
940770
940830
940940
941137
941320
941453
941503
941555
941797
941816
941951
942012
942121
942606
942915
942917
943146
943158
943269
943435
943576
943923
943962
944150
944314
944904
945208
945998
946411
946584
946593
946751
947026
947132
947158
947227
947260
947572
948928
949508
949751
949767
949863
949950
950250
950257
950327
950634
951181
951573
951687
951696
951810
951920
952132
952482
952612
952855
953177
953354
953462
953514
953767
953948
954344
954431
954505
954584
954815
954973
955342
955578
955639
956108
956278
956338
956546
956672
956896
957085
957093
957305
957600
957624
957697
957734
958770
958970
959290
959303
959789
960361
960825
961189
961847
962023
962792
962807
963360
963801
963811
964478
964514
965419
965817
966685
966787
966818
966852
966884
967170
967258
967388
967420
967688
967818
967855
967877
967960
968032
968073
968083
968532
968553
968614
968798
968823
969173
969470
969736
969805
969907
970082
970519
970643
970847
970881
971179
971321
971659
971666
971934
971940
971970
972150
972513
972595
972700
972950
973034
973052
973112
973345
973405
973550
973598
973609
973620
973714
973896
973968
973991
974053
974133
974271
974566
975289
975690
975926
976016
976178
976316
976623
976689
976834
976959
977567
977759
977821
978376
978489
978499
978552
978761
978965
979030
979957
980006
980353
980442
980550
981123
981380
982234
982257
982581
982628
982656
982741
982906
983498
983859
983861
984145
984491
985063
985117
985204
985595
986032
986067
986300
986356
986358
986669
986722
986871
987093
987500
987660
988028
988590
988714
988857
988988
989572
989865
990014
990426
990446
990598
990725
990880
990933
991080
991112
991386
991459
992181
992181
992201
992433
992474
992600
992675
992681
992869
993167
993210
993520
993687
993790
994042
994066
994716
994737
994880
995330
996000
996077
996379
996408
996660
996682
996844
997076
997430
998010
998012
998467
998480
998828
999091
999130
999616
999674
999676
999968
