100
-207917
205542
319087
736354
-294102
-830223
77112
413138
-174170
183024
396501
624441
377629
-443582
-798822
-520906
-216328
85867
-471349
345578
262035
702393
-193522
633787
-710250
-54929
-860817
248224
-270902
-537587
-785719
610643
960778
-46258
153267
-344449
-554147
-158641
296103
168038
-119258
-109602
447365
-851062
-168297
-334017
-383010
-339476
-279037
-887851
-157722
785360
-736172
-798163
276563
-461260
-517653
-565782
-382352
999096
297826
-256481
928091
-973835
-654917
-150401
-629092
394765
526442
-892652
210479
391495
-279707
343943
-420544
54505
901597
742663
352354
-938640
722895
158085
-120633
107823
-315726
-460087
-573870
-396880
980619
88844
261305
-564773
-570379
-751544
-330740
-44822
-3029
-930543
782646
534711
