10000
-167536
97950
99833
-163222
-576459
379560
142010
-659245
-760705
665649
447947
2783
-772940
-317319
-189686
-80785
-981158
968613
772125
-133448
-348996
-729258
273291
-107460
827099
796864
-520509
-950764
234833
-207536
-85327
171416
669038
688757
109965
-878221
-715667
531890
-720800
-264735
86959
-556896
905887
904166
-678624
-471176
895339
-953850
488805
-43447
163135
324409
210345
135983
-433547
378950
-945366
-138279
-227463
444558
-843529
-113009
-66934
114519
344760
460956
416742
-473568
112567
-125398
-955651
-497989
989689
879596
693850
861
785912
840138
-15412
-967979
-796158
-718898
753003
-729418
834447
-912547
761479
-418783
-620869
972280
-681608
-292720
-975208
-855480
-141828
-953230
220345
-554035
-487369
694891
-320610
-873011
-666526
463226
617978
660347
-365453
937668
-910297
682222
762569
132854
-775247
190504
-994385
117725
446412
800034
-673097
-496358
15619
-980453
-609767
-879034
-259639
-185769
838893
401541
758396
-631087
-336555
781155
-348738
302061
-139790
-371305
451533
-335105
-39853
3991
121206
962609
-380240
41268
639622
-927194
-101119
-429981
654071
557448
-565995
-880957
869607
132013
-722003
-569970
-851359
-756505
-333874
411470
148144
-616563
833202
-130806
2512
-646975
-191615
414428
172975
-195572
-910695
157755
-863001
-432587
-854392
-327666
698555
385326
-577978
-351723
751922
-565453
-434794
-169479
-395378
233045
869552
215666
-787018
-463040
-571238
500466
-930401
-43634
922443
-60400
-257306
-277640
90364
-190899
385428
968800
-327062
-494077
75288
-563800
43780
-680464
-630518
-643941
-646594
-812474
89158
760229
-615428
553594
641453
557838
-617228
-600120
422528
-354984
890286
230285
-198864
858578
599327
-354241
275053
575815
576185
559611
9721
349767
572205
914912
944861
-110711
540560
-738278
-573826
75153
-105329
-706778
205184
218134
374535
667331
269463
679509
391899
-183594
-116590
604803
-723386
-375458
-120150
-977637
-620111
-209058
919639
-632619
-709468
-706624
-886969
-573579
-414309
-712652
-538986
-166093
18001
63609
-348898
-299694
786597
-4515
617270
694384
543380
217307
-605013
-907076
-854394
-701416
-240896
135927
-379878
-981348
-495049
-280516
698197
168997
289131
929218
-157496
541335
92679
196030
200293
-70421
-563650
308640
129601
292637
-544242
48103
793872
-591166
-440963
-935519
-46402
282290
155312
96698
55102
826557
-288031
13883
731203
894985
698319
856792
209369
-747912
-977566
591701
424805
650287
-261306
-701731
437432
-749371
605091
-961661
-216870
670179
-202307
797190
647366
-512572
328595
115548
985253
-632188
433913
772594
-85594
447741
-89574
698088
488679
400187
552833
-570913
260078
-104231
363271
231298
292318
119767
233354
-350030
669300
854054
289533
11761
10766
422187
857999
404555
-738219
300383
-85311
-851944
-326811
680836
-299190
-298616
316883
132697
-233654
719095
654674
-653044
-416057
504617
981832
-21312
-798245
690213
342243
322782
-515367
-666564
43514
835906
417028
822839
814408
-214694
917597
-228959
-787622
390906
-600940
-19259
966223
-435521
-559230
-532662
569497
680916
403182
-209828
-709121
726390
964854
771978
911019
-292217
670024
-170321
217432
-973416
-495258
577119
-903398
-67578
-822470
-697851
-767382
-728029
647486
-443825
592869
478429
-420027
627831
-66213
934350
476618
782459
-653574
961862
-575780
116544
831941
459754
332745
-743425
-28833
-950008
-569376
-110239
-337851
770121
154365
-171991
-956897
151337
-770185
281782
-502895
263605
-512725
-219246
-238767
-625154
-534848
25241
491247
62303
-113868
196083
-652684
-631805
-164712
71583
-808219
993530
206914
546520
-816406
-697848
-218085
-664000
-915155
255867
-396374
-180962
574854
495281
889014
697741
685028
231934
-402420
-339501
159182
89693
953841
-980816
-195774
286023
-839867
116201
-695914
793245
-731400
54883
-337731
-798907
-963613
-433604
-640802
-299089
-604973
460986
-442248
649550
790630
807333
-635069
107636
187972
-14947
46971
-182562
544476
176143
299696
-568709
-160258
-750371
96127
284168
675365
170576
-66368
135106
-752683
-53399
640213
-255159
-324698
-337872
-341179
530074
-96347
743713
450494
-628522
875569
-857717
188423
-38335
519831
993132
680179
939194
-380754
170645
-730960
844306
282940
-471600
-180279
450136
151717
238065
417658
-316736
-950568
882539
-144378
-623890
-707988
614899
450479
454851
-910706
507295
-17425
-651578
124947
-885453
-114288
-790921
-958406
929728
-445488
620620
565597
942767
-223165
-659444
-823344
535589
-829019
728480
-255194
409543
769801
466804
-582212
-82339
382329
-825451
-555023
951914
781054
-232706
-506616
-342157
472790
977250
-262677
582011
475885
-373090
316220
880672
584867
-463604
-809753
219529
971805
156661
595647
190394
21794
-834096
466753
610171
-528905
752077
161152
-921849
280856
-930490
359588
-617438
-345347
-40518
-245398
-933688
131208
-62694
5715
-6749
68632
251082
936062
-746497
990656
-737350
-710225
-968517
291074
288336
-630335
519494
-585921
168690
172105
775718
-779151
587104
371872
-283372
-856
-197209
-945080
994454
-281736
306881
107483
-336235
632947
772176
-615230
-597215
800642
580248
-236472
-232023
86201
545831
-831238
-365115
-418040
-822317
-543238
52823
-49777
-203753
699677
627168
995320
-890343
560591
552205
-250713
490868
126724
-696780
-148231
-288957
871562
685512
-26872
-777147
-442729
-782752
-116477
-992149
-465558
928064
439066
220093
721154
-542552
359483
-709319
135546
243420
-318385
768788
-521983
-990530
-643389
-814003
-630643
-386482
-37073
428180
-282603
-643206
536138
-188044
-417034
-249300
-989820
-261293
-907464
-880678
462480
178374
575995
410955
266136
300173
213573
-766685
-33066
765672
-18994
372424
-133486
-691724
402568
546935
249675
973108
-204116
-319334
-83162
-299140
-794235
-743011
550594
-674585
-201241
-994233
495353
-686404
48776
-406117
-975650
175260
-425243
-555750
749579
-561808
635258
878455
751726
932407
-780758
823756
-13863
353380
319137
-129380
453861
576726
989579
-820552
-205515
-776684
-360484
565352
990140
251835
-929920
-883226
757827
120958
73172
-793259
776465
-259318
803705
19497
-469532
288948
278094
41187
237012
479570
614161
58172
-252173
-479550
393210
-994814
37777
181398
-806099
-603789
52112
360813
626517
-605788
-675074
-800585
-300862
-677134
482770
-603341
-370243
102838
-651356
-540781
260904
962875
229319
-371323
-265995
286593
676591
830387
-11136
992032
-144392
-973560
417832
-967847
-3567
837914
350726
-724460
-292256
739348
-441972
-512589
-543681
-478526
-677888
-48091
-575685
-661486
668667
-676929
-415785
-363573
-456782
-336934
463403
972947
-811872
931072
-559665
-961425
953903
404331
-755844
655972
139791
838587
105331
192250
-961270
157670
-883474
12753
219186
348738
-731445
260133
-191611
-203216
-604853
-605358
-561758
458123
-630597
209908
-883487
-762560
-989845
725867
743723
392705
687574
-117734
-782440
-510568
579515
26299
341211
-821453
917874
247309
-676461
-455140
115817
-969159
722514
948192
-50902
590736
-441848
663409
-637949
46759
-311593
-907576
869135
94507
-845635
288633
141610
618651
484159
-117901
-903931
-887876
-441925
601668
-64877
-154005
-664945
-924791
522793
-672665
-253475
-111464
-510629
670242
-965941
817140
320494
771396
-940761
-590042
-204539
-387020
-431087
292850
-397733
14415
-590399
919754
258614
-104721
238997
479541
444171
397916
162489
-287482
801203
-964788
461580
230801
-971382
-178767
-525015
411953
890718
-327901
349090
659214
776483
-662906
-318325
623465
644259
807813
-946870
200125
316008
-32121
-499547
-619844
-612346
486589
-44143
285240
-794016
777140
53215
-929758
563087
-291752
-931417
-395418
-591603
-917018
94577
683768
360736
735342
-882750
-907020
595215
-433619
273595
-125113
-227035
545599
967119
-297474
867638
-708922
-908418
-762198
342165
-699498
-114832
-332220
-277754
453620
399744
-647538
677968
635719
-366989
-938618
262159
358997
863149
819766
55769
233083
-570279
710607
-236419
-217709
727128
-506741
140362
662580
530177
-118335
-438740
-364186
-210693
-715906
464191
-828220
-711531
-639467
367330
706705
870244
99609
778896
-804255
628596
-59791
-651990
-606351
-849078
6284
938474
-161927
354320
491858
-799912
739948
892907
335643
-141453
271654
-690335
-773155
-319380
-575242
146662
750864
-863857
231152
894367
-910855
296111
-991264
637656
-807588
-540388
-90725
593285
-296608
-937100
446780
217117
-211177
127931
-227136
-636520
67258
400384
-282267
609534
627537
649674
387839
989720
-226227
-469744
420495
350740
-139739
889543
590894
698368
233349
-709415
175552
630370
611751
-101459
-653410
-61600
977022
-483430
-443672
573156
711048
849899
632080
60536
-361277
606475
-463601
-820336
790428
40114
-591580
59243
-977083
-454206
602568
989755
195684
-812193
-868316
395331
-594751
-325479
686782
-624218
163267
879173
967464
-200458
-874788
554022
-201899
912979
-441683
938721
-208476
-734938
518365
-139214
-367514
-785585
815232
-601874
753910
488053
-514960
-590507
280589
646050
678202
500850
528023
-432060
-487262
-831660
238012
-853837
469013
828217
779744
408165
809927
24489
712847
-208018
623866
-960804
-760802
-164770
133554
-502151
350701
-891268
-630808
236995
986690
-298311
-205301
-322380
-251035
706834
-617503
8571
798308
-264593
-372688
341056
157963
53324
63619
222764
-193709
-573418
-410405
288484
-951189
437324
-37832
-731572
563571
573180
50686
699911
-776652
-518587
544074
-64613
468017
-237044
617983
362562
850371
19177
322014
684088
95067
586314
-216577
-698528
532064
399158
756879
-231459
-44483
-814379
768777
-807594
-114235
-633313
-528736
-285896
-249791
834520
-771401
-460193
69017
47513
692009
-969477
401512
-142612
-43302
321693
-312546
829762
263633
-997228
-146056
-240519
-229760
-523416
-733702
-25564
-617329
769594
891337
-594521
-285989
-474025
159216
-939426
755555
-686748
-925185
182152
-352728
-746030
850348
299206
-938442
113597
597963
462544
-622215
-208472
-383425
964213
-173359
220443
-842445
-893277
825123
-598636
721500
-559796
-532399
-206014
416255
186343
169505
-321236
-924048
116952
343735
780614
282872
304277
846092
131132
851040
602713
935350
-484816
-589209
-621628
-474906
-497864
-65849
897967
-951334
-792652
-285029
390893
146715
251247
892874
681841
40155
981801
302403
-310096
669123
621455
528966
-609462
-61158
-320912
111956
392490
-422707
175218
-786777
591974
-777800
339814
366650
529721
509540
-556973
421701
-36393
-637171
441236
743883
-397786
49979
200194
-446324
-838140
-329794
-380145
765379
-616124
-787919
-902461
-943515
273805
98560
263720
975117
-744096
588565
111270
241469
232249
-299385
350577
677290
875520
324714
860366
-900336
-225797
960911
-436896
216421
926850
-492245
-393299
-382862
-384176
515944
-622099
-845302
-957639
-386871
471558
579693
379073
-395278
-389867
-192267
296188
33870
831466
-479892
-835789
683798
-23734
-551406
328392
-868323
169263
-848924
309922
-195405
429027
845149
-371830
770271
-26338
382342
-433757
-496082
-419056
-309661
724576
673867
-190358
-600070
3608
409917
-413559
-259938
-978342
-491255
587325
930216
685258
519959
320393
-975553
640413
-956458
-236409
-679728
-801173
-711169
-699254
954313
523657
-82457
-662983
427876
232694
604533
-70695
-767000
-512321
-686429
-367732
-857143
340699
-540384
-850514
862314
-757954
543529
367668
-232725
729879
-758404
-751877
444084
-507592
-11372
-283457
942051
53459
67318
711757
847906
-373764
-876543
526121
-465530
101149
-934570
-696093
422438
6234
-319651
25601
614729
-815971
112131
-937320
901136
648622
734089
-369819
482273
14523
723334
489912
123855
777405
204080
-303133
451212
427338
-918877
-58967
-772666
-794478
-980879
-921439
541652
-877740
297670
-924604
-775900
-659490
-375178
-939136
929598
34077
-824543
882274
-2501
-890790
202265
-569693
728485
-994863
-765291
612684
-123953
737756
-124407
-725091
60378
842045
175500
-694250
640275
263614
968779
-21761
391092
-113876
22192
713619
-351493
-798445
-67646
975027
-353775
131900
803464
-555655
33484
620563
-669016
316391
-865752
796654
412492
220215
-678990
93414
640115
570729
775082
400976
-437093
-345113
-231882
460245
-592508
-404508
551669
-459789
-475876
-738008
839369
242874
-953104
262182
-543854
27897
771272
-366363
177124
-825436
222929
-69480
-439997
293125
-166263
524130
89346
-188369
-736208
622794
97668
-183573
-771605
252846
564630
417946
22794
438817
-194569
-408356
-327458
240050
666865
-636206
-202867
-346046
-144130
535684
860962
54167
-737836
-309105
-455313
-791858
454867
-597900
-219795
-153999
-846154
-377163
-509350
976134
-903924
-42559
515573
-22627
-400760
420243
-499022
807365
-148605
-801112
-781691
-198087
-112188
-514380
347072
-370104
-167622
-821237
818347
10439
333738
-296055
801919
-872397
-950736
810002
944672
72504
208658
-885298
35536
-167650
-936344
-906145
-430131
-849620
-501056
872966
495051
948148
-867042
153013
170795
372446
526041
59207
494811
959306
-739323
-640142
-404105
217848
928284
739635
583495
515406
-708332
-33732
-188448
-815494
-392505
19150
421245
418375
-938380
455012
323966
736271
-987666
570297
34203
-565205
-965422
-861900
-458740
110287
663032
-678621
-868014
967399
-245886
635762
454268
8623
-678363
267628
586465
142946
253495
869038
497173
195112
-676551
707818
-408538
64951
-645915
-791476
-287314
-598361
-124578
270552
90246
381942
-612402
497958
-774364
-113118
564795
-409098
-778336
763362
-125384
741685
-309566
-126124
-226016
447314
-785094
-95305
937394
504092
-224324
468564
674257
896184
-40200
507828
-222454
475258
355260
-835099
767464
-405666
770793
712769
228905
652825
-416195
-218722
-168236
-634996
847137
591774
-317340
133950
611712
-773453
756498
-278903
791522
-76515
265529
-922440
-585680
128026
-273395
-550417
439571
-516391
266057
-294665
-630754
24403
-900113
-184576
623034
879043
591830
40683
-792824
647239
-458490
421957
488963
389305
-405483
319778
-44013
-66645
-7698
-532781
-706212
-582890
-95123
-20312
-19847
905735
309381
810057
-415177
-12978
665457
474360
640645
366875
-467723
675872
772144
-531507
-3886
-562975
-478753
879813
-303333
237168
-824534
-717320
140815
922143
410888
770423
-601894
218858
-83354
877741
-942284
464758
120139
-355723
49434
529603
-772574
5230
-629429
-120264
-662432
991060
-393865
835759
94391
342207
106044
-63221
-114201
-576833
-295454
-29082
-905462
190387
492832
3034
237398
-115420
664403
232379
98942
800634
573602
356828
-481875
-854309
787987
-14422
-46382
20108
705293
17348
398758
593963
-403000
329619
50369
851737
-620108
997308
776788
-899665
980813
-580671
-27347
206012
641125
845242
51712
503705
-194575
472549
-594607
470525
-938350
133761
-756533
-266613
-168523
-834524
-869648
-231390
-19161
-793845
-378463
-824161
-727352
-588855
-555659
-125561
-293396
-103642
-410864
860162
-413137
-168069
-735122
273106
886859
340590
-686847
252722
351529
-455203
286574
434578
-691636
422905
-162162
418713
942179
941816
961492
-589937
-62745
-413587
445789
520344
287026
485440
661674
679255
19028
-301279
51367
773992
-814610
-946747
229385
275030
982864
-754689
-957806
-436448
-527270
-610563
238474
-165004
707181
362745
712009
633593
-480876
497059
709183
-763181
992477
813495
885756
-418484
1699
829804
-889157
-120844
-807474
979926
136521
440926
-271224
-129952
844031
-960700
671064
148899
938705
699020
68792
-17637
789731
931906
-508425
-261890
804209
-788349
-816308
-47972
169759
-952230
851869
-375045
440463
-303473
485985
555878
810734
232929
-473427
-383458
343142
264175
701771
-482617
-556783
-432602
812618
-212554
628505
-458543
5185
-675479
-812521
309798
141782
457232
869859
-77250
339194
-364036
-793362
105446
640421
756525
-513210
-519829
714510
-923705
961144
972023
-549298
546370
-72353
-265159
-797398
839659
-629266
268438
944762
931166
620842
-817666
190806
570181
50131
74561
-779663
446665
-924050
552149
539508
-576911
582959
318329
-117439
-647617
-954319
42911
-659907
-909238
932819
-705820
795460
-430632
968073
127860
919859
-2460
-588552
45551
-610776
-391227
-816699
-711384
-896069
817146
816626
599702
-950774
-548731
207424
75209
-35115
-515523
941385
-201593
735261
-682108
-206125
920792
-865094
774157
-649133
478059
-193779
-327309
-657797
59077
749813
-235826
442624
294387
-142967
2666
-386453
-618588
454726
454876
683145
480151
-907102
406249
462509
604486
-837356
943772
664640
-471183
-245780
253371
940219
186584
-196870
-964790
-607371
76108
406159
-383758
466444
-402364
-339426
-165565
113235
84880
-122845
-859375
-330080
-795799
225836
689741
-662283
887736
-18224
319107
-396121
603714
-977281
-728996
-922200
811164
924131
-642649
-806914
20390
667395
-77607
-680927
856131
-992382
352136
-329087
-667040
-278393
438654
315817
119975
542337
-441319
644142
311548
-882018
561530
-185839
-474224
-728435
-479803
-185759
796916
757219
-509839
203958
473579
-647718
-437667
-552040
147154
-149157
412505
-954628
-821381
-863157
-994464
-76872
987216
655843
44267
717196
-274820
215950
-224176
671766
-396282
-556786
554118
882212
-922795
-115821
-267910
-230561
-61747
-38088
113735
-943063
530366
532270
-756453
-538007
519991
-711825
827066
412505
-903408
445072
-89746
783838
158015
781762
-12270
294281
315950
-845137
485599
81846
-925945
-68570
220920
-744066
-784641
566856
342043
363498
936533
-196448
417133
-780969
-478323
445532
-489654
514063
802130
-898361
-42532
151695
-215297
632431
-770477
-582331
-798204
493468
-669223
-267080
-508539
455998
-198255
850437
172373
832002
212117
160263
-227431
208569
-827247
255952
764168
-439975
-695891
-154894
158846
-139489
-770244
-525424
960996
-488960
786172
777627
439999
302041
-182729
-99116
-650139
-328789
-453673
-187747
276135
-71788
-60688
370005
967422
-656856
-291382
454299
-137642
624160
-526986
-130295
576856
-988379
137611
222507
650763
-958177
-124982
905179
296587
453528
-893363
-9441
-246387
311298
328117
894044
-37995
721979
-419982
-686610
722126
-222945
-576587
-752362
-842118
686949
489417
603827
-394282
637011
783546
-953722
662561
-123487
-989592
-525414
-800529
364460
443221
743484
931801
472818
943685
561593
186955
-352754
-422872
-758322
494612
385443
-269635
-867029
550574
-445410
671031
-389450
250844
-371618
-815724
789572
-947241
-216655
-935755
699673
878091
-702702
-883443
189824
300847
794199
73826
-122585
-883304
-968581
946781
440138
-294875
-558511
732497
-783837
-37196
392330
979661
634235
227862
495643
757658
-77657
251499
-308767
186627
-599927
-720845
381055
-781589
118801
-87461
-259072
20299
567535
-876076
376216
858777
71277
-693542
827853
-777347
-550836
-821101
938255
-767858
643329
-792277
-154695
699692
-515699
-364215
-850771
-203751
245643
138837
-313247
-312643
456695
888978
901993
330263
-893103
-433179
153124
737090
824841
-63933
770588
-708296
674226
-184646
611350
-619585
913690
145301
-854155
22844
-419789
624685
241012
737116
-522996
107495
577888
-133407
-295095
-258718
772702
-111530
355193
-899260
766398
46443
658689
959686
-589734
613051
50599
648855
-16986
-338345
835064
340257
888907
-231937
529507
-91731
485923
-310170
-493995
437147
517685
990113
-279527
-895836
918535
-968451
532598
955079
-831095
-488619
187444
177169
713032
-672240
-174851
119906
-989173
661820
804884
-756997
551393
610510
-458399
437765
-563691
-462252
-582425
-492162
281302
377320
279462
-684320
932739
-272819
-94978
-96923
-853140
-873113
687387
202885
-12734
-190632
390274
143053
-873962
-794405
-823322
-293482
-825872
234465
223697
333669
-705211
116224
582226
31304
-795742
-188346
-39790
329389
261119
101250
414660
-698633
-489342
-315880
-947037
-820226
143006
-743049
931555
-523228
-145873
-869727
205496
-189246
779223
-654958
-782207
257283
928084
-35931
52883
-684386
194656
-156727
-305852
223869
472592
-795521
-73664
180612
-92676
321991
-473117
-425513
-42712
-409553
378488
690277
-607473
131585
181907
-402576
501525
-650283
526196
283141
-995804
-553219
144183
915684
490112
-940084
579426
423737
743465
-747811
-636835
-985536
-928997
-145117
124747
502830
228184
404582
356895
-945317
930243
424674
-431382
-632061
-136516
197766
153058
-522946
-184448
961478
861455
963182
239341
-953476
577345
-560889
939632
467103
387067
714627
966977
-619706
-145887
515154
450789
815879
-799332
-457536
582305
811935
551921
-808451
-33482
305815
-776339
573991
-205716
-163456
560271
-988748
-44043
300780
-211999
-635473
416932
-210319
-821460
832982
-926878
-862571
-177792
-475503
33269
495572
-960908
-483199
-993371
-897043
950951
-964402
-786686
-334367
-833385
-720594
-43653
-931685
694966
-372997
-40131
174834
746331
-319692
-361220
682473
511144
-993050
-579538
278986
141505
465892
-363367
209109
-976047
367487
83842
9349
625396
-568289
291272
204822
-255265
-148647
542996
239544
-324273
-239630
-129217
-776273
-936438
-770211
891069
-581182
-622099
464554
86271
-314934
953462
743676
-559941
741523
821993
-127302
-405123
266452
-714394
-58751
-191951
434375
901908
-561168
-425251
-812596
2683
-443149
288296
925901
-680247
-900778
-65266
-193193
972143
988920
503910
-332141
382672
352227
-629543
866080
628828
-475846
-534427
-362737
130410
-205595
186792
482230
-842907
607154
215130
-851591
-585186
397974
-798981
-407677
-955083
-660991
973464
-848783
904318
558519
-675886
-595856
734434
-500281
138485
491834
-962825
-61177
388900
197870
257909
328513
-313443
258564
-367783
296441
-432293
920695
-355091
-604697
-166381
-743041
-482075
-972539
-909772
210099
555727
35429
805766
568978
-273485
-564762
311284
-407043
259039
-909398
554513
-670197
806996
848379
-520924
256360
-452507
803355
934823
243507
163466
-308896
275113
569617
-881885
-836311
91695
-875759
753431
663178
795336
-424153
732931
210248
905933
99625
-530776
186424
-164043
321136
790931
-101502
-948833
-159686
-197632
-192569
123776
877179
585895
-278481
693396
-147122
-454638
-744310
-469554
-841589
421819
-253210
679860
514562
-926058
990471
-651976
643836
-582938
917465
295749
-800806
17329
-792926
-575048
-566725
-173873
826049
474539
-789897
-994561
-953681
-905214
-684030
740332
2575
203195
-556969
281215
-66117
672960
-93486
-139309
-899886
-862544
-90577
850175
-61478
342186
509482
786174
-708540
-647963
-906453
-679978
342427
-722200
858684
-460875
179666
38210
-322216
548987
161368
920165
227238
-213311
51756
321247
197087
-231671
822341
144445
389428
-795390
-161754
253185
-889159
272917
109434
-203017
621979
-840797
-741890
-180952
822763
-776560
573314
449206
-131731
-645800
-23167
-272355
973261
913233
61437
935855
747462
134505
-589096
179493
-156216
-634176
945913
-312219
829774
-30489
938285
-955235
55831
-855901
-283406
-198522
228426
-953581
3213
144121
900249
-42797
147171
952174
-110409
-527213
157057
164841
830047
960053
972272
-857654
569990
-46170
897900
283803
-633620
-556689
393434
741089
-278211
-540852
884408
-689068
855158
27688
-626819
-27043
-246078
-354748
749037
-378518
81924
895914
-366323
345727
337949
-322902
-711254
-931185
-694877
-764381
869730
-432832
649090
-752349
-93802
-975710
815687
-290588
-835281
149170
19305
991195
560467
-596825
-746153
-308514
-687712
-441250
-86410
658257
288353
-182091
548730
822681
-487352
-117194
565177
-138942
-856452
144356
36305
940496
322751
-49794
401731
36183
850021
43480
-405645
819750
830595
603586
456134
690799
-658102
645560
591425
45129
-436162
-307369
-596547
-685136
-988604
-702886
-808592
-613823
-329431
13934
547207
-987756
-804709
702744
-899366
336294
-188432
-610406
-700644
248430
387446
-758103
889626
-195926
-834932
-350532
800638
557399
222005
759893
-237813
-704086
528697
524002
264767
-864113
-402641
936410
-377404
-104520
274762
-703984
165472
60538
-339935
-632929
786730
296458
198739
-19111
922129
-521063
388469
-545672
431978
-778163
415825
228083
614565
-961900
-140693
948503
-697044
-343515
-702759
261943
-821192
906283
-241425
-606459
-303690
735140
-472270
108665
-105270
425963
-88928
-334510
-249141
-687278
870688
988277
-187871
309818
547309
35677
951158
-761605
628372
-435368
619405
425438
-359202
-920533
971058
-255147
881571
102817
-102246
781864
180077
-985964
275436
643115
-340284
-339078
-715272
410531
919606
866969
-702294
431681
-919849
674211
-454711
-311135
-819787
-24945
-764430
-924509
-953046
601067
392435
-95073
368631
-744785
449453
398055
-56267
-962794
-509071
-76374
50368
-657548
100971
-167894
-51362
-480470
336920
-68285
-716237
-222805
-427797
-647631
628265
-434385
-224882
-290647
603393
973395
-161411
170959
696642
949175
-86608
598373
-240945
-324753
-632351
195302
669928
215009
-54353
85111
-843121
-118579
-927632
396310
-633193
-757741
32326
-740750
-428825
956893
633244
-845335
-58073
-950354
-13068
-561001
-483015
309440
964041
-670229
798554
870425
-124164
-522099
-631661
763161
-793279
691993
86997
285432
395876
-844788
356828
-284816
315678
115637
660632
594734
-87302
-479290
-434013
-835390
138227
-530114
-593776
641631
-246218
224773
-206928
270561
358477
369042
23060
987409
-344936
-357898
-398484
928276
-484918
225940
270130
828035
-375304
-682425
5991
-724766
895759
486293
-37820
-11632
-651386
-20218
651284
-251942
-535490
263974
-348978
929030
43965
571808
96791
-173149
409724
-132342
-628840
-45206
265567
993251
-18427
389895
-359699
347651
582491
357176
-605526
-458321
-436852
697914
848094
-755791
-803247
51412
-405333
-553599
529720
-470225
-482893
-511852
31288
192965
440094
-517887
-266508
58727
358265
305172
352415
-776282
207762
302855
344989
-736623
147091
906775
481763
-307610
966291
90977
16780
266028
738985
655989
-457344
48913
-449206
-605496
-399307
-52983
887134
723774
689838
444521
-405819
726052
-54812
822154
-324828
-461961
464698
554758
956829
794176
442877
-317594
391261
95519
378528
-367095
-109820
-368281
253665
483248
-314185
226815
968203
753332
-422931
501088
-680299
784656
636676
604470
12717
710656
96918
-410909
-361875
943751
-891840
-704916
486421
-338634
-206396
-165880
842871
-924170
-691565
864073
480870
-570678
540473
-95815
575143
879332
-548394
756394
934154
787362
-662106
265977
-972478
43437
-908658
-280301
417767
-887983
-868738
-881493
-757136
-887917
-647473
310178
-564076
166629
-201208
-729939
74675
895206
240780
-316933
-928341
-2037
374055
2269
-816308
-92162
73588
563098
-314440
918933
192878
-77746
-959258
164303
144589
278433
517749
571884
-355544
-978762
-494471
-559588
138940
883288
362798
940202
777476
-187582
-915430
-972823
-702266
-539783
927929
-795752
46309
82481
193193
-956527
676253
-812811
509087
-686335
264093
-807447
327127
-785924
-850777
-781774
-757742
89388
522736
828598
-567744
-545303
331949
381940
-475791
-449183
544788
825146
-592802
-896702
-473438
-828794
706918
-967897
-698810
-111465
307011
540188
-929354
515621
841896
-787181
670921
198153
-220184
337256
322846
-229663
-89006
530778
990555
472963
452776
194301
166805
-456894
-988357
-479705
-566269
514786
903323
-132672
260746
336591
-670740
-421721
135898
27667
194664
-405
-629578
417729
-431626
-559425
-565034
-764878
345556
-216081
-84548
-24026
-912677
-771201
-636927
-127585
-80032
68377
-157562
557944
-778887
-344987
-12296
-718293
-55903
-364218
232177
-820708
-248123
629579
77666
222117
183585
905823
667343
630038
-520361
-31419
-334300
468372
-323117
-357553
-920311
304611
560645
-159362
-401383
298086
626152
-806310
-167598
533035
-415674
318255
-26348
952223
-140046
-946947
801970
-594271
36582
-254832
494033
954932
-55398
97185
844994
-763208
-555870
-792811
-946839
16259
-959252
414692
510959
347049
987289
-929840
-886381
772500
454791
-716197
558456
37709
382877
991598
690447
171460
-174264
-328541
-729588
891047
-953952
731933
-427560
581838
514076
-713215
356359
242285
-745410
-514197
-691056
-953437
-645041
982493
167962
771169
778156
-751838
-903005
-838871
77357
647281
-853433
-142993
-530574
133420
-859744
184290
-319490
538105
304425
915875
-583878
926425
181031
-906275
-693266
-26528
-957778
-369381
-750188
-177665
-76639
748370
-63834
660984
-923212
-317747
23612
855178
-602189
-799631
337179
-93807
-31182
-154278
-755015
572928
607842
-703290
455396
703309
184232
11855
-589439
334884
-506435
236614
-832794
-639894
995467
287856
-187485
-403392
-52252
134304
-918776
760755
-793349
973721
-939315
-353753
37291
752415
522334
-315611
108639
96169
-883152
-119224
772878
-648091
-317858
-984827
846788
756544
-201038
-185590
30340
439522
264307
925674
-47796
-810079
-644826
488660
-283637
-51389
-570210
-457469
847116
-430503
530956
-334260
-693007
174776
-822784
849574
-737093
439198
419677
-914477
-287016
557207
-313206
-418107
980783
-747430
785917
-40125
-910977
841480
-668982
909808
-386386
-616994
-768053
366171
634547
-856217
352366
395994
-520749
576539
-69205
-796194
-80794
-393730
960618
-2567
261178
192833
307967
878253
360779
525876
959610
469278
-431537
50613
967536
927073
-801647
-762858
145955
336102
138741
52392
331406
-912512
197432
-456505
-17007
125010
390236
-904548
235322
-266991
-473358
908921
-398050
-651650
-91
-582329
-264246
-55036
-841201
-112280
-18685
-229025
502169
-966707
-468678
576797
-572502
-967659
259542
919058
-556352
-853313
684223
-139619
875332
422112
-982869
36275
-778573
-450471
-818350
-740265
-571579
-142546
363823
950026
502611
92678
-345843
-924940
-184085
-406742
407443
550295
654179
-787328
-918858
-193237
841191
-320648
634074
678943
-444040
-317768
-475869
895939
-308191
-693305
-579123
751236
27328
786517
485102
664438
-456849
-681350
753479
833796
43967
81265
-921443
783474
-456408
-99362
-539172
412806
-172182
-783874
577035
-670241
-186365
-379505
580637
-419805
24310
84249
-972557
-377235
-681414
694554
234891
-81206
341755
-640896
-359387
-846499
-516018
-696513
766779
262094
315832
-682045
-318723
-40646
-628377
765093
-679516
151739
-417254
-680895
-225495
957088
599043
331798
-534037
-718855
17893
-249895
692827
-268507
392994
-807253
-825639
-267846
-573245
-178017
225586
-318521
624748
206177
593358
-46549
-216071
337808
-399346
-608682
885154
67293
-842308
815408
895407
-365085
-314272
135995
877738
87739
-300798
-653231
328029
-509146
-555226
338865
-705639
22987
145430
-87918
-47455
-813281
-580886
685672
-352776
-992177
-103236
9502
259186
-577079
420036
602440
-436828
198579
-489212
-291079
959246
460473
429266
-256903
866823
-947203
441537
-238805
-875746
396526
-702848
-371567
-280112
671502
165041
778766
931417
-707835
-933610
-525585
-737272
-118365
-511136
-101049
921190
-664824
293613
751506
-268944
-535837
2723
-798164
-510090
773484
-934090
-727270
334652
510517
501763
-580878
-388898
142365
479044
186479
-831275
-612841
-597102
-197065
-252160
-759206
-811960
-669215
-597740
-210719
-200302
-440065
-893324
-870546
-976619
641476
-815020
-612036
607286
870578
154384
203310
135644
-31318
-797526
-893421
-17418
-479060
-659869
224468
819224
-796149
458288
-624627
-617835
709166
-324732
520100
-168026
-285900
-968976
-172107
-419736
-1749
988972
-637263
440040
-628396
-168342
862164
953003
345203
-242094
698700
872540
465757
-840418
346670
221196
-611424
-378850
-719731
193467
448074
716976
657084
2513
-684295
372964
492459
-131293
-300460
554954
153536
405103
-665939
-240545
-444219
-609286
-336576
332693
506518
239699
25787
805352
526901
-713492
-461220
-744165
386351
796905
-413793
-327423
-937572
-172254
-826468
671014
382162
-263561
-484554
-805471
-482833
613608
753755
-198909
599770
247527
-677108
530545
215147
770275
-808256
881399
505149
701380
-155228
131709
863533
-728884
-951183
-723767
709377
378571
-541365
-142068
333283
-419209
-468794
-25312
-807655
-695890
754489
-154038
-232518
-49568
183287
496584
-592674
671666
-57356
819593
886428
976910
-500336
830693
-374314
953597
-612038
865856
-357145
-842112
319062
701976
225318
773223
-615150
213534
259544
-275915
-501382
-166212
719417
847604
-953839
-661719
802080
-534971
-708293
212212
-120980
713659
857686
773040
-199804
296528
-335642
361145
-852419
424414
707374
-159360
-58266
-373846
560936
123478
-833787
-336520
45374
-493865
270166
-269689
8922
464149
-609477
520874
-14929
-562343
587068
225179
-599791
809613
20097
327383
473925
-473890
127715
-334451
473706
-525637
914565
861119
-903510
-17031
832478
-41086
76732
-709807
-611211
-503058
170200
805961
458066
-757828
22495
-679631
-724520
530896
-567809
458627
465802
315155
-365669
944353
158567
56087
590909
-664234
700240
800067
807859
422120
583780
331819
895459
-326461
-993764
-386575
476677
-687027
-138358
-123382
-895940
-222123
-842831
811694
452382
-91707
174540
-789557
-246686
-111895
-625074
237022
-640173
-528015
913481
-935119
-442637
-231864
-726482
936190
-94342
450563
-38431
847817
391679
261348
428352
620135
632727
786601
36536
759650
621496
50025
492769
-490131
-281963
563476
-885160
-649613
-581743
-324082
435872
643827
451715
-387799
-178550
434487
177512
268307
-830281
-719428
-150201
-117137
74614
676764
11643
-612816
-773294
781316
-510565
975477
-351246
496253
29986
278211
-916475
-131787
-163309
-463311
815657
-285486
439543
492863
-132602
171617
-597954
436004
-355769
-214633
-802875
-579603
977447
750474
-661441
-996819
-324109
652036
809924
54150
384901
36860
-376320
934516
599456
-283984
991352
287489
331789
522179
-153130
-492361
158432
514974
-295637
-748114
475435
426073
-160399
-129918
-199628
-375702
-428528
176250
-391074
-793825
-768288
549254
-82823
619055
266560
997554
-671422
654172
-183337
-920735
880596
917481
838548
-781016
-922069
577610
-293523
-946313
590027
-355993
120284
-801187
-546894
-888018
-490675
427916
-433825
739393
-192946
636700
777616
-235383
802942
389387
-619829
-104411
-549035
745051
-29552
525138
629427
873399
-176157
-663841
418348
484746
-453719
325401
776517
629698
535960
850220
729782
236226
992359
733085
740494
-414057
-756299
-401111
-606987
-905300
445059
-770142
-198413
-527414
-645598
-599005
465741
-67019
-600459
-728416
-953017
131992
82944
42403
164866
229461
-244180
-471908
-998813
-486462
-149713
328997
46375
439016
827775
951682
614221
17079
490002
38943
409422
956058
844030
575042
877235
423386
-115731
-426668
-160798
-116174
-925269
757052
-665693
282620
960615
-985672
442364
-112997
-936558
-920652
-422568
273809
-837137
-941700
724627
828945
-670024
357350
741708
-715328
174581
-718972
868893
-552469
-291689
-364447
-731554
708197
-114594
227122
-336277
981762
-751500
176526
983604
29776
972204
-712757
-285668
-23942
797978
-187815
487443
-250185
-699137
369439
-612150
-384365
-573788
401887
-686794
937389
-428169
-153706
126891
-288
352994
800135
-100081
37875
586262
731309
-461057
-953784
332715
274632
721624
-905859
396507
-661819
-906883
948931
-607589
-83496
338365
-938374
-268214
-575300
-65599
421143
-452954
654212
417617
-663435
-70107
-612619
984410
-155173
923218
-646572
-307284
-569052
8932
-43585
-666010
879151
-589273
365354
-732352
-393165
559450
173927
-608841
285782
131606
-963844
98237
327668
421102
-598356
611380
-182661
35448
309628
-764585
951619
-507663
322964
438934
463197
777466
539492
681052
16042
606413
-744612
-911705
357530
546720
574685
-963856
658067
463907
-930299
931526
-920909
-554141
-836152
-449629
436908
670372
-879040
667350
-162546
628907
-302146
-851001
-567229
-466214
60919
768539
284221
713241
-702872
-805271
-915579
715905
954523
-977685
-221676
-620388
269026
-510957
-701889
805929
-433093
-682897
850287
-284800
845074
738506
7955
604312
-826102
849905
-264123
-379535
340440
-305284
-456794
-614910
768188
-819153
483680
-436467
72157
-282558
-650243
615171
-780
150638
135312
-368194
-700826
-361418
-212973
389977
740043
579062
-330525
785082
638154
794657
-482221
618787
189905
-476576
-881676
-553854
250405
-480432
-429389
644055
196585
620350
628031
521390
-174510
-431196
164107
-664583
728382
-591314
133224
643756
733716
-67781
-592019
-957
456032
592835
-460995
849124
-671891
187280
-269521
-508577
768912
-653142
607565
-307005
67363
-505647
367004
842868
945038
833925
-337226
564484
722266
207980
584444
423688
970246
212935
518249
158178
-725350
562684
-643233
162778
-609833
325029
-612083
517279
932966
-118466
129234
203841
139653
-498945
127839
13982
-929654
-745478
162857
-984108
625519
725678
880150
-807947
882496
-664114
713266
-641949
-380225
627790
-373138
-202088
322498
531856
550919
1515
-800014
816509
861737
345774
691935
-243735
-597820
-106123
-5505
-401505
361968
179796
828482
776420
695638
444098
521606
-543248
537913
675612
580472
-591134
963395
-160296
-673965
-542396
178399
620402
181125
486483
-107134
737417
865585
326735
646630
417736
910405
42315
-818556
264444
-657230
551508
621268
-384850
989587
-923319
383149
324060
-85830
373785
458981
786496
325519
-278365
845893
-260235
963037
-414108
-924300
645860
207047
461027
-535541
-659583
-68093
147228
754555
610036
318436
-531111
-127949
693726
-12071
-24742
48652
-24425
-697216
-802305
431188
-130655
-910639
390027
-417249
466751
-962430
721779
769397
-992652
137454
-448419
-917926
845408
-894369
-132722
8634
603238
67010
331515
213901
990079
526258
186416
-822873
-94932
489322
725659
326247
-915716
-971663
-130416
946485
-492262
860059
-83765
714313
291815
223434
-559846
-414292
540595
751517
-583305
-287833
941078
234229
-789883
625902
-624745
-498005
603748
333841
701813
-3765
726337
-515419
542108
948142
503325
-244977
-421060
626178
-114967
-240108
-910318
-236540
-209366
-319333
842969
428998
502503
894137
-289818
385708
-654197
352985
342620
316050
-331974
-191807
178127
-287868
-384984
529589
898465
-442480
-531322
-752438
438920
807696
144439
-750456
40011
253732
341594
515378
-700372
-203517
343685
-831365
-569835
641982
109222
-193654
-770060
129441
728987
892761
-381923
520327
731153
-209554
-876258
672902
-874672
-238822
-418046
-283786
-757952
673828
-505258
600789
979098
164997
643099
138297
701467
-933105
-287826
-23716
-312121
615087
410769
-632414
893061
-494351
819742
458097
782761
36135
-364386
-385488
-962789
782575
-573522
-851977
-173769
580163
221131
148317
-453224
-202722
357708
468301
-189243
654474
-571537
-229011
-232093
655236
277022
-62118
201584
-607363
285467
-732933
185557
-183879
781911
878467
320032
-170067
-546537
305742
-588701
892905
-851765
16153
511736
531374
650347
632899
447867
700481
-700211
99737
368946
559198
-362239
-43751
378374
-713125
-79187
356760
72440
794086
-884744
-350330
395689
-538970
-68023
-234988
-515573
561194
-386586
-643804
365456
414395
381589
-371265
633560
-910183
-445054
123720
-557075
-258092
-817157
897566
914599
-371854
575782
-568859
794586
903818
662589
337478
-13640
554581
658739
-583166
432564
-373210
722699
425650
916162
86569
790349
-839368
266518
183204
-795567
-195440
388372
-96614
-512900
-382339
-240636
-923436
-755589
-82110
-331881
678039
-444626
-374205
925195
661592
57853
486563
-407550
-250155
-225285
261901
927530
741075
332638
-4848
833652
26941
839811
257193
-703607
967681
974380
68231
-385549
301684
-594655
294446
-33871
-151626
-125259
-885354
783237
-718432
-921941
886086
35436
728268
-895115
875769
466070
797806
512990
-308616
-673871
538935
-270149
-29904
-110631
-93403
-216713
-7854
-967607
-582675
927095
-397685
407457
899451
134333
227451
535675
62765
-614664
352109
58798
351367
716475
-932288
-554350
-175906
-629855
-743337
947642
300118
179139
614334
-813780
-356669
-759319
-60281
-927827
-530922
269632
-726896
739135
296172
-940639
-157168
-805821
49217
17596
232673
-424857
981881
212627
983294
-113165
-673022
-849510
-501210
591818
-93927
575425
485036
426050
-558324
-941976
-319960
124768
36495
46615
466105
-506787
889265
-887550
-221722
-893238
-185532
-440048
80800
898950
-134600
337726
237365
-902948
-370044
-541189
742806
950427
901255
-671509
-175742
-608453
-799533
942912
-191287
-687020
-83373
463239
-362499
598116
357429
85345
-151394
155344
544258
-97656
-617473
113885
485791
491484
-636911
-530731
-177884
-129604
211626
-259206
635145
-657220
-989901
-513403
572378
168753
985669
-548847
-282937
335447
834755
592855
-45754
373951
665118
-923009
413390
35551
-667398
733464
-803478
-350531
511698
399307
362103
119695
-570197
-486084
840842
-3105
-744379
-145685
-764599
-713230
-824
136197
-384024
322842
498722
203162
-62272
376389
-431256
121379
134200
982993
96563
-191771
-438451
791071
600649
-354074
-534472
522391
266196
-177340
-447182
118302
-241355
240811
199750
-927583
576797
-324556
-905849
-550225
535843
502297
274100
-995310
727736
998677
705691
710932
474797
-154253
503671
946051
-540839
-59345
-205711
-419302
-83949
-954537
-471000
-548390
-983539
338414
-109457
933014
234362
500493
-377407
245828
-357984
907540
-200589
-308227
677002
672220
-478753
901447
-630901
937832
-892771
-324180
822922
-821845
378419
888775
406215
-715688
-673236
953494
494605
-973879
885003
-474305
344486
962383
40162
-303648
870498
890463
501092
237949
-219674
125786
375219
983426
-916630
-588908
79158
-703191
782888
-735539
-66898
-265392
-143132
799410
192978
-903717
486136
-403285
-278628
-860260
-6780
-257498
662910
707931
900663
-109009
674127
332602
-54016
166492
29530
-448694
988218
933135
97660
506424
-169299
-662558
277896
-522768
344178
-104994
741412
-809375
-539341
-494230
-994148
283843
-911407
-39447
-741827
-304009
-708832
623588
414623
-268320
401674
-770008
477508
-614223
520857
-840443
291279
-130702
-868124
-702894
-833040
111856
786362
532129
-889293
451875
397808
-101700
149488
-815336
365834
585878
41087
364075
-240586
-162990
-19816
-8005
690329
85545
535888
-113838
713317
827314
-956398
564569
-657729
224788
641595
-544403
455010
-612756
-946572
160394
-815267
137649
411247
657632
733152
-503553
921072
-548470
-177320
-768559
-139801
-274957
892854
-222090
889446
865060
416855
8984
-424404
29251
712527
-854239
712485
969805
-315344
-792860
-12174
-298476
887220
-166049
884565
74383
-850519
644975
404607
-975852
865396
620917
702131
-295589
-641736
491635
-59049
525427
514602
258938
-77848
615811
-688541
230282
432623
113659
691677
95149
-397482
483101
3580
-713805
771674
366765
-767775
871961
697450
-474065
-350368
796600
-157224
320846
-396063
-667213
-201639
-937990
-497208
-705354
294280
-599401
-450382
-333830
-782521
256166
476601
-673521
413387
768421
-649258
-177498
260811
160675
-418162
70679
-788369
-243881
72245
-894322
1624
339185
-842287
-679956
-259626
-698748
753323
-997959
551665
527346
260808
456399
-491953
348108
-128715
-837452
-604610
-56584
815608
906665
-808966
-104484
-606896
-322952
-285710
-313780
-782009
-8118
-806575
747713
774075
168936
441791
-225200
129412
181105
477979
-715225
-756747
671847
842358
-632288
805627
-2348
976994
471405
-630195
-543280
458654
235703
736977
328715
590094
454104
187587
-674658
884283
81310
307714
543930
617536
-381529
88074
551486
88505
-147761
-188364
-885404
216176
571163
-994293
-234793
928083
-430932
-928894
201135
-923335
-953256
-108243
934739
58787
-25121
-862467
253541
75926
379714
-254039
90297
-334344
365052
-161559
944444
-915017
210353
533046
926411
-428325
282271
380074
170525
753351
-647178
-754246
239641
-894163
-898578
469908
195901
-971504
-776302
-190883
-943585
-294037
766268
334011
-474680
-703328
-919099
-796260
-381004
697328
338771
-890984
199767
76132
219334
-403168
919113
-1785
918845
198029
963836
-589949
599097
-723498
-41115
-281084
551780
-403314
-9246
916079
-123386
980686
692721
-687719
-830201
-608655
329634
-107191
-762990
-471363
-73203
70855
-641941
-50889
959325
431786
-478377
254711
521419
-663726
-348135
-157872
-387187
-568000
104947
409178
-834826
621256
438191
871844
-610750
-924932
-949464
-420413
83416
207592
-322181
-302110
-208013
-908084
811567
134211
-497285
-489331
492444
-255687
-847886
351079
-739334
905653
470926
-544835
-519055
-861019
-469273
545145
-347051
-921270
219794
-844109
868705
324317
927385
-7985
694054
142705
327305
388283
975141
21567
442159
-458726
-695665
-992941
491517
269930
283003
-150073
534373
870618
-117761
-512899
232387
-390900
144209
-6928
248308
521871
206743
480445
-821234
-512494
-350646
-433175
36266
786296
389489
958591
-676008
700067
311292
-49017
-94497
396789
-923177
-164322
534900
-980866
-81431
68729
-755561
141659
-348146
503712
-348718
-222279
-15478
866612
476435
433762
765161
506759
583122
677391
-484682
-815186
-254315
-9104
-290567
-686635
103381
387435
500556
53729
702253
-257370
895740
588612
-545370
-943942
232781
593922
672943
89092
726058
-281944
-682139
-55294
-264300
-792267
740965
-400931
98546
870493
311156
-131193
-923840
918909
591236
973321
543816
-387109
943296
-293171
-532556
339523
-558855
255070
26661
460757
-3108
670988
249099
-850810
-314057
232087
-640776
741815
-442987
-936911
-868719
-937541
-334490
714981
12184
-781223
159814
-794705
614819
502131
746383
-514348
-151186
-623162
309671
-219220
807228
-720085
696493
-827979
-239705
-826551
-960284
-584620
-763820
423868
186304
359131
1777
924396
802134
175179
240872
-968792
468072
-515285
-378126
-761412
810458
44118
-490054
197253
217840
724043
-809389
-26030
884190
230679
169181
-133158
94772
-596458
119123
-359188
474922
206317
-276596
-984354
-710543
234564
-680471
251286
-998462
-213244
570769
296795
837772
609429
301907
-157151
-981013
965011
-511825
-681012
-239512
-206837
-520408
-271109
-359915
787467
-951395
420228
20038
-104558
424983
-256286
891431
468711
250005
-588354
930198
727538
171074
710033
-761491
570748
362963
-778687
882081
-398663
454398
918683
873729
-369380
-856115
-86150
-59908
-572039
963615
-7577
-11021
-471515
700735
40824
923925
-279523
-592131
-707608
630419
-658180
-790078
865383
-460900
73882
-748001
704442
-339355
351365
-45603
-745376
591404
-103510
248831
899126
-66856
673596
24079
498789
906930
-195952
373522
177936
-356168
-884876
-975648
352049
138663
-905313
6287
-647202
-661553
-231327
122915
-418999
-3038
653965
290864
-185386
-601586
-596819
-590788
326503
-858037
524309
-43860
-180778
-266501
948128
-207650
793419
-457017
-541103
602876
295896
-513005
372406
-35621
25575
-968802
431849
689646
-82879
-243979
815749
-736272
-798709
-155437
-637789
854139
-413407
417356
-246560
-185649
152839
-396614
-206524
651539
-675246
-306572
946424
679519
183063
-323480
176713
-328172
846704
645144
192866
175366
-603717
220612
534006
916151
-453653
-371835
366578
39235
535772
-364862
-258429
-811590
-818870
-93309
989575
565036
745300
352620
-400477
-791451
-513642
355560
793363
-125500
689794
-778622
569094
-43199
536609
745900
-454798
-327370
693024
-116070
-738809
288942
985546
-377878
-663661
-892365
-825559
291448
-91428
-174059
568609
-862952
-98688
-927595
306760
-193130
-209791
-280623
-747185
-521052
-330923
-181632
42495
58184
369907
261909
644436
-898505
-204702
720860
341696
790821
-378090
-501321
151854
412580
327648
-784470
258367
373415
-521375
553182
972519
619726
-647619
33912
720634
-129149
-834340
675289
-513539
991496
-199079
-225842
302132
803560
351782
-456950
-433832
-62913
116539
-502410
-321441
-807231
380595
-671478
-606862
-295232
30365
885762
-416639
445532
-492197
901563
104692
-744611
481254
-875347
-633290
38140
129074
383394
243136
729191
-309962
-418583
-762498
-185000
633391
-184361
-650485
-633693
519197
-686167
-22827
676258
949395
-641208
-608982
-546762
663213
728580
-547819
-834016
-889548
368066
646872
-428663
275550
136723
242352
-927195
-394462
-607275
-514539
-136959
-309203
636458
871858
720892
-228525
-418659
770326
-103531
-150414
895871
602624
890298
-300288
-357190
-612762
-893394
-940731
316673
-194469
-927083
51940
-484798
-612777
202094
-844761
-711301
-88827
-283510
982096
65086
-857000
-852813
612177
-971400
-595679
61619
-221525
-980954
-241119
-586380
-909574
138014
-720363
-353625
-629700
-464262
768892
-583875
708975
-713980
-659668
-405915
-707752
-149620
863674
-395367
-437089
-811329
-639119
-935174
573730
-751421
-796943
749901
219882
473849
-641834
876619
506948
437726
566006
-307973
525442
218176
439023
171239
980346
-385827
623624
-391761
-7837
-402478
284072
-681489
638777
794995
400113
-489881
997623
-930347
-74833
3698
700695
335810
752898
632364
63914
-148352
991003
594701
253398
-121466
186955
-848622
-344398
16377
336657
-616755
-177955
-463758
-366537
949921
-974602
-429212
806696
-303408
640900
-226782
-158190
-367405
109890
-770208
-452976
-989970
523701
-647004
-648280
-624701
-867344
-514178
585379
-654358
864959
-843366
-169788
925847
292792
859830
-484844
-413163
767000
-62022
357119
598862
874849
-865826
-943933
729883
848296
-259822
970476
-956687
-805194
-680836
-296964
229379
295520
974708
-278764
-54369
-287398
-428620
924784
-12587
798018
-556039
-764164
413230
715149
-103811
357526
637316
772188
-892990
29266
348172
389010
-216144
279026
444373
801550
10617
305896
866105
182778
-988709
-364890
194615
-518292
-495557
-475179
622969
537895
485508
-794800
-617523
-239124
379107
-459649
730226
-387134
980096
77909
16349
-398473
-720898
-432780
-139313
878563
352349
382995
-938681
451905
-463906
-276867
420844
-503352
-839716
-501017
-71098
107698
-131861
253732
-19582
-78312
216481
-107404
-859134
-358622
-119826
175197
849160
162151
756939
583700
183713
466442
266890
537942
-585532
-519290
-580549
570120
-467861
912212
-242586
108570
978670
902956
856010
524189
649341
-841010
59064
887956
941377
-647785
880797
917184
-51508
-214333
-774036
292219
-391428
-290930
876874
-661354
-18231
-910055
-771239
-661364
-260384
-811807
-793097
-525454
-950506
-729712
-635941
-686864
-561225
-572133
-290774
-581984
498479
645996
275177
332313
897551
-912653
-805958
148434
648416
-860962
-405914
927495
663468
199118
-689645
807649
-579519
-355885
810471
726467
-122828
-270671
152890
-815224
-923839
619595
945497
-204065
-7149
262127
-872112
-902548
179808
992381
530158
-805755
267171
-375389
372732
-210991
415913
-497887
692355
-946793
-554903
-170850
158050
873361
335636
447975
163456
34217
745599
970444
-618948
350234
-659996
352698
855594
-129757
470592
-792205
677539
642883
-53315
-544640
-786910
418856
210020
234508
724135
-525728
-872824
430525
-819147
-24980
-993884
-290628
-82770
467765
-678424
-637523
-93882
403419
-243618
-543245
-59572
370751
-446023
669408
281529
532970
-404852
41864
564940
718082
378293
994556
-699371
-346053
-199166
-870465
-380945
-809960
-263304
159934
662144
-299781
-13701
417194
593093
591145
654160
322684
241900
-515402
778388
-549662
-300585
-869976
-833155
-579923
956673
-586306
574896
630043
-425505
-450401
-946811
146797
-123441
51609
-816986
692267
-563131
-261499
-893554
956627
952284
834792
930604
462398
-255645
924360
384909
-99467
876967
-542885
-658430
611171
990547
152988
188129
344586
-945149
851015
-419546
-363838
-502910
-410208
-557748
192078
-535592
-410427
-339937
470032
88482
930673
-568496
248434
507854
636590
866490
-944355
-636078
-608905
701418
-748236
988950
-191439
-230690
370221
-123570
-549611
909820
912893
567428
704371
-770337
519869
-692557
-844461
-381931
-59983
-422138
-102162
878499
-623065
-446174
436993
961268
772024
-19049
557915
599552
601889
-608670
-210740
336303
426012
-404325
638666
754779
545038
676341
737899
-845495
-310011
98179
-74638
227928
529567
254479
626274
495627
-423675
26633
-172815
-821622
-695188
814821
383673
-275098
-835322
993514
717032
-827797
26160
-532959
986790
-499796
892830
-999385
-650851
440605
252949
903161
-79963
-834362
469174
-35867
-932404
-454015
564355
918247
-222399
390393
829673
796468
28430
260298
999807
488542
-741787
-987224
-805013
-331430
616817
581807
-836458
303960
419819
52161
527785
83023
-267828
-30819
357817
102520
273181
941680
-298069
477288
969775
-533109
-620955
-784567
883727
479546
-650727
49344
-49757
-649872
539097
-54078
-402834
281657
686400
771001
-184887
-104042
493902
-356530
976251
697009
-545725
-886804
-330065
-514518
121293
13584
-848248
-610481
910663
-601392
987811
124668
-589875
-872887
-138250
142686
979923
-990620
-578531
-234250
-381610
705843
178948
-241238
868602
287927
-156054
502309
223927
-943277
-265737
-183546
79877
-145116
-735334
-881950
-915875
-169348
191811
24980
557990
802349
498979
18607
-848077
704462
537243
889694
-390152
522879
298805
-3372
-120908
762197
594778
388354
-393211
-23688
655152
482860
211338
-991792
-423385
-466386
-853365
479910
699295
712822
513257
785381
895199
734621
-574383
-723404
921683
-398767
-300472
-414356
-657795
68318
-507092
-446731
-440605
-728060
811306
285911
914466
-773165
-838782
-527022
-392903
375133
-892705
911609
-688505
-20195
75589
-268475
106415
-969367
759801
-339253
-171621
-280642
980908
649427
524978
211996
31760
-608642
512720
-94126
-433526
74091
834532
-811716
-362592
993801
535436
-630213
633608
238205
84412
320890
819219
322797
-326889
-759938
-409650
-816618
-434491
-668328
887218
598019
-439941
-773923
689980
319031
-743981
-116442
-776813
684168
-457226
589343
865192
332257
-439902
-349763
-221304
198260
-584452
943105
-876845
-720734
-864277
286230
-172589
565573
-145520
617806
-220471
730610
736027
-656730
-964935
-206614
-716986
-225073
-921645
-11940
749733
-609552
572910
-700095
-823541
-676982
850756
-719560
416262
-888401
-486310
347440
71614
934912
294489
996113
90958
-277248
824060
768783
-167598
178315
75093
-773226
153017
304485
-546135
-791533
-126405
-373064
783268
309506
-947592
808354
-500773
4870
160592
461313
-316621
832493
-297076
72984
785557
-722814
80374
327191
-21563
-569697
957592
-30250
-331539
335599
-462827
-386639
395604
-834526
-448566
440797
973252
908794
-225384
257520
-566190
-890274
757315
152786
-543296
819672
83382
-845491
-82245
562155
62540
-577094
464275
623745
917207
61021
-420589
152013
540834
585848
-114260
-726219
-890774
787123
770024
260852
-42475
64416
-926325
451738
741613
954619
183764
911319
193643
-3161
569489
-83029
659651
-481717
-555623
-920842
-834221
948580
484997
-988030
583693
310688
146439
-881040
1711
-299711
-809530
-147413
-48164
862793
269688
482320
582807
-95682
-453791
32438
540769
747893
-674144
931694
683317
494854
-355358
44164
-179759
1989
483219
495370
-521459
-975613
396372
-235419
652728
929354
-811846
-567820
871244
399133
78752
-675992
38085
498116
-686560
680965
995863
643523
-758372
778864
-363097
464861
505702
-93214
-159724
-944902
-882838
-751996
982692
161546
-813255
-985247
948062
770435
343293
-959854
-379539
537366
286996
-633650
-700127
729034
-261108
-579339
-472075
-757299
837797
-979084
208086
80184
-583928
-881109
-946913
832428
848090
59001
-757740
-20664
-384621
-326551
-58039
-409552
-394401
-372698
511106
578944
542240
593480
-645593
9848
-224557
316698
880424
274265
-838027
716209
606422
354164
136185
-120407
-203879
-127038
-717660
-916078
52392
-89305
277342
-498594
-738044
622874
-369631
548238
-530379
-961945
-925
667007
-649350
-630506
881861
-942776
-99023
-990058
642146
-41103
881842
449974
-439840
-834610
477735
791446
343965
615923
111937
-443217
719153
790188
774433
823260
178112
967250
-550658
-168534
474474
191949
-966129
66308
207353
-459299
249458
161634
992368
-951615
-222976
902690
-170482
-471126
832787
-220683
-25437
316408
174146
-653989
-408412
889840
-532628
-699768
871749
-885852
607016
978838
-451367
982125
-316788
648491
-908328
-540101
-232596
116815
-344768
-118759
183465
-223744
839024
-182283
311883
-225849
75796
-366560
809129
-853617
705637
765339
411246
752964
-268869
-187057
-571505
-747342
-937587
635742
-481478
374605
-935077
-361875
354732
-990499
228367
-602308
839745
-227025
489262
827734
-121492
-18633
-283079
-990149
-47892
-883144
-673681
-213790
357092
133204
-923087
-943275
-819646
-941787
-453858
-61002
106888
69844
350967
-674868
263666
842767
830893
800801
-949483
479038
937501
-182676
-451674
908494
694932
-315758
823475
872319
-398443
341786
206971
-896772
-338229
-624380
977583
918616
816100
665711
-962538
409473
-417529
532106
545748
465737
644450
-939994
-884078
705856
-858973
-795718
198645
464653
-673242
824692
-86384
104670
-88568
423310
749975
667718
598303
428601
-110204
-626990
-172802
259678
-619435
550662
-263052
-17138
20801
-402609
344294
85500
-727800
174912
23312
956006
876560
497194
-416815
483583
-564282
946569
165123
772735
235631
206569
-959263
-893053
-658577
906724
-607452
-641087
125237
-636419
835375
366339
600146
-604222
474436
-104043
123931
-970010
350176
587552
-126665
-773403
-305292
-154073
538970
942747
-737292
-553625
-279579
887490
551556
-965290
848888
-583000
371886
788216
-520342
-583711
-991455
-737210
690027
-793922
-665027
-705782
814443
968850
-341060
499840
134905
994226
816034
673963
-875373
671958
-155649
-356761
-519554
-291954
662016
-105700
745521
900281
808435
-32371
36347
792686
611343
904978
610699
387649
-296588
-20169
-260541
43770
353361
-881281
208053
-251207
-993787
15433
-264806
-586905
-339284
694069
981351
714547
643856
-725137
436842
947597
-685255
318232
546331
-951442
-241956
486338
648302
669941
-115272
877897
782582
-898933
-8934
-75716
-670386
950392
-745248
679574
22222
-57022
186291
-447643
-866896
-178298
961639
-355963
312282
-409060
-834135
893581
532016
892185
124564
374112
-694366
790596
74080
-703
-48784
-589784
88650
356897
788277
-368866
615462
-494310
-438649
-468771
697665
750055
792792
-103998
-338037
-343997
262093
107497
301115
-889220
-746935
-498880
695470
-49201
351140
-494128
399503
-311089
970636
-412260
-84714
-87675
692948
-333279
-115752
457410
771799
-776868
528443
-753630
374727
128908
710594
-488504
776516
116160
887071
-388819
-479648
-155848
-556463
579672
-183154
103360
93926
-343299
48005
432443
-779795
458652
-397557
-557216
-11022
-770824
-941901
-927678
102456
171393
364443
-345350
-275188
-957191
811582
181884
-316518
162997
613812
845080
388246
724884
-613385
-702768
-889525
267936
905434
200487
-988293
-886970
585616
-592838
-105825
-758933
874262
-738543
624582
267708
710531
-14736
322797
517265
-757818
-787308
-831601
-953196
583699
-164099
-448843
-101546
-863800
-260383
-892659
-885798
634839
970168
22989
527102
-48697
-193265
-111756
-425421
-605472
-891688
-266336
572975
-827213
-288814
312339
8477
-414382
108088
43971
859651
529528
649004
968363
546785
-854984
601523
-796384
114969
-325739
-431712
-323650
632397
-496334
-732463
-998306
-546145
604741
-832324
-482544
737405
465629
-91462
-419011
561035
-90249
624322
292341
-393155
936807
101262
596987
627505
-148539
109840
-121199
-478574
-335276
-936983
-7392
-537035
411778
174698
896141
-661421
798665
-378704
981792
76851
226430
-577284
752723
-686825
535639
-568777
277711
-445091
-959456
-610871
858205
-281064
636645
-151528
645934
673845
838954
-989016
554139
-790437
388008
133419
-46611
-540918
-518746
-784973
-531898
428701
491199
-27856
671296
-6377
-444319
-568597
48196
-884395
470510
-13677
690394
397375
-627264
275288
334520
-12856
443273
-86860
770005
-75026
-391324
-372218
272745
-288349
526520
142009
130341
148294
277714
-394315
-878287
539038
120770
-226115
120392
-953912
-356702
-936833
-776117
75155
782263
279131
-546617
392412
-432740
195903
397815
-206303
315781
473054
-839602
847199
632236
-50698
-983123
-122283
-717393
156843
12539
-930385
-117123
997862
-12520
-258848
-44109
358579
284456
-31578
-375758
-231910
-546510
-409125
-683628
-904135
393448
-626937
846417
-728160
-879304
-963045
-593569
-171393
-43434
-847248
-665761
-323259
408375
-320249
-910524
-42593
50984
988933
149424
19271
-731971
-51265
285725
-313038
-507037
-27272
-156090
987912
993157
434263
-34749
-252595
810759
-583259
182938
-805737
-558776
-946532
670517
-756324
-108592
-384103
137937
-168146
-899972
-569844
-425321
-95921
-848002
266065
-3793
-369589
-716858
806134
-707128
-463764
702119
-760810
656117
867825
2750
508252
-557397
608739
310408
-787539
202298
472136
-751115
743732
-968240
-35127
888409
-244850
-917131
548360
-370406
-270167
-730943
669651
-73869
410810
-79833
-552407
622852
126583
791409
-80009
-276524
892529
-237650
-241387
273793
-59498
-862307
-876303
-358715
-667314
869864
125916
277520
-792127
-450060
-139451
-146408
-314504
174117
531888
2214
-532338
-406011
-640440
-931387
844235
964002
-726488
-113813
-508430
-89522
53240
-309520
-792367
306511
-365986
-77279
-114179
-824325
329184
-699089
886742
-726770
743382
854591
473011
-137310
-918521
677698
-365277
687812
-735795
296393
17938
62902
-982388
735530
-253553
185640
331681
66895
-761114
-172994
781666
925382
767904
894640
-597025
-10717
409325
378034
-575925
-51362
553219
-231384
560299
511861
-528553
-157874
625084
359844
529897
84518
556071
-752158
733859
589558
-911349
901721
-690493
-563550
401657
-86471
908190
903157
-985223
580259
-795587
228028
200614
-609586
-486507
-836743
-773552
970358
-597249
-606005
362085
-894156
-590715
-418614
643695
-390703
-743702
696109
457404
387051
-116080
-848775
551178
-961862
-953495
143541
332686
641362
-160105
-42497
44132
873775
630535
-190574
-50735
-676779
-945883
129977
928119
455856
139447
620053
-862998
982059
-790317
785963
865128
920209
-742828
486407
634536
-736272
-990160
432621
54146
-445204
-146802
214988
-483902
534345
-521093
-605247
601362
162002
-438613
-276710
-707185
-557834
871691
-961631
-668348
-772989
-406540
-521924
-398148
767080
-4404
-580014
464164
950788
-130604
27413
650130
209820
936276
950625
-183161
-414010
-106036
865023
-420938
-553768
990864
-529552
-765463
-229573
-224658
66298
-18013
355636
-975962
239575
-698687
-36978
620672
30529
-495862
609313
924679
-261138
947236
15153
231847
506882
-705764
-24464
320742
600492
-440065
181324
-46425
973673
773603
-748538
-562371
151097
19957
-543836
309322
-703624
-490923
-590033
269798
335383
-732648
565629
481325
89695
-196611
-37224
200805
740691
-858715
-182024
103613
413875
-829998
-211340
-958325
804207
894704
-3351
67823
252629
-157495
387426
588047
-806378
-757043
-525842
719429
246122
-84811
451485
-446320
-445859
-269024
-805991
879863
-914158
-965315
755471
-986414
217306
-708554
-264492
598164
-169429
821823
-671660
190134
-765329
285360
-776857
-444205
-764477
280226
-664735
-128543
153028
-849547
-446308
-640601
-764726
443280
220977
-263036
-720257
-360169
-525037
846784
56901
862338
-852438
522034
-709688
-529809
46626
245367
386239
-804319
-47640
223078
768340
73827
574369
874017
-496818
-859935
-677726
-620356
611904
409617
-476713
375488
-148461
-755721
320336
-394296
171644
-108422
49975
689103
-57862
912170
163187
699929
-28242
135175
-703979
180219
634233
893728
-708452
-880992
-417865
-426146
684486
853188
982857
747183
62816
-532634
902644
837898
-719709
445290
-65970
706410
-97976
-727897
-935491
-604842
686967
452741
831189
852470
-408932
-65681
560786
458279
-91399
-379982
431455
836158
537928
-126797
690457
782803
538163
-205052
669378
-895106
745087
-250715
66530
-958358
-679189
714590
921664
-750181
307381
-617478
600402
-976840
-824752
-578479
-667802
-965253
993469
888941
652981
-73398
676924
570370
-928456
74095
127218
242098
-456969
-761615
332402
963517
-674123
-129388
255752
-338734
724116
-201658
286610
640161
215415
-435879
-275951
666188
-128638
-257808
857934
359077
240087
-685293
349736
-468082
808954
392809
927067
117029
-291059
-50802
601041
54883
18072
5346
-126774
-389248
323882
-826596
411620
-872166
960258
-915075
532841
567962
-704952
729109
399978
100113
814145
590614
-818336
-267177
976032
466221
-385851
217287
-610927
-944340
-353803
285618
-892472
378387
17747
-72140
-336217
633464
478487
-809452
-515303
-247663
-397466
-960587
918644
-772796
-90904
-908907
-677922
-529218
-515915
-411848
-899885
479745
121657
-240666
-893399
837645
-961385
-717197
298212
923659
-241277
777241
880856
841511
-662578
974818
424059
930319
-987021
-985844
-858713
849575
-334956
37590
-534892
853909
779817
-339674
-998708
8870
747030
-905598
-798368
981954
-248229
-629374
449398
-418037
323463
-867466
-456102
954642
823606
626519
-274781
-233717
61538
13762
937064
-161662
-9955
-198100
-609282
-662974
163218
-327733
-781713
762283
-720024
36032
-767956
323519
156185
-445425
-93225
-364795
5263
-892929
963886
-365435
-661213
-241389
-184494
-509621
-454466
-221332
-29460
831558
103679
13706
795876
251597
-322989
616546
-215772
413472
456773
-576774
284682
265945
-995502
205620
-278368
790402
-571254
-260004
846423
-672432
771063
-968022
-791293
-606704
-780909
-933460
-832900
894650
-277994
136726
-92064
-202478
-849711
55070
-661541
-88623
-875638
-564526
493593
424470
-272743
-504091
-245461
560224
119471
744458
-27975
215772
-157470
615359
-124950
-348937
-413437
6629
-126593
366438
-305987
498358
-398052
837460
763549
973113
-402449
788175
86358
-915484
-245180
-601959
303253
677690
-838717
-660314
-650614
-355339
565866
206486
-929381
-538113
721397
-459478
949835
-621269
406881
846291
357413
-585699
329426
-681396
741825
662346
918058
-389219
-229819
-92336
-532942
-601868
89099
542066
926960
-647209
607957
-507795
956561
239243
-983732
-623042
532735
774549
-152635
227190
-572128
342314
57113
211329
591444
419244
946384
370951
-230306
12336
-498663
-922189
-724590
-292969
-613926
-519982
-696829
799254
-703817
363764
637665
175469
-647212
-387660
-621740
-905733
-435672
-611421
967975
38682
676307
-164427
588127
-384819
-822178
246933
-819402
-62564
920910
117323
324044
553586
-936627
566493
652991
-785628
-329422
-187475
-911820
-719454
35650
-441729
468012
-276425
-28672
-148353
-753731
556805
892413
698831
-786361
-642712
-171759
-856171
768240
769488
-846433
435869
619107
-474848
-58339
264538
64235
712366
-66520
-870041
81596
-592492
982895
-724343
-605923
-683617
-957374
202454
27739
-793024
-476816
-74391
-342527
131998
758991
-850972
-939279
-612319
523087
770319
-88303
-169886
124388
485966
-697522
-730629
111727
-32406
204088
800739
-302322
-980761
-534790
284680
732806
784896
368509
-86079
-988901
-119505
-27903
-329223
-939908
326972
461619
-294378
-982162
70946
320299
-129284
-264693
769436
-401580
76070
770278
585854
-482878
-618383
-576429
659895
779507
950071
-505969
-781592
-911657
111572
502987
895748
479817
83210
-566924
-113039
-689774
-302747
-282728
-972975
-832588
-475621
-811630
654756
-586742
-67336
-688675
-442820
613462
215313
724176
-133612
517075
-344065
509323
104297
591156
-976130
-149732
-175494
329978
-231507
994529
369588
-497557
866886
-628460
291460
-308085
-796278
-705015
-815851
-737207
757232
108250
-383152
-260546
5169
865824
701954
-947706
-802017
663421
370287
361520
-27443
564937
491394
-234234
-344447
279355
718952
366113
253862
-570483
897925
499601
134977
-453239
-654898
696793
639507
320634
325368
409932
-354293
802708
146107
-149219
317338
692559
101857
-601763
29146
381314
-258439
-176932
-986038
457370
188309
257191
-231366
-953705
128696
186680
-64099
623373
-67875
-121619
934660
-979821
488175
565593
736351
619524
831966
-235241
-855721
-329339
147129
-400713
793682
630015
673279
103763
969848
-955998
-298972
-356647
-416154
-282661
-426049
-364307
883521
-763120
-562907
-11389
-154776
904344
-624032
-582256
623352
-814241
821301
-932499
783777
-909633
553453
-365184
-352239
987911
-840092
-609860
-100595
116919
-839002
533676
633694
-946976
-879133
546777
516704
-466200
478852
855377
588337
224713
44525
482112
575109
983943
-61918
-483788
753066
-284693
765085
237123
753966
418699
893605
862073
-321636
-780921
857989
-393913
-590817
84130
236114
932075
-599803
576208
-45960
951919
-227487
846974
727229
-807024
505042
320999
200028
-895785
878760
262907
-479413
-825302
846479
-163509
613732
-589475
478694
-421882
-329042
348673
-558986
-896922
304622
-501988
861733
-949130
-867615
-232676
116158
-905769
-771432
450312
-719287
-237821
372793
183360
-313717
141383
272481
-735967
932413
337573
-764912
-601361
-824697
-485878
415811
-823038
192306
642268
-955035
-236526
-155469
28031
-560016
-121646
-935787
724115
690114
939814
-423462
521132
467264
91665
-167725
334289
263911
-181090
478329
2703
-157454
-711029
-867880
-141471
795076
-48296
69355
-327738
536448
-381992
373437
273906
-953823
-175073
238029
662020
-55760
51735
125966
696212
-318412
60437
163715
-147942
565421
-247765
-113828
891291
-500815
665790
-554182
-994841
-264132
-31476
494767
231721
283548
-233161
195081
281260
263289
-771940
-220607
511122
608732
-859727
-755091
647565
-594265
728182
448680
91867
-568758
492691
994629
625920
243203
693624
96243
-51003
340190
-602400
-645920
610008
891164
837489
249680
232218
834164
-840773
-936273
320270
-492857
-171678
-591058
129459
-311551
334625
-395513
-781683
-915925
-858807
540628
480586
498949
-195801
772168
-616270
472218
265074
-766586
357660
-20614
-78269
2459
-720347
-130718
-365759
-435896
-349141
634174
-265212
-158796
698467
-416042
988410
-674780
-80385
-971831
-80071
-219337
697494
-155124
93178
-250631
16871
999807
923075
825090
876707
-898529
364271
986263
-74477
679892
-44053
-298588
235734
660766
941170
291920
-761178
-327862
-375677
-841581
678415
-60009
-699530
206776
380497
846485
155123
-951906
-197487
247423
291642
328256
-124385
220290
-476187
585865
960603
-672537
-872128
921303
-955720
649819
-593015
41888
450532
-753541
-266214
969449
-865852
566064
-345800
139194
-718177
836366
-754585
-957094
153109
55139
383108
127255
755623
-913066
498376
668265
858265
453905
-127295
-524364
-77517
-91174
877775
-670193
-767166
-348582
595395
917623
-107321
-930075
-209182
456852
776110
-727426
48710
938128
-399385
218532
14845
447368
875520
-250868
-762659
318772
340672
222813
782103
-597475
249120
-512245
-839835
-620350
-356800
-291650
-25353
497785
-715917
-332006
-606691
619536
144168
-767335
-163560
716439
-16238
-275906
670934
-813395
674553
-335415
-332928
-972969
-733234
-92394
-583389
607094
405703
-542655
-542348
-490307
-477864
820565
-277694
-795453
-935747
721152
-678986
274987
-146291
46528
-632394
-480971
-525302
-219359
70502
260884
161411
522195
142467
845045
839099
-416779
-641433
462521
598440
-718252
-324503
690183
-62660
-568888
870321
-272543
-262445
-693576
-848972
116857
283590
-982992
-236494
-493362
722755
-618248
458489
266842
414143
536640
573627
421395
779313
540584
242966
-904813
-965494
834580
-102069
-478277
-170981
16295
-552815
-973222
673090
669433
642873
636851
881699
-480911
55
-540999
-836960
972336
-826523
151433
165059
-361302
25973
229489
-387001
801105
-876311
-288033
976703
-664820
875518
776776
905751
-357854
-913704
842550
-83516
-613347
906771
-369860
-774353
836748
-102717
201379
-914680
-815732
513349
957722
589934
691192
419744
-300953
-479757
-701291
-463674
-356820
-403075
-598648
907190
754335
-123416
-724829
668988
-923860
-985173
289955
852344
-331184
-846037
693509
-493000
315499
948940
-361291
-66561
952403
744436
-29843
-157910
288638
161476
-973282
188563
-831425
-327882
-293754
-176335
-216073
-275758
-177741
-762622
-393068
420814
41493
-745144
299304
734940
-608576
-18297
923753
548612
933005
40700
840338
414819
-138443
638390
-891541
878175
-208740
742731
581756
-597365
-968011
913139
-308270
936098
79419
747450
-71773
-878700
-819087
-431680
-76607
563270
-863888
-246857
680111
774683
534341
-950452
-787297
-299344
-390772
-915139
-537897
631305
287194
-463333
121620
508612
303802
-643354
415130
214332
-295414
676959
-619790
519431
-877861
715151
-982297
49937
936207
-756482
-18992
62898
536599
266499
453067
-593788
-812860
569675
-433937
754199
-166991
747528
-128019
895746
-879826
-723114
-734117
333786
634974
364719
-618279
-69528
302336
-919570
-473483
683061
531799
-851562
618420
-187793
-109328
-664320
-479607
-315265
-95901
54420
846590
143676
-464992
-802634
-77788
564205
-405546
268888
-98382
-783761
348082
799318
-474303
178982
-66240
847767
902229
777233
689545
-447412
422314
-876054
189480
-917660
-207532
-702385
366795
406828
492607
497356
-845207
485511
-618959
779947
879519
59769
-405476
821415
-938016
809910
623427
-744286
-583782
-129013
-757537
-679282
823162
110424
-146264
10886
898749
229482
-109241
209823
-894755
223594
952784
-830917
-109772
389713
-209636
-874236
38662
204883
972159
-875145
824815
721419
-607339
-197781
-676506
790330
-534941
-51200
770941
575337
-676667
994498
-455708
244166
134043
851471
724189
-554767
-431375
-842972
847436
34681
-848522
-799027
460206
-861433
-758906
202260
521230
920091
599463
-619807
291891
-733331
-35995
-664895
-941810
-581650
-364191
744777
-668235
-865273
-409291
176029
-287382
-436294
90586
-868217
852373
751629
-99744
762614
-953060
-221502
-455346
-22088
590118
-811671
40530
937527
713994
-237679
670609
-778595
-310527
360710
300346
633131
969240
503096
783538
-625797
-668709
-181543
742158
-658050
-339188
-876161
-70943
-984340
505297
91509
-337248
108406
-857470
-333599
533391
-920312
-111324
378815
-873378
738446
-925455
-553626
-935255
366764
841127
783992
-781612
809498
-152331
780148
412206
345930
678974
-729775
-589884
-787236
-395501
794286
-902201
-374676
-686624
960082
304838
-905402
-355848
66461
-598636
-561349
943928
-316946
586196
714334
-837918
484739
823107
-150238
285143
408633
-637352
-746007
296132
207280
-592148
119957
16712
-770367
380528
158361
621052
352349
443910
-317566
100899
476507
762508
-74806
-389366
404954
-386887
-329936
-685849
69864
777984
957914
363050
548801
-512580
563899
-137656
848861
330956
699877
-602610
-264890
124374
-990330
728088
418684
261861
-516892
-27172
-472605
-465835
-534911
-762753
-500468
953664
-392149
-109027
707177
-776329
-303797
-738691
-351226
-209401
-630509
-803116
435474
652162
-565560
573170
-252409
-566315
-691538
-23608
-102207
802595
113954
-769286
501867
-293198
-43869
-44706
426783
356785
-505975
-996481
707603
-183192
-732426
-895337
-65183
82961
548878
-268334
479899
275185
646019
87539
-222499
-914761
-163010
-354710
92719
-480226
-348744
836750
101236
-501773
604730
-604766
19836
-430940
156895
-120268
201646
279225
260008
-450063
327379
-72696
-615971
-460548
402981
253603
733087
-731684
-344779
726154
460940
181504
-270413
-164366
-647775
-387813
-949453
-136368
883740
-748606
-88848
827097
-591418
551787
-238979
-817653
-234531
989374
297880
-18901
-525937
-376225
361123
872874
318618
682696
311052
-253559
-474219
-120803
-887172
865831
-831594
-614484
882006
417664
947702
-201217
132369
-475712
-121873
692434
-300428
102842
222900
-616431
-467015
-368564
-147342
-410120
369183
879232
696314
-124278
-542515
902677
-698994
-920775
-850948
-335710
777132
-727957
-695491
-420265
974983
767884
-687677
-772048
-817702
-296557
-907470
-652859
272577
-163586
590142
11091
-331727
161475
125927
407412
-615868
722050
-574282
420131
916022
-382365
961952
-174677
-122961
-7983
-73921
-506324
923062
-396754
10351
-284221
509666
-605314
-688382
295570
-582840
-391978
56073
-879426
-347464
-543639
784136
-177281
-463307
829354
-426487
-94421
872076
971795
152434
350468
