1000
-948703
38916
-56543
556997
477464
533819
-284277
-219018
-174223
530039
-557082
-136072
-434427
-656161
-191575
-203709
486049
-210306
117229
-158580
-529936
433198
-424907
-647189
87123
59877
992123
873360
-317716
185637
-688362
212617
-458071
701555
-364062
-242501
927664
-274331
-726483
327058
-787690
-278572
687123
-897678
106310
-897821
-671209
-705955
868929
937538
-564178
788040
-465020
-204291
-693258
-538237
511058
-885771
-978456
978403
-16573
-881838
-108062
-641658
-364935
-761266
423743
-59854
-112387
681066
230465
-656076
-56105
-538279
570468
12882
962357
943651
-849965
773923
-17106
845221
441044
287204
568233
-688468
-681736
72363
-162361
-86800
-424200
-21465
-134575
52538
408922
524806
-824354
714392
-678748
-556048
-960436
841664
-715432
-85919
225223
797030
-208266
323591
-939125
-864524
-959705
294447
178406
-842437
837770
4182
407801
845949
-492011
-607727
-114025
998620
-607782
545274
-667909
-201349
159029
701956
-981142
985827
7883
83123
-923370
624507
-420805
-637282
-89174
-757836
596380
193436
-596497
19471
479505
-164382
-367382
138722
-789355
5921
59696
78194
-697023
-985650
121551
-358116
59055
-213600
903032
451617
303132
428599
-268236
758666
-767823
-202687
712524
-744530
-550366
990513
259330
-83095
749721
882800
552
-778455
693064
-32064
-843119
79042
-935563
-499525
-197247
697026
-445429
657764
348033
86983
828912
313009
708723
-172259
-329356
8179
494126
-400395
-947881
-688345
-696751
243636
-894130
-950893
4270
-625599
537687
308659
116680
-197026
769509
934606
-765823
114883
771393
303458
-556878
662732
627556
-260466
526861
811186
-695100
-159658
-350127
666977
-347733
-438539
80227
316270
902470
236274
-386709
318160
-190261
-3264
767339
49529
-464307
-377409
198382
-771265
-967163
108431
-574891
-536984
-161476
83523
-237082
-960868
28172
-51732
886752
-134283
-674038
931702
954144
-678409
-119481
721557
917442
-772340
165900
-850204
486723
-400184
-547381
53847
139551
-865677
-829564
-13916
170909
309313
109530
637424
-16649
-797142
-398436
719054
-959226
548441
-5490
-224160
-579820
-833815
557776
-393436
-465427
-796042
611531
164215
311792
-384856
899611
691145
511522
749668
-307140
931010
-569158
-966862
480978
568007
970415
420897
469034
306976
-182654
-996398
894219
573965
592257
-656171
490194
-779203
942073
139830
903984
868940
-299510
-377426
447339
-765945
995379
-610701
465378
746179
-699184
541866
-288501
308176
320714
529604
77856
-548192
-879620
-938136
-804373
-227458
-273154
289635
-52310
520757
496984
45227
321034
127382
-761479
477938
-732274
-534772
-924988
-826674
561697
770777
-60845
150645
183858
769472
159449
517804
-499055
954232
-913818
-608337
-557926
-760036
907576
225263
-564291
475736
902498
485306
123955
-220136
842160
-466827
969330
58011
-783587
362107
-245578
391905
-464130
17361
211539
-324166
-228013
195043
-656584
-832376
-329010
807341
810313
-674674
592519
184134
-778728
-175273
79486
-402957
-397348
578649
-883821
-452731
-784311
-686890
14940
514464
-585448
-227302
-7867
-678401
-168709
9188
824099
391077
-295677
-696095
-1499
352588
824865
-158445
603500
-564356
-518551
687730
250786
-613880
-1725
235359
-162582
-920319
-205267
-603509
-930182
582785
129629
373227
-803994
734701
-348246
203349
247846
29016
-83427
-927925
-795458
411104
-390715
944039
-81492
878714
61047
862021
211778
-841963
306920
-863035
-153431
578917
824614
214766
141400
-445817
-819681
531743
842025
-230742
-976015
-119659
229901
905465
-690074
-791942
59843
-288222
-20472
-175753
792915
777214
496441
-844820
-496580
801588
589463
-273545
-753870
-417073
-903532
-369683
-515635
-310014
-300912
-5793
304563
495254
-242007
777282
-104416
87582
-854735
-575654
902409
-636831
-190649
962464
-736343
548692
983849
416659
342823
471120
544498
-812446
-944778
-19354
314470
-355973
348115
344990
-272436
-672191
-894303
25983
502211
316361
-311860
841858
-580068
-943416
-422988
-507233
514475
-265885
-946212
-341649
10804
265688
796549
547258
-426224
681695
-920035
-635531
-942405
-754664
-293912
21704
-810763
-94318
394521
957893
829549
-574768
115340
-789038
-445777
574858
-286966
958898
47966
935537
83413
-231328
-348606
749174
924917
582623
-44978
-810572
377326
720372
534007
753123
-567656
-400439
-658518
573952
641877
-258259
157092
547041
-359069
955083
-583287
-665915
399839
-498283
335933
148535
13676
-504218
60939
-522630
-579464
735199
-496196
-115873
981039
736735
685454
430512
-400095
-52183
-425740
325720
977022
-175936
-725786
143541
195530
29178
-926276
-471970
-502586
377757
-545915
999708
-200346
914679
227965
198482
424348
961932
824899
746732
480541
-94848
64210
949244
-526807
-409169
271169
-325907
143919
204767
517336
255886
422654
86053
156070
476861
89767
292206
593212
-980603
790347
429409
459890
638661
-121147
940957
279818
-727001
-680399
-621969
-555145
-989110
961046
-366694
-416844
546053
161012
-852640
-315490
-176700
397330
960275
987742
929503
-326182
874605
-136512
-419174
772036
-516633
163787
739328
640595
-521754
510795
-488295
-938740
-582543
-33163
445019
771659
807626
116399
-336590
180476
-38653
768631
-710968
130394
125166
353254
431895
459749
931728
649984
147657
862090
-277885
-577816
-204932
522340
-618375
28167
-378209
-804348
87049
845413
548781
310380
285422
680408
-584319
-710735
-289095
-93155
-559736
-419290
-780398
326976
28522
-337453
-252899
230551
-264433
-263595
-752622
-977938
464317
854547
-357409
-269899
-97632
307961
416221
244741
199365
777059
51468
464361
-435292
350207
-303995
-969560
-172557
-884595
600110
-455812
-743850
-83620
-871038
50982
-707819
819717
85124
-653863
21202
38911
855270
19549
-88093
-261276
593501
-913060
-224514
359449
457960
860121
899786
869377
697564
-834454
726046
13837
845027
753112
-985051
96466
-134138
-37948
-399167
-608871
743677
-387197
237315
505601
873190
-255797
-930029
-468268
-254866
-948822
-350763
-763577
628563
802987
741698
553164
753183
236885
-58009
180774
864818
14437
24205
583639
-981241
-154657
-379453
-358157
353354
568157
78084
947044
258133
-631964
-997246
392589
130373
-277736
542200
804625
592495
-862718
-241144
-195157
-975613
920245
-421101
112968
409119
-17208
-878297
-891692
944645
-321931
543578
-560202
561937
-344911
-179129
-332908
-819207
-108957
-539106
-871768
622535
259918
440412
87613
-18739
-129313
548773
143579
-710316
-268596
-769056
481359
76895
-559869
273293
-311305
369748
-49862
739726
-130209
-906310
938835
181728
350098
650664
292130
-203018
-276098
158777
-397439
-477093
-948202
409332
259514
-410425
511856
-751689
-653893
492013
970362
-513467
-134156
794801
665073
199439
217486
913695
-451456
-926204
538288
-225134
-339753
141915
632597
950921
-916117
-555709
-829426
-867843
-273141
218355
133039
470666
756686
-759358
646198
-206190
-433327
827256
525208
-213437
-177614
-819855
-703372
-940046
853582
-967404
-150501
-820245
599318
-889968
200793
-583044
-63146
-787064
-35600
-834897
-643280
788574
-812689
851442
25554
-86235
750604
-469345
123782
-643676
77346
-959482
359888
-584998
-605994
-142405
-738291
-394686
92565
-312759
228820
-232906
589194
-985654
892630
-697284
772133
-93515
-253565
742752
-990313
-940285
263668
-901965
226885
247191
-440381
-207036
-713563
399886
40774
493162
-33867
-429444
68328
-636311
-393079
-476307
-433218
-276108
-404517
42848
-406992
-373973
908202
96113
760682
140385
-699807
855438
579263
-500052
11897
171364
