10000
-999388
-999267
-999256
-999181
-999019
-998281
-998146
-997695
-997105
-997001
-996906
-996731
-996456
-996420
-996393
-996223
-996191
-996126
-995917
-995899
-995831
-995775
-995721
-995700
-995598
-995522
-995115
-995010
-994824
-994821
-994818
-994717
-994306
-994258
-994166
-994151
-993986
-993818
-993308
-993214
-993204
-992999
-992609
-992437
-992324
-992243
-992139
-992116
-992096
-992090
-992065
-991802
-991751
-991517
-990258
-990150
-990032
-989935
-989831
-989777
-989743
-989613
-989613
-988986
-988976
-988785
-988445
-987983
-987716
-987670
-987614
-987508
-987283
-987011
-986989
-986974
-986944
-986731
-986677
-986662
-986555
-986551
-986440
-986023
-985693
-985588
-985474
-985213
-985062
-984984
-984890
-984767
-984695
-984556
-984511
-984221
-984043
-984027
-983999
-983782
-983680
-983647
-983473
-983409
-983385
-983343
-983196
-982799
-982737
-982439
-982359
-981740
-981483
-981424
-981298
-981200
-980589
-980437
-980292
-980251
-979921
-979556
-979306
-979131
-978991
-978896
-978847
-977967
-977641
-977539
-977345
-977343
-977277
-977088
-976704
-976584
-976558
-976548
-976541
-976512
-976468
-976400
-976258
-976047
-975552
-975367
-974819
-974438
-974078
-973871
-973556
-973513
-973399
-973206
-973133
-972896
-972865
-972832
-972799
-972619
-972532
-972315
-972163
-971531
-971509
-971430
-971426
-970924
-970899
-970033
-969634
-969563
-969464
-969459
-969317
-969196
-969147
-969054
-968965
-968556
-968549
-968424
-968383
-968212
-968135
-967927
-967896
-967832
-967581
-967346
-967070
-966551
-966543
-966188
-966142
-966132
-966016
-966015
-965755
-965723
-965692
-965668
-965569
-965344
-964969
-964936
-964386
-963883
-963767
-963613
-963371
-963303
-962712
-962375
-962245
-962173
-962049
-961741
-960904
-960883
-960055
-959646
-959292
-959143
-959111
-958649
-958540
-958176
-958124
-957099
-957093
-957090
-956647
-956333
-955895
-955826
-955756
-955663
-955314
-954782
-954605
-954274
-954090
-953696
-953023
-952604
-951928
-951882
-951641
-951568
-951406
-951309
-950368
-949896
-949443
-949252
-948851
-948482
-948346
-948171
-947770
-947609
-947594
-947075
-946704
-946675
-946325
-946298
-946201
-946118
-946001
-945735
-945564
-945404
-945218
-945137
-945090
-944958
-944821
-944220
-944081
-943766
-943601
-943527
-943071
-943032
-942855
-942461
-942328
-942305
-942224
-942043
-941860
-941839
-941318
-940840
-940300
-940093
-940057
-940045
-939667
-939128
-939103
-938985
-938360
-938308
-937912
-937785
-937745
-937515
-937450
-937342
-937307
-936886
-936342
-936203
-936127
-936088
-935923
-935557
-935479
-935461
-935182
-934935
-934930
-934711
-934649
-934570
-934569
-934391
-934284
-934100
-933940
-933918
-933663
-933539
-933527
-933448
-933413
-933024
-932104
-932038
-931996
-931927
-931903
-931891
-931859
-931359
-931105
-931048
-930929
-930626
-930626
-930450
-930039
-929999
-929589
-929162
-928369
-928011
-927969
-927968
-927899
-927681
-927186
-927046
-926709
-926561
-926383
-926312
-926219
-926127
-925966
-925887
-925611
-925603
-925519
-925490
-925400
-925073
-925038
-924652
-924531
-924205
-924194
-923734
-923674
-923146
-922750
-922667
-922487
-922307
-922275
-922061
-921819
-921812
-921795
-921701
-921694
-921555
-921444
-921434
-921262
-921059
-920777
-920359
-920062
-920029
-919837
-919834
-919331
-919205
-919186
-918762
-918754
-918190
-918160
-917740
-917658
-917349
-917276
-917121
-917103
-916940
-916900
-916879
-916814
-916746
-916603
-916596
-916150
-916109
-915840
-915644
-915564
-915527
-915497
-914505
-913665
-913427
-913099
-913035
-912954
-912635
-912587
-912580
-912486
-912368
-911890
-911659
-911453
-911318
-911009
-910087
-909897
-909870
-909819
-909715
-909543
-909126
-908695
-908405
-908249
-907771
-907550
-907143
-906946
-906870
-906542
-906295
-906217
-906102
-906016
-905950
-905559
-905289
-905283
-904628
-904501
-904392
-904277
-903991
-903825
-903625
-903498
-903340
-903272
-903189
-902564
-902485
-902052
-901973
-901947
-901859
-901784
-901623
-901433
-901403
-901175
-901053
-900978
-900962
-900239
-899813
-899705
-899321
-899125
-898842
-898373
-898015
-897785
-897622
-897222
-897200
-896875
-896792
-896773
-896658
-896363
-896312
-896030
-895813
-895805
-895745
-895738
-895342
-895276
-895268
-894963
-894850
-894350
-894348
-894295
-893683
-893612
-893117
-892756
-891962
-891819
-891439
-891326
-890893
-890774
-890344
-889970
-889643
-889580
-889443
-889065
-888916
-888659
-888403
-888058
-887981
-887857
-887820
-887762
-887742
-887717
-887646
-887391
-887306
-887203
-887150
-886795
-886416
-886212
-886092
-885328
-885070
-885054
-885050
-885036
-884800
-884530
-884197
-883637
-883378
-883279
-883141
-882975
-882816
-882701
-882521
-882214
-882095
-881922
-881826
-881735
-881482
-881204
-880979
-880623
-880560
-880407
-880397
-880219
-880073
-879954
-879821
-879817
-879644
-879583
-879545
-878981
-878883
-878794
-878751
-878727
-878659
-878545
-878471
-878152
-878042
-877954
-877888
-877597
-877364
-877211
-877022
-876747
-876593
-876068
-875750
-875437
-875331
-875292
-875239
-874904
-874882
-874132
-874093
-874026
-873291
-873224
-873160
-873054
-873028
-872989
-872780
-872778
-872247
-872141
-872064
-872016
-871773
-871719
-871717
-871448
-871391
-871283
-871013
-870836
-870701
-870042
-869730
-869686
-869284
-868991
-868909
-868758
-868751
-868519
-868432
-868260
-867777
-867639
-867305
-866901
-866840
-866466
-866214
-866157
-866028
-865982
-865950
-865645
-865384
-865172
-864830
-863976
-863360
-863114
-863021
-862815
-862677
-862593
-862158
-861667
-861383
-861032
-860703
-860385
-860338
-860333
-859924
-859596
-859578
-859511
-859381
-859176
-859118
-858831
-858631
-858100
-857908
-857646
-857586
-857424
-857135
-857128
-856852
-856796
-856718
-856592
-856587
-856317
-856277
-856110
-856006
-855827
-855793
-855730
-855466
-854204
-854047
-853279
-853217
-853043
-851955
-851756
-851365
-851125
-850649
-850634
-850265
-850057
-849925
-849752
-849657
-849480
-849395
-849215
-849195
-849136
-849100
-849005
-848761
-848436
-848066
-847947
-847889
-847784
-847517
-847407
-847251
-847170
-847074
-846878
-846388
-846237
-846140
-845777
-845751
-845600
-845189
-844997
-844969
-844880
-844861
-844794
-844653
-844361
-843927
-843836
-843835
-843725
-843027
-842611
-842529
-842525
-842369
-842173
-841922
-841321
-841120
-841047
-840907
-840892
-840663
-839887
-839796
-839790
-839611
-839575
-839556
-839509
-839443
-838740
-838466
-838430
-838184
-838176
-837944
-837854
-837633
-837616
-837323
-837302
-837124
-836604
-836490
-836395
-835927
-835840
-835492
-835351
-835324
-835163
-835135
-834935
-834280
-834209
-833868
-833749
-833360
-833273
-833168
-832594
-832578
-832377
-832355
-832307
-831938
-831856
-831847
-831839
-831617
-831353
-831146
-830947
-830905
-830809
-830378
-830154
-830086
-829952
-829647
-829385
-829299
-828742
-828731
-828160
-827904
-827261
-827032
-826987
-826288
-825413
-825351
-825101
-824992
-824837
-824530
-824421
-824395
-824367
-824199
-823793
-823347
-823342
-823198
-822920
-822180
-821975
-821767
-821726
-821336
-820962
-820664
-820264
-820185
-819762
-819761
-819747
-819691
-819387
-819346
-819236
-819135
-819026
-818885
-818855
-818837
-818671
-818601
-818454
-818073
-817198
-817134
-817118
-817078
-817010
-816774
-816355
-816336
-816125
-815658
-815640
-815525
-815464
-815448
-815442
-815228
-815141
-814603
-814590
-814271
-813867
-813788
-813617
-813572
-813256
-812840
-812823
-812484
-812373
-812288
-811918
-811793
-811497
-810952
-810579
-810506
-810468
-810359
-810282
-810239
-810233
-810153
-810107
-809498
-809215
-808951
-808733
-808314
-808156
-808118
-807404
-807371
-807223
-806953
-806826
-806606
-806065
-805539
-805470
-805354
-805264
-804926
-804563
-804188
-804180
-803821
-803789
-803468
-803350
-802951
-802853
-802732
-802506
-802284
-802202
-802068
-801451
-801387
-801259
-801255
-800989
-800814
-800635
-800439
-800316
-800154
-799830
-799684
-799160
-798983
-798965
-798832
-798792
-798613
-798237
-798184
-798101
-797963
-797679
-797527
-797200
-797086
-796998
-796755
-796699
-796613
-796569
-796423
-796319
-796142
-795942
-795808
-795541
-795499
-795382
-794959
-794506
-794431
-794430
-794403
-794221
-794179
-793978
-793858
-793851
-793652
-793475
-793049
-792782
-792770
-792675
-792432
-792371
-792315
-792309
-792060
-791911
-791549
-791485
-791050
-790951
-790605
-790568
-790388
-790081
-789514
-789308
-789293
-789286
-788699
-788637
-788539
-788508
-788459
-787851
-787786
-787717
-787704
-787474
-787328
-787049
-787007
-786896
-786893
-786618
-786459
-785466
-785419
-785315
-785233
-784984
-784306
-784219
-784136
-783260
-783115
-782786
-782765
-782671
-782509
-782368
-782303
-782259
-782142
-781954
-781934
-781775
-781589
-781586
-781203
-781146
-781073
-781057
-780634
-780539
-780090
-780037
-779929
-779828
-779824
-779707
-779700
-779621
-779490
-779379
-779335
-779247
-779223
-779221
-778461
-777773
-777440
-777114
-777105
-776968
-776944
-776673
-776425
-775745
-775699
-775244
-775041
-774891
-774641
-774392
-774047
-774013
-773847
-773700
-773555
-773122
-772922
-771550
-771524
-771219
-770916
-770812
-770148
-770028
-769733
-769733
-769719
-769574
-769396
-769242
-769208
-768998
-768838
-768755
-768378
-768081
-768068
-768068
-768030
-767978
-767811
-767701
-766776
-766519
-766516
-766406
-766288
-765829
-765687
-765560
-765554
-765206
-764983
-764979
-764788
-764709
-764626
-764565
-763765
-763751
-763596
-763461
-763455
-763383
-763286
-763152
-763094
-763072
-762985
-762447
-762426
-762418
-762361
-762306
-762075
-762066
-762005
-761997
-761815
-761296
-761199
-761056
-760808
-760757
-760362
-759851
-759783
-759493
-759424
-759342
-758920
-758786
-758259
-758239
-758111
-757838
-757668
-757278
-757236
-757194
-756669
-756580
-756488
-756050
-755812
-755389
-754968
-754956
-754438
-754121
-754021
-754015
-753785
-753599
-753442
-753440
-753343
-753070
-752926
-752503
-752491
-751769
-751733
-751623
-751528
-751319
-750821
-750247
-750178
-750172
-750162
-750147
-749593
-749371
-749087
-748640
-748585
-748198
-748107
-748071
-747530
-747269
-747209
-747205
-747039
-746921
-746771
-746759
-746750
-746356
-746058
-746012
-745962
-745599
-745547
-745243
-745053
-744824
-744755
-744353
-744300
-744179
-743849
-743474
-743383
-743330
-743203
-743044
-742998
-742994
-742760
-742208
-742185
-741798
-741501
-741363
-741175
-741138
-740699
-740645
-740636
-740495
-740385
-740301
-739975
-739928
-739923
-739910
-739675
-739397
-739262
-739232
-739177
-739100
-738646
-738194
-738095
-738094
-738064
-738060
-737968
-737849
-737537
-737078
-736113
-736062
-735936
-735753
-735007
-734559
-734353
-734177
-733833
-733746
-733577
-733145
-732853
-732350
-732346
-732274
-732023
-731929
-730755
-730604
-730526
-730279
-730095
-730061
-729835
-729795
-729484
-729334
-728469
-728462
-728193
-728136
-728134
-728131
-728042
-727982
-727355
-727173
-727035
-727026
-726836
-726694
-726584
-726567
-726372
-726363
-726247
-726186
-726166
-726154
-725644
-725590
-725550
-725371
-724621
-724540
-724501
-724259
-724023
-723972
-723939
-723783
-723688
-723508
-723369
-723307
-723200
-722853
-722803
-722765
-722504
-722472
-722466
-722448
-722330
-722315
-722193
-722023
-721450
-721435
-720776
-720498
-720330
-719886
-719726
-719666
-719420
-719307
-719307
-719060
-718800
-718662
-718602
-718565
-718366
-718075
-717995
-717804
-717495
-717479
-717144
-717045
-716769
-716361
-716199
-716009
-715990
-715742
-715218
-715021
-714858
-714742
-714693
-714641
-714428
-714380
-714255
-714200
-713975
-713883
-713847
-713719
-713694
-713609
-713400
-713360
-713311
-713166
-713039
-712654
-712542
-712370
-712356
-712298
-712231
-711570
-711488
-711085
-710914
-710839
-710802
-710700
-710357
-710170
-710094
-710042
-709944
-709368
-709359
-709334
-709262
-708623
-708396
-708323
-707950
-707707
-707444
-707220
-707218
-706984
-706855
-706802
-706626
-706576
-706407
-706376
-706371
-705978
-705887
-705716
-705433
-705253
-705159
-705097
-704992
-704987
-704848
-704833
-704763
-704500
-704483
-704474
-704308
-704259
-703791
-703480
-702907
-702901
-702630
-702526
-702468
-702433
-702411
-702303
-702142
-702042
-701900
-701517
-701334
-701159
-700645
-700419
-700405
-700289
-700160
-700035
-699716
-699630
-699625
-699585
-699568
-699535
-699098
-698676
-698335
-697976
-697952
-697944
-697713
-697686
-697515
-696477
-696276
-696008
-695983
-695558
-695105
-694742
-694683
-694509
-694173
-693793
-693454
-693373
-693288
-693240
-693012
-692995
-692899
-692797
-692796
-692190
-692035
-691961
-691959
-691853
-691474
-691025
-690962
-690852
-690307
-690081
-689825
-689805
-689226
-688605
-688407
-688145
-687979
-687900
-687771
-687560
-687139
-686959
-686712
-686565
-686544
-686533
-686498
-686471
-686310
-686263
-686126
-685889
-685484
-685395
-685300
-685144
-685098
-685055
-684968
-684637
-684608
-684603
-684390
-684263
-683935
-683419
-683375
-683079
-682402
-682259
-682202
-682019
-681565
-681272
-680922
-680907
-680721
-680523
-680132
-680034
-679703
-679066
-678496
-678477
-678395
-678343
-678188
-678119
-678088
-677344
-676762
-676757
-676689
-676689
-676685
-676370
-676040
-675448
-675436
-674938
-674813
-674635
-674006
-673736
-673589
-673473
-672324
-672259
-671889
-671716
-671422
-671220
-670628
-670236
-670152
-670050
-670006
-669764
-669413
-669350
-668847
-668703
-668639
-668633
-668535
-668362
-668354
-668197
-668103
-667789
-667656
-667419
-667150
-666949
-666658
-666445
-666322
-666002
-665671
-665366
-665202
-664977
-664714
-664304
-664236
-663723
-663643
-663592
-663521
-663498
-663320
-663261
-663171
-662821
-662719
-662573
-662530
-662438
-662160
-662025
-661754
-661654
-661307
-660821
-660819
-660496
-660359
-660256
-660174
-659997
-659402
-659356
-658793
-658555
-658096
-658037
-657999
-657748
-657554
-657399
-657307
-657067
-656779
-656689
-656214
-656096
-656074
-656019
-655968
-655847
-655825
-655777
-655614
-655498
-655351
-655317
-655186
-655086
-654854
-654737
-654432
-654357
-654114
-654054
-654050
-653752
-653685
-653466
-653401
-653383
-653310
-653307
-653284
-653266
-653150
-653074
-652895
-652596
-652472
-652219
-652180
-652091
-651704
-650536
-650332
-650270
-650186
-649771
-649292
-648799
-648790
-648764
-648596
-648505
-648278
-648167
-647668
-647633
-647589
-647576
-647416
-647138
-647111
-647049
-647003
-646921
-646606
-646424
-645636
-645019
-644919
-644853
-644748
-644166
-644131
-644078
-643697
-643238
-642841
-642678
-642266
-642145
-641994
-641926
-641790
-641708
-641142
-640646
-640468
-640360
-640219
-640120
-639898
-639330
-639253
-639198
-639134
-639101
-638890
-638658
-638249
-638229
-637672
-637512
-637335
-637203
-637122
-637087
-636965
-636730
-636647
-636564
-636512
-636180
-636178
-635974
-635915
-635707
-635626
-635353
-634674
-634616
-634477
-633047
-632939
-632886
-632620
-632283
-631984
-631679
-631193
-631132
-631104
-630697
-630671
-630606
-630560
-630464
-630352
-629563
-629543
-628785
-628632
-628217
-627531
-627530
-627133
-626863
-626243
-626068
-626067
-625953
-625936
-625880
-625735
-625696
-625465
-625009
-624932
-624813
-624650
-624564
-624339
-624328
-624133
-623994
-623952
-623926
-623874
-623826
-623802
-623524
-623416
-623308
-623275
-622964
-622502
-622486
-622386
-622209
-622170
-622165
-622000
-621463
-621288
-621180
-621160
-620896
-620633
-620110
-619425
-619332
-619289
-619236
-619233
-619035
-618732
-618610
-618577
-618553
-618501
-618215
-617709
-617632
-617630
-617603
-617540
-617434
-617154
-616839
-616566
-616464
-615889
-615851
-615775
-615547
-615396
-615121
-614925
-614856
-614803
-614734
-614494
-614346
-613974
-613944
-613870
-613865
-613803
-613800
-613659
-613573
-612819
-612734
-612512
-611957
-611947
-611736
-611633
-610970
-610530
-610314
-610302
-610282
-609832
-609790
-609658
-609535
-609436
-609391
-609321
-608966
-608769
-608725
-608102
-607615
-607257
-607254
-607128
-607010
-606924
-606886
-606756
-606545
-606331
-606327
-606151
-606003
-605848
-605803
-605205
-605115
-605104
-605055
-604871
-604354
-604186
-604173
-604008
-603977
-603526
-603473
-602940
-602574
-601610
-601399
-601181
-601093
-601077
-600655
-600553
-600102
-600030
-599519
-599288
-599024
-598657
-598536
-598373
-598022
-597554
-597266
-596982
-596890
-596817
-596801
-596673
-596291
-595846
-595716
-595474
-595466
-595414
-595360
-595351
-595345
-595188
-594913
-594673
-594671
-594484
-594422
-594372
-594242
-594240
-594195
-593652
-593637
-593207
-592826
-592612
-592514
-591713
-591269
-591056
-590839
-590743
-590342
-590214
-590082
-589960
-589705
-589571
-589360
-589332
-589086
-589004
-588737
-588514
-588489
-587509
-587472
-587353
-587247
-587189
-587162
-587038
-586914
-586613
-586410
-586401
-586355
-585925
-585834
-585296
-585170
-584947
-584938
-584758
-584746
-584415
-584408
-584399
-584273
-584151
-583537
-583494
-583011
-582923
-582722
-582513
-582038
-581729
-581723
-581643
-581522
-581305
-580765
-580537
-580500
-580402
-580090
-579799
-579751
-579476
-579242
-578428
-578267
-578159
-577956
-577852
-577175
-576938
-576698
-576535
-576399
-576333
-576315
-576299
-576192
-575996
-575924
-575852
-575766
-575232
-575211
-574940
-574697
-574300
-573831
-573654
-573462
-573328
-573205
-573186
-572848
-572695
-572684
-572522
-572522
-572394
-572155
-571987
-571851
-571670
-571385
-571308
-570789
-570017
-569942
-569808
-569612
-569562
-569360
-569238
-568356
-568137
-568110
-568048
-567930
-567841
-567634
-567366
-567111
-567070
-567038
-566763
-566338
-566334
-566125
-566062
-565770
-565280
-565218
-565124
-565000
-564582
-564291
-563987
-563951
-563917
-563886
-563876
-563635
-563421
-563045
-563025
-562719
-562616
-562476
-562344
-561600
-561595
-560498
-560442
-560268
-560001
-559746
-559390
-559338
-559191
-559129
-558725
-558534
-558304
-558110
-557990
-557874
-557543
-557457
-557225
-556395
-555966
-555872
-555610
-555482
-555428
-555415
-555182
-554811
-554726
-554586
-554532
-554302
-554155
-554101
-554100
-553828
-553765
-553722
-553648
-553635
-553540
-553495
-552855
-552390
-551874
-551799
-551789
-551556
-551514
-551490
-551381
-551330
-551306
-551210
-551151
-551118
-551099
-551094
-550959
-550566
-550425
-550372
-549368
-549216
-549133
-548497
-548460
-548442
-548070
-548054
-547864
-547725
-547670
-547625
-547606
-547419
-547356
-546934
-546321
-546289
-546104
-545476
-544765
-544658
-544536
-544429
-544352
-544303
-544142
-544055
-543784
-543734
-543718
-543692
-543623
-543391
-543381
-542990
-542861
-542471
-542145
-541950
-541782
-541406
-541303
-541299
-541256
-541254
-540827
-540666
-540650
-540568
-540482
-540072
-539962
-539803
-539741
-539370
-538961
-538809
-538632
-538517
-538195
-538125
-538088
-538055
-537996
-537892
-537666
-537620
-537350
-537217
-537136
-536804
-536304
-536267
-535946
-535851
-535519
-535333
-535074
-534543
-534420
-534331
-534246
-534167
-533801
-533768
-533439
-533296
-533117
-532953
-532100
-531685
-531636
-531381
-530787
-530649
-530466
-529679
-529582
-529499
-529386
-529374
-529307
-529183
-529066
-529029
-528935
-528883
-528826
-528688
-528307
-528306
-528278
-528247
-528113
-527995
-527445
-527110
-526879
-526771
-526273
-526253
-526145
-526042
-525600
-525565
-525322
-525132
-525105
-525098
-524555
-524526
-524521
-524393
-524177
-523844
-523626
-523618
-523499
-522963
-522746
-522646
-522402
-522274
-522210
-522144
-522089
-522013
-521748
-521698
-521328
-521057
-520817
-520722
-520457
-520015
-519998
-519727
-519618
-519579
-519158
-519146
-519118
-519090
-518496
-518492
-518206
-518180
-518157
-518045
-517947
-517463
-517382
-517067
-516914
-516127
-515831
-515253
-515098
-514768
-514734
-514624
-514476
-514363
-514060
-513938
-513721
-513712
-513615
-512942
-512698
-512684
-512647
-512543
-512435
-512369
-512279
-511922
-511789
-511596
-511284
-511221
-511009
-510987
-510884
-510829
-510749
-510655
-510613
-510517
-510478
-510027
-509759
-509739
-509012
-508944
-508740
-508191
-507281
-507161
-506750
-506313
-506228
-506190
-506148
-505371
-505264
-504518
-504286
-504161
-504137
-503857
-503758
-503542
-503114
-502817
-502460
-502387
-502307
-502301
-502154
-501601
-501538
-501336
-501070
-500476
-500214
-500004
-499663
-499452
-499114
-498690
-498614
-498252
-498200
-497983
-497613
-497494
-497310
-497256
-497162
-497044
-496881
-496834
-496452
-496205
-495592
-495220
-495166
-495096
-494860
-494777
-494507
-494438
-493683
-493625
-493322
-492781
-492454
-492231
-491530
-491241
-490903
-490668
-490635
-490047
-489649
-489541
-489027
-488931
-488796
-488717
-488451
-488052
-487792
-487042
-486970
-486861
-486080
-486052
-485679
-485417
-485405
-485340
-485125
-485078
-485033
-484750
-484356
-483915
-483692
-483638
-483399
-482730
-482725
-482686
-482366
-482185
-482002
-481972
-481969
-481848
-481839
-481623
-481622
-481314
-481293
-481262
-480826
-480345
-480266
-479987
-479976
-479953
-479878
-479700
-479065
-479065
-478890
-478531
-478488
-478356
-478218
-477914
-477373
-477225
-477153
-477046
-476579
-476483
-475620
-475508
-475301
-475132
-475119
-474762
-474674
-474590
-474467
-474015
-473194
-473051
-472952
-472733
-472626
-472591
-472179
-471916
-471830
-471706
-471621
-471520
-471460
-471342
-471322
-471286
-471189
-471144
-471067
-470799
-470786
-470580
-470500
-470484
-470427
-470295
-469931
-469927
-469796
-469765
-469751
-469646
-469601
-469543
-469154
-468462
-468303
-467298
-467151
-467028
-466594
-466382
-466134
-465788
-465484
-465449
-465446
-465392
-465138
-465097
-464986
-464786
-464210
-464137
-464128
-464118
-463973
-463705
-463691
-463480
-463261
-463251
-462566
-462359
-462298
-462234
-461577
-461111
-460944
-460589
-460505
-460458
-460171
-460120
-459839
-459816
-459796
-459615
-459560
-459529
-458809
-458392
-458252
-458167
-457513
-457463
-457427
-457421
-457357
-457173
-456738
-456489
-456484
-456041
-455850
-455631
-455387
-455383
-455244
-455175
-455043
-455000
-454900
-454397
-454117
-453913
-453701
-453466
-453424
-452482
-452365
-452355
-451875
-451833
-451153
-451074
-451009
-450868
-450680
-450644
-450461
-450437
-450391
-450352
-450346
-450338
-450335
-450048
-449902
-449222
-448921
-448831
-448496
-448394
-448323
-448162
-447966
-447841
-447824
-447595
-447268
-447148
-446959
-446787
-446765
-446411
-445711
-445146
-445110
-445063
-445061
-444918
-444836
-444777
-444685
-444552
-444210
-444161
-444072
-444035
-443796
-443731
-443655
-443503
-443467
-443162
-443040
-442709
-441643
-441414
-440839
-440525
-440165
-439844
-439359
-439333
-439287
-439250
-438788
-438486
-437656
-437640
-437551
-437539
-437273
-436945
-436807
-436746
-436676
-436404
-436350
-436047
-435924
-435814
-435794
-435681
-435506
-435184
-434707
-434114
-433886
-433593
-433347
-433173
-433082
-432766
-432743
-432683
-432501
-432267
-431988
-431587
-430968
-430958
-430857
-430751
-430128
-429782
-429638
-429586
-429546
-429469
-429195
-429087
-428396
-428369
-427917
-426959
-426900
-426705
-426412
-426297
-425884
-425757
-425264
-425162
-425122
-424925
-424704
-424544
-424428
-424388
-424377
-424244
-423649
-423596
-423504
-423080
-423011
-422990
-422758
-422550
-422416
-422382
-421690
-421647
-421605
-421435
-421147
-421078
-420877
-420830
-420661
-420553
-420461
-420293
-420244
-420228
-420118
-420093
-419854
-419842
-419571
-419423
-419398
-419387
-418805
-418019
-417992
-417978
-417605
-417523
-417507
-417347
-416851
-416829
-416737
-416582
-416500
-416484
-416412
-416377
-416185
-416067
-416051
-415595
-415313
-415088
-414993
-414955
-414760
-414627
-414233
-413973
-413926
-413916
-413549
-413466
-413142
-412924
-412682
-412485
-412277
-412180
-411673
-411639
-411607
-411496
-411263
-411198
-411069
-411006
-410939
-410888
-410644
-410485
-410077
-409856
-409707
-409537
-409389
-409259
-409096
-409038
-408863
-408692
-408650
-407953
-407195
-407060
-406976
-406185
-405901
-405875
-405807
-405068
-404786
-404469
-404204
-404120
-403559
-403429
-403343
-403324
-403162
-403130
-402918
-402748
-402593
-402425
-402408
-402262
-401805
-401524
-401356
-401271
-400810
-400411
-400329
-400173
-399154
-399101
-398888
-398719
-398391
-398385
-398176
-398102
-398059
-398026
-397955
-397891
-397490
-397353
-397170
-396074
-395702
-395592
-395495
-395144
-395048
-394545
-393939
-393873
-393835
-393808
-392513
-392384
-392226
-391952
-391676
-391453
-391416
-391413
-391216
-390862
-390860
-390657
-390538
-390346
-390023
-389947
-389944
-389754
-389730
-389552
-389286
-389227
-389150
-388999
-388732
-388669
-388647
-388452
-388424
-387950
-387856
-387364
-387248
-387204
-387197
-386792
-386574
-386321
-386246
-386025
-385722
-385607
-385178
-385016
-384765
-384594
-384531
-384348
-384339
-384080
-384071
-383807
-383734
-383512
-383398
-383231
-383084
-382957
-382861
-382797
-382793
-382740
-382446
-382420
-382364
-382001
-381958
-381912
-381417
-380698
-380547
-380446
-380109
-380026
-379918
-379643
-379557
-379497
-379492
-379376
-379200
-378626
-378562
-378096
-377877
-377861
-377722
-377321
-377280
-377216
-376238
-376106
-375929
-375919
-375642
-375431
-375377
-375252
-375187
-375164
-374742
-374105
-373944
-373585
-373563
-373532
-373305
-373202
-371897
-371845
-371805
-371366
-371032
-370888
-370699
-370105
-369532
-369456
-369442
-369262
-368673
-367867
-367851
-367716
-367607
-367550
-367542
-367532
-367441
-367331
-367283
-367140
-366113
-366049
-365962
-365813
-365712
-365601
-365346
-365341
-365044
-364944
-364910
-364874
-364506
-364499
-364469
-364366
-363664
-363501
-363261
-363184
-363119
-362802
-362630
-362619
-362413
-362393
-362369
-362225
-362094
-362074
-361919
-361889
-361656
-361520
-361184
-361117
-361023
-360857
-360608
-360599
-360505
-360381
-360374
-359874
-359791
-359533
-359514
-359170
-359111
-358957
-358933
-358219
-358160
-357996
-357978
-357765
-357375
-357131
-357120
-356698
-356465
-356455
-356203
-355935
-355796
-355416
-355408
-355376
-355149
-354963
-354865
-354650
-354464
-354322
-354181
-354105
-353931
-353896
-353555
-353504
-353471
-353365
-353247
-352606
-352450
-352426
-352374
-352228
-351680
-351453
-350872
-350619
-350609
-350523
-350463
-350375
-350238
-350228
-350215
-350068
-350011
-349718
-349447
-349415
-349187
-349127
-349015
-348722
-348447
-348285
-348247
-348217
-348069
-347823
-347506
-347270
-346855
-346641
-346340
-346146
-346049
-345685
-345684
-345137
-344939
-344931
-344849
-344458
-344081
-343778
-343517
-343391
-343308
-343185
-342951
-342948
-342663
-342653
-342593
-342564
-342392
-341774
-341686
-341307
-340983
-340826
-340802
-340654
-340505
-340473
-340419
-339987
-339935
-339649
-339453
-339387
-339334
-339257
-339176
-339113
-338937
-338784
-338752
-338661
-338323
-338024
-337951
-337399
-337198
-337125
-337076
-336963
-336790
-336505
-336376
-335733
-335629
-335503
-335470
-335462
-335333
-335108
-335015
-334775
-334667
-334545
-334467
-334071
-333890
-333783
-333575
-333258
-332718
-332570
-332516
-332350
-332169
-331228
-331110
-331050
-330914
-330895
-330857
-330821
-330756
-330585
-330301
-329949
-329556
-329553
-329553
-329039
-328628
-328315
-328167
-327952
-327894
-327710
-327625
-327503
-327134
-326912
-326709
-326434
-326123
-325740
-325668
-324985
-323716
-323383
-322820
-322095
-321920
-321843
-321839
-321679
-321678
-321421
-321142
-321127
-320844
-320600
-320557
-320451
-320449
-320288
-320218
-320013
-319868
-319837
-319769
-319239
-318185
-317867
-317651
-317548
-317512
-317330
-317319
-317057
-316933
-316898
-316896
-315581
-315513
-315147
-315086
-314977
-314971
-314967
-314958
-314946
-314730
-314630
-314565
-314224
-314104
-313906
-313728
-313716
-313222
-313086
-312937
-312910
-312827
-312447
-311904
-311862
-311085
-310975
-310715
-310618
-310576
-310271
-310164
-309822
-309767
-309698
-309512
-309474
-309011
-308731
-308720
-308698
-308627
-308558
-308271
-308013
-307946
-307845
-307800
-307696
-307570
-307338
-307065
-307026
-306862
-306285
-305946
-305941
-305658
-305020
-304391
-304291
-304273
-304235
-303960
-302823
-302019
-301750
-301657
-301497
-301295
-301086
-301053
-300949
-300631
-300471
-300440
-300062
-299946
-299583
-299570
-299518
-299037
-298981
-298838
-298449
-298099
-297700
-297514
-297463
-297317
-297236
-297020
-296943
-296089
-295458
-295008
-294942
-294693
-294565
-294312
-294277
-293728
-293569
-293475
-293450
-293046
-291836
-291283
-291184
-290879
-290533
-290068
-290033
-289903
-289591
-289561
-289264
-289183
-289091
-288995
-288742
-288636
-288526
-288523
-288422
-288265
-288169
-288096
-288076
-288060
-288013
-287787
-287719
-287560
-287553
-287446
-287335
-287169
-286772
-286736
-286640
-286469
-286408
-286256
-285921
-285762
-285524
-285384
-284769
-284654
-284517
-283951
-283738
-283010
-282839
-282110
-282109
-281539
-281285
-281154
-280993
-280849
-280809
-280621
-280557
-280480
-280434
-279876
-279771
-279422
-278877
-278764
-278654
-278506
-278298
-278225
-278146
-278100
-278070
-277726
-277543
-276681
-276626
-276594
-276517
-276458
-275915
-275645
-275091
-275023
-274926
-274760
-274440
-273967
-273801
-273545
-272453
-272211
-271907
-271783
-271566
-271258
-271195
-271105
-270797
-270713
-270496
-270436
-270423
-269993
-269529
-269208
-268789
-268773
-268696
-268394
-267756
-265905
-265896
-265793
-265747
-265415
-265001
-264707
-264212
-263862
-263851
-263696
-263399
-263057
-262671
-262274
-262271
-262014
-261893
-261655
-261205
-260815
-260525
-260352
-260197
-259466
-259343
-259335
-259166
-259065
-258949
-258931
-258890
-258463
-258171
-258053
-257825
-257596
-257419
-257388
-257343
-257331
-257152
-257125
-256669
-256624
-256363
-256095
-256031
-255817
-255810
-255739
-255717
-255592
-254815
-254762
-254761
-254422
-254183
-254096
-253071
-252279
-252107
-251958
-251665
-251459
-250830
-250707
-250544
-250531
-250493
-249695
-249349
-249297
-249279
-248406
-248270
-247673
-247322
-247229
-247154
-246883
-246610
-246602
-246412
-246235
-245917
-245606
-245459
-245331
-245214
-245206
-245200
-245019
-244878
-244794
-244671
-244068
-244049
-243900
-243802
-243800
-243799
-243332
-243203
-243161
-243160
-242769
-242736
-242594
-242584
-242570
-242140
-241924
-241438
-241235
-240937
-240920
-240741
-240589
-240335
-240268
-239887
-239788
-239580
-239513
-239139
-238862
-238363
-238316
-238309
-238244
-237970
-237787
-237369
-237080
-236971
-236858
-236853
-236842
-236748
-236709
-236262
-235987
-235878
-235570
-235350
-235220
-235180
-234857
-234671
-234668
-234586
-234584
-233597
-233571
-233226
-232973
-232924
-232915
-232620
-232393
-232215
-232186
-231802
-230900
-230883
-230756
-230651
-230581
-230268
-230186
-230064
-229983
-229962
-229878
-229833
-229745
-229390
-228950
-228914
-228680
-228167
-227812
-227313
-226835
-226571
-226439
-226414
-226174
-226068
-225771
-225718
-225019
-224992
-224967
-224858
-224769
-224636
-224487
-224131
-224013
-223696
-223623
-223606
-223364
-223355
-222874
-222819
-222461
-222196
-222110
-222064
-221991
-221869
-221708
-221628
-221578
-221501
-220697
-220602
-220420
-220288
-220162
-220155
-219978
-219898
-219885
-219855
-219814
-219201
-218987
-218904
-218250
-217970
-217859
-217304
-217015
-216956
-216862
-216564
-216536
-216504
-216255
-215824
-215659
-215121
-215083
-215068
-214980
-214949
-214807
-214291
-214065
-214061
-213687
-213586
-213526
-213293
-213020
-212592
-212323
-212134
-212100
-211748
-211160
-211120
-211042
-210989
-210973
-210661
-210539
-210351
-210311
-210308
-210083
-209724
-209722
-209719
-209654
-209447
-209353
-208381
-208308
-208306
-208259
-207623
-207594
-207571
-207490
-207486
-207222
-207159
-206844
-206707
-206461
-206402
-205941
-205161
-204806
-204359
-204210
-203717
-203299
-203119
-202671
-202398
-202066
-201800
-201575
-201543
-201493
-201187
-200824
-200542
-200146
-199268
-199023
-198835
-198777
-198308
-198159
-198018
-197773
-197528
-197397
-197382
-197374
-197335
-197074
-196912
-196878
-196847
-196754
-196663
-196397
-196353
-196139
-195580
-195406
-195359
-195272
-194892
-194605
-194319
-194100
-193996
-193874
-193821
-193290
-193065
-192702
-192649
-192548
-192459
-192391
-192113
-191723
-191383
-191336
-191304
-191127
-190745
-190692
-190079
-189985
-189769
-189377
-189372
-189371
-189272
-189227
-188134
-188045
-187475
-187146
-186995
-186933
-186858
-186720
-186248
-186178
-186144
-186025
-185858
-185815
-185730
-184543
-184497
-184150
-184075
-184072
-183281
-183011
-182771
-182761
-182704
-182319
-181961
-181641
-181502
-181446
-181028
-180894
-180834
-180705
-180502
-180273
-180173
-180054
-179893
-179683
-179358
-179311
-179282
-179279
-179076
-178949
-178882
-178532
-178266
-178102
-178077
-178068
-177872
-177834
-177732
-177507
-177198
-177078
-176821
-176382
-176358
-176114
-176061
-175887
-175879
-175801
-175251
-174861
-174820
-174806
-174437
-174107
-173884
-173745
-173738
-173334
-172792
-172726
-172533
-172457
-171357
-171106
-171030
-170854
-170187
-169982
-169794
-169299
-169285
-168931
-168780
-168172
-168155
-167788
-167616
-167429
-167103
-166858
-166372
-166344
-166256
-166031
-166007
-165566
-165540
-165335
-165331
-165284
-165196
-164716
-164644
-164381
-164249
-164106
-163931
-163759
-163660
-163541
-163061
-162926
-162860
-162801
-162099
-161459
-161381
-161355
-161273
-161115
-161107
-159413
-159314
-159121
-158871
-158793
-158575
-157878
-157824
-157771
-157724
-157670
-157458
-157376
-157254
-157045
-157008
-156867
-156768
-156466
-156329
-156091
-155819
-155548
-155321
-155256
-154608
-154606
-154286
-154103
-153906
-153702
-153581
-153471
-152641
-152244
-152125
-151980
-151942
-151904
-151793
-151788
-151774
-151402
-151314
-151068
-150571
-150356
-150139
-150039
-150035
-149734
-149439
-149338
-149090
-148949
-148865
-148286
-148195
-147997
-147835
-147804
-147660
-147631
-147575
-146660
-146539
-146034
-145680
-145584
-145461
-145298
-145159
-145087
-144927
-144754
-144107
-143624
-143141
-142801
-142394
-142371
-141779
-141657
-141400
-141264
-141097
-140987
-140888
-140664
-140234
-140133
-140005
-139696
-139672
-139478
-139355
-139248
-139125
-138628
-137921
-137650
-137598
-137414
-137184
-136843
-136653
-136437
-136403
-135976
-135802
-135625
-135609
-135465
-135442
-135307
-135277
-135258
-134915
-134868
-134867
-134746
-134601
-134255
-133762
-133705
-133543
-133151
-133102
-132595
-132431
-132351
-132254
-132231
-131821
-131741
-131616
-131324
-131245
-131103
-131042
-130996
-130902
-130880
-130640
-130419
-130406
-129997
-129851
-129427
-129390
-129357
-129225
-129059
-128944
-128737
-128234
-128118
-127615
-127320
-126770
-126670
-126633
-126469
-126430
-125971
-125748
-125697
-125640
-125283
-125161
-124782
-124599
-124514
-124503
-124432
-124352
-124285
-123940
-123738
-123648
-123425
-123405
-123057
-122905
-122856
-122567
-122365
-122356
-122118
-122011
-121677
-121493
-120893
-120756
-120586
-120185
-119794
-119700
-119662
-119409
-118576
-118555
-118371
-118236
-118134
-118048
-117961
-117787
-117726
-117673
-117621
-117225
-117133
-116909
-115986
-115840
-115621
-115538
-115525
-115382
-114211
-113978
-113892
-113686
-113681
-113041
-112860
-112848
-112361
-112256
-111792
-111745
-111595
-111314
-111111
-111069
-110986
-110952
-110925
-110464
-110272
-110269
-110217
-109371
-109182
-109072
-109022
-108539
-107858
-107820
-107615
-106788
-106757
-106700
-106500
-106415
-106258
-106094
-105843
-105665
-105637
-105517
-105423
-104852
-104824
-104742
-104688
-104383
-104302
-104291
-103994
-103918
-103556
-103453
-103352
-103310
-103071
-103002
-102640
-102542
-102480
-102423
-102178
-101997
-101931
-101584
-101193
-101072
-100971
-100912
-100857
-100835
-100575
-100390
-100122
-100114
-99759
-99677
-99526
-99445
-99255
-99231
-99216
-99070
-99026
-98939
-98729
-98622
-98619
-98586
-98571
-98567
-98467
-98129
-97862
-97407
-97297
-97208
-97033
-96540
-96463
-96286
-96263
-96149
-96083
-96013
-95809
-95680
-95615
-95497
-95280
-95072
-95071
-94312
-93964
-93909
-93801
-93730
-93704
-93658
-93604
-93544
-93252
-93224
-93223
-93121
-93080
-93065
-92924
-92802
-92689
-92648
-92307
-92116
-92111
-92031
-91826
-91544
-91123
-91057
-90967
-90796
-90648
-90292
-90014
-90009
-89925
-89728
-89558
-88928
-88888
-88811
-88729
-88700
-88685
-88585
-88300
-88250
-88232
-88031
-87904
-87874
-87674
-87343
-86896
-86698
-86645
-86577
-86226
-85979
-85529
-85080
-84532
-84472
-84297
-84043
-84007
-83997
-83922
-83906
-83508
-83463
-83429
-83212
-83181
-83063
-82914
-82906
-82789
-82648
-82524
-81958
-81675
-81630
-81197
-80972
-80903
-80836
-80715
-80527
-80126
-79878
-79835
-79805
-79768
-79707
-79246
-79186
-78331
-78251
-77839
-77687
-77634
-77500
-77444
-77320
-77131
-76886
-76789
-76462
-75501
-75029
-74699
-74680
-74569
-74086
-73977
-73889
-73866
-73612
-73608
-73503
-73099
-72756
-72235
-72205
-72136
-71562
-71276
-71268
-71250
-71146
-71136
-70880
-70819
-70286
-69996
-69719
-69608
-69404
-69331
-68685
-68643
-67575
-67534
-67472
-67205
-66930
-66927
-66789
-66146
-66137
-65981
-65679
-65420
-65158
-65088
-64913
-64583
-64384
-63854
-63811
-63721
-63692
-63629
-63559
-62573
-62560
-62549
-62470
-62466
-62337
-62265
-62251
-62147
-61788
-61771
-61750
-61727
-61311
-60989
-60498
-60297
-60107
-59790
-59732
-59673
-59666
-59546
-59531
-59529
-58838
-58832
-58815
-58583
-58354
-58253
-58232
-58160
-58103
-57963
-57497
-57409
-57349
-56891
-56854
-56781
-56630
-56533
-56437
-56276
-56264
-55952
-55868
-55805
-55433
-55348
-55301
-55242
-54978
-54902
-54871
-54545
-54517
-54150
-54021
-53875
-52321
-52142
-51940
-51673
-51595
-51550
-51246
-51019
-50986
-50980
-50832
-50760
-50615
-50601
-50545
-50170
-49441
-49423
-49152
-49050
-48957
-48530
-48355
-48176
-47353
-47283
-46589
-46472
-46084
-45875
-45873
-45675
-45457
-44872
-44871
-44848
-44765
-44650
-44264
-44095
-44080
-44047
-43970
-43899
-43406
-43117
-43004
-42841
-42696
-42482
-42460
-42337
-42087
-42085
-41829
-41710
-41156
-41037
-40957
-40605
-40145
-40048
-39697
-39693
-39605
-39217
-39086
-38875
-38458
-38230
-38216
-37684
-37682
-37410
-37359
-36719
-36564
-36307
-36300
-36224
-35690
-35559
-35450
-35398
-35207
-34590
-34522
-34506
-34377
-34330
-33900
-33827
-33691
-33676
-33091
-32676
-32674
-32612
-31893
-31791
-31722
-31559
-31545
-31340
-31039
-31037
-30799
-30799
-30734
-30460
-30228
-30172
-29692
-29667
-29437
-28979
-28561
-28443
-28232
-27447
-27432
-27320
-27086
-26483
-26423
-26331
-26112
-25638
-24898
-24560
-24530
-24379
-24378
-24150
-23971
-23682
-22772
-22417
-22320
-21986
-21850
-21315
-20871
-20711
-20697
-20310
-20042
-19862
-19824
-19785
-19574
-19345
-18777
-18674
-18658
-18336
-18305
-18243
-18228
-18137
-18061
-17896
-17666
-17437
-17174
-16908
-16578
-16443
-16147
-16009
-15947
-15933
-15841
-15671
-15520
-15429
-15428
-15415
-15182
-15162
-14592
-14383
-14320
-14205
-14095
-14028
-13720
-13448
-13071
-13023
-13017
-12999
-12874
-12832
-12813
-12708
-12415
-12233
-12129
-11873
-11330
-10500
-10103
-9876
-9509
-9435
-9234
-9149
-8636
-8469
-8393
-8326
-8198
-7652
-7131
-6505
-6499
-6393
-6111
-5935
-5920
-5836
-5695
-5506
-5358
-5025
-4947
-4850
-4756
-4667
-4597
-3371
-3324
-3307
-3153
-3004
-2851
-2538
-2086
-1776
-1645
-1464
-1292
-447
-105
302
468
514
560
694
712
1132
1199
1870
2078
2531
2646
3013
3025
3529
3833
3846
3983
4259
4322
4448
4596
5375
5660
6316
6589
6619
6754
7002
7225
7264
7494
7506
7552
7554
8274
9204
9590
9605
9955
10376
10502
10975
11088
11244
11247
11314
11315
11372
11462
11663
12064
12199
12236
12526
12537
12808
13362
13867
13950
14059
14152
14279
14284
14385
14687
14999
15153
15202
15621
16191
16450
16880
17176
17371
17719
17824
17894
17912
17960
18386
18457
18647
18696
18978
19482
19664
19993
20033
20126
20337
20423
20840
21245
21382
21710
21826
22094
22505
22520
22721
22873
22905
23161
23180
23202
23228
23235
23531
23621
23862
23899
24017
24099
24291
24293
25521
25843
25852
26028
26558
26695
26698
26707
26902
26981
26995
27128
27260
27341
27723
27789
28520
28890
28948
29205
29230
29546
29641
29765
29859
29924
29955
29985
30091
30091
30376
30459
30940
31125
31332
31639
31834
31849
31958
32451
32476
32925
33280
33872
33982
33995
34013
34409
34471
35019
35123
35382
35538
35547
35588
35631
35863
36085
36150
36211
36342
36481
36604
36659
36659
36700
36950
36987
37249
37290
37318
37471
37595
37852
38067
38160
38258
38643
38826
39101
39179
39192
39194
39218
39656
40008
40335
40956
41024
41474
41496
41642
41681
41914
41945
42322
43113
43405
43769
43946
44418
44904
45102
45181
45214
45266
45688
45878
46038
46049
46061
46134
46991
47009
47103
47175
47262
47543
47570
47741
48072
48168
48192
48375
48788
49477
49519
49814
49839
49997
50723
51011
51036
51214
51401
51690
51920
51942
51953
52446
53068
53269
53477
53657
53837
54210
54470
54915
55068
55452
55721
55771
55862
56130
56351
56358
56402
57397
57499
57616
57620
57890
57999
58122
58194
58299
58879
58905
59651
59676
59733
60394
60839
60841
61093
61118
61511
61565
61660
61732
61832
61969
62194
62499
62575
63097
63953
64157
64259
64752
64849
65278
65403
65581
65773
65835
66530
66669
66686
66858
66910
67009
67104
67571
67777
68095
68133
68296
68346
68477
68525
68687
68725
68770
68820
68875
69019
69136
69673
69798
69888
70075
70181
70245
70252
70672
70872
71013
71885
72147
72152
72280
72303
72343
72441
72553
72568
72756
73094
73436
73863
73965
74002
74277
74672
74883
75059
75149
75513
76117
76156
76426
76465
76564
77204
77513
78029
78051
78196
78417
78608
78645
78723
78883
78973
79323
79423
79584
79616
79826
79874
80007
80390
80529
80601
80607
81159
81686
81693
81802
81863
81871
82157
82405
82608
82634
82660
83270
83286
83441
83501
83544
83588
83710
83793
83811
84079
84194
84242
84305
84446
84457
84595
84605
84639
84930
84972
85222
85421
85441
85500
85802
86428
86673
86945
87562
88898
89262
89746
89777
89883
90002
90004
90293
90385
90511
90558
90734
90889
91293
91653
91665
91830
91933
91942
92143
92168
92202
92393
93050
93201
93411
94493
95001
95073
95670
95692
96146
96400
96414
96523
96850
96916
97455
97822
97887
98017
98136
98899
99247
99324
99469
99674
99997
100174
100177
100576
100740
100772
100872
101038
101070
101285
101666
101856
101884
101937
102076
102194
102535
102796
102867
102953
103166
103243
103319
103601
103683
103886
104048
104080
104456
104953
104965
105006
105078
105470
105717
106061
106479
106541
106731
107147
107510
108440
108485
108551
108652
108779
109283
109309
109337
109663
109931
110043
110143
110257
110437
110447
110723
111170
111412
111800
111996
112155
112163
112278
112305
112314
112628
112773
112896
112993
113237
113360
113644
114227
114279
114939
115225
116343
116490
116781
116896
116916
117011
117111
117432
117614
117766
117943
118004
118063
118122
118187
118384
118598
118711
118733
119021
119045
119193
119245
119803
119872
121222
121462
121492
121548
121631
121685
121686
121699
122089
122271
122318
122643
123009
123105
123166
123189
123200
123309
123387
123638
123708
123715
124535
125249
125366
125387
125422
125650
125764
125895
126392
126505
126587
126997
127050
127114
127333
127377
127773
128025
128253
128735
129011
129900
130034
130182
130566
130817
130869
130970
131404
131527
131569
131668
131950
132001
132219
132811
133000
133094
133207
133253
133314
133329
133443
133471
133627
133927
134049
134307
134338
134520
134606
135123
135324
135520
135683
136199
136512
136610
136696
136807
136828
136839
137220
137289
137450
137596
137751
138507
138658
138712
139173
139264
139386
139580
139580
139613
140274
140482
140552
141001
141152
141160
141364
141377
141628
141792
142114
142187
142526
142544
142718
143167
143180
143320
143413
143451
143696
143712
143944
144143
144161
144168
144176
144229
144976
145181
145449
145458
145605
145774
146169
146869
147023
147741
148117
148188
148368
148408
148566
148747
148876
148955
149372
149828
150384
150737
150752
150983
151055
151858
152031
152059
152181
152221
152466
152672
153104
153122
153291
153342
153380
153562
153736
154161
154265
154329
154385
154611
154733
154913
155006
155069
155235
156124
156211
156648
157229
157383
157412
157557
157591
158337
158420
158436
158484
158595
158614
158738
158759
159101
159194
159506
159545
159746
159915
160001
160096
160454
160475
160632
160811
160892
161112
161621
161656
161810
162212
162307
162318
162908
163161
164276
164496
164523
164718
164762
164825
164931
165152
165375
166320
166770
166782
166810
167457
167600
167646
167865
167880
167928
168022
168263
168299
168562
168757
168813
168817
168840
169152
169362
169668
169781
169916
169920
169954
170166
170215
170521
170579
171254
171620
172052
172058
172062
172078
172168
172385
172451
172532
172610
172858
173126
173514
174082
174632
175016
175687
175737
176010
176343
176771
176836
176895
177001
177043
177150
177153
177250
178091
178183
178217
178364
178460
178551
179456
179522
179772
181790
181817
181938
182144
182199
182217
182411
182425
182496
182518
182524
182823
182953
183225
183693
183891
183938
184224
184445
184704
184705
185407
186048
186801
186921
187141
187244
187309
187987
188050
188158
188366
188599
188752
188828
189007
189110
189254
189604
189616
189667
189890
189992
190104
190396
190515
190734
191167
191432
191459
191909
191965
192161
192400
192593
193374
193488
193755
194076
194575
194902
194981
195357
195458
195707
195904
196064
196414
196969
197375
197674
197999
198025
198101
198315
198523
198567
198676
199839
200048
200073
200397
200488
200594
200979
201005
201131
201160
201231
201371
201484
201620
201854
202378
202401
202664
202951
203013
203098
203119
203258
203326
203332
203342
203947
203954
204157
204317
204368
204547
204715
204748
204765
205195
205469
205548
205640
205685
205753
205911
205959
206036
206071
206283
206368
206500
206685
206804
206938
207430
207440
207446
207457
207511
207527
207549
207661
208641
208691
208732
209070
209177
209697
209784
209947
210034
210365
210690
210788
210913
211033
211107
211188
211528
211586
211697
212228
212301
212429
212498
213038
213286
213380
213566
213672
213778
213892
213994
214008
214153
214218
214385
214502
214732
214962
214969
215123
215125
215920
216246
216248
216314
216898
217150
217431
217477
217492
217619
217684
217807
217875
218046
218142
218199
218238
218651
218720
218929
219058
219139
219440
219512
219712
219824
219981
220139
220335
220870
220913
221479
221598
222019
222601
223139
223181
223227
223319
223723
223867
223919
224074
224921
225121
225135
225242
225259
225603
225646
225711
225732
225794
225828
225975
226008
226403
226554
226605
226668
226686
226721
226892
227163
227271
227722
227870
227877
227891
228004
228265
228267
228736
228896
228931
228936
229191
229602
229626
229722
229856
230035
230562
230615
230688
230810
231141
231174
231461
231517
231672
231876
232050
232312
232578
232839
233271
233448
233724
234084
235193
235565
235896
236374
236399
236719
236788
237086
237516
238210
238712
238858
239266
239485
239486
239691
240172
240181
240240
240308
240384
240834
241332
241455
241468
241536
241581
241674
241730
241764
241895
241968
242077
242096
242405
242948
242961
243153
243459
243480
243863
243873
244055
244084
244084
244290
244373
244620
244637
244821
244912
245233
245401
245479
245504
245591
245745
246017
246094
246722
246755
246909
247039
247189
247330
247514
247549
247585
247760
247761
248039
248246
248344
249130
249593
249802
249859
249959
250270
250493
250661
250860
250915
251469
251737
251981
252015
252117
252124
252407
253012
253181
253193
253519
253530
253665
253815
254072
254199
254371
254646
254911
254954
255518
255645
255683
255790
256221
256333
256641
256646
256708
256780
256813
256829
256878
257195
257691
258041
258227
258581
258599
258884
258942
259130
259377
259482
259537
259605
260093
260144
260291
260310
260359
260409
260511
260558
260703
260992
261467
261842
262642
262996
263082
263104
263295
263483
263628
263828
264643
265511
265752
266316
266410
266698
266820
266840
266876
266911
267034
267245
267307
267328
267450
267484
267547
267560
267707
267946
268044
268256
268748
268924
269128
269586
269623
269878
270073
270114
270213
270227
270533
270634
270645
270757
270860
271526
271803
271963
272416
272787
272842
272949
273081
273087
273290
273305
273307
273606
273791
273796
274034
274140
274330
274447
274638
274703
274951
275059
275303
275343
275409
275621
275743
276045
276192
276298
276313
276856
276993
277002
277376
277579
277811
278247
278713
278717
278766
279223
279383
279529
279604
279806
280027
280066
280071
280763
281034
281465
281548
281789
282234
282697
282714
282843
282883
282893
283194
283332
283356
283412
283880
283920
284080
284224
284256
284270
284403
284591
284925
284937
285107
285173
285227
285316
285414
285711
285713
285753
285776
285815
285834
286132
286134
286165
286286
286348
286388
286543
286740
286813
286969
287029
287283
287363
287472
287515
287519
287584
287766
288189
288340
288483
288935
289249
289281
289360
289776
289897
290015
290137
290178
290350
290494
290680
290712
291049
291146
291324
291335
291523
291525
291553
291922
291925
292085
292108
292409
292625
292773
292882
292896
293171
293229
293372
293486
293584
293782
293999
294331
294357
294364
294420
294447
294547
294723
294919
295248
295359
295907
296045
296836
296939
297221
297389
297476
297503
297686
297851
297854
297964
298328
298468
298661
298742
298803
298960
299114
299559
299573
299820
299899
300243
300738
301276
301694
301840
302311
302344
302354
302464
302589
303085
303109
303167
303295
303431
304162
304437
304473
304604
304699
304720
305266
305369
305462
305559
305705
306389
306429
306542
306744
306786
306888
307070
307478
307631
308243
308433
309032
309094
309105
309343
309470
309665
309873
309979
310309
310343
310572
310686
311071
311113
311794
311817
311946
312047
312085
312181
312419
312673
312848
313074
313095
313471
313649
313880
314008
314244
314316
315509
315700
315890
315918
316064
316122
316511
316927
317292
317330
317520
317526
317749
317809
318245
318290
318326
319064
319074
319245
319279
319288
319518
319546
319696
319696
319851
319857
320190
320304
320458
320730
321041
321113
321137
321420
321753
321951
322739
322998
323187
323239
323498
323730
323764
323808
324135
324383
324573
324590
324708
324785
324858
324996
325307
325308
325324
325606
325706
325945
326158
326520
326587
326692
326737
326853
327058
327207
327261
327772
328110
328322
328422
328480
328762
329172
330522
330526
330573
330618
330623
330681
330969
331736
331799
331988
332031
332302
332370
333898
333929
333967
334243
334745
334836
335369
335378
335425
335761
335819
335834
336011
336772
336877
337356
337392
337672
337762
338045
338096
338111
338130
338404
338579
338700
339179
339240
339587
339690
339793
339966
340200
340342
340362
340458
340498
340618
341091
341323
341515
341638
341754
341861
342411
342860
342911
343249
343411
343543
343546
343822
343863
344045
344179
344324
344659
344679
345101
345117
345330
345373
345932
346136
346315
346396
346434
346534
346596
346607
346652
346953
347323
347378
347380
347563
347724
347765
347798
347947
347998
348140
348174
348278
348472
348694
348954
349193
349455
349497
349557
349609
349775
349930
350007
350050
350387
350464
350560
350681
350878
350887
350900
350944
351108
351736
352023
352036
352318
352321
352412
352432
352931
353158
353303
353426
353495
353525
353607
353803
353856
354456
354674
354800
355149
355912
355987
356148
356356
356514
356555
356767
356808
357002
357169
357781
357912
357929
358006
358169
358175
358312
358512
358654
358726
358993
359328
359634
359740
359785
359845
360048
360733
361053
361673
361772
361867
362063
362137
362244
362677
363486
363554
363921
364047
364871
365286
365397
366836
366929
367103
367925
367955
368225
368336
368340
368422
368567
368768
368848
368956
368987
369047
369541
369669
369703
369977
370183
370281
370342
370393
370469
370757
370990
371205
371259
371263
371283
371818
371933
371983
372348
372439
372502
372586
372860
373055
373141
373313
373358
373401
373634
373650
373964
374126
374210
374463
375048
375156
375296
375754
376060
376340
376446
376666
377003
377242
377452
377621
377782
377897
377909
378580
378875
378963
378972
379061
379184
379345
379372
379393
379469
380468
380948
381067
381693
382225
383551
383649
384174
384314
384440
384653
384673
384933
385284
385747
385754
386164
386358
386570
386631
386633
386668
386741
386784
387035
387355
387411
387429
387827
387894
388553
388798
388809
389414
389471
389562
389638
389810
390270
390278
390329
390549
390582
390626
391686
391938
392021
392321
392493
392735
393042
393074
393234
393583
393586
393597
393891
393926
393943
394115
394309
394681
394923
394984
395188
395233
395251
395477
395495
395542
396122
396162
396276
396324
396620
396640
396811
396913
397012
397436
397481
397573
397705
397811
398068
398551
398636
399093
399349
399717
399733
400261
400438
400631
400832
401677
401680
401808
402080
402136
402268
402398
403099
403307
403308
403320
404229
404242
404322
404349
404393
404407
404529
404558
404647
404779
404958
405837
405855
405969
406045
406332
406365
406681
407394
407603
408556
408565
408597
409001
409306
409447
409563
409616
409692
409787
409834
410611
410641
410778
410984
411266
411357
411504
411536
411550
411730
412006
412111
412490
412660
412662
412674
412715
412970
413391
413502
413761
414054
414089
414871
414879
415044
415305
415484
415605
416004
416571
416740
416782
416821
417377
418066
418174
418177
418525
418627
418944
419767
419992
420073
420108
420360
420569
420714
420780
421042
421176
421179
421387
421460
421811
422444
422727
423246
424324
424367
424379
424520
424527
424541
424566
424835
425205
425241
425288
425518
425629
425886
426104
426207
426239
426243
426305
426689
426825
426826
427324
427683
427821
428045
428265
428384
428466
428591
428596
428698
429090
429290
429315
429479
429561
429618
429805
430113
430161
430203
430235
430474
430525
430822
431582
431820
431865
432057
432140
432331
432766
432830
432915
433145
433195
433319
433497
433702
434054
434067
434154
434265
434765
434856
434980
435078
435241
435267
435525
435567
435656
435902
435908
436135
436210
436711
437072
437328
437456
437835
438431
438588
438968
439016
439370
439505
439511
439552
439594
440041
440080
440091
440175
440773
440941
440960
441142
441585
441590
441646
441946
441966
442492
442641
442793
442878
443124
443283
443476
443672
443748
443948
444395
444441
444551
444727
444844
445035
445056
445083
445280
445447
445717
446015
446173
446371
446394
446808
446859
446896
447084
447157
447179
447348
447349
447674
447799
447805
447969
448128
448189
448520
448751
448768
448783
449208
449214
449498
450084
450113
450183
450317
450362
450419
450546
450712
451033
451194
451205
451221
451247
451492
451544
451746
451898
452065
452279
452624
452710
452760
453216
453476
453516
453655
453843
454005
454036
454038
454098
454249
454552
454626
454645
454972
455260
455288
455324
455447
455523
456040
456185
457043
457289
457558
457934
457994
458324
458644
458686
458866
458873
459067
459229
459391
460559
460572
460783
460836
460851
461103
461346
461376
461570
461966
462133
462621
462809
462827
463107
463214
463376
463450
463684
463787
463809
463839
463919
463980
464397
464609
464636
465041
465072
465130
465243
465346
465374
465773
465791
465909
465931
466224
466552
466611
467579
467771
467981
468049
468442
468531
468964
469130
469584
469660
469915
470062
470160
470183
470536
471889
472019
472284
472656
473280
473438
474198
474212
474330
474620
474882
475207
475298
475550
476202
476783
477306
477530
477738
477777
478000
478073
478394
478442
478531
478611
478652
479159
479804
479922
479944
480068
480092
480364
480477
480767
481630
481764
482215
482237
482868
482931
483032
483263
483315
483399
483404
483815
483827
484481
484815
484903
485080
485285
485444
485585
485644
485975
486189
486449
486881
486956
487033
487498
487548
487660
488119
488178
488236
488299
488490
488528
489584
489764
490002
490365
490389
490465
490495
490851
491010
491156
491353
491526
491552
491670
491791
492013
492473
492538
492596
492761
492957
493024
493639
493765
494009
494028
494130
494169
494526
494893
495393
495404
495520
495599
495618
495684
495848
496111
496546
496731
496804
496848
497254
497712
497863
497878
497882
498720
498787
498873
499083
499586
499654
500271
500334
500336
500597
500637
500813
501255
501515
501613
501992
502146
502353
502490
502520
502894
503278
503415
503503
503520
503917
504006
504700
504739
504791
505093
505335
505748
505925
507018
507026
507036
507436
507554
507894
507913
508149
508322
508327
508470
508534
508721
508902
508906
508944
509510
509560
510085
510139
510744
510868
510981
511109
511604
511721
511947
511950
511997
512009
512138
512186
512263
513197
513468
513499
513633
513835
513900
513995
514034
514519
514592
514771
514867
514892
515247
515480
515762
515827
515841
516117
516432
516932
516977
517050
517104
517223
517235
517346
517477
517499
517649
517845
517923
518066
518134
518307
518431
518438
518480
518657
518674
518787
518978
519011
519116
519186
519318
519880
519927
519932
520299
520328
520737
520970
521033
521198
521472
521674
522193
522363
522892
523017
523248
523428
523503
523553
523873
523939
523946
524138
524245
524377
524670
524703
524760
524805
525154
525588
525988
526111
526440
526461
526481
526706
526805
527068
527152
527286
527324
527690
527801
527931
527979
528004
528021
528093
528106
528208
528486
528790
528818
529273
529372
529551
529634
529724
529729
529893
529973
530191
530286
530296
530382
531189
531404
531884
532057
532237
532295
532465
532761
532783
532821
533018
533028
533110
533258
533376
533764
533857
533972
534036
534063
534465
534589
535084
535214
535976
536134
536344
536356
536456
536467
536471
536550
536707
536776
536904
536907
536956
537696
537877
538080
538233
538361
538492
538612
538992
539060
539135
539258
539405
539438
540033
540386
540419
540592
540762
540767
540779
540876
540955
541057
541099
541249
541414
541647
541828
542073
542156
542533
542750
543017
543040
543103
543619
544045
544096
544453
544477
544863
545089
545547
546045
546253
546363
546553
547064
547129
547726
547788
547840
548787
548879
549126
549414
549506
549757
549910
549959
549991
550108
550178
550221
550289
550336
550725
551052
551067
551253
551359
552274
552422
552504
552731
552919
553166
553522
554053
554107
554187
554283
554369
554387
554405
554522
554605
554611
555183
555256
555374
555377
555413
555544
555570
555702
555792
556006
556194
556391
556621
556697
556807
557323
557423
557549
558008
558426
558446
558667
558890
559131
559205
559549
559738
559828
560000
560450
560729
560771
560982
561043
561755
561790
561850
562228
562783
562786
562917
563076
563472
563784
563855
563931
564054
564427
564528
564669
564774
564783
564805
564808
564838
565379
566032
567414
567697
567709
567944
568107
568135
568323
568494
568578
569093
569412
569812
569913
570182
570395
570657
570671
570782
571358
571547
571823
571983
572041
572308
572390
572603
572751
572769
572847
573117
573663
573822
573841
574073
574244
574256
574444
574520
574590
574677
575174
575382
575539
575607
575650
575994
576294
576453
576519
576794
576978
577059
577287
577440
577703
577763
577848
577934
578492
578597
578771
579239
579244
579362
579380
579737
579777
579792
579934
580000
580065
580645
580710
581351
581678
581772
581841
581971
582115
582328
582567
582890
583394
583935
584090
584101
584318
584420
584505
584606
584634
584723
584819
584834
585057
585535
585766
585801
585908
585951
586075
586187
586190
586202
586478
587153
587306
587425
587484
588058
588067
588483
589128
589267
589826
590113
590199
590303
590601
590731
590916
590955
590968
591027
591234
591494
591701
591780
592315
592429
593372
593725
593881
593911
593933
594034
594126
594153
594751
594807
594868
595142
595426
595714
595861
595942
596036
596124
596274
596777
597058
597243
597330
597506
597521
597690
598208
598464
598492
598536
598623
598697
599079
599377
599442
599541
599575
599767
599980
600244
600345
601392
601585
601634
602622
602734
602901
603242
603354
603359
603657
603716
603884
603904
603953
604048
604110
604250
604340
604551
604603
604603
604850
604880
605579
605598
605629
605669
605763
605888
606300
606332
606529
606716
606937
607214
607531
607561
607603
607647
607796
608061
608260
608605
608850
608980
609476
609545
610118
610622
610721
610909
611133
611195
611433
611846
611941
612744
612767
612990
613031
613410
613518
614356
614648
614945
615094
615106
615155
615320
615476
615606
615690
615745
616283
616300
616772
617044
617259
617325
617389
617398
617446
617657
617768
618511
618724
618862
619187
619346
619488
619603
619746
620075
620238
620451
620513
620599
620617
620874
621220
621747
622149
622321
623341
623790
624269
624380
624516
624563
624617
624889
624920
625039
625380
625550
625826
626126
626351
626357
627025
627063
627101
627102
627309
627623
627765
627836
627877
627980
628188
628639
629452
629494
629742
629744
630156
630338
630460
631124
631479
631665
631665
631797
631813
631814
631997
632199
632740
632968
632993
633015
633102
633225
633459
633540
634140
634158
634206
634308
634362
634483
634569
634581
634607
634820
635041
635196
635277
635842
636003
636041
636266
636295
636538
636610
636748
636763
637022
637166
637325
637486
637932
638329
638632
639136
639308
639478
639717
639936
639975
640001
640140
640403
640407
640474
640870
640925
641225
641625
641646
641701
641844
642262
642460
642497
643072
643081
643515
643719
643729
643896
644401
644617
644717
644732
644879
646092
646187
646342
646552
646732
646753
646900
647276
647319
647361
647639
647692
647842
648327
648914
649042
649075
649092
649871
650049
650266
650762
651004
651145
651580
651580
651594
651667
651873
651931
651937
651966
651997
652317
652537
652822
653084
653577
653682
653683
653822
653892
654170
654254
654723
654868
655080
655106
655427
655505
655578
655719
656285
656341
656513
656987
657056
657165
657454
657886
657919
658020
658226
658337
658355
658609
658611
658714
658846
658871
659047
659207
659250
659264
659293
659502
659750
659874
659881
659943
659947
660120
660191
660212
660643
660671
660676
660762
660921
661263
661905
662105
662210
662225
662472
663157
663734
663815
663972
664124
664262
664539
664643
664731
664866
665019
666151
666238
666248
666289
666712
666804
667135
667205
667214
667552
667760
668093
668345
668546
668650
668676
668680
668892
668895
669266
669468
669558
670090
670312
670390
670439
670579
670603
670649
671132
671304
671386
671523
671577
671894
672410
672435
672743
672781
672979
673073
674040
674176
674276
674432
674737
674773
674790
674835
675248
675278
675381
675637
675832
675900
676257
676393
676661
676789
676998
677233
677284
677545
677765
678023
678284
678284
678315
678363
678635
678784
678872
678950
679074
679188
679769
680463
680518
680706
680915
681147
681294
681652
681914
682113
682510
682889
683093
683136
683474
683596
683691
683748
683909
684259
684437
684896
685446
685546
685961
686278
686587
686588
686605
686790
686917
686927
687087
687376
687469
687540
687670
687740
688118
688174
688385
688485
688565
688674
688718
689107
689378
689567
690024
690059
690363
690489
690644
690707
691078
691150
691440
691446
691704
691981
692099
692313
692952
693105
693615
693617
693618
693777
693853
693856
693861
693933
694057
694069
694163
694298
694413
694434
694436
694465
694544
694908
695033
695817
695837
696015
696085
696617
696696
696816
697013
697332
697356
697403
697816
697928
697955
698004
698218
698254
698387
698423
698529
698670
698894
699209
699213
699452
699708
699788
700181
700187
700367
700400
700507
700880
700892
702080
702406
702502
702719
702834
702858
702886
703167
703272
703295
703478
703481
703527
704292
704321
704597
704781
704825
705085
705343
705372
705413
705475
705637
705677
705727
706267
706540
706615
706908
707424
707552
707941
708007
708508
708623
708643
708879
708987
709049
709283
709485
709504
709606
709802
710364
710594
710625
711553
712094
712174
712563
712712
712809
712892
713250
713279
713406
713563
713579
713627
713657
714319
714362
714381
714409
714494
714552
714666
714961
715046
715060
715256
715328
715567
715720
715877
715910
716055
716245
716298
716307
717245
717390
717441
717495
717740
718016
718441
718721
718908
719087
719163
719635
719665
719710
719719
719834
719897
720026
720368
720607
721226
721278
721285
721456
721460
721498
721957
722010
722563
722823
723229
723275
723285
723407
723488
723566
723572
723579
723774
724258
724264
724330
724622
724736
724856
725361
725366
725690
725959
725982
726123
726200
726277
726794
728143
728536
728747
728750
729006
729762
729824
729934
730144
730242
730261
730370
730400
730401
730657
731039
731045
731071
731346
731741
731888
731969
732271
732594
732819
733059
733106
733207
733535
733717
733760
734067
734311
734754
735129
735831
736345
736476
736517
736841
737020
737089
737464
737538
737571
737695
737917
738476
738700
738871
738959
739149
739225
739405
739460
739544
739572
739634
740112
740552
740584
740660
741015
741211
742024
742189
742274
742691
742760
742781
743034
743106
743202
744126
744413
744446
744604
745085
745139
745346
745478
745659
745775
745914
746032
746043
746075
746427
746632
746826
747001
747727
747749
747790
747867
747930
748083
748663
749175
749464
749516
749650
749695
750152
750252
750560
750636
750779
751030
751428
751483
751646
751764
751770
752525
752642
752745
752799
753076
753358
753953
754076
754166
754475
754874
755012
755066
755374
755936
756254
756719
757086
757575
757607
757831
758314
758318
759560
759579
759860
759895
760074
760542
760791
760841
761143
761205
762148
762184
762267
762747
763118
763229
763255
763302
763374
763407
763881
764055
764061
764610
764687
764770
765302
765644
765699
766323
766511
766658
766663
767106
767119
767160
767391
767971
768031
768391
768594
768789
769098
769236
769265
769406
769733
770036
770655
770735
770738
771025
771578
771883
772204
772246
772292
772726
772960
773240
773497
773979
774398
774399
774747
774882
775075
775228
775361
775367
775584
775713
776276
776526
776917
777258
777301
777339
777438
777779
778455
778512
778632
778755
779126
779192
779208
779317
779477
779873
780075
780112
780117
780157
780185
780399
781079
781181
781552
781668
781773
781858
782504
782697
782714
783142
783590
783841
783904
784336
784372
784442
784492
784538
784563
784648
784701
785214
785231
785273
785650
785905
786458
786796
786891
786905
787207
787605
787691
787799
788191
788232
788237
788270
788679
788753
789126
789128
789131
789153
789425
789480
789516
789564
789730
790363
790378
790468
790484
790507
791005
791051
791885
792236
792448
792500
792671
792812
793051
793056
793300
793325
793429
793438
793455
793488
793501
793769
794016
794146
794195
794245
794279
794493
794541
794559
794591
794630
794819
794867
794902
794936
795073
795150
795334
795645
795725
795778
795880
796032
796319
796396
796585
796718
796946
797011
797534
797541
797741
798468
798848
798873
798946
798997
799140
799754
799876
800031
800076
800626
800778
801056
801112
801242
801541
801718
801931
802032
802081
802268
802290
802318
803321
804011
804400
804500
804561
804592
804633
805796
805906
806183
806246
806554
806684
806735
806902
807035
807071
807154
807354
807536
807720
807892
807976
808007
808101
808567
808710
808820
808863
808911
808919
809248
809505
809830
809924
810065
810414
810770
811455
812185
812204
812373
812377
812526
813065
813076
813156
813327
813332
813483
813739
814050
814352
814382
814755
815321
815348
815379
815533
815769
816199
816471
816665
816683
816913
817233
817369
817618
817909
818160
818665
818802
818904
818934
819559
819920
819962
820047
820207
820378
820438
820508
820558
820866
820924
822125
822281
822386
822848
823098
823345
823388
823557
823587
823685
823701
823836
824314
824916
825336
825675
825830
826146
826398
826541
826627
826990
827317
827348
827596
827691
827768
827807
827822
827929
828497
828705
828953
828963
829022
829268
829362
829405
829811
829937
830107
830468
830681
831197
831269
831348
831439
831448
831688
831807
831859
832012
832045
832100
832415
832520
832597
833051
833066
833389
833670
833832
833906
834491
834505
834532
834626
834798
835038
835137
835359
835416
835587
835629
836316
836371
836414
836512
836616
836722
836727
836836
837029
837551
837554
837772
838016
838054
838446
838604
838963
839112
839119
839368
839501
839539
839725
839735
839797
839944
840209
840432
840589
840879
841203
842046
842140
842270
842327
842468
842749
842986
843320
843834
844084
844247
844250
844297
844338
844533
844744
844750
844834
844841
844869
845269
845302
845389
845465
846081
846105
846236
846885
847056
848075
848282
848322
848509
848653
848720
849373
849495
849530
849551
849597
849628
850098
850512
850675
850806
851064
851699
851769
851867
852094
852645
852720
852908
852924
853117
853503
853602
853819
854254
854289
854439
854563
854590
854801
854825
855180
855230
855287
855632
855759
855892
855940
856193
856452
857076
857247
857338
857487
857552
857648
857727
857953
858405
858424
858434
859030
859205
859506
859553
859660
859774
859949
859969
860028
860188
860293
860413
860452
860603
860711
860983
861015
861126
861278
861500
861544
861664
861748
861781
862131
862203
862295
862534
862578
863051
863101
863121
863456
863544
863871
864004
864207
864289
864301
864379
864420
864472
864560
865002
865116
865353
865765
865937
866274
866776
866923
866951
867023
867240
867439
867545
867762
867895
867906
868101
868445
868562
868706
868810
869312
869586
869791
869819
869879
869986
870050
870219
870350
870857
870986
871191
871564
871640
871689
872266
872696
872787
873062
873195
873206
873226
873543
874241
874398
874614
874790
874805
874919
874996
875044
875236
875283
875617
875650
875853
875933
876288
876290
876368
876425
876477
876899
877197
877269
877313
877811
877835
878007
878035
878068
878148
878274
878309
878399
878400
878418
878567
878722
878900
878984
879071
879434
879848
880108
880407
881007
881396
881679
882332
882530
882558
882637
882965
883082
883113
883709
883846
884039
884080
884127
884150
884334
884545
884569
884582
884727
884856
884908
885108
885228
885283
885295
885335
885346
885682
885847
885900
886508
886715
886720
886837
886957
887054
887176
887367
887386
887775
888211
888586
888946
889009
889074
889148
889297
889466
889636
889691
889782
890012
890127
890208
890661
891080
891180
891292
891414
891485
891488
891733
891899
891900
892035
892344
892498
892855
892943
893071
893163
893330
893368
893504
893676
894016
894028
894059
894072
894365
894378
895123
895284
895977
896521
896694
897463
897512
897513
898080
898265
898400
898627
899068
899350
899600
899637
899721
899744
899794
899859
899873
900063
900116
900475
900984
901227
901344
901482
901551
901563
901666
902083
902156
902211
902563
902633
902950
903041
903188
903217
903238
903276
903510
903643
904035
904181
904301
904415
904589
905025
905153
905404
905463
905784
906309
906795
906801
907049
907292
907318
907469
907512
907820
907877
907979
908027
908446
908639
909417
909697
909776
909962
910173
910238
910245
910282
910537
910601
910760
911328
911621
912463
912479
912483
912545
912640
913290
913346
913554
913567
913635
913743
913816
913935
913983
914012
914322
914433
914563
914592
914593
914866
915199
915236
915353
915774
916067
916383
916551
916675
916813
916818
916899
916978
917003
917079
917149
917315
917329
917801
918185
918266
918404
918545
918797
918884
919504
919532
919544
919810
919893
920105
920152
920252
920423
920810
921061
921232
921270
921393
921615
921635
921683
921740
921871
921917
922004
922306
922313
922380
922666
922762
923102
923387
923526
923712
923795
924007
924180
924247
924327
924619
924931
925171
925236
925660
925952
925956
925971
925996
926154
926240
926332
926523
926656
926964
926975
927111
927562
927895
928292
928451
928610
929608
930138
930170
930174
930518
930791
930881
931271
931411
931429
931512
931733
932010
932085
932407
932458
932493
932549
932619
932840
932883
933297
933896
933898
933944
933959
933985
933985
934304
934382
934387
934700
934779
935122
935156
935496
935775
935861
936809
936937
937464
937566
937771
938042
938161
938417
938553
938855
939169
939335
939409
939609
940036
940253
940493
941510
941590
941813
941837
942088
942782
942965
943043
943134
943210
943525
943776
944111
944285
944292
944314
944375
944493
944539
945274
945764
945939
945983
946272
946406
946520
946592
947566
948197
948468
948490
948657
948826
948836
948876
949073
949433
949474
949475
949478
949611
950589
950671
950700
951078
951078
951137
951222
951501
951598
951637
951858
951944
952229
952348
952499
952580
952728
952884
952934
952935
953437
953510
953711
954144
954228
954459
954519
954584
954674
954714
954838
954867
954898
955041
955219
955227
955416
955636
955783
956132
956316
956324
956473
956515
956886
957042
957590
957663
957694
957700
957747
957755
957887
958632
958636
958740
958866
958918
959166
959349
959414
959432
959536
959543
959876
960135
960266
960275
960369
960535
960765
961033
961515
961555
961558
961628
961692
961751
961755
961965
962061
962136
962306
962314
962398
962399
962644
962728
962757
963199
963254
963527
963665
964243
964789
964792
964873
965250
965813
965833
966021
966023
966455
967197
967422
967466
967658
968000
968091
968115
968492
968794
968860
969225
969291
969364
969518
969625
970157
970839
971791
971935
973129
973151
973402
973413
973486
973494
973834
974132
974277
974608
974614
974667
974721
974871
975174
975352
975438
975604
975686
976403
976574
976907
977027
977238
977263
977327
977439
977618
977870
978117
978509
978647
978765
979056
979289
979299
979736
979774
979940
981166
981195
981493
981808
981879
982360
982424
982482
982621
982687
982789
982890
983338
983433
983479
983560
983705
983869
983870
983890
984066
984184
984258
984287
984306
984307
984337
984426
984488
984978
985148
985268
985393
985536
985688
986138
986259
986359
986456
986550
986557
986747
986790
986873
987219
987538
987556
987813
987819
987842
987889
988017
988125
988900
988951
989048
989423
989430
989517
990017
990407
990739
991082
991082
991298
992229
992338
992394
992606
992779
992815
993056
993438
993490
993630
993738
993752
993863
993864
994069
994432
994881
995055
995115
995451
995509
995640
995691
996234
996266
996332
996344
996512
996709
996832
997324
997530
997556
997982
997990
998147
998231
998251
998613
998943
999185
999240
999281
999332
999468
999486
999587
999641
999927
