100
998394
984104
945935
912815
912384
905161
900814
898606
883589
881934
880138
877449
870771
865131
848716
838822
838819
828641
810886
794882
766352
765221
749268
737782
729747
717474
715424
694046
693114
691642
691544
684797
682072
680340
675471
670910
653735
653690
638516
630395
626771
612319
612261
602557
592342
591840
571565
570331
560792
546999
543126
541627
538390
502603
490220
487904
481753
474152
460133
456463
445172
430867
408139
397249
388600
384956
383728
373647
365017
363067
356226
349121
332543
304640
282646
266218
265645
259233
255659
252121
244529
242496
238014
237208
231481
224215
216177
201915
193129
167330
151164
138035
131568
125234
113506
79617
74475
61388
32640
23842
