1000
999960
999296
998583
998398
996151
995903
994354
993630
993032
988935
987911
987496
986877
986004
985218
984961
984648
983373
983290
979842
979787
979636
979564
979472
977201
976374
976193
975178
974947
974288
973784
970161
970161
969811
968115
967238
965975
965968
964735
963341
961339
961121
960872
960844
960003
958756
958134
956134
955716
953593
952695
951485
951393
951325
950221
950075
949285
949005
948386
947322
947027
946350
944452
944348
944046
943843
943202
942843
942712
942375
941478
941395
940645
934845
934750
933150
929247
928903
928148
925978
924330
923618
923132
921643
914371
914325
910770
909960
908795
908073
907910
907815
906427
905894
903989
902675
902121
901474
900913
900279
898676
895096
891795
891589
891538
890799
890732
890142
890083
889993
889092
887638
886856
885797
884625
883535
883207
882795
882147
881559
881542
879964
878697
878256
877743
877023
876687
874117
873455
873427
872554
871433
869574
868777
868324
867779
867740
867038
866652
866165
863221
862132
861273
861160
860756
859953
858253
854349
853862
852392
850947
850626
848141
848069
846887
846062
845931
844453
844118
841098
840575
839098
836051
835215
834568
834117
831544
830153
830060
829459
828711
828176
827301
827113
826494
824659
824126
823851
823068
822456
821494
820995
820359
820091
819611
816622
814646
814044
809656
808398
808326
806639
806195
804825
803943
803937
802508
801553
801426
800103
799055
798781
797887
797531
797516
796837
795584
791468
789825
787530
785008
782941
782235
781836
780531
780387
779874
779382
779066
777934
777715
777045
775513
775042
774440
773929
772487
771917
771732
771209
770403
770252
770219
766425
765559
765555
764608
763420
762907
761870
761352
760373
758494
758129
757307
756256
755243
755159
753545
753073
752357
752216
749731
749085
748032
746428
744813
744538
743457
742294
741315
741093
740552
740199
739829
738086
737563
736355
735722
735628
735012
734431
734193
733551
732093
731192
730203
729991
727024
722793
722651
722570
720152
720093
719988
718666
715923
715827
715312
715232
710558
710448
709881
709249
707111
707064
707034
704413
703847
703550
703343
701279
699552
698794
698018
697871
697211
694320
691398
687623
685112
682924
682725
681823
681681
681395
681342
681012
680281
679892
673013
672166
672002
669560
669340
665603
662515
662209
661095
659835
657040
655821
654741
653064
652526
652074
652048
651331
650245
649478
649259
649213
648210
648070
646851
645389
644482
644246
641946
641938
640379
639255
637698
636914
635941
635926
635854
635505
631870
631568
630031
628452
626773
626459
624790
624229
624011
622475
621579
621375
621293
620146
620003
619520
617434
617121
616773
616769
614593
614406
610732
609549
609374
609083
608943
608699
608072
607818
607098
606168
604879
604179
602465
601855
601633
601631
600077
597889
597696
597402
596318
595803
595713
593957
593679
592807
592177
590510
589651
588484
588212
588053
587002
584780
582745
581729
580971
580673
579434
578097
577560
576979
575383
575050
574662
574619
573077
572608
569836
569580
569468
566595
566421
566337
566277
565740
565173
563775
563120
561712
560677
560137
560106
559921
559274
558509
558216
558040
557357
555787
555029
552780
552315
549385
549106
547846
546551
545904
544937
544170
541673
539217
538881
537124
536225
535170
534962
533745
533292
533291
532800
531317
531039
530973
530875
528360
527502
523613
523571
522662
521384
521357
518228
517900
517416
515781
514407
513763
512971
511196
511184
510673
510667
510545
510401
509750
509361
508507
508290
506669
506066
505511
503351
503223
502033
498975
494958
493588
492922
491528
491294
489530
488230
488181
487707
487383
485814
484950
484832
484354
484301
484078
483913
481195
480537
480183
479534
478925
478419
476741
476487
476040
476029
475859
475849
474728
473151
471876
471489
470569
469954
469216
465939
465562
462801
462187
461333
460651
454670
448841
447962
447692
447474
446528
444387
444277
443770
443716
441082
438615
437872
436140
435314
434636
433232
431946
430991
430916
430605
428470
427205
426844
426785
426604
426491
425844
425631
425064
424863
422856
422298
421244
420188
419657
419130
419105
418159
416309
414837
414164
413505
412590
411953
411440
411354
411327
408430
406784
405189
401792
401434
399710
399302
396339
396086
394873
394426
392164
390036
387404
387375
387272
387147
385364
384525
383385
380942
380760
380253
379871
378568
378268
376645
375686
375458
373468
372007
371536
371410
370297
370239
367056
364028
363393
362862
361393
360387
360094
359376
358539
358527
358163
356492
356061
355635
355166
354648
354423
353079
353016
351366
349779
348835
348643
348481
347158
345910
345399
344609
344074
343271
342994
340880
340822
339687
339055
338965
338797
337538
334309
334297
330910
330693
329703
329440
323842
323696
323104
320508
319890
319172
317279
316924
316664
314234
313490
312865
311703
309727
307863
307317
306957
305589
304997
304625
304019
301777
300657
300339
300080
299901
299844
295557
295554
295010
293728
293371
293057
292422
290855
290227
289862
285892
284476
283713
283204
282141
281373
280114
279660
279180
279179
279083
278173
276869
276095
275484
274729
272046
271699
270673
270449
268658
267997
267314
266326
265706
265160
264312
263688
263556
262955
262387
260738
256953
256942
255845
255762
254284
253868
253848
253709
253682
253536
253109
252563
248130
247840
247542
245672
245219
243670
237733
237052
236674
235512
234597
232445
231662
231644
231469
229776
229238
225155
221956
220959
218543
216900
216432
216023
215755
214779
213582
213478
212526
211503
209937
209775
207378
206647
206468
206290
205048
204798
204364
204178
202600
202560
202027
201281
198257
197779
197528
197260
196904
196719
196194
195653
194808
193473
192880
192529
192476
192186
190505
188755
188543
184861
184738
181238
179850
178510
178192
175704
174659
174592
174302
173288
168169
167412
166572
165379
163782
163547
162227
161659
156653
155923
154925
148783
147856
146574
145090
144313
142636
139112
138065
137512
135823
134885
134447
133454
132709
132619
128948
128806
126531
125124
123106
119828
119770
119731
118892
118753
118708
116605
116542
116165
114695
114603
113920
113751
112014
111049
110936
110674
108705
108348
106023
105868
105583
105453
103956
102597
101055
99713
99573
99493
99399
98938
96389
94953
90411
89459
88043
86815
84870
82397
82026
80950
80862
79869
78866
78360
77937
77899
77818
76483
76100
75542
74828
74807
73530
72534
72440
70528
70039
70024
69955
68588
67851
67661
65034
64635
62249
62126
61756
60324
57772
57511
57308
55259
55054
53198
52987
52930
51632
51216
48943
48894
48273
48217
47790
47287
45960
43915
41451
40221
39633
39526
38559
38256
38180
37658
37007
36234
35320
33842
33659
33143
33021
32186
30062
28645
28562
28288
28179
27665
27439
26919
25538
23549
23471
21467
21155
20870
20494
20122
19527
17386
15157
14492
13900
13434
13182
12631
12465
12372
10919
6589
6394
6036
5403
3312
3095
2226
1810
930
661
474
