10000
-999646
-999547
-998876
-998480
-998097
-997236
-996767
-996448
-995933
-995749
-995553
-995478
-995162
-995062
-994798
-994026
-993945
-993864
-993457
-992985
-992692
-992289
-992122
-991477
-991416
-991383
-991252
-991157
-991072
-991012
-990857
-990530
-990237
-989931
-989911
-989880
-989731
-989535
-989495
-989484
-989176
-988701
-988663
-988619
-988561
-988283
-987482
-987404
-987149
-987001
-986779
-986702
-986699
-986393
-986251
-986243
-986216
-985763
-985504
-985373
-984824
-984582
-984398
-984062
-983760
-983710
-983459
-982393
-981968
-981676
-981274
-981130
-980672
-980670
-980578
-980543
-980257
-980013
-979788
-979520
-979487
-979433
-979227
-979143
-978971
-978895
-978810
-978623
-978292
-978278
-978186
-978110
-977787
-977751
-977674
-977575
-977379
-977290
-977190
-977179
-976956
-976887
-976788
-976594
-976577
-976411
-976338
-976290
-975561
-975134
-974717
-974676
-974490
-974195
-974045
-973963
-973917
-973534
-973410
-973317
-973014
-972899
-972677
-972650
-972552
-972235
-972223
-971831
-971328
-971261
-971188
-971185
-970474
-970385
-970314
-970000
-969984
-969742
-969351
-969259
-969153
-969147
-969081
-969069
-968604
-967843
-967663
-967536
-967450
-966895
-966850
-966460
-966310
-966110
-966102
-965783
-965623
-965456
-965454
-965313
-965284
-964811
-964757
-964449
-964435
-964270
-963733
-963638
-963607
-963582
-963483
-963223
-963164
-963075
-962753
-962693
-962654
-962489
-962413
-962336
-962153
-962052
-961543
-961055
-960966
-960668
-960483
-960434
-959739
-959515
-959345
-959069
-959044
-958633
-958628
-958588
-958528
-958095
-958001
-957931
-957487
-957376
-956709
-956694
-956607
-956475
-956272
-956252
-955276
-955219
-955184
-955159
-954980
-954675
-954616
-954509
-954405
-954336
-954143
-953815
-953648
-953584
-953176
-952513
-952075
-952062
-951862
-951448
-951377
-951160
-951146
-950889
-950836
-950828
-950501
-950467
-950302
-950260
-950122
-950022
-949571
-949155
-949129
-948406
-947985
-947917
-947769
-947619
-947292
-947122
-947068
-946599
-946569
-946540
-946367
-946298
-946169
-946032
-945623
-945522
-944912
-944880
-944866
-944137
-943792
-943423
-943014
-942904
-942574
-942534
-942422
-942359
-942287
-942225
-942133
-941780
-941752
-941728
-941688
-941566
-941526
-941365
-940943
-940791
-940755
-940652
-940369
-939679
-939570
-939178
-939166
-939166
-938926
-938188
-938151
-938074
-938056
-937932
-937827
-937329
-937145
-937045
-936951
-936850
-936641
-936463
-936351
-936188
-935207
-934693
-934606
-934604
-934445
-934401
-934351
-934339
-934320
-934172
-934077
-933998
-933961
-933949
-933678
-933310
-932901
-932342
-932334
-932313
-931916
-931843
-931499
-931498
-931135
-931093
-931048
-931020
-930917
-930826
-930764
-930752
-930741
-930523
-930109
-929879
-929507
-929079
-928707
-928672
-928627
-928084
-927860
-927313
-927070
-926659
-926545
-926541
-926236
-926222
-925237
-924753
-924750
-924724
-924594
-924225
-924177
-923889
-923710
-923698
-923162
-923065
-922946
-922621
-922504
-922233
-921883
-921096
-921089
-921020
-920995
-920807
-920792
-920478
-920302
-920259
-920119
-920062
-919860
-919694
-919691
-919515
-919421
-919008
-918959
-918945
-918888
-918304
-918279
-917794
-917765
-917697
-917207
-917078
-916979
-916598
-916404
-916067
-915792
-915606
-914807
-914746
-914606
-914480
-914148
-913996
-913780
-913485
-913461
-913377
-913330
-913124
-912708
-911796
-911396
-911333
-911326
-910287
-909975
-909176
-908960
-908917
-908758
-908336
-907776
-907668
-907260
-906979
-906935
-906909
-906857
-906778
-906709
-906275
-906210
-906208
-906152
-906132
-906047
-905980
-905745
-904791
-904423
-904205
-903572
-903551
-903504
-903450
-903129
-902803
-902681
-902605
-902533
-902449
-902181
-901973
-901672
-901589
-901502
-901133
-900919
-900866
-900433
-900369
-900203
-900157
-900050
-899339
-898493
-898433
-898421
-898406
-898157
-898121
-898056
-897941
-897739
-897578
-897479
-897421
-897329
-897233
-897163
-896810
-895915
-895903
-895761
-895742
-895192
-895154
-895153
-895021
-894853
-894687
-894556
-894412
-894075
-893823
-893629
-893589
-893492
-893309
-893271
-892959
-892946
-892824
-892452
-892228
-891762
-891695
-891628
-891580
-891553
-891434
-891285
-891252
-891075
-890952
-890611
-890208
-889922
-889917
-889724
-889692
-889375
-889198
-889161
-889042
-889040
-889016
-888910
-888799
-887973
-887875
-887812
-887762
-887524
-887416
-887342
-887275
-886940
-886658
-886345
-885885
-885845
-885229
-885213
-884982
-884956
-884742
-884575
-884548
-884378
-884150
-884020
-883936
-883494
-883481
-883447
-882992
-882716
-882660
-882444
-882440
-882367
-881946
-881757
-881549
-881497
-881448
-881383
-881371
-880828
-880721
-880720
-880438
-880063
-880062
-879631
-879424
-879173
-878664
-878169
-878109
-877392
-877070
-877045
-877034
-876912
-876397
-876245
-875797
-875775
-875290
-874836
-874566
-874325
-873376
-873349
-873259
-872980
-872896
-872639
-871882
-871685
-871671
-871599
-871376
-871141
-871092
-870871
-870537
-870532
-870249
-870193
-870163
-870107
-870004
-869164
-868835
-868737
-868726
-868518
-868190
-868188
-868125
-867859
-867763
-867566
-867466
-867059
-866014
-865671
-865520
-865505
-865298
-865242
-865132
-864964
-864600
-864148
-864074
-863983
-863728
-863394
-863377
-862980
-862829
-862775
-862711
-862611
-862591
-862364
-862281
-862022
-861989
-861691
-861329
-861314
-861211
-861209
-861024
-860793
-860783
-860594
-860524
-860316
-860110
-859818
-859542
-859488
-859411
-858971
-858304
-858277
-858240
-857956
-857663
-857246
-857032
-856999
-856543
-855756
-855742
-855668
-855278
-854751
-854413
-854294
-854166
-854098
-853365
-853221
-853198
-852928
-852866
-852833
-852744
-852602
-852325
-852212
-851375
-851299
-851191
-851096
-850906
-850435
-849876
-849753
-849710
-849651
-849633
-849596
-849421
-849255
-848468
-848441
-848219
-848131
-848029
-847987
-847913
-847699
-847674
-847396
-847281
-847065
-846934
-846919
-846893
-846575
-846544
-845993
-845945
-845903
-845174
-844817
-844731
-844633
-844366
-844136
-844036
-843062
-842896
-842820
-842594
-842479
-842354
-842288
-842226
-841935
-841899
-841768
-841317
-841223
-841168
-841106
-840950
-840944
-840611
-840591
-840073
-839480
-839430
-839315
-839133
-839085
-839024
-838996
-838995
-838776
-838485
-838299
-838132
-838116
-838074
-837304
-837023
-836795
-836705
-836465
-836344
-835769
-835372
-834917
-834900
-834799
-834720
-834714
-834348
-834000
-833750
-833567
-833339
-833023
-832786
-832649
-831971
-831967
-831924
-831467
-831087
-830845
-830715
-830593
-830198
-830101
-829899
-829881
-829835
-829546
-829429
-829344
-829333
-829287
-829279
-829277
-829242
-829133
-828894
-828793
-828792
-828495
-828269
-828196
-828174
-828137
-828053
-827819
-827808
-827779
-827551
-827505
-827156
-826999
-826814
-826581
-826565
-826293
-826240
-825945
-825531
-825448
-825340
-825277
-825158
-825157
-825098
-824996
-824581
-824528
-824068
-823943
-823935
-823892
-823833
-823521
-823153
-823030
-822854
-822748
-822620
-822358
-822246
-821923
-821853
-821218
-821092
-820979
-820735
-820315
-820259
-820256
-820064
-819965
-819954
-819828
-819499
-819224
-819212
-818383
-818307
-818040
-817539
-817207
-816896
-816806
-816520
-816475
-816218
-816145
-815910
-815805
-815772
-815698
-815316
-814912
-814813
-814773
-814725
-814148
-813992
-813851
-813780
-813696
-813615
-813210
-813095
-812994
-812575
-812296
-812251
-812010
-812003
-811513
-811397
-810759
-810637
-810463
-809970
-809787
-809763
-809726
-809576
-809533
-809449
-808802
-808777
-808773
-808338
-808151
-808050
-807981
-807825
-807643
-807609
-806712
-806692
-806181
-806110
-805903
-805885
-805731
-805108
-804993
-804905
-804751
-804485
-804480
-804296
-804206
-804140
-804060
-803826
-803745
-803463
-803397
-803108
-803019
-802939
-802235
-802144
-801860
-801855
-801328
-801150
-800858
-800664
-800301
-800281
-800275
-800235
-799855
-799491
-799384
-799225
-799003
-798891
-798186
-798171
-797807
-797611
-797472
-797412
-797143
-797041
-796836
-796771
-796727
-796713
-796621
-796028
-795988
-795940
-795937
-795925
-795765
-795685
-795308
-795261
-795259
-795112
-795067
-794992
-794694
-794261
-794253
-794232
-793610
-793573
-793549
-793262
-793182
-792817
-792720
-792697
-792567
-792006
-791747
-791398
-791313
-791245
-791185
-791172
-790982
-790961
-790922
-790921
-790012
-789907
-789814
-789126
-788798
-788650
-788534
-788534
-788325
-787944
-787748
-787666
-787594
-787462
-787142
-786845
-786739
-786676
-786664
-786211
-786062
-785870
-785742
-785603
-785431
-785384
-785192
-785041
-784973
-784933
-784743
-784591
-784145
-783791
-783723
-783505
-783113
-783032
-782994
-782859
-782656
-782615
-782460
-782371
-782201
-782098
-781930
-781641
-781451
-781044
-780960
-780872
-780750
-780594
-780270
-780103
-780058
-779850
-779341
-778933
-778610
-778609
-778571
-778384
-778277
-777970
-777871
-777551
-777224
-777094
-776891
-776830
-776688
-776682
-776642
-776491
-776261
-776243
-776167
-775852
-775630
-775480
-775466
-775379
-775270
-775119
-774957
-774844
-774747
-773933
-773924
-773917
-773859
-773630
-773539
-773010
-772826
-772407
-772320
-772257
-771766
-771648
-771568
-771566
-771480
-771342
-771338
-771223
-770839
-770826
-770536
-769837
-769553
-769438
-769226
-769151
-769149
-768862
-768677
-768529
-768320
-768181
-768156
-767947
-767575
-767540
-767306
-767292
-767136
-766641
-766610
-766476
-766437
-766310
-766281
-766230
-766128
-765871
-765523
-765442
-765175
-764941
-764660
-764154
-763840
-762876
-762772
-762615
-762563
-762351
-761722
-761504
-761496
-760496
-760458
-759984
-759567
-759461
-759412
-759409
-759375
-759007
-758946
-758793
-758747
-758652
-758633
-758550
-758279
-758273
-758093
-758085
-757813
-757623
-757387
-757222
-757044
-756978
-756529
-756017
-756002
-755677
-755599
-755568
-755337
-755262
-755246
-755177
-755148
-754957
-754706
-754191
-753984
-753959
-753886
-753789
-753772
-753594
-753403
-753263
-752990
-752929
-752827
-752661
-752504
-752309
-752117
-752080
-751751
-751314
-751222
-751155
-750892
-750551
-750141
-750132
-749871
-749652
-749529
-749443
-749438
-748934
-748742
-748693
-748645
-748508
-748286
-748204
-747760
-747716
-747558
-747209
-746900
-746697
-746675
-746554
-746292
-746201
-745807
-745793
-745326
-745088
-744757
-744594
-744245
-744205
-743732
-742936
-742823
-742641
-742536
-742231
-742161
-742042
-741904
-741832
-741828
-741254
-740150
-739847
-739544
-739538
-739442
-739417
-739279
-739005
-738989
-738772
-738516
-738360
-738281
-738184
-738145
-737799
-737708
-737514
-736984
-736574
-736278
-735692
-735484
-735311
-734181
-733659
-733565
-732698
-732395
-732219
-731980
-731867
-731833
-731622
-731561
-731459
-731447
-731415
-731259
-730963
-730596
-730465
-730241
-729386
-729288
-729198
-729156
-729136
-729101
-728944
-728915
-728791
-728155
-728151
-727908
-727691
-727531
-727407
-726875
-726834
-726733
-726548
-726055
-725776
-725257
-724615
-724583
-724522
-724112
-724104
-724095
-723981
-723781
-723681
-723210
-723116
-723004
-722990
-722892
-722775
-722725
-722542
-722358
-722133
-722046
-722006
-721368
-721090
-720585
-720165
-719799
-719505
-719336
-718895
-718789
-718363
-718173
-717678
-717578
-717370
-716927
-716813
-716178
-716174
-716058
-715720
-715617
-715168
-715071
-715024
-714827
-714826
-714820
-714464
-714146
-713980
-713571
-713358
-712632
-712479
-712315
-712301
-711971
-711947
-711611
-711373
-711284
-710991
-710935
-710903
-710807
-710564
-709830
-709657
-709390
-709204
-709198
-708678
-708428
-708422
-708342
-708118
-707825
-707563
-707234
-706829
-706703
-706542
-706412
-706355
-706181
-706008
-705952
-705826
-705646
-705530
-705361
-705270
-705204
-705182
-705143
-704846
-704679
-704286
-704017
-703493
-703419
-703398
-703201
-702320
-702050
-701818
-701604
-701342
-701320
-701254
-701168
-700981
-700543
-700362
-700263
-700229
-700108
-700045
-699726
-699675
-699621
-699457
-698568
-698389
-698301
-698279
-698207
-697879
-697794
-697377
-697310
-697232
-697226
-696971
-696962
-696853
-696719
-696492
-696476
-696113
-696032
-696021
-695771
-695642
-695576
-695312
-694931
-694898
-694560
-694462
-694322
-693937
-693804
-693789
-693738
-693608
-693171
-692880
-692853
-692825
-692806
-692621
-692518
-692255
-691800
-691687
-691452
-691310
-691154
-691000
-690997
-690432
-690291
-690121
-690027
-689625
-689464
-689111
-688787
-688697
-688572
-688551
-688544
-688184
-687187
-687121
-686901
-686890
-686419
-686058
-686030
-685625
-684923
-684624
-684606
-684583
-684570
-684494
-684427
-684187
-683468
-683431
-683362
-683128
-683048
-682827
-682726
-682511
-682185
-681987
-681982
-681457
-681362
-681128
-680578
-680511
-680462
-680457
-680109
-680061
-679998
-679806
-679730
-679728
-679718
-679529
-679276
-679231
-679161
-678946
-678922
-678916
-678834
-678696
-678472
-678464
-678377
-678070
-678020
-677728
-677633
-677564
-676972
-676867
-676220
-676154
-675994
-675870
-675717
-675516
-675396
-675275
-675270
-675069
-674606
-674255
-674161
-674059
-673973
-673151
-673086
-673068
-673034
-672342
-672027
-671921
-671793
-671710
-671020
-670527
-670423
-670411
-669844
-669724
-669338
-669233
-668945
-668809
-668804
-668778
-668592
-668447
-668407
-668145
-667917
-667650
-667626
-667071
-667050
-666979
-666915
-666701
-666699
-666249
-666010
-665674
-664680
-664038
-663978
-663966
-663930
-663866
-663801
-663796
-663792
-663495
-663401
-662744
-662631
-662170
-661937
-661677
-661453
-661363
-661064
-661029
-660947
-660885
-660790
-660719
-660708
-660680
-660296
-659665
-659370
-658702
-658333
-657914
-657779
-657639
-657316
-656530
-656477
-656462
-655942
-655788
-655538
-655214
-655091
-655010
-654837
-654800
-654794
-654588
-654540
-654295
-653994
-653866
-653804
-653744
-653712
-653534
-653512
-653361
-653325
-653184
-653119
-652800
-652662
-652595
-652336
-652103
-651798
-651694
-651625
-651500
-650989
-650968
-650468
-650365
-650331
-650196
-650170
-650049
-650044
-649934
-649594
-649345
-649316
-649289
-649000
-648853
-648340
-647652
-647612
-647414
-647034
-646845
-646781
-646631
-646574
-646569
-645997
-645835
-645443
-645426
-645329
-645208
-645088
-645057
-645025
-644926
-644842
-644203
-643870
-643247
-643194
-643056
-642924
-642473
-642439
-642390
-642311
-642221
-642144
-641760
-641436
-641399
-641311
-640778
-640467
-640219
-640198
-640132
-640126
-639964
-639809
-639784
-639728
-639687
-639426
-638769
-638630
-638522
-638419
-638306
-637814
-637763
-637398
-637162
-637018
-636988
-636787
-636163
-636145
-635968
-635092
-634591
-634568
-634352
-634016
-633879
-633759
-633285
-633252
-633123
-633071
-632824
-632633
-632299
-632270
-632215
-632197
-632049
-631592
-631273
-631246
-631198
-631161
-631042
-630692
-630487
-630278
-630071
-629993
-629877
-629798
-629102
-628890
-628706
-628127
-628090
-628014
-627711
-627442
-627388
-627043
-626991
-626848
-626807
-626795
-626584
-626490
-625456
-625150
-625103
-624980
-624738
-624584
-624526
-624110
-623194
-623031
-622958
-622779
-622343
-622336
-622232
-622167
-621828
-621388
-621197
-621132
-621113
-621008
-620601
-620218
-620059
-619727
-619727
-619650
-619572
-619548
-619529
-619417
-619314
-619111
-619071
-618598
-618318
-618207
-618071
-617357
-617319
-617293
-617256
-616944
-616718
-616339
-615549
-615379
-615377
-615258
-615067
-614939
-614792
-614705
-614128
-613939
-613810
-612892
-612680
-612622
-612176
-612106
-611375
-611142
-611032
-610338
-610266
-609371
-608587
-608466
-608219
-608029
-607492
-607411
-607182
-607160
-607145
-607091
-606717
-606644
-606581
-606547
-606368
-606332
-606306
-605738
-605227
-604923
-604662
-604625
-604604
-604472
-604456
-604272
-604194
-604107
-603965
-603649
-603465
-603454
-603411
-603286
-603231
-603139
-602959
-602635
-602009
-601953
-601878
-601853
-601619
-601489
-601063
-600941
-600878
-600412
-600191
-600115
-600047
-599987
-599950
-599919
-599629
-598986
-598752
-598599
-598213
-598114
-597886
-597646
-597627
-597404
-597333
-597274
-596709
-596681
-596180
-596168
-596152
-596048
-595964
-595867
-595557
-595422
-595409
-595331
-595020
-595016
-594863
-594834
-593918
-593777
-593625
-593604
-593403
-593401
-593355
-593281
-592817
-592307
-592004
-591664
-591568
-591536
-591305
-591095
-591077
-590721
-590691
-590605
-590099
-589678
-589573
-589192
-589049
-588903
-588461
-588375
-588054
-587542
-587473
-587460
-587436
-587335
-587122
-586976
-586961
-586670
-586654
-586596
-586591
-586590
-585742
-585641
-585399
-585104
-584423
-584326
-584280
-584069
-584017
-583786
-583448
-583360
-583036
-582914
-582464
-582264
-581795
-581550
-581536
-581362
-581304
-581159
-580977
-580087
-579642
-579632
-579619
-579413
-579386
-579373
-579229
-579191
-579002
-578944
-578660
-578547
-578105
-577898
-577634
-577467
-577414
-577219
-576941
-576846
-576777
-576691
-576165
-575998
-575929
-575878
-575861
-575280
-575103
-574487
-573980
-573889
-573688
-573624
-573174
-572344
-572124
-571736
-571648
-571640
-571479
-571425
-571401
-571366
-571234
-571044
-571028
-571025
-570785
-570723
-570395
-570228
-569960
-569196
-569093
-569052
-569029
-568942
-568871
-568849
-567982
-567657
-567304
-567064
-567059
-566788
-566617
-566587
-566503
-566459
-566297
-566095
-565943
-565886
-565469
-565387
-565297
-565161
-564939
-564808
-564650
-564405
-564395
-564282
-564235
-564178
-564103
-563800
-563678
-563661
-563636
-563184
-563094
-562656
-562355
-562183
-561633
-561579
-561556
-561456
-561142
-560581
-560559
-560419
-559848
-559284
-559115
-559103
-558987
-558752
-558147
-557890
-557877
-557847
-557636
-557425
-557416
-557249
-557055
-556553
-555858
-555749
-554737
-554630
-554616
-554483
-554368
-554293
-554190
-553982
-553840
-553781
-553584
-553418
-553139
-553035
-552538
-552324
-551978
-551430
-551382
-551328
-551178
-550988
-550987
-550731
-550484
-549433
-549332
-549257
-549257
-549214
-548715
-548619
-548419
-548247
-548108
-547813
-547796
-547558
-546822
-546820
-546802
-546505
-546230
-546183
-546029
-545650
-544722
-544013
-543881
-543742
-543597
-543568
-543361
-543348
-543309
-543108
-543081
-543080
-542992
-542907
-542333
-542272
-542237
-542023
-541676
-540849
-540445
-540229
-539993
-539978
-539671
-539393
-539030
-538558
-538401
-538260
-538177
-537939
-537500
-537432
-537086
-537066
-536680
-536558
-536416
-536094
-535983
-535948
-535195
-534716
-534183
-533910
-533889
-533853
-533822
-533784
-533742
-531848
-531782
-531703
-531455
-531164
-531162
-530971
-530896
-530688
-530673
-530543
-530264
-529974
-529874
-529825
-529824
-529762
-529728
-529319
-529305
-529275
-529031
-528754
-528186
-528037
-527820
-527807
-527382
-527379
-527180
-527047
-526783
-526600
-526177
-526056
-526004
-525483
-525183
-525148
-524358
-523947
-523810
-523809
-523798
-523562
-523046
-522933
-522643
-522432
-522349
-522061
-521999
-521888
-521827
-521785
-521388
-521217
-521187
-521085
-521062
-521022
-520942
-520255
-519676
-519639
-519634
-519021
-519015
-518502
-518420
-518356
-518325
-518297
-518173
-518160
-517916
-517864
-517585
-517419
-517330
-516947
-516938
-515919
-515414
-515302
-515157
-515131
-514874
-514692
-514545
-514201
-514055
-513779
-513647
-513089
-512931
-512538
-512308
-511798
-511720
-511471
-511399
-511361
-511313
-511156
-510983
-510923
-510759
-510745
-510664
-510495
-510349
-510345
-510274
-510241
-510097
-509683
-509468
-509404
-509386
-509380
-509345
-509256
-508972
-508899
-508521
-508429
-508364
-508121
-508097
-508015
-507990
-507937
-507733
-507395
-507314
-506788
-506763
-506500
-506357
-505940
-505796
-505545
-505533
-505401
-505339
-505200
-504945
-504853
-504367
-504343
-504233
-503791
-503612
-503562
-503536
-503503
-503453
-503390
-503354
-503218
-502920
-502886
-502449
-502242
-502065
-502030
-501795
-501551
-500806
-500508
-500472
-500383
-500337
-500286
-500015
-499891
-499690
-499678
-499067
-498963
-498517
-498307
-498286
-498090
-498076
-496767
-496696
-496236
-496051
-495707
-495568
-495461
-495243
-495063
-494529
-494174
-493146
-492993
-492862
-492535
-492461
-492260
-492189
-492000
-491590
-491479
-491476
-491456
-490792
-490755
-490714
-490506
-490468
-490449
-490237
-490215
-490172
-489866
-489813
-489497
-489387
-489321
-489149
-489138
-488894
-488749
-488690
-488434
-488202
-488140
-488075
-487966
-487961
-487912
-487806
-487792
-487691
-487389
-487377
-487314
-487269
-487247
-487229
-487061
-486766
-486617
-486514
-486333
-486271
-486123
-486084
-485499
-485090
-484968
-484955
-484922
-484593
-484473
-484148
-484132
-483935
-483695
-483582
-483402
-482933
-482867
-482795
-482600
-482521
-482433
-482295
-482008
-481728
-481719
-481449
-481164
-481032
-480745
-480411
-480365
-480040
-480010
-479980
-479746
-479543
-479474
-479272
-479203
-479188
-478499
-478255
-477959
-476995
-476964
-476457
-476266
-476111
-475755
-475544
-475078
-475004
-474944
-474561
-474449
-474391
-474295
-474267
-474265
-474212
-474150
-474100
-473764
-473669
-473236
-473169
-473033
-472726
-472650
-472153
-472112
-472047
-472027
-471878
-471865
-471863
-471742
-471711
-471262
-471040
-470648
-470607
-470414
-469988
-469643
-469435
-469280
-469148
-468371
-468354
-468248
-468100
-467997
-467630
-467493
-467412
-467258
-467234
-466432
-466058
-465997
-465850
-465271
-465148
-465033
-464533
-464396
-464058
-463862
-463328
-462978
-462830
-462700
-462580
-462147
-462012
-461858
-461811
-461791
-461647
-461449
-461430
-461387
-460451
-459664
-459348
-459166
-459053
-458868
-458547
-458497
-458370
-458288
-458182
-457991
-457562
-457341
-457319
-457098
-456875
-456813
-456772
-456150
-455951
-455945
-455936
-455328
-455257
-455148
-455134
-454738
-454539
-454470
-454269
-454268
-454181
-454155
-454085
-453547
-453500
-453438
-452895
-452879
-452645
-452224
-452013
-451412
-451103
-450918
-450465
-450415
-450217
-449853
-449492
-449347
-449305
-449171
-448928
-448868
-448651
-448638
-448325
-448283
-448121
-448068
-447960
-447758
-447442
-447412
-447405
-447220
-447213
-447126
-447034
-446982
-446570
-446540
-446100
-446085
-446015
-445987
-445949
-445696
-445620
-445548
-445546
-445338
-444913
-444235
-444103
-443986
-443968
-443898
-443829
-443627
-443590
-443169
-442820
-442806
-442365
-442360
-442319
-442154
-442105
-442099
-442053
-441760
-441699
-441002
-440926
-440739
-440537
-440505
-440411
-440399
-440101
-440088
-439108
-438678
-438651
-438602
-438479
-437904
-437415
-437323
-437267
-437259
-437203
-437156
-436982
-436842
-436825
-436815
-436448
-436303
-436184
-436075
-436023
-435656
-435460
-434831
-434729
-434664
-434554
-434311
-433891
-433373
-433068
-433011
-433000
-432456
-432424
-431973
-431772
-431175
-431163
-431103
-430970
-430684
-430032
-429870
-429835
-429780
-429435
-429336
-429183
-429002
-428944
-428864
-428781
-428167
-428149
-428135
-428121
-428070
-427602
-427487
-427321
-427074
-426907
-425969
-425868
-425706
-425645
-425427
-425304
-425246
-425184
-424982
-424964
-424202
-423896
-423845
-423648
-423575
-423564
-423401
-423267
-423195
-423122
-422887
-422097
-421935
-421716
-420978
-420790
-420577
-420364
-420199
-419950
-419903
-419597
-419521
-419306
-419027
-418785
-418770
-418742
-418526
-418356
-418346
-418228
-418117
-417858
-417740
-417645
-416556
-416497
-415810
-415517
-415448
-415033
-414663
-414384
-414240
-414184
-413535
-413198
-413170
-413083
-413039
-413008
-412485
-412426
-412398
-411584
-411543
-411492
-411198
-410763
-410601
-410113
-410052
-409864
-409386
-409317
-409169
-409141
-409048
-408985
-408795
-408793
-408763
-408526
-408207
-408045
-407799
-407658
-407494
-407432
-407397
-407368
-406690
-406681
-406680
-406560
-406504
-406338
-406122
-406119
-405836
-405819
-405503
-405384
-405138
-405003
-404709
-404617
-404480
-404023
-403970
-403622
-403578
-403470
-402835
-402807
-402651
-402645
-401675
-401551
-401533
-401421
-401198
-400689
-400636
-400598
-400316
-400085
-400071
-400035
-400032
-400020
-399777
-398912
-398753
-398735
-398405
-398046
-397900
-397080
-397046
-396958
-396583
-396525
-396516
-396381
-395907
-395575
-395124
-394958
-394294
-394196
-393790
-393248
-392577
-392256
-391979
-391828
-391490
-391210
-391183
-391161
-391076
-391058
-390905
-390787
-390093
-389999
-389934
-389854
-389556
-389516
-389510
-389463
-389371
-389153
-388592
-388389
-388283
-388173
-388164
-387247
-387149
-387045
-386705
-386477
-386395
-386216
-385819
-385734
-385617
-385479
-385326
-385279
-385084
-384984
-384102
-383888
-383751
-383090
-382884
-382817
-382448
-381988
-381912
-381877
-381746
-381688
-381660
-381554
-381524
-381498
-381433
-381175
-381060
-380580
-380239
-380230
-380222
-380105
-380001
-379671
-379544
-379096
-378954
-378789
-378767
-378132
-378064
-377329
-377147
-376743
-376693
-376456
-376325
-375898
-375774
-375507
-375362
-375270
-374973
-374662
-374628
-374575
-374310
-373731
-373586
-373426
-373258
-373073
-372770
-372704
-372547
-372537
-372269
-372121
-372000
-371904
-371511
-371104
-370949
-370740
-370677
-370586
-370576
-370571
-370305
-370126
-370007
-369688
-369376
-369154
-369112
-369099
-368753
-368694
-368633
-367894
-367877
-367718
-367635
-367377
-367215
-367148
-366871
-366720
-366467
-366327
-366100
-365301
-365118
-364849
-364781
-364602
-364523
-364501
-364327
-363719
-363112
-363026
-362994
-362612
-362524
-362369
-362360
-362353
-361853
-361721
-361543
-361393
-361377
-361342
-361328
-361202
-361190
-361057
-361046
-360842
-360602
-360578
-360196
-360184
-359691
-359544
-359410
-359274
-359273
-358871
-358698
-358641
-358211
-357793
-357663
-357234
-357198
-357041
-356944
-356784
-356531
-356400
-356277
-355470
-355457
-355182
-354679
-354449
-354262
-353888
-353878
-353766
-353748
-353739
-353434
-353364
-353312
-353259
-353071
-353026
-352862
-352857
-352311
-352187
-351984
-351894
-351881
-351752
-351620
-351606
-351456
-351076
-350672
-350497
-350177
-349965
-349864
-349804
-349555
-349354
-349197
-348975
-348870
-348342
-348207
-348175
-348112
-347708
-347653
-347605
-346809
-346626
-346556
-346510
-346367
-345673
-345188
-345015
-344763
-344576
-344570
-344534
-344463
-344159
-344108
-344043
-343971
-343397
-342958
-342619
-342441
-342383
-342238
-341598
-341422
-340637
-340511
-340390
-340363
-339996
-339790
-339667
-339616
-339465
-339238
-339120
-339016
-339001
-338810
-338767
-338430
-338409
-338296
-338171
-338155
-338141
-338124
-337936
-337881
-337455
-337366
-337365
-337183
-336963
-336749
-336710
-336290
-336196
-335823
-335586
-335484
-335254
-335149
-335072
-334979
-334665
-334519
-334312
-334178
-333782
-333545
-333293
-333275
-332623
-332616
-332571
-332484
-332244
-331871
-331865
-331690
-331564
-331176
-331012
-331007
-330847
-330317
-330248
-330203
-330152
-329880
-329637
-329605
-328841
-328691
-328661
-328648
-328027
-327990
-327910
-327668
-327533
-327449
-327127
-326948
-326893
-326796
-326734
-326708
-325693
-325474
-325186
-325042
-324990
-324771
-324441
-324367
-324317
-323949
-323713
-323696
-323236
-323098
-323005
-322836
-322245
-321568
-321401
-321118
-321034
-320983
-320749
-320694
-319240
-319011
-318774
-318759
-318651
-318353
-317988
-317864
-317767
-317675
-317485
-317250
-316325
-316182
-316108
-315806
-315418
-314994
-314601
-314592
-314473
-314332
-314322
-314066
-314062
-314027
-313777
-313614
-313585
-313551
-313399
-313282
-313255
-313196
-313113
-312859
-312750
-312510
-312450
-312439
-312220
-312102
-311851
-311679
-311487
-311466
-311435
-311242
-310897
-310742
-310334
-310073
-309959
-309664
-309574
-309195
-308953
-308926
-308889
-308851
-308348
-308315
-308306
-308201
-308151
-307931
-307807
-307768
-307452
-307172
-306531
-306259
-306019
-305962
-305960
-305521
-305374
-305209
-304948
-304703
-304398
-304371
-303964
-303920
-303850
-303685
-303647
-303570
-303087
-302984
-302804
-302031
-301913
-301823
-301629
-300658
-300565
-300531
-300528
-300205
-298936
-298902
-298613
-297870
-297864
-297243
-297208
-297163
-297002
-296997
-296978
-296832
-296430
-296284
-296098
-295991
-295822
-295639
-295210
-295040
-295010
-294994
-294983
-294948
-294729
-294612
-294528
-294189
-293909
-293797
-293422
-293357
-292829
-292812
-292677
-291646
-291143
-290610
-290527
-290145
-289936
-289745
-289708
-289394
-289302
-289075
-288775
-288323
-288276
-288061
-288028
-287547
-287331
-287010
-286951
-286821
-286454
-286094
-285936
-285900
-285771
-285570
-285471
-285365
-285289
-285205
-284811
-284603
-284322
-284244
-283901
-283883
-283813
-283636
-283579
-283500
-283481
-283272
-283223
-283093
-282950
-282795
-282702
-282400
-282172
-281960
-281809
-281800
-281592
-281312
-281259
-280723
-280675
-280561
-280187
-280122
-279929
-279852
-279834
-279553
-279327
-279304
-278814
-278752
-278725
-278689
-278417
-278256
-278200
-277993
-277316
-277236
-276970
-276880
-276789
-276289
-275662
-275596
-275557
-275035
-274995
-274946
-274815
-274402
-274240
-274021
-273907
-273691
-273460
-273403
-273392
-272958
-272886
-272748
-272299
-271484
-271462
-271278
-270476
-270414
-270338
-269434
-269204
-269075
-269032
-268941
-268576
-268546
-268536
-268496
-268491
-268358
-268274
-268236
-268234
-268125
-268035
-268002
-267692
-266908
-266797
-266609
-266576
-265688
-265679
-265585
-265405
-265353
-265300
-265029
-264794
-264260
-264040
-263893
-263498
-262947
-262364
-262029
-261758
-261624
-261424
-261242
-261096
-261027
-260803
-260754
-260426
-260003
-259994
-259729
-259574
-259329
-259148
-258757
-258699
-258495
-258354
-258198
-258180
-257955
-257894
-257888
-257885
-257848
-257516
-257367
-257261
-257216
-256893
-256619
-256509
-256160
-255971
-255839
-255725
-255247
-254636
-254320
-254215
-254115
-254032
-254024
-253078
-253027
-252715
-252521
-252515
-252503
-252254
-252229
-252212
-252212
-252188
-251904
-251834
-251697
-251564
-250723
-250602
-250485
-250193
-249831
-249591
-249556
-249475
-249137
-248791
-248778
-248616
-248302
-247880
-247868
-247561
-247251
-247092
-246618
-245610
-245561
-245513
-245177
-244599
-244468
-244384
-244211
-244172
-244091
-243843
-243706
-243058
-242979
-242911
-242433
-242353
-242295
-242072
-242064
-241918
-241727
-241690
-240997
-240859
-240826
-240648
-240566
-240311
-240176
-240174
-240140
-239804
-239473
-239099
-239063
-239020
-238820
-238728
-238446
-237892
-237833
-237756
-237113
-236838
-236778
-236547
-236212
-236101
-235853
-235765
-235363
-235358
-235163
-234713
-233903
-233785
-233583
-233377
-232837
-232617
-232510
-232457
-232311
-232123
-232111
-232089
-231845
-231838
-231200
-231014
-230659
-230654
-230582
-229910
-229760
-229731
-229719
-229656
-229305
-229195
-229192
-228809
-228596
-227673
-227668
-227384
-227097
-226957
-226682
-226318
-226235
-226001
-225964
-225793
-225479
-225230
-225011
-224141
-223871
-223770
-223514
-223218
-222901
-222666
-222509
-222311
-222035
-221635
-221472
-221403
-220959
-220862
-220696
-220683
-220628
-220535
-220139
-220120
-219681
-219203
-218788
-218652
-218594
-218573
-218250
-217567
-217468
-217306
-216816
-216637
-216101
-216013
-215723
-215608
-215436
-215353
-215284
-215219
-215019
-214770
-214526
-214490
-214482
-214282
-214273
-213709
-213552
-213217
-212999
-212855
-212414
-212275
-212096
-211804
-211651
-211242
-211211
-210963
-210927
-210895
-210465
-210278
-210188
-210163
-209903
-209538
-209343
-209224
-209115
-209093
-209012
-208730
-208439
-208438
-208376
-208235
-208223
-207985
-207797
-207773
-207738
-207572
-207199
-206830
-206494
-206264
-206086
-205937
-205261
-204977
-204549
-204227
-204078
-204008
-203911
-203793
-203743
-203260
-202970
-202130
-201689
-201245
-200962
-200739
-200682
-200606
-200270
-200221
-199835
-199779
-199736
-199619
-199550
-199475
-199400
-199390
-199293
-199261
-199239
-199178
-199011
-198734
-198704
-197746
-197592
-197333
-197261
-197184
-197006
-196580
-196580
-196312
-196261
-195995
-195636
-195615
-195528
-195435
-194912
-194703
-194375
-193335
-192551
-192385
-192334
-192227
-192039
-191973
-191639
-191246
-190858
-190658
-189996
-189841
-189406
-189197
-189099
-188990
-188892
-188763
-188649
-188550
-188346
-188097
-188070
-188064
-188041
-187474
-187398
-186706
-186561
-186554
-186535
-186498
-186497
-186460
-186121
-186086
-185612
-185579
-185480
-185395
-185372
-185343
-185297
-185287
-185085
-185070
-184465
-184179
-184092
-184066
-184021
-183926
-183890
-183460
-183222
-182991
-182911
-182446
-182118
-182017
-181509
-181372
-180943
-180770
-180527
-179994
-179932
-179802
-179795
-179324
-178753
-178607
-178442
-178395
-178162
-178056
-177765
-177591
-177497
-177359
-177268
-176851
-176754
-176578
-176447
-176052
-175869
-175838
-175670
-175625
-175496
-175125
-174836
-174816
-174556
-174520
-174387
-173962
-173885
-173606
-173136
-173076
-172720
-172389
-172035
-172033
-172013
-171703
-170993
-170754
-170477
-170340
-170272
-170176
-169988
-169876
-169556
-169313
-169301
-169187
-169116
-168765
-168582
-168128
-167794
-167590
-167050
-166688
-166589
-166264
-166206
-166110
-165955
-165883
-165609
-165568
-165506
-165281
-164934
-164804
-164733
-164687
-164568
-164396
-164381
-164356
-164176
-163806
-163721
-163704
-163696
-163645
-163503
-163451
-163403
-163315
-163165
-162490
-162212
-162158
-161805
-161397
-161340
-161237
-161074
-160963
-160814
-160783
-160628
-160621
-159968
-159581
-159442
-158739
-158584
-158382
-158346
-158024
-158015
-157542
-157336
-157244
-157163
-156858
-156665
-156458
-156310
-156136
-156084
-156083
-156000
-155505
-155035
-154983
-154951
-154798
-153949
-153912
-153877
-153670
-153630
-153353
-153216
-152933
-152871
-152655
-152185
-152062
-151379
-151291
-151104
-151038
-151037
-150243
-150159
-150086
-150070
-149866
-149186
-149164
-148443
-148027
-147926
-147638
-147543
-147455
-147357
-147251
-147118
-147004
-146839
-146741
-146448
-146400
-146128
-146105
-145938
-145637
-145622
-145228
-145224
-145066
-144943
-144777
-144500
-144445
-144357
-144190
-144147
-143733
-143708
-143645
-143232
-142940
-142729
-142393
-142171
-142004
-141994
-141993
-141693
-141407
-141369
-141078
-140594
-140566
-140331
-140091
-139833
-139416
-139255
-139152
-139104
-138955
-138745
-138216
-138164
-138057
-137921
-137599
-137506
-137372
-137204
-137065
-136572
-136504
-136345
-136272
-136247
-136115
-135950
-135639
-135629
-135485
-135295
-135054
-135011
-134892
-134538
-134375
-134031
-133764
-133752
-133700
-133612
-133582
-133363
-133146
-133081
-133011
-132246
-132218
-132074
-132002
-131896
-131535
-131384
-131207
-131168
-131110
-131093
-131054
-130859
-130839
-130281
-130136
-129821
-129697
-129502
-129470
-129371
-129145
-128451
-128432
-128345
-128118
-127858
-127709
-127677
-127633
-127441
-127239
-127063
-126938
-126821
-126668
-126632
-126555
-126382
-126238
-126153
-125728
-125261
-125043
-124619
-124362
-124326
-124135
-123754
-123214
-122706
-122175
-122152
-122015
-121879
-121793
-121729
-121721
-121537
-121051
-120865
-120216
-120166
-119890
-119220
-118809
-118674
-117854
-117610
-117260
-117104
-116472
-116342
-116295
-115941
-115728
-115550
-115337
-115279
-114665
-114026
-113730
-113700
-113566
-113265
-113245
-112905
-112889
-112746
-112475
-112432
-112373
-112267
-112238
-111631
-111628
-111385
-111157
-111084
-110966
-110956
-110696
-110548
-110445
-110364
-110134
-110103
-109991
-109978
-109624
-109574
-109262
-109224
-109086
-108772
-108588
-108325
-108197
-107908
-107461
-107298
-107247
-107220
-107171
-107063
-106847
-106674
-106489
-106386
-106059
-105767
-105668
-105665
-104642
-103824
-103777
-103492
-103289
-103172
-103047
-102879
-102679
-102612
-102526
-101937
-101877
-101728
-101641
-101566
-101536
-101442
-101412
-101396
-101053
-100631
-100564
-99752
-99493
-99258
-99246
-98949
-98721
-98495
-98457
-98421
-98413
-97339
-97158
-97081
-97023
-97015
-97009
-96992
-96445
-96404
-96265
-95735
-95729
-95700
-95492
-94944
-94883
-94784
-93967
-93915
-93900
-93643
-93632
-93625
-93573
-93322
-92980
-92443
-92214
-91692
-91678
-91586
-91417
-91330
-91296
-91254
-91195
-90941
-90836
-90393
-89886
-89686
-89296
-88631
-88295
-88157
-88023
-87960
-87867
-87686
-87301
-87197
-86921
-86328
-86234
-86219
-85959
-85654
-85470
-85097
-85004
-84901
-84693
-84613
-84267
-84200
-84114
-84020
-83296
-83244
-82949
-82869
-82841
-82760
-82437
-82262
-82148
-81773
-81732
-81686
-81243
-80993
-80914
-80507
-80214
-80170
-80069
-79742
-79447
-79358
-79306
-79256
-79243
-78914
-78766
-78682
-78536
-78008
-77817
-77405
-77400
-77153
-76770
-76581
-76398
-76106
-74903
-74775
-74708
-74624
-73815
-73614
-73500
-73443
-73367
-73321
-73136
-73111
-72992
-72794
-72491
-72471
-72384
-72238
-72007
-71805
-71549
-71326
-71240
-71103
-70908
-70791
-70740
-70517
-70440
-70319
-70306
-70292
-69608
-69560
-69517
-69423
-69119
-69083
-68991
-68829
-68791
-68562
-68472
-68437
-68344
-68306
-68218
-68163
-68072
-68020
-68013
-67858
-67543
-66982
-66889
-66718
-66295
-66099
-65844
-65468
-65282
-65210
-65003
-64756
-64652
-64439
-64422
-64409
-64155
-63899
-63877
-63668
-63326
-63308
-63236
-63202
-63184
-63143
-63108
-62912
-62744
-62650
-62589
-62536
-62387
-61803
-61120
-60898
-60839
-60455
-60369
-60154
-60033
-59963
-59790
-59608
-59534
-59484
-59413
-58935
-58852
-58649
-58388
-58250
-57619
-57531
-57444
-56897
-56551
-56537
-56455
-56325
-56229
-56020
-55642
-55581
-55494
-55422
-55410
-55225
-55211
-54977
-54705
-54655
-54628
-54519
-54432
-54394
-54144
-54118
-54032
-53759
-53705
-53598
-53540
-53088
-52977
-52929
-52684
-52175
-52070
-51852
-51834
-51825
-51772
-51590
-51341
-51248
-51234
-51041
-50746
-50282
-50232
-49775
-49748
-49635
-49492
-49491
-49467
-49451
-49263
-49187
-49037
-48913
-48649
-48525
-48328
-48055
-47939
-47420
-47211
-46928
-46681
-46648
-46461
-46345
-46003
-45754
-45491
-45345
-45250
-45244
-44171
-43985
-43966
-43849
-43804
-43248
-42957
-42640
-42535
-42446
-42178
-42018
-41275
-40933
-40886
-40699
-40581
-40409
-40303
-40053
-39735
-39706
-39609
-39537
-39447
-39369
-39345
-39321
-39161
-38878
-38623
-38545
-38383
-38155
-38090
-37990
-37697
-37338
-37283
-37105
-37022
-36834
-36715
-36699
-36619
-36601
-36439
-36252
-36210
-36202
-36102
-35711
-35559
-35362
-35302
-35167
-34978
-34797
-34735
-34311
-34077
-33194
-33092
-32797
-32517
-32333
-32320
-32292
-32150
-32080
-31833
-31487
-31133
-31048
-30788
-30633
-30439
-30234
-29928
-29428
-29152
-28993
-28881
-28803
-28449
-27658
-27464
-27428
-26775
-26617
-26324
-26155
-26050
-26037
-25850
-25795
-25707
-25269
-25142
-25117
-25027
-24920
-24910
-24554
-24205
-24178
-24014
-23968
-23894
-23738
-23624
-23290
-23227
-23211
-22949
-22894
-22878
-22799
-22267
-21801
-21577
-21514
-21360
-21062
-20966
-20804
-20430
-20253
-19903
-19856
-19205
-19089
-18963
-18928
-18758
-18612
-18530
-18502
-18248
-18245
-17931
-17887
-17734
-17702
-17680
-17626
-17511
-17288
-16536
-16406
-16402
-16262
-16136
-14984
-14759
-14430
-14405
-14361
-13966
-13932
-13665
-13600
-12685
-12409
-12358
-11933
-11457
-11116
-10951
-10461
-10200
-10121
-9822
-9539
-9431
-8804
-8607
-8473
-8190
-8172
-8171
-8055
-8038
-7761
-7626
-7589
-7583
-7455
-7341
-7172
-7118
-7078
-7007
-6568
-6519
-6152
-5852
-5836
-5536
-5507
-5316
-5162
-4924
-4654
-4645
-4590
-4574
-4305
-4161
-3892
-3637
-3374
-3353
-2971
-2901
-2170
-2144
-2104
-2024
-2000
-1892
-1783
-1772
-1484
-1318
-949
-828
-820
-739
-459
-367
421
449
465
675
871
1187
1363
1727
1749
1820
1916
2255
2341
2493
2787
3008
3061
3069
3293
3422
3486
3825
3889
3907
4107
4165
4195
4449
4490
4906
5008
5340
5488
5651
6241
6312
6441
6447
6448
6869
7241
7490
7710
8037
8185
8189
8419
8718
8860
8949
9059
9276
9578
9956
9981
10212
10371
10538
10593
10706
10750
10775
11331
11915
12170
12704
12724
12925
13705
13999
14194
14359
14373
14450
14474
14506
14706
14804
14841
14849
15230
15462
15566
15968
16382
16546
16613
16847
17074
17102
17147
17248
17330
17511
17664
17875
17903
18006
18067
18107
18218
18535
18553
18638
19182
19235
19341
19390
19443
19532
19656
19898
19954
20105
20410
20642
21016
21442
21531
21728
21804
21843
21869
22233
22459
22673
22925
23051
23054
23134
23174
23369
23543
23830
24990
25397
25455
25494
25615
25815
25909
26071
26603
26607
26710
26765
27221
27352
27692
28432
28626
28760
29115
29186
29200
29399
29927
30202
30608
30725
30851
31160
31237
31454
31577
31841
32499
32503
32590
32723
32882
32922
33166
33312
33537
33630
34113
34648
35120
35188
35306
35553
35770
35963
36203
36210
36349
36607
36778
37017
37043
37057
37134
37160
37200
37476
37672
37926
39182
39295
39387
40080
40104
40345
40622
41086
41184
41199
41257
41262
41364
41566
41604
41687
41703
41889
41995
42457
42758
43086
43261
43335
43406
43667
43802
44069
44151
44250
44518
44557
44622
44639
44657
44950
45384
45398
45587
45662
45664
45689
45766
46059
46234
46369
46388
46393
46621
46756
47032
47086
47265
47314
47511
48322
48554
48615
49074
49462
49899
50059
50165
50205
50363
50657
50714
50735
50862
51259
51714
52047
52127
52510
52583
53298
53383
53526
53842
54135
54252
54435
54454
54975
54997
55056
55062
55088
55116
55141
55250
55252
55580
55769
55770
55894
55947
56052
56147
56694
56696
56761
57031
57075
57207
57407
57581
57607
57838
58166
58190
58288
58427
58514
58629
58757
58952
59369
59507
59565
59768
60045
60061
60156
60440
60618
60985
61440
61581
61602
61841
61843
61942
62319
62341
62482
62598
62699
62780
62807
62942
62960
63329
63514
63601
63985
64238
64423
64581
64758
64874
64917
65001
65210
65312
65461
65711
65748
65889
65932
65946
66233
66379
66490
66524
66587
66773
66833
66877
67135
67193
67295
67364
67508
67798
67853
68703
68753
68918
68938
68989
69061
69179
69929
70027
70033
70054
70475
70546
70581
70657
70900
71198
71248
71277
71297
71565
71884
71975
71992
72190
72457
72799
73139
73340
73449
73803
73876
73906
74015
74099
74144
74321
74449
74830
74893
75135
75291
75296
75341
75512
75865
75975
76118
76308
76473
77307
77518
77557
77945
78486
78681
78862
78920
79017
79203
79204
79317
79501
79557
80198
80202
81067
81125
81137
81288
81308
81391
81413
81708
81911
82008
82814
83071
83135
83167
83403
83609
83782
84008
84020
84087
84353
84368
84690
84840
85198
85399
85405
86168
86325
86569
86658
87310
87438
87830
87954
88299
88655
88680
89187
89348
90447
90798
90973
91201
91267
91437
91487
91508
91565
91673
91734
92295
92571
92589
92793
92803
92828
93193
93220
93587
93606
93828
94116
94315
94822
95181
95215
95401
95700
95971
96366
96669
97529
97633
98074
98119
98120
98486
98584
98598
99051
99242
99502
99505
99512
99531
99611
100060
100111
100134
100155
100326
100458
100528
101261
101297
101441
101645
101702
101739
101838
102207
102417
102482
102794
102795
102819
103036
103126
103226
103494
103887
104060
104256
104299
104334
104444
104579
104811
104847
104999
105057
105444
105493
105578
105662
105732
105875
105935
106331
106389
106550
106712
107123
107170
107818
108055
108156
108232
108275
108395
108674
109092
109224
109396
109431
109783
110157
110420
111133
111215
111240
111250
111347
111456
111665
112002
112621
113297
113396
113451
113499
114315
114329
114447
114583
115127
115559
115779
115820
115972
116064
116198
116273
116351
116359
116808
117026
117029
117320
117558
117622
117633
117645
117898
117915
117986
118378
118513
118515
118918
119190
119929
120121
120258
120260
120359
120787
120820
120881
120889
121093
121686
121700
121726
121806
121821
122096
122135
122259
122345
122370
122372
122490
122788
122861
122965
123052
123089
123334
123526
123672
123899
123917
124333
124434
124873
124901
125161
125175
125320
125842
125911
126478
126737
126926
127538
127601
127686
127929
128831
129481
129812
130019
130272
130292
130529
130554
130830
130883
131527
131625
131782
132645
132683
132748
132919
132948
133155
133473
133804
133814
133870
133923
133962
133987
134357
134870
135715
136224
136562
136668
136675
137219
137222
137227
137342
137815
138984
139001
139002
139185
139225
139300
139470
139671
139766
139926
139978
140755
140755
141187
141246
141298
141301
141468
141629
142079
142190
142386
142413
142491
142878
142975
143040
143060
143128
144012
144087
144108
144303
144362
144568
144857
145560
145577
146066
146377
146659
146687
146771
146813
147138
147158
147874
147919
148266
148422
148473
148591
148642
148679
148859
149056
149447
149675
149987
150064
150131
150187
150503
150629
150770
150775
150966
151104
151384
151399
151622
151822
151854
151971
152003
152559
152783
153264
153610
154102
154149
154343
154364
155197
155371
155442
156021
156024
156413
156706
156725
157474
157905
158085
158253
158518
158664
158708
158893
159327
159328
159511
159689
159736
159935
160129
160235
160629
160853
160961
161164
161209
161213
161266
161305
161670
161972
162224
162306
162401
162651
162667
162857
163465
163642
163721
164226
164378
164862
164899
165243
165260
165303
165479
165501
165721
165776
165791
165874
165949
165950
166055
166144
166297
166433
166515
166731
166906
166978
167068
167111
167161
167265
167390
167427
167668
167798
167799
167887
168094
168290
168402
168502
168523
168985
169357
169454
169552
170003
170117
170471
170722
171031
171130
171324
171371
171394
171448
171833
172421
172543
172685
173088
173170
173605
174064
174591
174711
176225
176377
176563
176607
176908
177560
177572
177738
177745
178250
178351
178617
178895
179190
179385
179452
179458
179803
179814
180120
180600
180712
180927
181029
181051
181176
181198
181506
181557
181888
181894
181908
181909
182219
183192
183227
183538
183697
183782
184043
184056
184637
184644
185621
185684
185703
185765
186568
186669
186891
186943
187056
187071
187078
187184
187643
187871
187989
188194
188431
188532
188626
188965
189137
189673
189916
190015
190052
190231
190616
190880
191182
191244
191538
191691
191836
191850
191908
192865
193173
193218
193510
193638
193740
193766
194221
194294
194313
194467
194492
194492
194656
194663
194833
195044
195509
195582
195732
195807
195861
195937
195992
196070
196141
196573
196839
196993
197079
197122
197244
197376
197682
198267
198579
198741
198853
199077
199409
199857
200136
200142
200144
200200
200234
200765
201287
201314
201604
201730
201971
202005
202103
202112
202126
202153
202248
202357
202603
203133
203215
203405
203461
203610
204076
204112
204582
204769
205282
205725
205768
205802
206050
206058
206098
206267
206382
207557
207711
207877
208002
208127
208133
208423
208547
208596
208802
209108
209572
209636
209905
210045
210067
210353
210409
210439
210638
210658
210694
210698
211019
211274
211950
212710
212892
213099
213405
213570
213911
214017
214118
214240
214378
214413
214836
214900
214971
215018
215107
215285
215578
215898
216102
216159
216560
216603
216837
217155
217173
217302
217309
218091
218493
218564
218981
219283
219553
219661
219662
219695
220034
220903
220918
221405
222092
222176
222779
223034
223178
223325
223506
223530
223539
223850
223958
223967
224177
224449
224555
224834
225331
225465
225497
225817
225855
226124
226430
227085
227123
227240
227249
227294
227433
227495
227514
227522
227682
227939
227951
228115
228292
228401
228407
228639
228686
228780
229002
229138
229164
229262
229266
229613
230003
230247
230871
231038
231171
231233
231248
231477
231588
231638
231761
231978
232124
232296
232489
232544
232916
232949
233728
234170
234472
234496
234956
235377
235615
235624
235740
235808
235918
236920
237086
237096
237229
237383
237404
237415
237439
237455
237503
237572
237671
237733
237809
237876
238980
239201
239554
239639
239717
239798
240169
240179
241064
241188
241239
241431
241985
242169
242512
242664
242911
243213
243437
244356
244704
244755
245133
245222
245318
245352
245795
245938
245973
246091
246113
246319
246448
246836
246981
247092
247282
247386
247776
247957
248021
248029
248332
248860
248919
248940
249187
249508
249640
249647
249708
249990
250140
250174
250305
250360
250507
250738
250779
250942
251091
251161
251638
251788
252156
252244
252247
252341
252486
252522
252559
252643
252864
253114
253264
253380
253540
253939
254367
254674
254842
254843
255005
255190
255478
256510
256526
257227
257291
257326
257443
257575
257806
257872
258000
258221
258391
259221
259422
259916
259978
260037
260123
260233
260255
260267
260296
260653
260694
260709
260967
261100
261265
261355
261617
261662
261717
261826
262031
262063
262496
262589
262900
262929
263087
263183
263327
263427
263527
263699
264140
264492
264762
264929
264979
265380
265664
266112
266151
266298
266560
267042
267057
267436
267464
267808
267969
268002
268259
268705
268787
268894
269130
269632
269707
269768
270015
270020
270304
270348
270510
270613
270920
271344
271847
271955
272379
272518
272613
272723
272766
272828
273931
273963
274174
274316
274520
274716
274844
274870
275391
275734
275751
275910
276057
276590
276611
276705
277468
277669
277692
277913
277988
278150
278216
278520
278546
278567
278851
279081
279117
279263
279343
279392
279465
279496
279807
279903
279970
280153
280497
280938
280950
280955
281136
281265
281279
281422
281487
281718
282256
282401
282412
283373
283426
283589
283743
284337
284826
284829
284851
285093
285111
285171
285286
285332
285552
285635
285743
285844
285844
285908
286225
286321
286552
286667
286783
286850
287340
287423
287440
287541
287753
288114
288214
288688
288698
288719
288746
288823
288838
289036
289083
289222
289267
289289
289330
289369
289485
289486
289643
289805
290022
290738
290834
291004
291158
291472
291601
291637
291881
292412
292565
292636
292962
293038
293238
293464
293946
294007
294970
295553
295710
295744
295950
296141
296263
296371
296445
296513
297095
297114
297290
297479
297522
297674
297918
298146
298158
298226
298494
298700
298864
298866
299012
299028
299258
299784
299864
300345
300817
300864
300937
301466
301643
301693
301860
301988
302535
302537
302624
302679
302954
303005
303085
303198
303252
303372
303447
303647
303662
303689
304385
304792
306000
306248
306382
306936
307052
307869
308041
308229
308380
308580
308844
309384
309475
309587
309904
310243
310431
310480
310511
310638
310656
310833
310855
310920
310982
311100
311753
311954
312104
312225
312252
312311
312446
312679
312795
313475
313540
313768
314145
314270
314628
314923
314936
314966
315112
315620
315981
316280
316396
316422
316574
316643
317218
317453
317631
317838
318127
318299
318366
318387
318459
318537
318860
319620
319670
319798
319813
320007
320051
320688
321026
321062
321131
321792
321811
322049
322123
322432
322461
322625
322632
323063
323076
323623
323909
323973
324304
324385
324498
324575
324808
325086
325096
325212
325295
325424
325668
325750
325953
326272
326747
326994
327111
327241
327708
327710
328361
328457
328814
329277
329418
329428
329546
329762
330035
330068
330087
330171
330461
330684
330730
330913
330995
331020
331137
331692
331795
331818
332342
332549
332793
332924
333361
333775
333826
334532
334877
335084
335683
335694
335789
335938
335983
336452
336725
336916
337035
337250
337477
337495
337584
337681
338114
338253
338411
338471
338480
338770
338919
339701
340245
340471
340514
341788
342269
342363
342399
342701
342726
343025
343289
343400
343670
343682
344030
344061
344270
344438
344505
344518
344740
344762
345644
345799
345842
346048
346089
346095
346249
346410
346419
346724
346733
347070
347237
347242
347394
347471
347490
347798
347959
348038
348946
349402
349628
349638
349662
349671
349842
349860
350648
350724
350749
350845
350988
351057
351154
351184
351625
351640
351714
351953
351963
352604
352658
353710
353769
353857
353956
354069
354547
355182
355322
355556
355974
356008
356343
356390
356423
356830
356939
357054
357092
357160
357197
357330
357331
357430
357597
357624
357938
358202
358407
358524
359059
359248
359306
359535
360586
360773
360775
361008
361345
361600
361676
361812
361914
362324
362371
362454
362604
362683
362888
363031
363216
363308
363571
363595
363637
364001
364187
364217
364223
364261
364424
364596
364742
364762
364802
364873
364945
365236
365485
366178
366198
366299
366684
366854
366921
367174
367334
367428
368194
368435
368643
368923
368937
368944
369043
369520
369584
369596
369851
369864
370162
370197
370265
370320
370628
370819
370927
370991
371048
371977
372036
372108
372516
372746
372889
373064
373271
373386
373495
374223
375233
375279
375791
376040
376077
376110
376329
376842
376934
376953
376998
377245
377432
377450
377838
377929
377975
378117
379262
379408
379469
379477
380085
380414
380440
380481
380763
380793
381456
381800
382061
382370
383036
383475
383847
384026
384426
384460
384749
384871
385054
385382
385399
385891
385973
386141
386376
386619
386776
387351
387399
387866
387996
388240
388535
389450
390789
390908
391351
391375
391536
391683
391785
392003
392033
392090
392117
392632
393148
393194
393387
393664
393769
393833
393860
394158
394277
394488
394583
394650
394912
394990
395026
395031
395134
395338
395411
395752
396059
396064
396257
396412
396428
396605
396658
396843
396865
396911
397020
397567
397754
397852
398132
398456
398628
398700
398870
398875
399073
399112
399343
399754
400014
400177
400387
400661
401061
401169
401244
401307
401384
401724
402727
403165
403195
403254
403302
403448
403487
403713
403775
404021
404186
404395
404403
404705
404732
404879
405168
405574
405623
405851
405898
405941
405976
406047
406537
406553
406838
406976
407777
408029
408141
408175
408206
408893
409250
409343
409407
409501
409545
409683
409823
410227
410254
410266
410363
410483
410635
410815
410917
411057
411319
411374
411505
411565
411588
411720
412039
412085
412160
412258
412583
413292
413317
413342
413471
413630
413934
414302
414319
414355
414885
415123
415171
415202
416004
416641
416712
417033
417035
417309
417422
417829
418134
418196
418555
419151
419390
419662
420040
420896
421020
421275
421406
421492
421594
421689
421961
422760
422779
422793
422810
422816
423232
423286
424053
424537
424581
424649
424650
424980
425352
425380
425588
425822
426508
426711
426789
427315
427329
427402
428168
428354
428595
428718
428758
428769
428791
428850
428884
428945
429041
429461
429632
429986
430118
430254
430335
430417
430419
430693
431208
431336
431364
431389
431398
431837
432143
432636
432780
432993
433042
433127
433972
434321
434462
435180
435558
435636
435728
436187
436363
436607
436681
436726
436878
436884
436915
437866
438402
438448
438520
438605
438720
438825
438845
438922
438991
439250
439481
439509
439605
439862
440319
440581
440602
440677
440803
441159
441517
441590
441704
441810
441836
442213
442584
442783
442976
443118
443141
443413
443416
443420
443427
443557
443580
443803
443846
443959
444018
444251
444378
445058
445463
445506
445665
445945
446077
446263
446444
446756
446853
447106
447220
447775
447891
448382
448616
448628
448803
448928
449015
449339
449513
449607
449903
450406
450443
450541
450552
450671
450804
451149
451184
451421
451450
451615
451704
451714
451760
451857
451863
452075
452624
452639
452989
453330
453503
453554
454231
454437
454857
454859
454939
455178
456849
457118
457187
457310
457314
457526
457597
457629
457697
458018
458103
458192
458193
458217
458306
458330
458772
458972
459244
459515
459779
459845
460441
460535
460782
460918
460942
461000
461120
461655
461757
462226
462442
462984
463079
463107
463149
463189
463627
463766
464040
464168
464175
464630
464644
465551
465562
465837
466087
466329
466825
466827
466954
467062
467102
467538
467750
467867
467908
467974
468252
468529
468963
469057
469148
469231
470027
470127
470507
470580
470678
470833
470852
470956
471380
471405
471417
471444
471446
471795
472291
472427
472553
472734
472919
472932
473059
473124
473273
473726
473849
473888
474064
475098
476180
476261
476394
476736
477255
477311
477594
478362
478379
478457
478569
478858
479014
479111
479386
479443
479498
479657
479693
479790
480055
480405
480569
480765
481134
481768
482157
482467
482637
482663
482737
483012
483389
483401
483409
483630
484192
484412
484536
484762
484875
485065
485104
485374
485394
485514
485602
485627
486012
486601
487128
487407
487985
488246
488375
488531
488581
488923
489069
489274
489512
489884
490066
490164
490354
490537
490647
491157
491238
491562
491623
491790
491880
491922
492170
492252
492439
492495
492569
492901
493073
493138
493581
493746
493988
494097
494183
494391
494706
495043
495124
495328
495533
496033
496142
496322
496688
497318
497480
497921
497941
498266
498750
498761
499110
499691
499922
499980
500022
500270
500311
500602
500874
501200
501534
501948
502104
502186
502263
502340
502766
503290
503477
503744
503915
504012
504047
504149
504426
504814
504986
505057
505095
505148
505258
505360
505723
506325
506742
506993
507031
507104
507121
507657
507720
507777
508208
508222
508516
508717
509008
509023
509103
509126
509319
509322
509406
509679
509749
509769
509906
510627
510840
511610
511755
512176
512421
512422
513594
513724
513731
514078
514851
514879
514879
515038
515195
515243
515308
515463
516021
516191
516865
516898
516936
517072
517255
517298
517328
517438
517450
517670
517692
517792
517875
518071
518115
518151
518162
518243
518500
518669
518978
519049
519128
519205
519293
519321
519325
519340
519415
519458
519950
520127
520156
520616
520707
521018
521595
521822
522020
522096
522262
522369
522523
522678
522783
522917
522949
522998
523641
523971
524229
524587
524590
524782
524842
524932
525291
525332
525379
525492
525660
525714
525853
526082
526261
527174
527252
527395
527418
527864
528058
528136
528627
528807
529365
529649
529673
529709
529970
530135
530166
530167
530239
530342
530372
530410
530485
530501
530652
530730
531104
531193
531425
531490
532296
532472
532925
532950
533016
533082
533433
535016
535175
535213
535340
535373
535388
535799
535976
536192
536453
537184
537383
537734
538137
538187
538218
538707
538709
538796
538935
539498
539514
539673
539681
539771
540157
540197
540294
540351
540504
540956
541111
541205
541837
541877
542099
542642
543101
543450
543516
544482
545143
545192
545292
545810
546160
546292
546632
546791
546872
546996
547192
547276
547617
547832
548156
548433
549031
549182
549951
550442
550709
550866
551025
551395
551445
551516
551633
551776
552008
552129
552296
552361
552635
552648
552837
552977
553155
553216
553892
554098
554655
554850
555332
555472
555516
556232
557438
557545
557677
557772
558070
558071
558174
558325
558406
558859
558904
558906
559092
559098
559101
559314
559349
559463
559543
559656
559727
559846
560038
560252
560338
560467
560659
560891
560891
560929
561030
561378
561451
561653
561655
562102
562162
562326
562717
562970
563080
563204
563555
563665
563751
563784
563826
564164
564167
564257
564544
564642
564980
564988
565157
565235
565280
565437
565648
565754
565775
566126
566408
566457
566502
566735
566981
567100
567160
567252
567293
567323
567413
567585
567697
567792
567842
568069
568204
568285
568350
568385
568496
568674
568732
569270
569455
569762
569794
569822
570161
570321
570352
570812
571346
571516
571727
571869
572059
572109
572437
572776
572824
572857
573379
573411
573984
574135
574150
574306
574328
574472
574732
575454
575747
575808
576674
576680
576711
576852
576880
576882
577160
577378
577522
577693
577750
578090
579032
579374
579524
579994
580214
580289
580449
580631
580809
581255
581455
581582
581656
581799
582059
582222
582573
582619
582633
583390
583870
583896
584002
584019
584339
584359
584550
585113
585423
585427
585875
585969
586067
586768
587379
587383
587618
587796
588026
588102
588247
588404
588431
588582
589037
589241
589273
589302
589361
589430
589592
589941
590123
590309
590368
590602
590666
590893
590958
591182
591361
591548
591618
591717
591724
591796
592358
592469
592474
592487
593176
593356
593560
593801
593865
594152
594343
594371
594570
594597
595309
595320
595391
595480
595684
595791
596446
597023
597054
597086
597144
597438
597677
597933
598097
598247
598423
598479
598522
598531
598878
598960
599399
599712
599732
599855
600058
600348
600404
600413
600567
600823
601268
601428
601903
602090
602386
602564
602570
602753
602806
602923
603006
603194
603198
603233
603527
603528
603634
603699
603770
604078
604107
604125
604138
604676
604959
605128
605217
605281
605312
605516
605747
605823
605958
606147
606535
606771
607029
607153
607274
607314
607348
607672
607751
607857
607895
608001
608098
608148
608433
608580
608594
608811
609097
609480
609579
609747
609893
610362
610370
611162
611257
612223
612278
612547
612568
612815
612916
612936
612944
613328
613601
613645
613740
613938
613940
614019
614153
614248
614489
614773
614858
615059
615389
615394
616008
616423
616673
616933
617772
618127
618224
618340
618362
619371
619965
620179
620375
620426
620642
620696
620842
620980
621009
621056
621125
621134
621139
621146
621275
621694
621903
622042
622065
622285
622417
622424
622627
623257
623737
623743
624296
624399
624450
624626
624792
624847
625043
625043
625197
625566
625611
626052
626055
626219
626259
626274
627371
627377
628031
628163
628449
628537
628570
628749
628864
628912
629537
629602
629702
629766
629816
630116
630215
630227
630586
630700
630760
630879
630883
630991
631187
631540
632032
632195
632286
632384
632577
632602
632685
633108
633210
633226
633451
633515
634183
634287
634350
634741
634825
634893
634924
634975
635626
635698
635779
635793
636392
636435
636485
636496
636926
636943
636965
637131
637428
637447
637879
638132
638218
638339
638415
638566
639099
639481
639498
639523
639659
639664
639977
640097
640234
640382
640440
640510
640737
640750
641028
641301
641308
641511
641545
641820
642281
642346
642369
642381
642801
642833
642839
642987
643048
643091
643259
643440
643510
644277
644427
644431
644613
644769
644926
645056
645389
645536
645704
645978
646154
646621
646680
646983
647006
647026
647276
647412
648185
648311
648577
648839
648869
649383
649513
649717
650334
650445
650486
650720
651073
651199
652101
652177
652220
652321
652351
652508
652585
653110
653188
653226
653261
653321
653385
653729
653825
653939
654070
654670
654857
655033
655166
655313
655315
655557
655875
656176
656230
656333
658122
658156
658292
658512
658639
658677
658890
658919
659382
659491
659622
660370
660594
660629
660890
661038
661314
661346
661753
661767
661876
661982
662633
662893
662955
663282
663442
663452
663625
663714
663870
664093
664191
664251
664470
664643
664691
664796
664835
665422
665448
665451
665599
665796
665882
666373
666568
666595
666753
667456
667992
668078
668257
668401
668443
668785
668940
668951
669014
669208
669458
669486
669507
669740
670143
670390
670494
670655
671071
671107
671108
671237
671354
671358
671436
671566
671956
672101
672344
672407
672668
672703
672767
672849
673095
673150
673334
673532
673550
673658
673760
673780
673830
673907
674088
674254
674501
674578
674837
675241
675797
676266
676448
676605
676646
677215
677284
677324
677367
677374
677396
677443
677472
677630
678131
678149
678196
678272
678292
678381
678461
678643
678756
679360
679420
679478
679616
679982
680206
680276
680615
680671
680706
680709
680766
681103
681103
681110
681166
681407
682301
682308
682684
682743
682878
683115
683364
683376
683751
683953
684074
684095
684183
684317
684431
684532
684859
684885
685083
685274
685488
685646
685749
686051
686092
686309
686375
686494
686548
686728
686732
686755
686767
686836
686955
687217
687243
687258
687281
687304
687330
687756
688010
688654
689004
689135
689443
690173
690477
690739
690771
691091
691094
691159
691233
691491
691501
691520
691686
692123
692204
692379
692450
692550
692577
692601
692653
692721
692777
693134
693254
693742
693745
693987
694051
694052
694137
694198
694359
694655
694663
694665
694852
694903
695031
695628
696066
696190
696479
696531
697251
697426
697544
698270
698576
698697
698914
698933
699013
699069
699158
699931
700159
700289
700383
700517
700630
700757
700775
700858
700994
701646
701658
701669
702080
702411
702513
702546
702589
702826
702953
703383
703715
703881
704908
704991
705450
705985
706341
706849
706870
706928
706959
706986
707034
707035
707036
707165
707242
707339
707616
707801
707802
707818
708693
708780
709597
709761
710185
710309
710454
710928
710928
711269
711332
711362
711426
711514
711577
712234
712315
712340
712345
712501
712620
712650
712894
713327
713832
714223
714304
714409
714458
714600
714608
714767
714846
714924
715241
715330
715389
715418
715582
715778
715961
716130
716521
716535
716605
716686
716793
717054
717119
717293
717782
717797
718112
718141
718159
718424
718524
718562
718887
719018
719170
719762
719942
720279
720804
720946
721143
721316
721653
722043
722058
722160
722192
722396
722521
722733
722869
722919
722931
723059
723586
723812
724219
724280
724706
725424
725670
726050
726623
727348
727385
727496
727706
727797
727828
728071
728162
728228
728501
728506
728508
728760
728793
728914
729002
729126
729389
729393
729431
729590
729667
729735
729885
729936
729938
730077
730133
730199
730418
730684
730836
731302
731398
731489
731557
731590
731705
731875
732587
733407
733499
733709
733810
733817
733873
734062
734353
734455
734485
734501
734607
734920
735034
735257
735411
735682
735785
735840
736124
736209
736578
736630
736707
736900
737222
737712
737974
738252
738456
738688
738761
740256
740291
740752
740775
741122
741163
741703
741733
741846
742388
742538
742579
742743
742822
743045
743113
743666
744303
744944
745275
745395
746108
746145
746171
746251
746361
746363
748310
748402
748956
749001
749002
749292
749414
749688
749710
749896
750483
750978
751001
751016
751221
751231
751491
751577
751629
751869
751882
752113
752184
752293
752515
752810
753011
753079
753183
753197
753240
753507
753706
753814
753863
754282
754322
754522
754757
755047
755069
755421
755439
755616
755671
755886
756029
756277
756423
756497
756592
756931
757049
757139
757194
757392
757776
757921
758200
758419
758748
758841
759188
759232
759236
759290
760265
760277
760354
760718
760777
761099
761239
761310
761494
761935
761943
761950
762603
762831
763296
763359
763478
763892
764140
764474
764734
764967
765347
765358
765742
766156
766657
766877
767780
767988
768132
768154
768268
768330
768534
768542
768772
768788
768916
769033
769119
769306
769373
769413
769483
769683
769910
770255
770562
770705
770787
770952
771067
771074
771187
771287
771367
771383
771422
771823
771892
771995
772126
772138
772151
772298
772403
772572
772763
773072
773156
773528
773710
773747
773837
773984
774147
774327
774365
774442
774810
775018
775128
775413
775669
775880
775890
776098
776235
776461
776652
776713
776888
777418
777951
777999
778015
778037
778237
778420
778611
778629
778742
778902
779365
779696
780472
780493
780535
780757
781418
781502
781603
781627
781725
781734
781768
782632
782750
783062
783283
783794
784481
784485
784574
785219
785523
785646
785732
785903
786055
786344
786626
786805
786811
787482
788058
788136
788374
788425
788470
788563
788822
788929
789520
789684
789993
790014
790242
790269
790334
790556
790581
790641
790657
790694
790917
791046
791521
791858
792037
792597
793062
793103
793245
793451
794080
794204
794429
794754
794817
794961
794973
795139
795167
795243
795294
796088
796102
796211
796396
796664
796883
796899
797127
797140
797556
798149
798514
798652
798960
799009
799191
799407
799588
799905
800172
800183
800468
800508
800699
800984
801140
801189
801541
801842
802098
802213
802326
802571
802616
802617
802658
802662
802723
803048
803180
803277
803473
803497
803636
803661
804302
804611
804678
804702
804896
804963
804975
805090
805098
805234
805397
805475
805541
806066
806113
806211
806429
806638
806913
806948
807142
807158
807220
807361
807469
807780
807936
808562
808564
808734
808741
808932
808932
808976
809173
809263
809918
810099
810228
810978
811353
811451
811541
811924
812009
812187
812193
812555
812751
813667
814062
814175
814223
814239
814298
814462
814956
815000
815045
815079
815172
815296
815385
815733
816025
816285
816722
817223
817405
817552
817977
818250
818944
818946
819073
819323
819403
819743
819933
819946
820035
820065
820114
820181
820458
820525
820730
820754
820945
821394
821898
821928
822213
822342
822606
822695
823786
823796
824016
824042
824059
824169
824451
824452
824654
824750
824900
825114
825141
825152
825325
825339
825361
825413
825471
825710
825722
825764
826291
826338
826360
826591
826844
826994
827689
827714
827840
828282
828324
828414
828452
829400
830012
830538
830644
830867
830876
830982
831017
831072
831104
831168
831242
831430
831436
832291
832296
832405
832618
832717
832805
832840
833073
833439
833935
833986
834778
834941
834986
834995
835137
835218
835269
835372
835401
835614
836293
836860
837072
837376
837831
838364
838603
838762
838892
839303
839387
839503
839892
840026
840141
840397
840457
840554
840843
841245
841413
841556
841762
841769
841852
842132
842412
842833
843114
843120
843448
843608
844017
844600
844962
845265
845284
845287
845568
845778
846174
846291
846420
846742
847024
847129
847167
847200
847264
847328
847620
847855
847906
848739
848974
849055
849524
849561
849743
849811
850037
850571
850809
851128
851369
851446
851534
851778
852229
852459
852481
852667
852906
852913
853230
853683
853749
853849
853962
853994
854156
854195
854466
854593
854861
854984
855096
855096
855336
855400
855707
855778
855808
855986
856114
856349
856467
856854
856918
857184
857303
857438
857660
857838
857958
858011
858088
858154
858211
858253
858312
858407
858519
858570
859354
859660
859722
860032
860073
860115
860134
860405
860506
860933
860965
861101
861125
861385
861485
861836
861891
861957
861992
862694
863059
863225
863257
863389
863907
864159
865099
865168
865198
865304
865375
865423
865816
865905
865930
866131
866218
866509
866559
866641
866864
867263
867303
867309
867651
867750
867811
867931
868383
868471
868849
868883
868982
869096
869142
869213
869268
869657
869772
869968
870219
870262
870270
870395
870828
871005
871197
871493
871908
872833
873477
873965
873978
874496
874603
874876
874974
875119
875131
875434
875450
875452
875478
875836
876142
876661
877002
877059
877170
877180
877527
877640
877656
878009
878041
878132
878423
878595
878647
878706
878763
878857
879317
879506
879534
879744
879895
879939
880119
880128
880131
880424
880508
880649
880655
881019
881621
881800
882367
882586
882588
882671
882838
882880
882891
883002
883430
883449
883597
883635
883738
884175
884306
884440
884600
884820
884832
884857
884959
885584
886002
886025
886631
886737
886877
887097
887210
887406
887411
887520
887829
887992
888020
888451
888600
888887
888973
889050
889298
889386
889564
889627
890136
890219
890746
890993
890993
891385
891622
891953
892123
892180
892292
892568
892865
892998
893038
893089
893211
893298
893338
893847
894323
894345
894529
894547
894770
894854
895034
895049
895286
895785
896356
896440
896629
896651
896712
896830
897104
897247
898240
898307
898444
898448
898554
898771
899062
899281
899462
899527
899627
899816
899974
900032
900076
900275
900427
900465
900558
901129
901163
901725
901809
901928
902143
902194
902281
902546
902676
902811
902835
902839
902883
902967
903053
903193
903243
903706
903710
903722
903921
904178
904292
904303
904365
904498
904650
904802
904852
905398
905409
905669
905773
905785
906079
906108
906598
906719
906722
906867
907052
907331
907335
907529
907568
907731
908040
908271
908307
908337
908449
909229
909404
910048
910148
910432
910465
910730
910762
911316
911722
912049
912063
912226
912311
912474
912712
912994
913404
914098
914303
914335
914519
914850
914940
915048
915355
915394
915551
915574
915942
916109
916585
917119
917182
917274
917297
917403
917649
917814
917845
917928
918250
918335
918438
918513
918520
918628
918903
919773
919777
919970
919986
920027
920051
920078
920124
920363
920432
920519
920579
920584
920712
920772
920885
921282
921452
921707
921783
921911
922144
922331
922565
922755
922819
923046
923180
923808
923883
924021
924228
924788
925175
925230
925271
925557
925601
925638
926095
926269
926422
926519
926580
926660
926729
926956
927324
927383
927766
927845
928306
928318
928487
928787
928913
929729
929812
930129
930253
931234
931474
931532
931548
931597
931620
931858
932316
932725
933143
933182
933275
933593
933925
934053
934075
934640
934674
934723
934848
935073
935729
935737
935839
935867
936394
936431
936537
936626
936667
936913
937096
937114
938019
938297
938769
938823
938877
938949
939019
939351
939392
939400
939932
940187
940644
940761
941496
941510
941560
941576
941684
941702
941999
942009
942191
942294
942340
943212
943226
943489
943515
943598
943762
944038
944112
944208
944227
944291
944342
944837
944967
945083
945127
945642
945765
945878
946041
946220
946583
946745
946760
946803
947194
947371
947469
947535
948083
948329
948338
948405
948915
949152
949376
949838
950072
950305
950837
951072
951217
951339
951392
951471
951689
951759
951785
951832
951970
952543
952633
952851
952957
953150
953311
953494
953505
953536
954032
954048
954105
954160
954426
954428
954522
954755
954767
954834
954944
955283
955612
955622
956622
956712
956822
956859
957188
957279
957362
957540
957713
957971
958839
959217
959228
959940
960554
960827
961648
961729
962368
962503
962845
963077
963119
963567
963782
963890
963925
964026
964427
964625
964926
965165
965680
965893
965911
965922
965925
966190
966236
966414
966437
966439
966520
966665
966687
966780
966905
966913
967067
967092
967215
967235
967248
968095
968196
968207
968303
968410
968480
969050
969443
969690
969727
969728
969876
970076
970196
970459
970856
970901
971082
971110
971331
971702
972166
972333
972361
972761
972952
973051
973092
973446
973608
973812
974370
974887
975002
975082
975884
976094
976449
976809
976810
976895
977627
977936
977949
978087
978143
978870
979245
979366
979370
979609
979869
979954
980179
980279
980328
980443
980500
980663
980827
981104
981200
981479
981511
981923
982452
982472
982958
982972
983167
983167
983359
983376
983819
983946
983966
984054
984233
984334
984452
984561
984695
985038
985200
985208
985291
985506
986075
986119
986189
986546
986570
986867
987494
987606
987719
987988
988090
988130
988149
988225
988304
988334
988401
988507
988517
988663
988828
988869
988987
989122
989171
989465
989705
990519
991200
991323
991524
991871
991959
992462
992597
993121
993233
993251
993348
993439
993788
993870
994030
994048
994163
994195
994273
994837
994849
994919
995374
996010
996146
996160
996385
996388
996409
996471
996499
996803
997302
997461
997811
998217
998307
998487
998530
998700
998740
998756
998937
999424
999588
