1000
-999514
-990831
-983032
-979034
-975919
-971224
-969607
-968828
-966976
-966168
-962225
-960066
-958598
-956418
-955845
-955708
-955207
-955030
-952633
-951895
-951855
-950758
-948528
-944642
-944531
-943601
-927855
-927088
-926324
-926187
-921682
-921256
-914590
-914082
-908608
-908190
-907583
-905580
-905177
-904175
-903198
-902627
-896387
-893183
-891979
-885910
-885078
-883641
-883590
-881843
-879250
-878201
-877031
-876934
-872579
-872073
-862785
-859159
-858184
-857393
-854792
-854764
-850267
-849236
-848219
-848016
-839942
-838129
-837763
-836843
-835114
-834334
-832640
-831405
-828640
-822417
-818330
-817736
-814899
-814735
-810977
-810618
-810367
-810099
-809616
-809088
-808983
-805797
-805640
-805389
-805337
-804519
-804240
-802872
-802272
-801736
-798788
-797266
-797188
-796304
-790087
-786435
-785758
-785435
-782338
-779575
-778692
-771691
-771208
-770603
-770392
-762874
-759802
-758610
-757978
-757589
-757206
-756661
-756204
-752052
-746926
-746551
-746003
-745977
-745743
-741370
-740253
-736964
-733333
-726383
-726058
-724027
-720913
-720422
-719775
-719540
-712194
-709495
-709489
-708184
-706901
-705354
-705204
-703586
-703481
-702638
-702052
-700390
-699902
-699075
-698923
-698551
-697815
-696484
-695135
-692711
-691406
-691038
-689321
-688346
-687260
-685807
-684085
-683871
-682392
-682304
-681183
-677828
-675991
-671004
-670315
-670306
-669266
-668727
-667938
-666008
-665276
-663414
-660776
-658078
-657860
-654427
-653837
-650846
-648092
-647903
-643642
-622705
-619512
-614902
-613974
-613613
-611214
-608111
-602286
-595978
-595442
-592564
-589974
-588742
-588611
-586852
-584591
-584383
-582588
-581994
-581556
-580061
-578219
-577029
-576307
-574673
-571533
-565283
-559251
-556576
-555802
-555594
-553954
-549808
-549198
-548343
-546844
-543300
-541771
-541726
-540318
-539095
-536877
-534624
-534356
-533673
-530626
-529797
-529460
-529459
-527728
-527306
-522618
-522471
-521705
-521470
-519657
-519499
-519245
-518789
-516407
-511598
-510007
-505044
-504211
-504059
-503611
-500107
-499672
-494130
-492813
-490712
-486291
-484746
-481654
-479963
-479548
-477292
-473437
-471327
-468592
-467758
-467175
-463729
-462790
-462754
-462560
-461561
-459633
-457917
-451045
-449341
-445914
-442251
-435934
-434944
-434413
-432345
-431228
-430193
-429822
-428092
-427930
-423894
-419422
-416734
-416040
-414460
-413776
-412289
-412033
-410203
-403340
-403057
-402601
-401875
-401826
-395617
-394625
-393554
-388611
-386730
-386344
-382613
-380028
-379458
-376657
-376303
-372280
-363937
-359683
-357647
-355735
-354814
-352482
-352244
-352008
-345984
-344199
-341173
-340488
-339189
-338579
-335323
-334609
-329058
-319696
-313739
-309854
-309139
-308818
-307302
-301435
-300177
-292637
-292348
-292127
-291625
-288803
-285580
-282418
-282378
-274443
-272039
-270077
-266673
-260691
-257725
-257633
-256468
-255079
-253775
-250887
-250360
-245941
-245503
-243215
-242983
-242288
-241767
-240626
-233285
-230928
-230323
-229043
-224094
-224077
-223796
-222001
-219507
-219258
-219199
-217505
-215122
-214911
-213566
-209446
-209158
-202122
-196549
-196456
-195756
-193569
-174127
-172789
-172701
-172465
-167628
-166512
-162668
-162215
-162033
-161565
-160831
-158843
-158590
-158035
-156484
-155874
-155652
-152877
-152509
-152492
-151357
-150705
-148919
-148537
-146026
-145140
-143325
-142205
-141747
-140506
-139704
-139467
-138049
-135551
-133746
-132537
-129832
-128003
-126716
-122875
-121919
-120890
-112467
-110790
-108104
-104451
-96927
-95336
-93134
-92420
-92258
-88687
-88336
-85113
-82878
-82472
-82139
-82017
-79286
-76670
-74887
-73952
-72703
-70840
-70084
-69743
-67163
-60103
-59985
-58840
-58452
-57911
-57319
-56004
-54677
-53663
-51510
-51325
-47579
-47282
-46239
-44805
-41951
-40705
-40254
-39173
-38303
-33853
-30838
-29509
-24176
-23876
-23115
-16407
-16122
-12169
-11388
-9447
-8967
-6273
-3629
-1543
-1137
5880
9930
11783
11906
12927
15123
19906
20512
21702
24449
26503
28374
30758
31673
31803
31882
32944
33660
34241
40868
43679
45192
49572
49589
49990
52113
55282
55993
56374
57200
57732
59647
65120
65712
68024
69035
71875
72167
75051
77724
80155
80968
83643
84618
92935
93375
93428
98744
99844
100657
106189
106933
107442
108579
110291
111005
111775
114904
115028
116681
121883
123834
125045
127546
127644
128112
128173
128440
129901
132586
134087
136126
137951
139760
140430
142241
143115
144011
145633
147998
148819
151379
153499
158364
160101
160166
163364
163736
164487
165756
168370
168694
170933
178058
180672
181034
182163
183485
185346
185924
185930
188546
189456
194566
195289
197379
198727
200023
200183
200648
203155
203222
204413
216005
216061
222338
224514
226261
228362
228533
231553
232309
232994
233170
233254
234673
235293
236613
236791
237001
237065
238409
238846
240892
241030
243166
243522
247829
249699
250771
251018
251168
256773
257293
264163
268268
269904
270965
272661
277372
277812
281682
284523
285707
285802
289072
290886
292483
292885
294211
304931
310232
311024
312740
315438
318872
321653
322972
323268
325343
326353
326362
326704
327322
330041
330657
331106
331139
335868
337113
340008
348793
350536
351523
368505
368783
370618
372773
377161
377727
378657
378757
381051
383516
389908
390394
394547
397316
397739
400135
400303
407346
407697
409678
410280
411257
412379
416040
416287
418427
422842
424535
427875
429451
430730
435422
435747
436552
438344
440234
440386
440790
441167
444699
446095
446656
446922
447087
447098
449201
451232
451625
452462
453605
455322
457204
464227
468568
471279
472296
472922
473487
477891
480490
487829
488797
494676
495412
497750
499983
501678
508423
508574
513030
515397
516200
518611
521731
523522
524751
526563
526603
531508
531933
534157
538000
539687
539879
540693
541513
543427
543648
548395
548654
551747
553507
555767
556595
559887
561126
562039
565432
566634
567287
570321
572443
574654
575853
577231
579036
581173
585176
586406
586785
586898
589265
590357
595489
596584
596590
596613
597492
599517
600542
603072
604373
605218
608036
611587
613079
614976
615431
615503
615863
618142
620759
622436
624120
624518
625111
627124
631492
631655
636941
640961
641199
644053
649026
654082
657463
657911
663475
664837
666236
667182
668116
669086
676195
678926
679210
680056
681172
683776
689806
695203
697374
697683
697888
700800
703362
703374
704950
706060
707571
708945
709457
710355
713000
715088
720580
720922
723236
723511
724551
726663
731082
732720
735265
737963
741768
741805
742664
743982
747940
748995
749209
751142
753576
753657
753737
754456
758950
759251
759896
760478
761961
762684
765351
767710
768298
771413
776378
779099
780083
780926
781442
790834
792565
795805
799314
803618
805848
806489
807093
808577
809364
810012
810486
811185
814297
818164
818795
818907
819352
820505
823010
823259
823374
823388
824656
828194
829536
833612
835826
838696
840286
840380
842316
842577
845216
846327
847070
849677
858362
859736
860714
862311
864425
866448
868723
869505
869553
870838
871485
874427
875445
875922
876381
877110
877280
877721
878552
881256
882417
883671
886743
891097
893675
897143
897510
900537
903122
903304
904488
904744
906132
909159
916062
916226
917302
917796
925058
928347
928825
929961
933273
935960
941496
941743
941950
947161
947546
950764
951758
952416
953804
955138
955617
957864
959615
961435
962515
963424
964725
970621
971287
971410
977900
977932
981914
983195
987293
989469
993710
996503
998390
998538
999029
