100
-992904
-986451
-951751
-926261
-907128
-868321
-827853
-792657
-764552
-714836
-707807
-690074
-683938
-676060
-673980
-671904
-643245
-640751
-629032
-627218
-610822
-587679
-579501
-575312
-574621
-564263
-555557
-535214
-523149
-519001
-452114
-392548
-382888
-382089
-377369
-376540
-374248
-369786
-352182
-348865
-340084
-331890
-295769
-292912
-203460
-122665
-82538
-71680
-66329
-54099
-46788
-28785
-18811
-4341
-456
43862
47381
66341
75011
104731
145872
148632
159525
169980
178375
182932
187506
220047
254578
259960
279011
289600
292672
296644
317544
361469
366880
408131
411849
413339
418390
499308
531167
558436
646231
656677
661668
706190
738499
804926
841223
882967
896716
914138
947762
954508
972477
988048
994245
999428
