1000
787
986
2206
2976
4403
6231
6519
8136
10095
10224
10408
11584
12169
12693
13557
18722
19017
19790
21405
23879
24597
24935
24960
26553
26606
26825
27783
31264
31767
32515
33076
36892
36905
37210
38424
39671
41995
43462
45172
46134
46561
46671
47519
47636
53143
53386
53771
54026
55197
59287
60086
61075
61309
62025
63076
63246
64880
67444
67629
67816
67899
68068
72322
73728
74127
74766
74891
75287
75291
78446
78575
78607
79793
80808
81336
81482
83052
88249
89166
89971
90092
92109
92339
94437
96494
96726
97760
98842
99372
99664
101653
102322
102437
107113
107166
107626
107639
108266
109583
109625
111442
111624
111703
112173
113618
114115
114225
114961
115120
115821
116841
117746
118577
118744
119248
120038
120269
123004
123495
123702
126725
126810
126865
127630
127859
128022
128941
129986
133452
133817
133998
135414
137485
138730
139316
139366
139403
139476
140698
141027
141228
144156
145443
148672
149749
151281
153941
154925
155423
156918
160592
161587
161660
161925
162438
163597
163650
163729
164661
165041
165357
167339
167747
168198
170022
173053
173175
173902
174210
175910
176788
177061
179833
182213
182333
182499
182729
183128
183686
183790
185830
186018
188661
188711
188953
191077
191850
192694
193045
193809
193858
193957
194325
194642
196226
196233
197879
198288
199803
199889
201164
202048
202969
206339
207023
207248
208289
209940
212300
212704
213875
215871
216323
216326
216336
216929
217409
220386
221247
221362
221430
223257
224394
225148
225546
225704
225765
226771
227354
228805
229158
229187
229831
231905
232694
233040
234206
234935
236388
238579
239226
239952
241717
242010
242487
243330
244470
244764
246626
248745
250450
251420
251735
252050
253864
256196
256249
257396
257782
257839
257958
260037
260108
263558
264330
265194
265736
266520
267416
268229
268525
268816
269656
271347
272044
272625
272729
272896
273688
274296
275347
275364
276205
277559
278547
279086
279140
279167
279325
279885
280278
281375
281414
281462
281488
281607
282498
284160
285155
285752
285931
286017
288904
291748
291804
291944
292115
292140
293321
293593
294350
294812
294870
295228
296132
296593
297492
297793
300210
300455
301235
303257
307290
312314
313092
313097
314082
314865
318899
318999
320157
320961
322063
323128
323581
323791
323878
324063
324129
325008
325425
325799
326542
327956
328021
328259
328632
329384
330800
330917
334019
334223
334230
335375
335737
337569
340068
340865
341281
341898
341943
343799
344940
346374
346737
347689
348036
350301
351237
351614
351700
352312
353319
353977
356405
356958
357359
357995
359768
361041
361565
361649
363241
363253
363892
367984
369738
371326
371831
372225
376651
377659
378412
378863
380656
381811
382029
382308
383512
383643
384772
386826
389558
389794
390446
391875
392086
393181
393361
395539
395596
397259
399891
402047
402488
403157
404651
405338
405731
406411
406649
407203
407466
409652
411204
411246
411711
411970
412485
412918
413128
415120
416323
419146
419362
419579
419630
419927
420115
420151
421088
421952
422696
423776
424481
424586
427587
429413
430772
430782
431531
431676
431781
432139
432441
433699
433712
434668
435876
437472
438691
439864
439929
440286
440514
440990
442857
443078
443173
444405
447638
449197
451084
451853
452694
455350
459970
460158
462124
464013
465619
466337
467989
468461
468610
470205
470895
471320
471382
472582
472627
473097
476961
477630
478257
478542
479587
480053
480654
481278
482224
483770
483776
485246
488200
489068
489238
492176
493760
495302
495585
496511
497116
498361
499362
499890
504594
505767
507255
507952
509194
510493
511058
512588
513295
514097
515225
518077
518704
519532
519857
520464
520499
521055
521526
521576
522336
523580
524382
525870
527002
528285
529694
529722
533417
533689
534637
535411
535775
536716
536880
539596
539770
540508
543004
543807
543983
544343
546462
547082
547521
548057
548177
548886
549495
550131
550357
551738
557320
559310
559774
559782
561990
562187
562291
562748
564194
564306
567267
568186
569955
570731
571729
573028
573987
574043
574248
575252
576891
576959
578403
578469
578792
579357
579372
579407
580008
580811
580818
581616
581924
582825
583068
583141
583910
584282
586742
588221
589142
589539
590620
591078
591874
592796
593054
594045
594532
595209
596361
597486
599283
601341
604795
605409
606839
607814
610344
612109
612167
612231
612883
613584
615338
615561
618158
622250
622438
623474
627090
628877
629890
630451
631087
631913
632189
632948
634926
636400
637710
638683
640119
640995
642492
643235
643409
644296
646507
646566
646926
647165
647633
648826
649202
650878
650905
651640
652744
654170
654349
654976
656777
658164
658760
659464
659542
659806
659878
659879
660170
662238
662727
663521
664676
665251
665377
666086
666144
669788
670471
670766
670982
671008
673263
673283
673781
673934
674582
675114
677054
678044
678208
678493
678632
679484
680480
681100
682185
682978
683571
686673
688379
688600
694465
695296
696708
696953
698003
698104
701028
702569
702598
702637
709439
711136
711915
712115
712323
715941
718815
718943
719270
720388
720523
722329
723550
724035
724414
724980
725443
726967
727223
731155
732119
733087
737023
737799
738355
738417
739852
740334
742784
742871
744507
745598
745868
746163
746221
746590
747431
749662
749879
751531
751643
752090
752985
753209
754582
755942
756603
756607
756925
758462
758804
758868
759242
760417
762548
767220
767449
769205
770087
770532
772021
772130
772170
772542
772996
773168
774946
776414
776854
777919
779097
779690
779868
782984
785297
788467
788744
789174
789190
789807
791035
791054
791523
792682
792961
792981
794044
795478
796687
797089
797285
797517
801818
802943
804031
806065
806081
808620
809317
810485
811770
811987
814890
817708
818821
819393
820877
821358
821656
822679
822792
824672
825268
827083
827279
830171
830463
832484
835258
836329
836614
837263
837491
838167
838833
840091
840824
843703
844744
845530
846629
847419
849508
849541
850963
852681
853397
853416
857393
858617
859159
859313
860128
861066
864952
865185
866785
867209
867264
868633
870847
873566
873897
874137
878860
879646
880600
880861
881633
881729
883549
884358
884887
886880
887888
888054
888724
889328
890629
890749
890781
891469
891611
891692
893538
894862
895106
896277
896448
896710
897104
898688
899564
900124
900283
901721
902456
902823
904413
904806
905671
906841
906857
908454
909190
911409
911824
912198
912393
912836
921388
922016
924500
926775
927509
929644
931098
931975
932299
932672
934301
935511
935950
937310
939172
939367
940700
940819
941426
941443
942723
942851
943760
944521
945467
950974
951949
952227
953086
953439
954245
954523
954606
954840
956709
958206
958323
959533
959645
960851
964879
964939
965351
968530
969102
969701
971113
971818
972112
972243
972317
972711
974561
976625
977363
979619
980802
981189
981892
982294
982404
982445
982918
982943
983466
984446
986595
986716
986749
987196
988445
988799
988870
990559
993953
995514
995656
996496
