100
20578
31382
43695
51172
71618
90571
94480
103341
129723
147926
149845
150370
193901
212335
228036
229294
237368
239607
251580
255353
273890
276679
281035
290638
292268
309897
331041
346489
349951
361841
362736
363645
366176
367382
368514
371726
379792
401304
404916
413945
443672
451705
453080
453091
459156
472906
484797
513933
542240
545420
562657
564723
572758
584109
591437
625972
626098
627539
640923
649173
654497
655338
664154
676474
676626
683327
690102
707983
737769
755016
773692
791967
798993
820300
820534
823811
883386
888222
890146
893147
893236
895199
898285
904338
907062
911620
914795
919082
920981
940700
941107
948987
950732
953018
954467
971992
973257
976405
978866
986083
