10000
23
88
116
204
255
491
528
651
657
668
693
766
772
867
983
1022
1068
1099
1111
1119
1127
1319
1873
2011
2012
2131
2142
2158
2192
2430
2523
2609
2734
2746
2948
2982
2989
3248
3302
3571
3606
3609
3708
3725
3801
4053
4340
4432
4491
4589
4762
4782
4829
4852
5263
5329
5330
5392
5400
5628
5661
5713
5739
6073
6119
6301
6558
6654
6801
6842
6858
6902
7096
7126
7247
7767
7777
7845
7915
8098
8236
8243
8337
8587
8593
8605
8720
8967
9040
9100
9126
9187
9328
9436
9491
9560
9733
9749
9761
9904
9926
10112
10120
10560
10609
10845
10877
10944
10968
11079
11125
11314
11442
11445
11479
11505
11513
11661
11868
11973
12040
12081
12382
12409
12453
12475
12482
12500
12505
12556
12602
12833
12834
12987
12993
13032
13114
13325
13334
13473
13538
13545
13546
13662
13807
13849
13854
13907
13946
14138
14360
14459
14502
14756
14760
14783
14867
15213
15284
15298
15311
15341
15416
15479
15616
15716
15800
15875
16089
16138
16470
16705
16842
16842
16872
16934
17082
17118
17339
17351
17392
17432
17455
17504
17607
17647
17965
18049
18082
18314
18498
18509
18632
18642
18643
19165
19255
19440
19460
19602
19657
19775
19777
19791
20013
20070
20097
20124
20139
20165
20171
20263
20612
20686
20935
20964
21047
21048
21103
21292
21413
21456
21480
21588
21628
21633
21739
21866
21986
22045
22063
22142
22535
22629
22664
22691
23039
23279
23386
23526
23550
23594
23640
23642
23644
23842
23968
24129
24149
24313
24447
24522
24615
24620
24793
24951
24973
25036
25189
25339
25364
25390
25417
25436
25526
25718
25918
26086
26183
26299
26318
26440
26573
26778
26871
26880
27064
27095
27149
27173
27209
27386
27675
27687
27711
27876
28178
28223
28431
28718
28748
28774
29002
29040
29154
29280
29393
29432
29493
29545
29559
29570
29659
29712
29767
29904
29915
30054
30392
30479
30605
30661
30688
30795
31028
31105
31119
31210
31222
31418
31508
31668
31731
31738
31855
31943
32100
32124
32285
32326
32339
32372
32386
32390
32525
32665
32708
32761
32780
32838
32911
33140
33186
33302
33402
33637
33650
33679
33691
33724
33842
33967
34434
34485
34834
35007
35010
35037
35053
35070
35093
35125
35214
35251
35293
35386
35387
35405
35553
35604
35674
35677
35687
35780
35828
35889
35902
35906
35977
36130
36179
36377
36426
36498
36616
36676
36872
37069
37407
37408
37420
37443
37581
37598
37634
37713
37805
37902
37943
37989
38070
38138
38350
38363
38627
38644
38662
39015
39050
39052
39513
39531
39644
39696
39740
40071
40121
40174
40179
40265
40375
40716
40871
40997
41156
41227
41337
41454
41894
41942
41970
42092
42252
42429
42698
42711
42801
42832
42923
42988
43004
43064
43160
43319
43519
43692
43718
43876
44032
44276
44329
44471
44541
44608
44631
44668
44818
44956
45007
45147
45206
45274
45293
45372
45382
45394
45457
45510
45615
45727
45786
45787
45964
45978
46036
46059
46069
46223
46295
46348
46574
46612
46683
46795
46853
46928
46934
46989
47086
47094
47162
47226
47301
47381
47393
47424
47532
47545
47752
47811
47877
47965
47998
48270
48415
48434
48654
48964
49198
49288
49500
49614
49625
49684
49712
49770
49794
49828
49853
49922
49937
50079
50101
50103
50162
50182
50214
50231
50308
50312
50428
50481
50496
50695
50766
50771
50873
50988
51028
51047
51073
51092
51160
51210
51297
51319
51439
51484
51539
51589
51605
51715
51825
51857
51884
52139
52209
52285
52308
52346
52412
52539
52619
52727
52767
52773
52807
52881
52896
53034
53044
53104
53123
53549
53613
53658
53671
53683
53824
54048
54117
54181
54232
54382
54438
54475
54577
54712
54728
54743
54776
55077
55112
55450
55476
55486
55506
55615
55684
55746
55757
55808
55982
55982
55993
56033
56082
56244
56245
56289
56335
56338
56339
56343
56380
56402
56461
56505
56535
56776
56811
56829
56903
56908
57107
57361
57414
57448
57452
57501
57619
57758
57889
57932
58096
58192
58199
58685
58705
58741
58751
58751
58855
58889
59002
59129
59169
59196
59212
59226
59313
59482
59577
59615
59824
59939
59965
59970
60073
60093
60101
60307
60376
60469
60641
60737
61018
61353
61378
61424
61515
61574
61580
61614
61913
62044
62083
62109
62133
62255
62266
62268
62275
62447
62483
62514
62600
62718
62722
62742
62752
62808
62889
62904
63093
63109
63140
63158
63182
63215
63292
63435
63606
63621
63705
63833
63905
63998
64016
64513
64684
64730
65108
65186
65239
65430
65439
65589
65604
65647
65714
65783
65802
65852
66077
66188
66392
66777
66781
66838
67106
67288
67731
67794
67860
67910
67919
67929
67960
67970
68021
68107
68143
68159
68209
68319
68345
68348
68400
68540
68600
68975
68985
69022
69055
69074
69138
69226
69283
69376
69433
69434
69530
69833
69891
70005
70078
70443
70488
70497
70524
70548
70644
70753
70946
70952
70974
71076
71135
71404
71413
71437
71508
71534
71549
71559
71773
71823
71989
71990
72054
72108
72141
72248
72293
72396
72488
72581
72601
72648
72649
72775
72786
72842
72906
73094
73393
73690
73717
73823
74050
74065
74304
74374
74605
74684
74775
74874
74980
74985
74997
75001
75003
75147
75365
75468
75745
75814
75968
76086
76136
76420
76425
76443
76517
76555
76582
77012
77061
77061
77080
77363
77368
77384
77551
77613
77743
78130
78287
78333
78532
78552
78611
78618
78671
78886
78935
78948
78960
79000
79062
79120
79200
79325
79359
79374
79469
79499
79594
80243
80270
80433
80490
81038
81082
81118
81440
81556
81611
81745
81798
81910
81925
81963
82150
82402
82423
82424
82427
82445
82591
82749
82825
82842
83009
83200
83306
83536
83558
83651
83663
83725
83826
83958
83995
84169
84550
84721
84990
84998
85026
85034
85048
85119
85132
85291
85361
85610
85983
86037
86037
86042
86123
86153
86168
86315
86401
86443
86462
86491
86701
86950
87149
87268
87310
87363
87419
87428
87808
87935
88232
88281
88531
88647
88936
88993
89018
89226
89233
89359
89490
89838
90099
90147
90167
90181
90260
90297
90414
90466
90582
90791
90859
91008
91198
91266
91408
91429
91468
91470
91809
92154
92218
92232
92597
92636
92901
92906
92968
93019
93039
93049
93206
93218
93250
93544
93551
93758
93859
93938
94003
94045
94284
94342
94400
94481
94513
94748
94759
94895
95373
95416
95614
95702
95717
95740
95765
95859
95867
96073
96203
96559
96601
96654
96727
96746
96789
97060
97237
97344
97416
97420
97458
97466
97645
97708
97751
97909
98022
98030
98056
98080
98215
98301
98317
98330
98534
98724
98828
98938
98974
99308
99325
99444
99554
99559
100058
100386
100442
100710
100877
101001
101101
101122
101127
101154
101167
101281
101306
101662
101802
101808
101922
102113
102188
102224
102245
102276
102561
102613
102619
102643
103165
103260
103430
103557
103560
103606
103741
103902
104023
104097
104248
104422
104465
104498
104586
104593
104610
104649
104673
104803
105023
105049
105123
105160
105238
105290
105351
105527
105561
105650
105715
105884
106071
106192
106437
106468
106606
106651
106692
106813
106833
106937
106941
107120
107271
107408
107635
107813
107880
107942
107954
107964
108388
108434
108446
108614
108789
108817
108922
109121
109125
109155
109321
109414
109423
109502
109617
109765
109987
110108
110239
110266
110312
110454
110736
110746
110944
110992
111017
111136
111141
111194
111254
111259
111293
111430
111474
111542
111795
111813
111850
111866
111959
111962
112046
112121
112127
112138
112199
112467
112488
112614
112614
112654
112826
112919
113000
113022
113226
113614
113675
113679
113825
113952
114035
114171
114462
114613
114683
114746
114793
114851
114952
115000
115194
115238
115343
115410
115491
115533
115535
115663
115898
116126
116299
116361
116498
116528
116659
116711
116758
116825
116828
116884
116900
116964
117051
117068
117093
117306
117406
117539
117596
117717
117771
117953
117988
117995
118136
118148
118211
118499
118642
118654
118666
118819
118885
118907
118923
118938
119006
119014
119403
119940
120017
120128
120176
120314
120655
120840
121212
121265
121392
121444
121550
121714
121727
121879
122113
122204
122268
122272
122389
122407
122780
122831
122847
122912
122913
123019
123051
123095
123147
123205
123306
123469
123508
123657
123671
123874
123874
124052
124134
124416
124465
124490
124731
124749
124818
124995
125001
125274
125444
125464
125585
125635
125783
125825
126130
126171
126265
126384
126483
126679
126803
126828
126832
126875
126895
127079
127499
127528
128119
128122
128149
128301
128392
128497
128504
128588
128602
128603
128810
128823
128896
128974
129002
129374
129397
129543
129913
129918
130067
130163
130407
130625
130639
130740
130745
130829
130832
131119
131148
131170
131311
131356
131432
131435
131742
131767
131817
131874
131936
131944
132175
132343
132381
132525
132781
132786
132988
133068
133076
133116
133236
133274
133466
133527
133614
133709
133730
133741
133802
133861
133866
133930
133975
134240
134242
134479
134706
134713
134722
134760
135032
135059
135148
135286
135290
135301
135449
135519
135600
135623
135703
135905
135982
136012
136024
136097
136222
136275
136343
136484
136704
136843
136860
136893
137033
137479
137489
137511
137866
137889
137933
138123
138126
138263
138332
138433
138607
138775
138780
138824
139194
139235
139248
139671
139689
139735
139743
139756
139779
139887
140053
140091
140099
140302
140653
140719
140733
141061
141270
141347
141371
141404
141516
141753
141755
141788
141793
141806
141814
141815
141908
141927
142196
142208
142397
142534
143002
143163
143168
143301
143330
143773
143885
143936
144054
144222
144233
144450
144513
144523
144585
144663
144669
144670
144671
144726
144728
144752
144846
144852
145116
145155
145261
145302
145412
145422
145582
145642
145752
145824
145955
145995
146034
146038
146043
146139
146420
146564
146612
146680
146874
146952
147075
147087
147123
147205
147252
147252
147483
147675
147774
147807
147811
147880
147883
147944
147979
148270
148510
148576
148604
148658
148689
148694
148941
148973
148978
149021
149032
149265
149352
149361
149381
149400
149553
149619
149718
150057
150085
150159
150360
150387
150514
150659
150810
150848
150863
150894
151022
151120
151273
151317
151322
151329
151338
151533
151567
151693
151743
151996
152009
152098
152138
152326
152335
152358
152409
152440
152471
152554
152556
152618
152655
152697
152775
152841
152866
153148
153154
153178
153335
153627
153679
153724
153913
153923
153943
153957
153966
153973
154007
154161
154181
154331
154486
154576
154621
154779
155200
155247
155291
155316
155516
155655
155758
155927
156126
156265
156489
156598
156643
156680
156739
156870
156977
157225
157231
157272
157276
157525
157609
157749
157763
158096
158349
158618
158676
158837
158889
158910
158947
159183
159361
159386
159473
159571
159681
159706
159841
160013
160195
160276
160298
160381
160484
160527
160643
160654
160763
161326
161447
161543
161647
161695
161706
161718
161989
162103
162145
162268
162285
162359
162427
162533
162599
162698
162786
163071
163159
163263
163382
163516
163676
163862
163907
163943
164184
164215
164408
164449
164628
164797
164812
164820
164955
165117
165205
165306
165349
165384
165458
165526
165809
166158
166361
166443
166497
166673
166966
167025
167100
167335
167389
167408
167492
167626
167742
167794
167797
167875
167910
168140
168204
168397
168477
168575
168607
168660
168727
168919
168964
169081
169120
169173
169206
169386
169390
169457
169557
169664
169665
170219
170245
170472
170529
170632
170656
170663
170730
170848
170916
171015
171210
171438
171800
171823
172051
172085
172178
172278
172324
172539
172699
172732
172754
172794
172825
172836
173258
173392
173487
173604
173637
173674
173953
174060
174319
174654
174789
174861
174865
174936
174975
175054
175151
175256
175269
175289
175306
175322
175428
175513
175577
175738
175876
175892
175920
175945
175958
176052
176139
176211
176219
176289
176384
176494
176494
176673
176809
176939
177228
177470
177890
177975
178085
178097
178376
178456
178615
178683
178768
179010
179048
179337
179365
179441
179506
179545
179637
179728
179814
179849
179861
179872
179914
180095
180104
180110
180220
180528
180587
180606
180682
180930
181102
181103
181188
181221
181344
181618
181738
181800
181817
181827
181969
182034
182049
182134
182224
182285
182637
182812
182871
182946
183012
183041
183456
183544
183650
184121
184128
184177
184320
184680
184721
184895
184914
185076
185229
185239
185249
185349
185489
185492
185577
185606
185657
185762
185876
185913
185937
186092
186208
186349
186417
186476
186498
186537
186809
186818
186848
186906
186978
187376
187402
187432
187467
187620
187639
187645
187703
187943
188017
188058
188174
188238
188257
188289
188352
188442
188583
188631
188783
188907
189068
189336
189375
189467
189871
189977
189997
190005
190061
190118
190135
190478
190505
190603
190642
190897
190925
190965
191067
191101
191102
191116
191199
191416
191590
191807
192129
192268
192364
192405
192546
192734
192891
192914
192916
192917
192945
193093
193332
193345
193427
193428
193560
193831
193907
193973
193985
194007
194195
194197
194317
194583
194624
194675
194845
194892
194892
195037
195045
195142
195155
195265
195279
195295
195535
195631
195699
195753
195798
195832
195966
196069
196119
196173
196401
196465
196571
196644
196728
196796
196834
196973
197016
197187
197299
197323
197339
197422
197766
197843
197992
198171
198182
198337
198454
198533
198567
198609
198777
198833
198886
199072
199114
199157
199253
199353
199432
199434
199738
199798
199833
199927
200045
200048
200093
200416
200505
200543
200610
200809
200911
201013
201023
201387
201475
201483
201591
201619
201742
201876
202003
202038
202386
202640
203057
203275
203358
203377
203401
203408
203466
203741
203812
203841
203885
203957
204092
204146
204158
204307
204311
204324
204366
204504
204526
204718
204931
205080
205204
205213
205248
205317
205506
205781
205802
205818
205833
205931
206114
206285
206299
206697
206699
206718
206805
206869
206912
207049
207248
207372
207395
207443
207571
207656
207657
207745
207877
208058
208265
208298
208398
208544
208690
208815
208990
209000
209089
209256
209548
209666
209780
210007
210063
210116
210168
210179
210195
210318
210318
210444
210472
210552
210561
210590
210636
210881
210901
211021
211032
211115
211167
211258
211338
211677
211701
211726
211736
211799
211824
211995
212010
212096
212158
212250
212335
212602
212654
212846
213402
213452
213517
213643
213908
213975
214045
214097
214289
214347
214362
214366
214414
214548
214575
214592
214652
214681
215100
215151
215220
215231
215300
215331
215382
215388
215464
215685
215944
216234
216257
216284
216362
216427
216440
216453
216454
216482
216518
216566
216570
216583
216632
216912
217001
217038
217251
217373
217400
217578
217653
217702
218259
218260
218377
218431
218463
218602
218639
218880
218959
218986
218995
219219
219462
219588
219645
219726
219920
219970
220104
220125
220205
220314
220320
220380
220392
220415
220488
220566
220616
220694
220789
220804
221125
221532
221608
221962
222097
222118
222215
222394
222495
222516
222529
222596
222727
222731
222775
222806
222933
223003
223003
223232
223355
223442
223458
223488
223893
224065
224084
224160
224250
224284
224429
224490
224518
224550
224638
224693
224811
224827
224830
224885
224984
225698
225830
225935
226194
226312
226702
226789
226845
226872
226895
226912
227034
227048
227269
227280
227513
227520
227665
227789
227920
228076
228077
228140
228143
228243
228284
228430
228454
228530
228557
228599
228990
229083
229262
229431
229547
229629
229717
229742
229829
229966
230010
230087
230135
230145
230264
230498
230598
230642
230665
230668
230698
230760
230839
230863
231219
231288
231298
231305
231306
231398
231421
231582
231634
231681
231762
232270
232308
232418
232451
232484
232578
232662
232678
232769
232787
232905
232938
233164
233208
233292
233360
233408
233582
233609
233682
233697
234163
234403
234610
234720
234735
234859
234955
234962
235256
235295
235319
235345
235384
235450
235472
235483
235493
235795
235854
236063
236431
236466
236616
236617
236623
236757
236827
236829
236833
236909
237014
237040
237072
237267
237657
237768
237840
237893
237901
237934
238049
238583
238615
238624
238633
238679
238683
238785
238856
238951
239023
239099
239236
239253
239330
239470
239539
239572
239725
239734
239857
240071
240101
240185
240285
240543
240562
240830
240961
241117
241199
241427
241788
241887
242090
242198
242403
242416
242568
242671
242698
242719
242842
242865
242878
242904
243248
243352
243427
243461
243462
243607
243621
243710
243790
243850
243895
243933
244114
244435
244465
244597
244699
245046
245098
245248
245275
245515
245994
246010
246027
246141
246148
246185
246336
246371
246388
246511
246518
246550
246699
246712
247263
247408
247433
247466
247650
247768
247822
247852
247911
247972
248013
248029
248177
248233
248249
248442
248464
248580
248648
248756
248783
248953
248964
249048
249424
249608
249822
249856
249872
249924
249924
249938
249954
250075
250097
250215
250234
250314
250423
250608
250644
250972
251114
251148
251263
251419
251546
251702
251732
251744
251792
251832
251954
251969
252123
252173
252514
252618
252660
253058
253081
253363
253447
253528
253547
253613
253707
253731
253937
254107
254108
254383
254416
254531
254732
254793
254829
255099
255170
255187
255199
255213
255311
255598
255639
256200
256284
256290
256318
256412
256458
256557
256558
256580
256631
256687
256739
256850
256968
257222
257316
257351
257379
257538
257646
257709
257756
257780
257810
257931
257948
258027
258139
258145
258162
258203
258230
258259
258299
258486
258497
258514
258521
258682
258700
258734
258840
258889
259020
259280
259324
259333
259368
259504
259544
259589
259854
259971
260053
260058
260116
260270
260275
260298
260857
260988
261074
261157
261396
261790
261963
262071
262803
262803
262923
262938
262959
263040
263110
263119
263252
263257
263337
263442
263496
263564
263864
263924
263973
263983
263989
263993
264099
264368
264431
264453
264561
264774
264799
264886
264955
264985
265079
265193
265240
265253
265343
265392
265417
265457
265584
265664
265697
265769
265830
265975
266263
266279
266308
266427
266488
266632
266745
266890
266915
267066
267182
267189
267193
267344
267369
267378
267410
267425
267458
267597
267743
267796
268105
268123
268194
268230
268452
268461
268541
268726
268758
268898
268962
269399
269882
269899
270045
270180
270195
270209
270220
270293
270460
270710
270902
270995
271562
271592
271947
271959
271993
272143
272158
272194
272197
272237
272283
272366
272390
272545
272545
272587
272747
272893
272971
273044
273091
273553
273588
273786
274313
274411
274556
274862
274958
275098
275120
275226
275286
275461
275815
275982
276032
276094
276220
276482
276544
276702
276715
276759
276864
277044
277089
277171
277583
277626
277649
277772
277893
277893
278059
278066
278146
278218
278301
278337
278463
278599
278613
278764
278786
278843
278940
278975
279078
279164
279181
279322
279434
279516
279564
279613
279855
279881
279924
280022
280110
280192
280207
280362
280424
280450
280531
280568
280902
280906
281081
281082
281086
281232
281279
281415
281459
282054
282124
282176
282194
282226
282380
282430
282434
282572
282710
282786
282857
283138
283272
283445
283462
283527
283885
283970
284040
284335
284441
284453
284773
284800
284874
284942
284996
285094
285107
285214
285247
285273
285315
285324
285342
285375
285396
285563
285577
285645
285909
286146
286148
286159
286294
286407
286528
286703
286715
286724
286787
286796
286845
287076
287126
287234
287317
287387
287655
287710
287732
287984
288069
288280
288299
288346
288514
288549
288577
288627
288756
288814
288814
288815
288903
288907
289360
289669
289706
289798
289838
289879
290363
290507
290528
290674
290756
290761
290957
290971
291065
291096
291257
291453
291551
291934
292189
292810
293354
293399
293673
293776
293826
293881
294072
294080
294212
294280
294432
294571
294673
294783
294835
294912
294933
295008
295060
295127
295174
295238
295359
295405
295426
295444
295597
295746
295926
296099
296306
296406
296542
296936
297087
297205
297213
297233
297254
297270
297282
297283
297369
297395
297436
297550
297695
298274
298352
298370
298389
298763
298963
299033
299317
299377
299393
299508
299520
299540
299621
299732
300007
300162
300194
300204
300266
300375
300394
300421
300479
300494
300523
300580
300627
300644
300686
300803
300804
301307
301527
301713
301806
301827
301939
302048
302343
302552
302743
302894
303083
303158
303338
303404
303486
303559
303569
303600
303756
303788
303892
303957
304085
304117
304215
304254
304512
304521
304624
304738
304766
304872
305085
305094
305122
305251
305322
305334
305501
305523
305554
305676
305713
305805
305958
305967
305978
306100
306140
306147
306187
306193
306209
306211
306248
306338
306373
306546
306611
306673
306806
306913
306944
307028
307160
307307
307380
307383
307598
307628
307782
307817
308132
308139
308245
308343
308360
308369
308437
308482
308649
309167
309270
309285
309307
309539
309565
309705
309816
310222
310235
310482
310590
310668
310670
310712
310807
310844
310869
311055
311058
311328
311348
311559
311775
311780
311950
311957
312027
312084
312107
312128
312260
312298
312422
312624
312688
312760
313139
313177
313197
313223
313234
313308
313315
313447
313452
313452
313454
313470
313512
313655
313685
313793
314038
314068
314109
314141
314144
314150
314165
314178
314254
314362
314415
314455
314535
314609
314643
314659
314978
315049
315180
315256
315451
315541
315544
315559
315879
315880
315897
315916
315934
315956
315966
316037
316229
316232
316244
316358
316384
316407
316426
316500
316556
316573
316715
316733
316825
316906
316908
316967
317048
317263
317401
317461
317538
317540
317617
317650
317840
317978
318493
318555
318661
318836
318877
318948
319218
319288
319364
319367
319428
319464
319547
319597
319641
319767
319847
320063
320244
320363
320566
320766
320821
320968
320999
321076
321235
321413
321483
321695
321803
321890
321921
322018
322201
322316
322331
322342
322485
322537
322550
322778
322859
322885
322907
322951
322975
322982
323068
323112
323150
323224
323252
323314
323344
323351
323635
323681
323682
323711
323755
323784
323784
323862
323882
323926
323937
323953
324004
324082
324123
324196
324264
324406
324457
324605
324607
324901
325039
325054
325388
325628
325715
325775
325804
325880
325908
325973
326086
326154
326247
326503
326515
326643
326663
326734
326772
326775
326814
326844
326944
326969
327018
327157
327276
327363
327406
327446
327782
327791
327805
327814
327927
328053
328065
328167
328175
328180
328202
328208
328579
328598
328669
328708
328712
328909
329033
329231
329236
329245
329267
329438
329440
329467
329571
329686
329881
330103
330122
330223
330334
330489
330713
330810
330813
330867
330896
331058
331121
331124
331210
331251
331472
331486
331502
331517
331618
331676
331689
332083
332232
332302
332377
332526
332559
332629
332791
332796
332874
333031
333078
333122
333263
333312
333437
333505
334076
334082
334087
334224
334553
334735
334790
335154
335343
335424
335741
335796
335966
336013
336474
336499
336519
336728
336793
336800
336817
336924
337030
337223
337274
337350
337383
337541
337611
337611
337722
338314
338430
338624
338689
339026
339073
339239
339289
339518
339546
339557
339578
339728
339829
339851
340118
340235
340361
340440
340447
340448
340677
340697
340799
340829
340893
341055
341348
341352
341429
341542
341726
341851
341881
342041
342068
342128
342142
342447
342581
342770
342792
342885
342972
343003
343462
343583
343740
344042
344058
344193
344321
344357
344454
344647
344810
345014
345098
345280
345284
345585
345691
345710
345923
345970
346005
346086
346347
346944
347073
347110
347139
347304
347311
347326
347353
347383
347548
347584
347932
348001
348028
348197
348221
348236
348416
348517
348779
348795
348973
349149
349203
349319
349378
349440
349610
349657
349672
349675
349703
349756
349771
349802
349838
350437
350528
350672
350740
350758
351012
351017
351020
351061
351071
351170
351200
351267
351276
351293
351370
351598
351600
351600
351664
351666
351695
351892
351927
351963
352095
352149
352355
352782
352920
352970
352983
353003
353014
353288
353342
353393
353509
353619
353621
353651
353761
353841
354091
354130
354232
354673
354771
355008
355217
355619
355628
355844
355958
356099
356367
356698
356832
356861
357092
357233
357338
357357
357438
357594
357634
357664
357688
357768
357930
357934
357945
358039
358042
358053
358137
358166
358173
358222
358288
358316
358394
358441
358463
358545
358556
358769
358861
358989
359180
359283
359349
359394
359462
359633
359652
359693
360320
360395
360531
360812
360822
360843
360894
360913
360940
360963
360977
361017
361045
361698
361969
362034
362178
362289
362295
362311
362395
362449
362469
362486
362709
362720
362774
362816
363011
363048
363343
363451
363468
363526
363607
363655
363813
363814
363851
364039
364151
364559
364727
364785
364840
364869
364873
365358
365503
365715
365729
365781
365987
366005
366369
366549
366602
366626
366679
366733
366752
366759
366759
366780
366841
367063
367093
367107
367438
367537
367577
367617
367905
367937
367946
368098
368102
368132
368149
368178
368299
368319
368418
368568
368632
368703
368769
368800
368975
369059
369339
369377
369382
369494
369620
369621
369843
369959
370052
370169
370185
370308
370369
370542
370649
370904
370940
370977
371005
371036
371040
371087
371148
371406
371704
371892
371909
371918
372089
372235
372339
372372
372553
372834
372953
373288
373465
373478
373519
373654
373689
373793
374013
374147
374221
374300
374358
374540
375140
375174
375222
375280
375458
375460
375768
375863
375919
375932
375977
376106
376144
376144
376255
376259
376282
376387
376395
376396
376542
376791
376874
377019
377106
377172
377353
377384
377548
377701
377784
377791
377913
377985
377996
378067
378091
378112
378131
378305
378537
378602
378767
378848
378856
378908
379177
379273
379273
379288
379832
379835
379859
379996
380230
380313
380377
380382
380424
380738
380881
380993
381056
381061
381127
381153
381178
381591
381670
381734
381741
381775
382001
382028
382060
382115
382329
382405
382499
382552
382598
382600
382700
383154
383702
383709
384013
384090
384161
384163
384331
384382
384387
384402
384949
385010
385029
385194
385465
385767
385829
385999
386110
386207
386240
386396
386818
386833
387021
387032
387074
387350
387411
387544
387571
387628
387794
387897
387900
388035
388064
388091
388119
388186
388228
388809
388926
388968
389053
389285
389575
389877
389921
389936
389944
390211
390312
390348
390461
390477
390596
390632
391015
391088
391324
391336
391405
391501
391631
391655
391770
391874
391941
391973
391986
392011
392113
392177
392231
392257
392444
392515
392687
392823
392824
392837
392866
392874
392918
392926
393017
393120
393129
393129
393383
393408
393661
393692
393714
393716
393730
393733
393877
393899
393946
394017
394023
394074
394126
394131
394198
394244
394331
394402
394416
394468
394855
394984
395064
395101
395206
395320
395412
395453
395700
395850
395876
395891
395958
396146
396227
396316
396679
396872
396896
396985
397004
397074
397107
397294
397401
397406
397423
397534
397566
397647
397819
397845
397933
398450
398623
398730
398830
398902
398909
399056
399060
399076
399077
399132
399356
399679
399702
399720
399806
399867
400571
400590
400631
400689
400972
401113
401156
401481
401484
401503
401548
401634
401825
401891
401951
402084
402272
402290
402528
402613
403044
403129
403375
403449
403550
403655
403684
403720
403726
403863
403909
404151
404184
404188
404300
404514
404598
404984
405057
405097
405117
405345
405354
405406
405457
405634
405661
405676
405955
406055
406082
406276
406278
406323
406469
406492
406509
406518
406570
406656
406785
406985
407012
407105
407203
407205
407260
407456
407523
407546
407639
407666
407828
407959
408081
408092
408093
408218
408310
408353
408670
408672
408685
408697
408844
408986
409010
409184
409274
409312
409680
409742
409852
410064
410066
410131
410236
410272
410320
410374
410429
410608
410787
410838
410948
411062
411102
411119
411138
411145
411245
411278
411597
411710
411880
412089
412132
412393
412433
412494
412524
412756
412774
413270
413400
413539
413584
413908
414055
414209
414302
414409
414470
414638
414777
414868
414974
415033
415091
415129
415174
415220
415234
415325
415443
415448
415668
415712
415792
415866
415875
415922
416166
416413
416496
416666
416683
416736
416828
416966
417048
417113
417292
417402
417572
418175
418490
418502
418562
418576
418582
418738
418808
418962
419019
419065
419114
419157
419173
419196
419218
419251
419350
419366
419379
419397
419448
419526
419706
419857
419860
419870
420090
420175
420301
420413
420434
420467
420631
420654
420669
420675
420677
420733
420903
421180
421283
421431
421584
421661
421757
421869
421902
422005
422087
422098
422283
422802
422876
422987
423184
423394
423419
423523
423580
423680
423779
424283
424410
424492
424509
424592
424686
424836
425084
425205
425395
425527
425692
426029
426069
426070
426082
426110
426275
426339
426348
426356
426357
426443
426450
426557
426597
426610
426632
426689
426693
426812
427255
427263
427324
427347
427424
427561
427883
427984
428186
428302
428661
428715
428953
428966
428991
429075
429120
429154
429429
429644
429734
429767
429814
429867
429869
429903
430079
430161
430259
430369
430412
430413
430427
430442
430467
430479
431011
431046
431190
431225
431312
431390
431454
431524
431618
431833
431877
431884
431953
432025
432045
432198
432202
432329
432368
432401
432418
432552
432557
432592
432708
432737
433004
433291
433306
433331
433360
433367
433368
433430
433758
433811
433881
433903
434043
434121
434708
434719
434802
434864
434901
435121
435164
435277
435580
435606
435795
435812
435821
435889
435894
436114
436262
436363
436403
436780
436852
436874
436889
436928
436976
437019
437020
437058
437168
437171
437223
437248
437304
437331
437354
437381
437406
437422
437574
437611
438040
438076
438130
438195
438206
438285
438349
438384
438667
438998
439008
439237
439343
439362
439432
439486
439515
439835
440068
440490
440502
440583
440629
440729
440786
440801
441042
441141
441266
441410
441505
441520
441528
441771
441778
441786
442107
442111
442494
442617
442667
442745
442906
442917
442935
443025
443277
443526
443724
443748
443803
443853
443873
444001
444137
444172
444235
444302
444323
444384
444415
444583
444649
445081
445180
445303
445350
445497
445754
445769
446133
446298
446368
446513
446605
446708
447146
447149
447402
447746
448029
448109
448141
448155
448217
448237
448370
448520
448571
448592
448716
448770
448919
449168
449260
449273
449373
449529
449548
449673
449767
450149
450155
450261
450684
450879
450926
450930
451100
451256
451281
451306
451373
451431
451646
451793
451916
452106
452139
452171
452173
452457
452877
452893
452900
453083
453092
453258
453284
453517
453717
453845
453890
453935
454099
454190
454191
454385
454582
454719
454765
454846
454996
455259
455463
455750
455750
455876
455884
455967
456328
456399
456529
456728
456755
456791
456854
456943
457135
457223
457294
457541
457894
457964
458341
458433
458478
458538
458749
458809
458971
459081
459212
459310
459454
459465
459482
459494
459826
459873
460187
460329
460473
460661
460746
460868
460941
460971
461084
461224
461294
461677
461865
462012
462023
462392
462414
462453
462475
462478
462527
462569
462643
462756
462908
463143
463233
463302
463340
463537
463657
463758
463820
463979
464271
464352
464443
464472
464613
464735
464883
464883
465005
465024
465163
465304
465366
465384
465408
465504
465604
465828
466092
466123
466205
466269
466388
466592
466633
466688
466705
466727
466737
466821
466840
466864
466888
466986
467201
467257
467276
467291
467346
467401
467407
467504
467822
468097
468159
468448
468599
468636
468652
468700
468842
469009
469020
469082
469148
469246
469250
469254
469442
469657
469849
469907
470042
470193
470231
470394
470459
470586
470706
470965
471045
471118
471178
471419
471528
471710
471862
471961
472146
472215
472245
472496
472594
472999
473043
473094
473224
473408
473531
473587
473801
473959
473966
474002
474149
474258
474319
474540
474797
474812
474884
475093
475098
475144
475507
475635
475707
475840
475898
475955
475970
475976
476006
476338
476413
476528
476611
476722
476923
476998
477062
477129
477168
477247
477274
477471
477731
477764
477768
477968
478047
478325
478954
479106
479129
479178
479208
479280
479304
479488
479505
479548
479569
479649
479721
479856
479952
479985
479988
480004
480172
480193
480441
480569
480791
481180
481199
481259
481449
481663
481679
481692
481708
481770
481798
481827
481846
481904
482062
482113
482239
482252
482332
482359
482408
482607
482664
482664
482831
482920
482956
482977
482990
483024
483028
483058
483080
483292
483493
483630
483651
483691
484272
484491
484602
484673
484734
484795
484798
484846
484889
484946
484996
484997
485295
485422
485450
485451
485458
485532
485569
485671
485674
485734
485848
485856
486192
486327
486389
486422
486450
486467
486530
486580
486588
486696
486889
486959
486995
487047
487240
487277
487280
487407
487452
487622
487682
487730
487948
488141
488381
488612
488696
488845
488865
488989
489045
489195
489348
489509
489526
489563
489582
489760
489852
490191
490240
490256
490504
490631
490689
490873
490901
491031
491079
491110
491159
491383
491406
491438
491502
491609
491711
491712
491793
491869
491916
492159
492286
492318
492374
492798
492814
492974
493002
493029
493120
493163
493267
493333
493363
493507
493561
493568
493649
493680
493708
493712
493723
493999
494048
494385
494434
494555
494614
494715
494786
494795
494834
494915
494969
495068
495133
495169
495190
495410
495532
495615
495871
495957
495963
495975
496014
496072
496139
496277
496291
496331
496428
496520
496654
496803
496807
496810
496839
496850
497171
497236
497249
497270
497446
497552
497816
497864
497870
497942
498462
498484
498821
498859
498860
499066
499092
499118
499146
499182
499190
499192
499232
499642
499710
499713
499745
499854
499874
499914
499945
500125
500151
500188
500272
500599
500732
500804
500874
500993
501140
501310
501377
501461
501490
501509
501524
501608
501622
501655
501703
501944
501970
502160
502287
502324
502373
502411
502488
502496
502507
502711
502832
503066
503104
503170
503292
503548
503716
503825
503863
503951
504030
504127
504131
504301
504331
504370
504489
504582
504619
504633
504683
504830
505054
505165
505192
505214
505420
505597
505636
505900
505912
505929
506006
506045
506250
506255
506288
506408
506503
506788
507037
507184
507231
507368
507392
507588
507611
507614
507665
507715
507809
507848
508038
508120
508147
508374
508764
508788
509318
509393
509456
509501
509550
509650
509690
509926
509965
510020
510113
510182
510272
510288
510549
510562
510597
510688
510819
510911
511252
511338
511398
511418
511458
511530
511609
511737
511791
511837
511853
512124
512193
512326
512408
512495
512596
512870
513044
513077
513255
513400
513442
513630
513804
513916
513991
513998
514025
514044
514125
514165
514194
514384
514409
514640
514651
514770
514824
515201
515257
515541
515752
515965
516332
516464
516514
516521
516563
516618
516644
516780
516794
516804
516992
517008
517167
517185
517318
517372
517557
517775
518073
518166
518246
518339
518368
518389
518422
518443
518600
518612
518736
518757
518894
518966
519156
519170
519574
519578
519697
519722
519903
520090
520117
520143
520187
520471
520512
520723
520768
520869
520895
520904
520932
520992
521014
521147
521392
521401
521437
521441
521670
521966
522038
522177
522189
522290
522295
522365
522419
522519
522747
522765
523018
523442
523543
523624
523758
523890
523964
523991
524172
524201
524409
524442
524459
524477
524781
524797
524861
524936
525022
525113
525223
525307
525397
525404
526005
526062
526192
526196
526236
526275
526468
526505
526598
526829
526966
526974
527422
527434
527680
527708
527766
527891
527906
528200
528348
528626
528704
528859
529111
529133
529208
529238
529312
529418
529418
529469
529621
529633
529671
529741
529754
529820
529866
529961
529978
530152
530250
530250
530373
530565
530677
530713
530927
530950
530994
531023
531090
531107
531121
531128
531130
531221
531232
531249
531313
531561
531595
531605
531695
531855
531868
531933
531956
532058
532064
532187
532244
532277
532344
532389
532523
532566
532758
532792
532818
532827
532835
532904
532953
533138
533239
533286
533288
533320
533432
533736
533739
533782
533895
533971
534014
534019
534197
534363
534458
534649
534892
534918
535071
535102
535122
535128
535170
535194
535204
535527
535537
535704
535725
535931
536149
536182
536183
536237
536319
536338
536427
536535
536624
536770
536881
536918
537035
537223
537480
537517
537903
538014
538034
538043
538077
538101
538108
538189
538219
538227
538300
538313
538440
538656
538682
538845
538858
539033
539184
539377
539380
539544
539591
539689
539777
539829
539960
539983
540030
540076
540132
540135
540791
540815
540925
541071
541113
541152
541177
541233
541325
541450
541466
541571
541673
541716
541842
542053
542134
542166
542171
542182
542258
542714
542732
542837
542882
542998
543100
543135
543136
543139
543191
543234
543315
543406
543426
543448
543585
543588
543871
544028
544032
544193
544272
544350
544385
544549
544736
544793
544810
544838
544920
545019
545144
545177
545193
545245
545286
545453
545729
545730
545838
545854
545913
546148
546205
546215
546250
546305
546519
546577
546631
546631
546805
546933
546950
546952
547080
547120
547194
547204
547415
547481
547727
547891
548137
548159
548179
548224
548350
548383
548627
548868
548929
549009
549099
549209
549212
549221
549293
549615
549616
549758
549782
549783
549806
550074
550233
550291
550362
550546
550589
550740
550775
550910
551006
551036
551092
551102
551165
551326
551452
551562
551598
551906
551940
552267
552436
552631
552689
552773
552849
552910
552959
553075
553167
553195
553206
553255
553275
553291
553292
553326
553432
553527
553537
553614
553667
553711
553712
553781
553863
554433
554637
554862
554866
555171
555229
555431
555536
555888
556008
556034
556207
556364
556434
556465
556525
556531
556546
556549
556615
556713
557131
557396
557522
557562
557634
557693
557993
558047
558201
558275
558403
558610
558737
558986
559368
559469
559476
559651
559670
559672
560117
560234
560255
560258
560267
560286
560414
560452
560785
560880
560967
560994
561182
561272
561307
561580
561652
561668
561686
561732
561860
561921
561944
562163
562481
562521
562558
562679
562715
562791
562939
562945
563010
563082
563114
563145
563289
563297
563345
563405
563492
563511
563527
563535
563610
563795
563856
563922
564050
564150
564153
564282
564610
564614
564821
564889
564897
564957
565030
565071
565115
565220
565568
565714
565726
565750
565858
565881
565908
566249
566503
566640
566740
566750
566966
567020
567115
567144
567160
567184
567217
567396
567479
567493
567587
567600
567753
567834
567876
568557
568560
568602
568627
568916
569043
569213
569292
569455
569487
569505
569791
570128
570170
570462
570509
570598
570605
570656
570682
570702
570868
571003
571211
571512
571771
571788
571844
571956
572160
572173
572288
572404
572426
572622
573022
573068
573081
573104
573148
573149
573288
573303
573393
573506
573702
573739
573764
573975
573993
574256
574267
574290
574312
574509
574696
574776
574820
575011
575034
575153
575338
575356
575460
575523
575601
575679
575713
575790
575833
575843
575917
575980
576046
576220
576361
576456
576463
576777
577113
577183
577406
577522
577582
577750
577807
577822
577865
578008
578218
578232
578262
578300
578358
578430
578598
578712
578750
578804
578907
579053
579055
579192
579217
579218
579295
579444
579505
579589
579755
579845
579902
579967
579984
580001
580067
580256
580329
580371
580388
580448
580561
580666
580676
580685
580858
580874
580953
581003
581035
581057
581196
581221
581266
581399
581411
581480
581520
581645
581652
581742
581753
581768
581778
581808
581894
582174
582178
582195
582203
582400
582659
582704
582773
582798
583033
583047
583049
583208
583223
583240
583385
583527
583606
583730
583754
583765
583815
583828
584014
584090
584131
584173
584192
584294
584352
584790
584805
584870
585050
585251
585266
585481
585485
585536
585614
585616
585706
585796
585838
586146
586205
586240
586417
586665
586832
586870
586937
586991
587541
587593
587784
587823
588086
588229
588252
588426
588447
588511
588626
588655
588733
588737
588835
588840
588881
588917
588919
588958
589009
589087
589159
589177
589233
589290
589445
589468
589498
589520
589597
589674
589899
589955
590010
590043
590177
590227
590241
590245
590667
590767
590959
590968
590970
591111
591250
591419
591655
591735
591840
591884
592127
592324
592351
592386
592483
592544
592557
592601
592631
592709
592731
592920
593070
593231
593345
593520
593761
593828
594108
594217
594397
594471
594715
594797
594843
594926
594971
595219
595262
595495
595816
595818
595880
595919
596035
596067
596320
596502
596572
596732
596817
596947
597108
597168
597710
597946
597976
598048
598081
598158
598430
598459
598490
598557
598598
598867
599058
599196
599201
599330
599380
599503
599508
599786
599882
599938
600115
600136
600195
600332
600336
600367
600479
600546
600637
600777
600805
600843
600990
601001
601016
601018
601131
601165
601330
601374
601448
601465
601513
601554
601591
601739
601844
601964
601986
602142
602523
602651
602731
602922
603063
603114
603419
603478
603491
603560
603743
603778
603800
603854
603969
603976
604160
604185
604196
604201
604377
604441
604444
604524
604921
605143
605231
605293
605507
605515
605606
605827
606008
606030
606459
606486
606564
606597
606762
606768
606777
606879
606899
607174
607212
607242
607372
607662
607751
607806
607836
607908
607981
608129
608289
608300
608401
608474
608750
608989
608992
609073
609123
609135
609403
609440
609512
609563
609774
609883
609948
610127
610141
610222
610312
610736
610785
610811
611124
611268
611293
611359
611362
611390
611404
611522
611526
611650
611654
611718
611742
611861
611900
612008
612059
612200
612248
612278
612337
612507
612507
612540
612671
612856
612974
613051
613123
613266
613549
613647
613667
613777
613867
613883
613916
613924
614029
614061
614128
614267
614315
614411
614535
614544
614726
614734
614838
614853
614891
614900
614961
615029
615129
615168
615176
615354
615422
615436
615478
616033
616321
616379
616535
616581
616696
616837
616846
616963
617047
617095
617206
617595
617710
617834
617919
618095
618187
618472
618635
618680
618749
618906
619288
619440
619475
619636
619637
619848
620015
620201
620206
620321
620355
620473
620528
620599
620717
620744
620819
620843
620867
621036
621036
621200
621221
621292
621334
621400
621436
621444
621503
621665
621828
621917
622054
622176
622177
622360
622454
622484
622615
622732
622826
622922
623006
623133
623178
623239
623322
623419
623420
623435
623482
623486
623493
623552
623785
623905
623947
624321
624323
624435
624489
624514
624622
624797
624911
624938
625027
625300
625379
625540
625544
625778
625969
625969
625978
625979
626106
626148
626174
626204
626285
626300
626513
626603
626643
626667
626701
626821
626933
626989
627019
627035
627136
627188
627267
627474
627484
627586
627725
627940
628003
628034
628662
628713
628835
628862
628922
629012
629321
629328
629375
629487
629602
629656
629711
630012
630033
630263
630396
630541
630562
630579
630707
630853
630964
630982
631035
631100
631199
631206
631291
631313
631420
631518
631734
631788
631797
631800
631814
631847
632031
632093
632107
632121
632341
632367
632440
632540
632584
632702
632731
632764
633205
633329
633342
633622
633879
634014
634072
634109
634163
634166
634225
634432
634457
634555
634657
634746
634860
634912
634913
635004
635207
635264
635484
635612
635658
635735
636276
636318
636397
636546
636697
636726
636747
636770
636784
636853
636946
636994
637070
637164
637395
637457
637478
637508
637525
637864
638051
638246
638311
638637
638694
638722
638730
638844
638946
638969
639085
639316
639352
639455
639553
639614
639614
639747
640009
640077
640129
640275
640341
640389
640553
640574
640627
641113
641193
641536
641563
641590
641604
641861
641969
641990
642061
642152
642443
642482
642777
642856
643048
643155
643277
643330
643348
643356
643397
643490
643571
643756
643977
644009
644277
644492
644540
644606
644640
644676
644818
644853
644950
644976
645118
645375
645434
645466
645633
645675
645684
645944
646057
646138
646146
646197
646254
646276
646342
646444
646645
646658
646716
647122
647191
647363
647500
647501
647768
647768
648050
648084
648101
648370
648457
648683
648750
648841
648854
648998
648998
649067
649225
649251
649478
649591
649632
649657
649722
649832
649898
650071
650092
650180
650202
650210
650263
650330
650368
650395
650396
650563
650645
650716
650854
650932
651111
651301
651389
651410
651506
651507
651532
651585
651586
651851
651892
651932
651976
652094
652344
652501
652552
652573
652679
652707
652727
652902
652905
653130
653176
653208
653260
653419
653449
653499
653653
653684
653750
653771
653930
654078
654109
654142
654242
654428
654439
654455
654536
654798
654890
654905
654907
654909
654975
655006
655081
655117
655389
655497
655558
655597
655666
655693
655696
655737
655762
655890
655921
655934
655978
656093
656258
656323
656679
656795
656807
656914
656953
657008
657269
657301
657309
657467
657562
657579
657912
657924
658097
658216
658261
658284
658430
658430
658432
658646
658669
658769
658775
658863
659042
659072
659221
659288
659458
659587
659783
659835
659885
660045
660151
660442
660467
660476
660544
660607
660742
660760
660827
660935
661079
661174
661175
661445
661502
661520
661557
662201
662225
662285
662326
662366
662378
662443
662471
662658
662758
662790
663083
663173
663311
663329
663527
663851
663901
663974
664075
664083
664150
664365
664493
664748
664781
664835
664890
664966
664991
665056
665145
665229
665237
665291
665321
665343
665425
665456
665785
666051
666118
666129
666349
666382
666553
666572
666584
666667
666701
666727
666921
666962
666962
666967
667006
667046
667049
667123
667305
667342
667458
667580
667588
667596
667674
667735
667940
668080
668105
668140
668152
668400
668428
668454
668593
668609
668720
668807
668925
669010
669090
669149
669239
669250
669427
669579
669723
669739
669952
669999
670181
670402
670531
670798
670827
670991
670995
671113
671138
671147
671149
671173
671237
671552
671717
671823
672026
672042
672186
672365
672519
672637
672671
672870
673003
673329
673432
673453
673677
673789
673825
673886
673964
674089
674101
674182
674344
674386
674435
674515
674656
674764
674769
674801
674998
675152
675302
675339
675378
675746
675778
675843
675876
675880
675954
676017
676052
676177
676384
676388
676511
676586
676596
676599
676602
676821
676979
677193
677269
677605
677671
677866
677915
677943
678001
678070
678091
678273
678339
678438
678497
678547
678549
678596
678659
678693
678886
679161
679173
679183
679419
679609
679657
679755
679891
680000
680072
680117
680210
680281
680338
680356
680361
680370
680419
680620
680900
680929
680935
681024
681101
681146
681161
681163
681171
681331
681650
681697
681750
681896
682014
682027
682149
682386
682485
682581
682653
682724
682777
683015
683305
683359
683465
683525
683818
683954
684142
684265
684286
684366
684407
684460
684483
684490
684496
684713
684727
684749
684865
684883
684900
684906
685235
685306
685567
685618
685646
685721
685754
685765
685794
685964
685985
686165
686266
686422
686466
686967
686983
687116
687133
687253
687365
687432
687697
687988
688042
688081
688128
688198
688243
688262
688282
688460
688558
688610
689143
689163
689185
689530
690015
690126
690206
690289
690319
690685
690691
690792
691364
691524
691934
692011
692140
692142
692597
692771
692802
692982
692985
693239
693280
693492
693690
693762
693779
693870
694058
694062
694139
694173
694173
694197
694231
694254
694259
694351
694363
694498
694514
694544
694581
694633
694846
694997
695013
695188
695264
695323
695478
695493
695529
695686
695709
695715
695716
696039
696081
696101
696121
696314
696480
696536
696547
696699
696709
696750
696780
696827
696836
696902
696962
697030
697180
697248
697340
697406
697461
697530
697533
697673
697716
697718
697768
697957
698044
698188
698217
698315
698566
698657
698783
698949
698952
698991
699074
699191
699192
699221
699331
699338
699400
699651
699822
700109
700248
700304
700386
700499
700558
700618
700966
701035
701437
701486
701526
701635
701670
701678
702044
702131
702543
702604
702773
702967
703181
703348
703442
703513
703600
703700
704144
704358
704540
704586
704603
704631
704895
704949
704958
705000
705009
705014
705160
705178
705382
705391
705443
705464
705484
705551
705572
705705
705747
705864
706062
706089
706100
706102
706234
706342
706484
706568
706584
707064
707237
707683
707717
707734
707820
707877
708006
708047
708598
708773
709349
709540
709618
709628
709861
710218
710237
710266
710271
710640
710776
710799
710854
711192
711532
711545
711819
712172
712178
712227
712357
712431
712439
712497
712960
713102
713206
713324
713342
713546
713774
713888
714131
714327
714327
714355
714448
714454
714466
714540
714754
714832
714911
715103
715105
715421
715444
715625
715730
715918
715927
716080
716099
716185
716253
716748
716822
716978
716991
717076
717312
717447
717474
717567
717647
717658
717745
717783
718043
718207
718291
718353
718538
718548
718863
719046
719097
719167
719205
719234
719306
719467
719472
719562
719567
719599
719710
719752
719859
719926
719983
720142
720309
720596
720631
720638
720648
720676
720901
720992
720998
721004
721014
721101
721175
721184
721198
721211
721222
721621
721633
721633
721684
721725
721766
721810
721931
721977
722032
722147
722381
722686
722765
723048
723122
723226
723412
723509
723513
723640
723652
723720
723721
723802
723873
723993
724012
724153
724178
724266
724269
724350
724481
724481
724588
724773
725146
725219
725285
725549
725669
725700
725765
725791
725868
725871
725888
726197
726339
726620
726724
726743
726761
726896
727053
727116
727135
727191
727204
727242
727266
727287
727796
727801
728151
728469
728556
728558
728858
728936
728991
729040
729133
729138
729210
729272
729281
729330
729423
729508
729510
729995
730530
730532
730561
730581
730657
730707
730737
730883
730949
730957
731012
731013
731126
731298
731335
731395
731521
731864
732046
732049
732130
732161
732195
732339
732380
732445
732497
732536
732573
732734
732847
733166
733391
733555
733610
733668
733766
733953
734004
734109
734155
734575
735040
735214
735317
735384
735564
735758
735759
735763
735885
735936
736210
736310
736339
736390
736494
736587
736855
737041
737069
737265
737335
737543
737658
737702
737890
738150
738592
738628
738803
738828
739081
739224
739417
739427
739620
739662
739721
739762
739875
740244
740249
740368
740384
740677
740809
740869
740880
740943
741110
741120
741257
741264
741335
741384
741590
741656
741657
741657
741766
741799
741851
741923
742013
742047
742076
742156
742195
742219
742393
742534
742615
742715
742788
742805
742844
742866
742869
742956
743295
743307
743469
743528
743633
743750
743760
743770
743858
743887
744069
744145
744155
744162
744342
744431
744471
744627
744916
744925
745277
745357
745358
745406
745446
745609
745919
745936
745956
746051
746170
746216
746330
746338
746465
746522
746665
746720
746810
746838
746876
746987
747054
747092
747130
747163
747492
747580
747678
747757
748091
748138
748195
748200
748277
748319
748465
748479
748633
748641
748738
748890
749049
749068
749114
749194
749202
749218
749256
749303
749387
749399
749447
749448
749558
749595
750008
750192
750199
750260
750289
750322
750515
750535
750584
750802
750822
750870
750915
751000
751002
751009
751166
751295
751525
751561
751690
751737
751808
751820
751896
751896
751956
752244
752278
752308
752344
752411
752552
752762
752793
752862
752876
752891
753047
753104
753105
753227
753394
753594
753616
753664
753737
753777
753996
754214
754221
754267
754387
754587
754621
754648
754689
754763
754855
755127
755136
755254
755331
755409
755589
755613
755651
755822
755895
756003
756025
756037
756087
756099
756164
756323
756353
756468
756509
756621
756799
756833
756857
756976
757193
757350
757394
757416
757429
757442
757516
757574
757586
757619
757853
757922
757940
758025
758066
758181
758233
758388
758426
758457
758462
758667
758694
758768
758886
758924
758932
759202
759487
759508
759563
759629
759905
759969
759988
760008
760009
760183
760241
760254
760277
760334
760448
760498
760648
760679
760758
761246
761282
761304
761347
761507
761714
761860
762083
762457
762492
762575
762718
762722
762728
762749
762788
762974
763055
763082
763118
763226
763301
763394
763425
763507
763549
763756
764209
764316
764324
764391
764392
764394
764434
764440
764498
764563
764776
764841
765287
765321
765323
765353
765407
765419
765440
765629
765884
766375
766442
766543
766592
766721
766774
766801
766866
766973
766974
767240
767262
767453
767501
767707
767818
767948
767995
768008
768033
768036
768070
768418
768432
768458
768503
768657
768858
768898
769096
769200
769422
769898
769987
770127
770171
770354
770401
770491
770525
770555
770741
770862
771109
771299
771393
771518
771622
771634
771656
771792
772613
772868
772914
773035
773087
773095
773225
773306
773468
773673
773720
773798
773809
773869
774007
774052
774059
774275
774324
774402
774581
774769
774869
774966
775107
775219
775351
775485
775513
775643
776191
776195
776232
776339
776603
776643
776658
776803
776854
777227
777234
777293
777390
777487
777494
777503
777543
777606
777866
777895
778211
778261
778270
778300
778450
778547
778697
778750
779142
779175
779265
779430
779450
779481
779512
779553
779567
779587
779834
779940
780030
780158
780160
780173
780175
780198
780689
781111
781113
781257
781305
781547
781683
781917
782008
782079
782277
782356
782570
782570
782946
782980
782986
783014
783204
783246
783364
783414
783456
783457
783656
783746
784056
784069
784124
784127
784163
784258
784363
784443
784481
784677
785063
785088
785130
785137
785364
785383
785403
785421
785450
785598
785618
785621
785644
785873
785889
785890
785947
785991
786053
786120
786224
786374
786420
786437
786543
786573
786587
786951
786974
787177
787346
787426
787477
787609
787641
787683
787699
787721
787725
787877
788141
788327
788340
788372
788510
788589
788598
788806
788817
788963
789041
789131
789198
789244
789442
789458
789485
789522
789525
789544
789744
789772
789808
789839
790132
790438
790621
790631
790670
790703
790725
790736
790854
791016
791089
791117
791177
791248
791270
791313
791505
791521
791809
792321
792351
792383
792423
792689
792723
792843
793061
793192
793427
793621
793690
793768
794149
794191
794363
794514
794680
794807
795203
795228
795438
795518
795577
795687
795773
795786
795940
795977
796053
796277
796418
796505
796507
796518
796735
796753
796754
796816
796942
797030
797098
797358
797690
797747
797768
797781
797803
797972
797993
798170
798202
798225
798229
798284
798373
798399
798400
798427
798540
798651
798736
798778
798859
798952
799073
799097
799431
799576
799758
799853
799943
799967
800019
800026
800046
800264
800278
800340
800393
800438
800511
800554
800611
800637
800862
801287
801494
801561
801673
801685
801745
801787
801983
802024
802170
802170
802285
802336
802359
802438
802473
802483
802632
802707
803134
803262
803309
803328
803426
803592
803657
803803
803881
803938
803952
803972
804043
804312
804487
804490
804843
804932
804996
805239
805240
805348
805355
805684
805916
805919
805933
806040
806076
806116
806139
806182
806219
806228
806293
806354
806418
806474
806624
806642
806670
806695
806706
806953
806984
807002
807117
807153
807192
807267
807351
807466
807609
807679
807709
807817
807896
808014
808014
808048
808146
808267
808358
808385
808502
808576
808604
808729
809274
809360
809478
809488
809605
809695
809834
809883
809989
810044
810178
810302
810349
810474
810480
810692
810801
810865
810997
811080
811144
811188
811229
811527
811620
811654
811700
811787
811836
812145
812237
812244
812263
812610
812619
812660
812706
812713
812749
812813
813026
813028
813052
813163
813181
813184
813266
813349
813360
813425
813635
813733
813809
813847
813851
813923
813927
814134
814154
814258
814301
814372
814406
814451
814506
814616
814675
814735
814977
815088
815179
815246
815346
815912
816063
816355
816459
816517
816571
816593
816771
816775
816929
816961
816990
817009
817128
817423
817481
817525
817566
817647
817795
817980
818014
818049
818087
818108
818122
818158
818166
818173
818197
818235
818294
818380
818469
818504
818665
818737
818850
818966
819055
819068
819383
819407
819444
819469
819535
819542
819699
819815
820172
820201
820228
820281
820372
820454
820510
820666
820733
820750
820893
820949
820960
821083
821113
821203
821607
821695
821801
821847
821851
821883
821993
822043
822144
822192
822209
822301
822464
822517
822562
822607
822612
822751
822820
822830
822981
823065
823170
823174
823585
823671
823828
823859
823929
824051
824061
824173
824175
824219
824239
824697
824983
825160
825349
825391
825570
825795
825861
825861
825938
825957
826049
826163
826382
826462
826553
826958
826960
827007
827100
827177
827190
827205
827256
827449
827519
827606
827618
827657
827705
827968
828243
828257
828263
828367
828493
828554
828736
828805
828855
828894
828903
828939
829108
829172
829210
829389
829489
829490
829769
829810
829820
829875
830030
830049
830113
830345
830387
830428
830502
830572
830660
830804
830879
830900
831125
831277
831509
831537
831653
831655
831673
831863
831969
832013
832074
832317
832488
832583
832708
832755
832835
832944
833042
833043
833559
833561
833685
833826
833893
833935
833948
833966
834050
834270
834638
834695
834729
834790
834819
834896
834984
835313
835317
835361
835387
835458
835489
835518
835643
835918
835998
836001
836045
836235
836244
836275
836435
836701
836895
836926
837003
837037
837139
837257
837404
838012
838022
838073
838113
838134
838204
838208
838224
838601
838760
838784
838825
839075
839150
839295
839351
839360
839384
839461
839558
839635
839876
839979
840096
840171
840245
840303
840348
840448
840489
840624
840682
840841
840885
841007
841029
841032
841059
841080
841204
841216
841414
841531
841561
841773
841878
842051
842193
842472
842475
842487
842603
842660
842745
842970
843055
843072
843222
843254
843292
843297
843572
843662
843765
843916
843934
844002
844051
844056
844149
844244
844260
844321
844365
844393
844471
844492
844496
844557
844572
844581
844702
844711
844939
845066
845120
845150
845326
845510
845597
845763
845939
846052
846378
846495
846591
846635
846685
846863
847123
847210
847309
847408
847507
847564
847609
847679
847741
847783
847876
847890
847927
847939
848054
848200
848262
848605
848694
848754
848839
848960
848991
849154
849163
849200
849307
849329
849759
849816
849852
849861
849907
850363
850608
850620
850781
850931
851017
851028
851190
851220
851228
851230
851231
851336
851408
851524
851924
851989
852065
852111
852125
852206
852248
852523
852575
852598
852643
852663
852664
852902
852936
853078
853140
853497
853617
853655
853730
853768
853776
854009
854115
854142
854276
854316
854461
854524
854574
854676
854719
854738
854929
855022
855057
855445
855556
855576
855656
855865
855936
856021
856036
856053
856071
856321
856351
856441
856747
856799
856854
857059
857157
857165
857265
857267
857314
857369
857754
858120
858316
858452
858582
858916
858963
858977
859207
859317
859342
859349
859411
859524
859589
859707
859760
859926
859973
860031
860049
860053
860197
860278
860377
860481
860631
860777
860778
860828
860836
861065
861192
861197
861307
861553
861607
861608
861762
861772
861805
861850
861899
861908
861931
862181
862342
862423
862461
862465
862558
862565
862582
862669
862793
862872
862875
862900
862917
863025
863134
863138
863154
863279
863460
863482
863775
863781
863846
863855
863991
864117
864152
864172
864440
864666
864864
864876
864937
864940
865241
865274
865543
865651
865807
865878
866109
866151
866174
866184
866303
866420
866686
867005
867024
867034
867152
867309
867352
867377
867391
867397
867491
867546
867601
867604
867619
867639
867710
867711
867768
867933
867944
868060
868061
868068
868184
868209
868223
868297
868410
868498
868510
868775
869038
869161
869309
869312
869765
869843
869848
869909
869942
869950
870309
870552
870595
870599
870718
870769
870824
870892
871597
871699
871723
871786
871969
871969
871993
872006
872239
872289
872326
872432
872551
872649
872931
873064
873101
873378
873411
873413
873479
873610
873792
873870
873973
874011
874075
874124
874196
874215
874218
874391
874585
874621
874656
874755
874812
874835
874941
874958
874979
875049
875070
875094
875183
875244
875502
875517
875735
875740
875832
875954
876009
876072
876141
876157
876174
876252
876275
876288
876300
876330
876351
876379
876497
876559
876626
876701
876951
876969
876972
877016
877025
877236
877298
877594
877602
877642
877648
877649
877731
877923
878047
878228
878312
878537
878540
878605
878822
878856
878937
879053
879133
879420
879450
879906
879966
880076
880143
880258
880327
880578
880715
880735
880767
880828
880894
880931
881137
881272
881412
881436
881531
881585
881603
881763
881899
881908
882019
882263
882299
882310
882365
882491
882590
882603
882631
882705
882895
882955
883059
883262
883452
883562
883570
883642
883669
883698
883825
883868
883944
883952
884152
884235
884275
884484
884505
884545
884840
884910
884920
884921
884996
885002
885113
885428
885471
885472
885517
885632
885756
885763
885815
886019
886051
886066
886240
886285
886300
886308
886335
886414
886538
886686
886833
886904
886914
887124
887128
887248
887396
887583
887950
888173
888435
888472
888523
888636
888679
888737
888818
888856
888945
889134
889239
889276
889339
889370
889493
889496
889519
889667
889734
889753
889824
890026
890033
890086
890087
890132
890373
890558
890699
890956
891179
891290
891466
891675
891839
891946
892010
892029
892205
892470
892490
892548
892755
892831
893040
893166
893220
893277
893306
893958
894029
894273
894287
894521
894543
895039
895117
895118
895198
895320
895401
895649
895801
895807
895980
896037
896065
896069
896112
896213
896215
896327
896351
896391
896412
896632
896762
896966
897056
897156
897465
897467
897576
897648
897761
897889
898002
898054
898510
898511
898585
899056
899201
899219
899226
899469
899544
899578
899608
899648
899757
899807
899811
899824
899850
899855
900101
900141
900203
900227
900707
900729
900805
901038
901090
901209
901248
901278
901304
901347
901355
901356
901373
901378
901414
901462
901613
901613
901620
901716
901765
901919
902318
902456
902520
902648
902715
902780
902831
902843
902870
903107
903303
903317
903559
903580
903637
903655
903692
903830
903903
903960
904246
904295
904823
904904
904953
905131
905320
905412
905482
905495
905528
905548
906143
906340
906480
906503
906531
906578
906604
906650
906653
906898
906947
906960
906982
906987
907176
907211
907269
907296
907376
907504
907566
907575
907624
907672
907830
907998
908138
908186
908409
908455
908564
908565
908764
908802
908840
909010
909383
909420
909658
909715
909891
909984
910202
910325
910511
910791
910797
910813
910978
910986
911110
911140
911194
911444
911447
911465
911564
911592
911725
911787
911824
911861
911909
912064
912169
912202
912223
912388
912522
912638
912639
912643
912648
912835
912866
912879
913143
913196
913341
913366
913395
913446
913465
913530
913580
913593
913606
913692
913792
913816
913852
913962
914037
914072
914353
914471
914591
914777
914797
914805
914820
914911
914948
914960
915002
915045
915055
915134
915306
915352
915396
915567
915665
915683
915734
915878
915903
915926
915948
916059
916659
916842
916917
916973
917128
917241
917372
917391
917446
917455
917674
917684
917757
917848
917988
918214
918234
918241
918266
918362
918387
918401
918418
918496
918798
918803
918834
918855
919080
919172
919176
919214
919363
919382
919417
919432
919493
919578
919628
919698
919823
919895
920026
920093
920130
920315
920469
920509
920819
921043
921125
921171
921218
921394
921412
921612
921832
922102
922128
922212
922236
922405
922700
923061
923399
923619
923682
923740
923745
923844
923893
923969
924311
924354
924414
924430
924499
924509
924721
924805
924933
925074
925139
925186
925239
925346
925417
925511
925698
925897
925925
926018
926263
926366
926552
926596
926677
926724
926969
927222
927235
927313
927347
927392
927405
927443
927541
927583
927619
927691
927901
927957
928125
928170
928383
928450
928501
928683
928723
928729
928844
928891
928987
928998
929041
929077
929384
929469
929479
929509
929564
929615
929911
930188
930285
930288
930470
930702
930848
930857
930860
930916
930930
931266
931276
931312
931617
931621
931730
931773
931822
931847
931986
931999
932082
932097
932204
932220
932272
932276
932278
932396
932651
932873
933231
933337
933402
933489
933577
933633
933658
933795
933936
933959
934026
934185
934304
934371
934423
934539
934546
934557
934654
934682
934751
934932
934949
935067
935448
935524
935662
935705
936085
936308
936327
936398
936540
936550
936797
936841
936926
937017
937119
937133
937248
937314
937549
937569
937635
937647
937660
937732
937758
937846
937899
937915
937988
938273
938452
938495
938548
938634
938680
938892
938975
939022
939053
939065
939311
939414
939449
939467
939566
939644
939683
939928
939957
940001
940053
940053
940057
940083
940098
940207
940215
940287
940386
940429
940482
940629
940633
940917
941249
941265
941355
941468
941551
941722
941810
941977
942018
942224
942227
942756
942809
942954
943003
943013
943053
943086
943248
943251
943411
943438
943757
943761
943862
943880
944002
944060
944083
944142
944358
944438
944640
944688
944706
944884
944929
945160
945234
945363
945426
945445
945581
945613
945807
945998
946019
946026
946053
946218
946301
946335
946522
946665
946718
946780
946806
946883
947004
947019
947077
947086
947194
947306
947353
947556
947649
947658
947726
947777
947778
947869
948076
948158
948232
948398
948734
948791
948983
949036
949074
949076
949278
949409
949413
949438
949503
949558
949634
949643
949700
949796
949850
949891
950155
950170
950253
950295
950327
950496
950551
950628
950679
950704
950730
950887
951055
951144
951313
951390
951444
951579
951632
951701
951868
952020
952021
952083
952154
952217
952326
952414
952483
952509
952552
952584
952732
952749
952765
952793
952799
952849
952850
952912
952941
952992
953126
953419
953492
953544
953697
953701
953710
953968
954070
954075
954099
954130
954134
954285
954299
954372
954412
954415
954431
954465
954498
954514
954866
955063
955096
955248
955278
955501
955666
956343
956382
956491
956556
956570
956600
956628
956989
957117
957191
957273
957282
957366
957546
957578
957675
957791
957810
957832
957918
957920
957960
957968
958197
958245
958316
958447
958508
958581
958609
958644
958866
958951
959108
959180
959279
959406
959614
959649
959747
959776
959936
959942
960019
960119
960142
960145
960192
960275
960409
960493
960545
960580
960591
960720
960802
960873
961498
961624
961627
961643
961657
961692
961743
961849
962110
962441
962682
962719
962757
962864
962944
963012
963034
963194
963195
963246
963280
963421
963564
963639
963692
963711
963857
963942
963964
964073
964222
964302
964354
964405
964406
964438
964593
964966
965051
965119
965121
965159
965237
965261
965284
965292
965365
965875
965946
965988
966083
966091
966166
966189
966226
966326
966384
966423
966505
966640
966657
966658
966950
967120
967272
967345
967503
967689
967689
967919
967964
968010
968209
968515
968628
969137
969142
969228
969269
969336
969581
969597
969642
969650
969690
969783
969838
970023
970049
970182
970182
970232
970386
970418
970442
970453
970619
970630
970648
970825
970914
970978
971000
971034
971237
971239
971296
971622
971698
971699
972048
972252
972256
972268
972275
972352
972408
972660
972868
973239
973546
973768
973827
973894
973901
973944
974279
974376
974397
974459
974727
974828
974835
975065
975160
975165
975174
975251
975315
975479
975583
975618
975915
976052
976076
976095
976112
976176
976266
976309
976333
976383
976440
976498
976680
976839
976863
977013
977024
977183
977220
977480
977506
977599
977786
977994
978061
978113
978272
978312
978343
978471
978522
978522
978538
978547
978662
978700
978907
978965
979035
979162
979266
979292
979394
979461
979604
979638
979732
979862
979978
980004
980091
980173
980183
980260
980570
980666
980671
980796
980827
981041
981088
981249
981330
981474
981521
981741
981754
981859
981862
981900
981990
982628
982662
982787
982800
983025
983267
983576
983628
983636
983658
983742
984058
984065
984161
984169
984184
984452
984689
984803
985158
985416
985459
985551
985824
985880
985940
985951
986212
986468
986478
986557
986718
986793
986875
987120
987260
987411
987727
987785
988073
988077
988182
988217
988276
988384
988417
988518
988691
988715
988795
988912
988921
988940
988968
989003
989080
989166
989244
989276
989321
989331
989526
989959
990065
990171
990251
990255
990257
990286
990532
990685
991272
991382
991495
991886
991996
992084
992229
992507
992540
992541
992549
992555
992556
992670
992720
992841
992851
992991
993033
993068
993308
993359
993406
993411
993424
993431
993488
993508
993548
993619
993832
994015
994097
994172
994269
994287
994386
994405
994559
995057
995121
995136
995263
995475
995588
995589
995670
995677
995714
995843
995874
995926
996018
996073
996085
996176
996409
996430
996497
996505
996528
996713
996717
996986
996996
997001
997124
997181
997391
997715
998147
998324
998450
998592
998670
998712
998869
999014
999164
999214
999370
999530
999573
999598
999674
999695
999759
999760
999830
999904
