100
370937
698871
489312
840076
703644
112597
658540
415868
677477
663158
795734
994071
936573
679749
774841
66625
53169
679907
388792
205941
66734
338611
852730
100194
241414
749591
566227
20677
85825
925294
468863
503232
810724
251786
196959
115391
566018
586024
229092
479251
988925
62935
995735
362126
383662
163518
231847
485897
717560
783353
832864
289187
421465
574934
817064
696263
322545
961653
926150
942419
746056
781042
540484
513929
705551
735284
888473
541996
374551
150096
268153
542308
227807
495858
322359
587749
500212
3537
83232
118580
800364
467001
346546
924455
868168
741582
349818
752921
397188
694936
884373
177418
674770
332943
982143
722983
907263
110891
287862
39467
