10000
232957
418497
825711
728090
587717
804500
992004
769886
14877
572036
147518
946938
639042
52913
554074
436196
959563
717547
132359
264553
513847
896279
520573
833885
509078
55293
501163
464709
816387
850828
382614
89366
851932
534942
148147
619476
534262
701017
38435
809603
700982
998918
53385
802748
158424
447329
923072
447261
102475
779341
189732
37765
188636
846538
606727
647086
796781
861035
569613
928787
706322
928151
708426
586730
954480
713064
422677
229550
778994
378146
428124
695816
180489
453078
860096
861622
73434
221149
92888
47874
325270
518154
141298
189700
159009
851755
84518
628229
323169
485110
465496
671742
943758
900263
164960
273835
911697
322803
608185
26507
245980
280521
981201
861205
814001
101177
830011
164878
145510
117765
17722
909915
498881
95625
111604
482275
696938
531618
308887
950651
856174
745791
787443
788372
349661
655791
153371
46325
407467
71746
831297
996369
430308
271588
508294
740173
542570
865050
943633
9708
559568
279264
726547
604248
704866
865190
5134
878195
904311
582335
908931
566329
509844
600091
756900
176219
917250
598413
553976
663685
350283
628681
301173
363368
179796
993787
885533
993547
878639
746240
626613
24503
4205
860892
69990
237958
796755
318452
811321
848439
99078
469604
437408
940117
637696
540241
601243
414803
195322
849919
820722
952656
843570
517640
82310
678007
551466
144261
917545
344519
199748
118821
64752
630223
570455
370083
701588
513753
928759
322000
906769
97708
316723
312557
995013
151361
108755
535232
378956
454720
405303
681696
754619
948237
367413
551595
575591
921105
479643
754383
334431
470349
706755
925092
999964
737904
3095
719428
295040
953981
270278
333058
754889
318945
470439
290365
555572
947896
680018
360180
195216
596369
82153
601133
720996
367815
914015
265424
999016
422925
616952
341117
867450
470967
122699
648876
465192
231674
70074
623405
800693
396861
870141
777817
313330
737654
252996
182170
385986
429329
171236
907981
312000
589621
998725
497273
986486
673527
906084
848898
593389
72968
420490
646761
997842
230697
913800
966657
282805
361304
332396
649712
504117
56385
602752
446343
297428
785777
733056
759374
178819
648763
499754
696179
385052
99519
656677
218827
887280
737165
854189
320898
339604
247918
760442
974557
667107
448871
682883
481340
481327
207211
556156
515876
618338
727605
719616
480041
354241
400510
574529
212313
983841
561323
460636
292271
593718
363275
350469
311538
204441
737144
311720
146397
959523
615810
516824
757725
857054
142233
65412
163013
380739
168006
770978
877160
379222
384660
416203
35759
384623
138883
739547
104455
8305
162875
565816
331885
473845
807869
512867
358772
482568
281373
577353
511277
814806
551490
283172
220439
924617
708826
679156
127138
581701
157050
321367
184989
647790
823418
667904
926775
730527
919915
941201
694913
524164
557498
167202
774493
396224
521716
472562
601752
288948
775855
549419
534169
186031
503602
929809
970581
993513
372154
585377
526648
160122
201425
722749
398493
756109
148413
406178
747777
412303
838241
100661
639390
673247
248365
791619
855818
318362
916574
121604
720748
199110
291352
944465
242882
889565
131514
984585
844564
747309
424675
136651
891645
303314
441317
415511
221207
836071
362073
925171
686469
732105
259424
230737
494902
816178
924589
195065
840351
246176
49027
61332
321234
366093
628252
614977
773872
678729
147415
539731
564555
874842
245602
914804
630258
787966
476356
714465
856326
926514
55098
870403
422204
921087
947835
279422
760796
725227
51626
575958
77741
347135
589161
234609
786809
438134
219119
347665
303785
532207
609007
554813
822667
713507
980659
73599
161773
636071
936669
591826
225050
979247
838864
229560
888099
798492
641027
794107
269552
49868
906572
634104
590427
226183
307127
918530
999299
343653
676635
568912
176788
20247
646420
150462
831512
864985
932710
225359
884067
63825
704356
69275
178170
668089
876409
792304
185186
999933
330766
408659
100614
509981
939314
305426
278946
872807
826571
110168
818790
519094
79821
552131
534864
571027
481767
657108
141741
343791
684
891793
185981
649760
175537
164239
560970
786360
667424
789699
365895
53247
399251
305401
200620
173957
816626
18756
979255
557771
939385
607860
535371
672502
66639
317406
611375
877968
286113
951295
37279
334863
920009
990775
46121
496032
324095
417874
713791
394545
387245
337390
766972
730684
88444
798596
801457
86003
337201
389970
161303
895759
214221
430062
476913
512508
459640
937869
853501
357665
283978
54937
388281
613578
189669
821924
649974
699052
91722
852082
128035
992958
137296
674591
988579
37331
911614
619186
775707
55932
971054
987861
187949
747312
712282
652548
282008
612132
603416
988373
392229
532411
207708
137215
182525
615824
851064
818756
245616
531730
243863
486463
649380
634118
420311
774182
571747
712493
601558
101678
817551
416338
137665
862519
974511
609009
545093
559491
1321
126303
80049
283101
690692
829631
105372
588099
572107
638655
11324
675247
12676
109022
423290
176077
975566
282075
781539
917474
612044
63361
211670
934057
208974
301827
404038
423630
129593
25131
30209
449208
404709
930415
35814
99146
158273
905470
205543
7047
853545
154283
838269
913348
706488
739784
259629
73826
796012
930616
584195
251217
477056
445345
424366
611764
258311
951863
409694
807593
489363
982478
998108
197799
267084
153370
801716
547417
980864
194239
726561
37901
402642
557443
16187
620959
472780
618946
622863
494244
934185
646439
650888
132631
425808
583880
707332
693386
800539
486254
69339
153294
565396
132622
10543
525448
632818
749325
499681
410127
662399
943391
517744
27517
898693
710355
25236
103118
480267
206897
475961
28281
458146
999211
685897
151806
516462
148950
979593
32461
960566
794568
639956
389287
847670
677598
413618
755359
674832
282621
650392
598521
924625
690738
554796
803164
970395
635547
55379
762928
223871
317694
124713
789060
928649
956112
623826
109405
782071
688116
11612
83520
645042
745425
590763
194842
937189
614089
324740
839141
266322
500514
237954
270850
246201
893199
159745
162112
7945
301997
530048
786623
736677
570995
688727
117432
7176
330420
373309
2145
547119
183697
912825
162967
215830
937363
797676
167079
358949
605377
654042
970608
796431
963197
297740
329520
39579
911589
383950
235059
527170
815191
679646
485255
129524
487911
810717
50814
700605
397068
342268
775699
325780
439819
197394
687470
781259
626421
632858
322475
531941
66795
432252
71528
102097
496350
9445
50172
288420
233663
752802
564922
163495
231535
469082
294942
273697
796632
806434
489142
815360
474371
768234
935905
40351
160191
411537
58942
395375
195355
47859
280881
86722
79081
879596
562287
691132
490352
636371
301511
426628
104166
780132
29380
555217
937314
169082
493665
104638
881466
363605
389662
573213
613610
861196
945538
871422
854548
788677
503585
570770
137806
843483
93057
71701
421999
882839
226691
380564
94236
488245
988231
787011
381294
546409
121757
723558
406019
715114
515886
135482
32357
499510
783677
625725
430097
928328
423336
784052
234514
908536
810203
601086
65537
888161
384846
724977
50391
434548
890077
922566
676022
132862
246704
948982
20408
810754
787044
835084
566389
226988
751407
252132
662286
29027
511577
143670
675498
673764
71647
915118
734717
329151
526432
131129
999478
793958
259610
52745
630102
709571
447540
709799
724203
982776
813707
396889
506393
238137
290610
989280
308898
34241
808443
497364
904566
241250
514736
304529
41532
188841
127902
114763
921665
178825
156544
61299
441875
826863
117159
962552
201042
135750
393694
203036
411445
493599
5234
690748
776113
382186
179201
259166
185321
913727
30599
604173
489980
36477
262348
586857
623246
990941
775956
260458
926177
318600
449759
457855
453967
402132
182508
952136
388204
934465
769468
860818
998340
539292
253898
630835
120025
815616
167239
231743
61626
739405
86555
415773
835713
799261
28139
680614
617960
47082
198407
895539
451377
129759
598597
997870
449169
647372
706315
125226
926375
858213
900750
663168
374700
504404
184678
541071
728087
961745
665657
450011
459918
640329
980641
360247
182393
303038
380451
475090
84978
436699
543925
82814
489880
387508
872757
502213
868894
527494
173937
433838
493006
568916
195510
629412
917126
424198
237483
729647
974568
391634
635658
513119
303394
781427
379314
564659
612752
644369
593466
827421
578844
33058
691379
983590
304345
688012
493785
850772
159861
266634
648578
897829
915445
131175
69708
897973
42670
649747
853573
38452
992117
248887
20759
158083
44700
917756
61256
503084
175852
136643
600886
778916
255703
174933
450889
448010
858163
176152
292759
28937
946265
62782
976068
173199
371074
587694
839273
236444
282084
843067
55028
94738
267616
504340
234200
589354
495368
253408
545144
241262
965986
727148
621363
664459
958650
785758
642004
532657
452162
778541
809587
987645
850115
914110
521967
36735
606085
576456
187874
251752
601521
160524
377038
530683
852300
967135
623321
270455
771422
94088
56751
794801
610971
657040
390205
575059
437600
96581
816291
946825
71839
963515
950618
802623
398745
474097
377692
38489
8194
874179
293326
862695
446174
619911
681280
883417
985149
26211
672036
643628
858684
328953
858219
706838
53500
66597
726717
318232
709852
585237
441300
349999
182566
759557
444074
823873
972278
425182
113736
191479
973262
421993
658153
46409
153695
73132
545668
874852
665535
72212
363564
75359
177851
48564
284550
57190
570049
410803
543068
112309
128350
593367
877340
446785
785927
320776
239053
690978
560237
488870
757580
840919
371470
485108
223132
962941
914085
91561
884531
135008
75040
571581
329746
460391
682615
413346
287295
338759
278304
899057
406651
485205
369126
641410
959052
757133
345806
991755
340635
371054
342302
691615
940242
245653
670423
719835
187356
254987
957244
619942
226251
466917
418601
353616
724485
194650
444505
110071
116575
559590
661024
107941
868088
76180
628199
406973
938623
190151
969637
421717
565856
854596
246710
998443
246755
139185
608888
117695
717398
283426
983520
336373
890067
939772
350198
680732
201948
239033
127344
388892
22436
366541
904230
345502
407642
958835
933078
523482
558979
475881
15153
161921
306335
993507
210608
912082
242072
24777
686299
635438
576715
411444
721105
243591
478082
235381
615054
738881
260654
92051
729265
969071
510260
428004
512277
355074
513523
99655
702089
671769
977682
53663
523587
574824
131266
461333
270191
485392
307372
905903
204683
32807
45580
554788
710503
913733
729498
930738
290718
539792
850786
484078
879544
349590
68648
196738
401755
623134
25102
60888
385273
558898
978159
208049
72479
894973
388839
623915
590013
755469
102483
275229
344860
513102
42879
591771
723339
930930
294622
886352
135133
269176
770843
233133
429451
422823
414547
197520
671033
860809
341981
730995
526156
59545
501751
684897
257571
827951
908005
256450
644306
172486
900152
809956
520366
578615
432054
602845
208149
311669
597481
292531
494750
631744
222213
504545
87050
884809
431674
313808
837126
403834
138066
441122
344292
943288
290197
93551
227114
227704
774826
283714
630706
826665
728282
730117
989715
756427
963900
305433
126332
578917
711525
398190
534410
102265
667207
705514
985918
708009
782025
869931
726129
74348
164543
161192
772474
938102
541574
55321
104043
963592
20712
837553
189663
383165
541284
121780
610099
617707
151092
274470
374144
905330
401111
295861
687382
627225
936496
790088
895676
869522
4011
624221
344431
843006
583675
345853
682380
28797
11503
66639
146911
61368
461532
171239
366602
812218
412882
342872
6020
937153
278169
82186
588113
419585
141885
619646
287878
656197
929133
833345
590236
829342
253727
30699
181983
176945
615993
645959
185445
569329
752669
522920
94134
394019
767814
485219
663517
295569
28960
984906
988157
195283
661479
543158
594338
983099
302852
153862
374016
248597
266366
466900
822675
632843
812724
267304
570786
728020
887699
689440
839559
975348
671109
424901
897752
48441
44822
224902
452354
425087
942213
540904
92134
88099
101110
944970
917171
27822
971644
513203
372638
872794
448400
966087
539674
275578
247038
518104
334355
935557
272629
451273
164601
873565
459613
376361
550661
601157
370816
26981
450587
43320
982350
351887
744429
793761
223943
298930
920054
398515
695576
983887
374839
21494
34583
196739
218534
379685
892408
723950
860442
863448
928948
129862
196674
648976
36549
981015
214165
91273
601799
304617
126169
320351
411312
263050
341140
711198
232112
382757
522208
98185
918134
3085
313762
911289
515409
370462
471292
280726
142402
900506
104447
751322
557056
978883
644080
850571
917143
923921
702320
966180
639537
539287
65371
244403
146103
752710
452645
852538
536335
998100
236474
714045
909984
818118
350673
138011
499514
518895
946345
645845
482361
360823
636543
913113
160508
527808
161287
662599
92752
698019
25019
402829
28786
171044
609334
346459
484498
520079
470385
626199
305832
612777
785310
154188
616198
205522
224129
54131
801064
687915
932896
629001
898028
906411
570311
827176
409194
228399
868004
84377
177915
189411
252647
855365
971878
173389
655118
878358
729199
766573
135825
292794
795968
954988
118623
30825
472180
728132
175570
546160
932140
991004
731073
291809
293408
750843
649866
965696
640725
965316
986746
843791
982117
120329
826232
556695
400092
911817
471770
452471
239481
728054
179540
732847
46852
726066
662719
332147
156562
345858
962677
935103
929027
398052
118357
457071
827693
197449
537941
236733
356041
661744
734349
885325
768859
2864
67634
343024
716425
933617
671092
62227
776450
80292
74486
58144
22348
406199
413633
986434
485703
234008
175450
126282
955558
68287
969715
951938
98721
958084
593312
79802
207668
223072
496030
318302
758637
287019
17001
862370
433921
465776
704153
814411
587971
235075
773839
525166
975658
552573
493469
613571
112106
219551
31578
192796
227797
958564
577846
616928
382542
893681
280206
217252
393
94989
540986
609327
957136
946231
830087
7251
781542
153632
883631
44056
446999
953655
453472
163555
276521
122780
714320
579378
948847
142937
14230
76638
849866
72189
130932
161043
813280
330858
646217
670955
579473
295960
321318
238586
499828
425004
150019
969692
970481
147932
132428
288577
394154
354199
413578
115110
507467
727734
200680
648605
131600
534149
323897
449034
147467
686636
665477
510251
757868
325705
142825
357767
74408
40620
982539
239057
831588
911836
508986
430054
352440
950443
721987
646435
313603
604168
951222
832371
269617
212475
465062
686384
45869
419624
778922
1829
509400
990139
24481
597268
872895
313276
953218
514825
110444
529853
196905
229551
87155
238610
353404
765358
201418
347227
321995
494644
213142
926051
918450
625677
497513
950402
776879
111960
369662
97569
690014
76733
884826
771379
362420
702769
992470
227494
687629
924477
154602
92842
919182
749026
670477
176706
95456
106916
707421
676972
648252
867421
947769
967852
808802
592527
333473
490426
273452
413723
26188
388785
948988
238037
129657
873529
353466
973360
816286
988014
794016
964284
509847
632353
908989
403352
919681
770900
131341
447022
282459
923095
812023
106167
244312
481749
744446
964003
197514
394237
649236
467898
344154
994922
428456
236905
111582
286914
561858
744386
711293
226118
366811
607989
414839
232821
332823
21191
786064
662598
446981
718631
1029
37780
486084
786268
344983
783122
226316
738018
495568
235963
595088
145934
847928
516671
837131
496712
354422
139606
380941
119832
983974
900587
903648
956509
908271
991775
884434
936903
372615
939755
999226
268869
323404
192408
617631
732979
54040
817555
625150
624636
437673
890889
244608
188395
730746
688276
444633
29400
444292
913364
293067
237890
502390
935850
719308
651297
456671
750575
451783
336975
774349
69516
290399
784084
487767
37697
128993
630036
894572
263183
550765
86078
805588
172114
907765
821855
393247
512913
278090
584419
377768
313878
345094
169524
303701
286722
171063
541862
55809
112069
472151
841715
760958
522837
460523
312728
108257
461758
495342
656963
396781
517203
997992
839863
922034
55305
268513
530603
18433
334825
577078
33803
68226
461281
303667
377679
875078
19454
431111
99852
787947
404731
731089
645017
562311
129882
897177
116477
507726
97826
832279
333626
825130
181186
966995
637722
686509
797726
599363
827707
183475
625894
99016
992203
724756
760738
996639
205893
652153
695913
929251
584968
906755
777805
491165
654148
260278
107971
373606
872548
243682
657589
129042
819841
311147
544325
909991
355015
19095
303728
833746
571484
388336
798138
799358
884082
69751
571077
327655
542436
931705
89334
499315
92126
344726
66500
209865
218873
194596
638040
960272
218372
325155
698104
899993
569040
881542
741249
700036
744519
181855
796978
618305
908071
794229
666910
15289
230825
637821
145519
685133
672056
847099
814840
127052
830619
653484
757850
675386
152401
560295
447115
337640
58991
549149
844842
438701
107029
805655
395777
606132
391793
446098
150913
217690
227046
674765
850930
636862
136427
555151
270129
584732
213068
491204
144269
921785
886454
211999
172953
416257
922379
143329
979395
502569
1059
535319
536024
662840
623874
161133
414860
136761
394697
236073
409643
420410
110173
414441
518367
101529
356248
276617
196791
982776
888123
591251
808887
438219
603215
841986
748282
151987
293824
785601
185049
341628
112337
936166
452204
635193
628419
625732
399603
536122
138345
149939
359569
662054
554902
871634
711500
709308
994720
923266
941467
821694
874593
608539
292315
136883
478426
666056
325084
674035
477801
150124
957533
125502
178013
553816
218736
348949
326479
734675
565477
827527
633057
35544
787008
463858
530520
642784
653490
435830
938013
289889
997851
971062
823693
117984
442885
734600
494916
689387
934107
900529
148654
951257
570685
972585
695387
202124
396548
330059
560836
410124
258913
48515
330478
994678
991423
873416
854116
692166
224998
573019
416595
877566
405154
168700
985442
193929
71
846282
692214
799181
12237
345885
118534
115820
304319
353911
583076
494132
570051
59603
135987
676194
316835
55623
710713
403320
406068
928144
690092
685494
815986
668988
249225
867733
329486
155140
138297
658329
946321
944626
532704
765916
587706
494082
866509
547565
434677
676814
177380
922796
140460
846619
511530
857938
732200
492030
554988
628570
116714
417407
774779
241015
406547
698219
336317
653849
224853
733740
561844
618291
778002
331794
496330
700378
555199
404842
561727
356554
302004
63489
192073
651739
459300
624596
374119
83829
4437
527301
791565
165671
606125
253875
517835
310353
648748
160662
717783
730083
778114
501616
856706
37210
896887
594523
522827
877359
29458
504052
444608
848137
972127
821771
546048
195580
246700
783037
793453
730590
907721
902230
190552
487385
244368
874581
792192
887905
889872
247290
614549
378832
514326
59902
428273
526519
426260
777387
834773
10848
62143
722694
148241
507246
528069
721933
939338
332352
816367
802238
115626
43561
832306
701702
19097
550447
177804
15016
575094
873374
496800
42477
166611
445043
170484
277513
933273
447262
723650
48476
96777
389405
101543
919459
942368
814347
113139
96101
843603
134516
567425
277022
186509
197159
444083
856843
171122
622871
498025
63049
436725
769679
833586
673829
508927
492434
523845
836800
568477
216808
786188
489007
367402
488346
600525
401715
804129
742141
212983
78888
326580
72202
57817
425720
824613
549709
824866
886487
559214
348547
828915
225206
852847
749114
365536
297356
821777
5026
530576
647822
336057
896350
396312
924551
405446
294625
583424
680774
112929
209939
866486
159014
799348
524714
839922
282230
571613
61059
209597
680917
499299
107616
57041
689212
192397
784235
989510
52270
32866
444334
85789
613424
82680
821634
600507
550755
678017
129914
72707
673431
836216
479237
435813
587345
776518
982407
341103
696019
932494
302716
397983
696945
931669
553318
864634
501282
793831
989367
685360
771582
904321
569030
516571
555136
952751
220721
153810
903633
482000
177256
539521
891824
217198
601484
308337
817439
710939
188538
951438
268936
381823
496422
348103
242305
647300
434815
673128
387075
749556
153432
424509
107900
542804
255887
853847
471566
32079
240516
551103
395581
623446
309888
249361
399002
260786
475598
763699
790093
368542
705019
229143
527973
786424
694999
645890
538806
232245
37808
922872
599011
483239
344541
126740
19716
816476
527449
272190
38914
143386
719333
880653
632190
26291
545074
688833
643945
151391
365063
4023
54556
87566
575990
33098
742667
148273
233655
294397
764213
295294
273792
241427
998964
282720
603763
144890
407501
539825
752503
239073
242881
713102
592120
814684
878779
327050
479533
474036
993943
275657
508253
164019
913216
74423
670300
432370
824498
31609
997938
630063
754385
113704
122250
455971
131816
161967
423510
281203
197195
411852
949614
525166
821555
304986
504433
708363
292792
883080
551512
261589
909417
887624
696249
533665
801430
455921
734126
788572
554341
509532
171075
324433
987112
590492
723558
291180
363964
353696
305795
152249
956367
740131
15956
459594
628066
355590
207352
103088
148849
4406
999795
269563
716876
856991
227523
515485
175277
334034
313512
344560
289364
428363
417832
21462
729107
401317
901777
447025
547488
890066
44803
604962
811968
938855
850318
327233
90620
454410
838293
30232
959450
848490
810058
920722
246955
781385
110707
998085
119595
241729
256101
103096
349534
257700
442538
82419
855783
337040
855006
300540
525889
462011
450398
306261
401258
242849
489000
937378
984081
1477
415894
367137
564219
97205
380248
261035
950631
390430
127816
713432
83563
294266
750654
951442
696801
568382
54707
870678
50010
776682
644030
848947
271817
176427
974450
81897
934707
774943
673210
204634
66888
647675
276287
838873
556627
127163
888191
9492
276497
553020
425175
594920
861626
786170
454083
108818
937968
891222
621537
439934
199961
174782
55999
32535
786008
421318
548168
868114
165851
987601
327276
854570
110328
385899
734679
653292
318886
737437
158319
438384
69132
790827
847080
497272
453486
235830
771559
467459
310895
215718
878346
802563
381709
215867
10165
435475
685802
550043
25684
679883
305940
648603
418034
505989
380462
584667
993052
1073
263382
227474
242750
312587
263526
966635
550893
977564
160465
180387
308437
679690
815831
196982
457064
222169
677218
684320
628684
384616
928092
318341
481670
820890
820716
720496
715689
331188
199846
443723
87660
46712
833354
631859
485700
977809
170273
270815
619644
485066
155286
811105
887332
178967
756908
588208
941399
522742
893697
808190
733606
844375
372522
200981
365246
978860
693344
645563
836701
251067
910620
331972
599397
792947
412359
670568
444277
942086
314163
98433
435555
3126
122629
369467
108386
688958
794874
907444
394425
254631
390623
787050
264358
169656
769102
101277
496411
993516
923526
650525
89422
882280
625283
571816
345991
853461
151192
356098
874072
750431
671862
263552
456426
433812
767971
948402
165995
567271
198327
8821
393206
52182
133050
36619
114976
348647
806726
563215
68106
124336
986239
252217
791878
94556
666175
510758
568351
105432
689205
431244
601202
834317
410725
969952
642979
85504
875460
979704
153194
776467
502461
887535
973236
19698
727891
288532
803975
779005
217015
412114
393428
740812
801689
774302
448648
806713
868575
562075
10224
29837
342343
321484
280571
656386
122406
237008
509404
494425
518015
310468
106909
50379
260383
944738
39042
635044
52519
726876
277973
630967
544730
377806
567132
599493
223597
897920
477821
925370
609078
651438
19316
72610
490816
871539
412136
288023
966392
801717
579462
335429
962073
868482
137326
127580
897263
289791
361612
86057
256260
715791
693476
644587
766720
259633
267375
377762
303019
906104
856250
21682
855258
89435
654988
860026
317565
771264
445436
8109
398572
141749
101542
271604
931326
247620
576839
148289
7401
282956
525503
66659
26190
274031
732888
547034
613625
593160
770068
54222
327952
93614
427259
569650
812394
245567
450041
231177
351346
943434
165058
47175
501654
77746
326117
836985
712872
850683
196311
968613
932843
245883
6101
988180
249419
278605
66392
909158
890016
168722
333156
750344
503971
804001
623853
537288
160021
758012
766308
381670
385451
137197
679793
437573
453971
981375
66051
980229
556593
341197
410501
682938
211430
530145
370818
341865
165616
739417
405134
556515
48463
699850
567988
128343
347083
754067
916748
742661
716983
68265
632301
625638
380941
716367
826315
471732
784313
550996
326068
546249
675040
370074
532725
429137
326502
489358
943853
174502
284050
28983
204461
537162
796035
103113
230379
57047
21702
488636
164884
823072
178037
754341
95473
524172
577587
637350
463412
266239
349434
792793
853918
748146
405759
335653
327681
278019
367651
524085
556325
74452
296907
172449
84479
282984
341130
345913
558236
960906
627907
516570
590099
834989
780686
90630
989536
231253
225075
871824
522680
344782
507677
916028
265503
975544
964966
270082
609645
677626
270587
371922
614493
48659
52208
984770
53776
582224
358516
435862
700539
508248
554874
190500
615264
591180
904066
604170
116725
793348
773301
318621
634716
121101
851979
252281
504422
480595
773447
911056
898621
205278
631991
641083
186824
674124
667245
991640
776436
565801
714026
768211
203568
566874
58779
918780
924679
441838
864578
373234
756298
671710
739848
709579
582477
373578
336801
370207
92700
225711
167543
37815
141823
708804
241577
992666
652633
7537
707815
940370
381320
208919
924800
953856
806034
619965
393583
301678
933228
183997
462367
592321
443934
193857
31528
696905
181849
50215
632677
53914
181277
878448
428669
242156
801308
638165
657867
48812
366006
72929
840772
600181
342238
943916
8904
639927
118717
892746
292006
462393
713457
997984
26527
750247
567569
344410
205162
912644
750283
754477
557836
994830
292928
444244
851143
640139
210354
107833
855759
280579
843308
207489
281177
930047
210793
874206
19713
716974
974165
226897
411868
440185
610075
26927
533969
4451
261426
475535
461954
629606
63507
606424
874485
997113
984121
226696
689160
862134
207366
903353
493632
204686
653628
14979
336688
712708
702144
938683
910139
530641
208905
664772
856858
17125
811195
136333
298587
722144
369246
255001
364344
776910
430961
117899
336989
683324
716726
779352
500742
474418
43112
158393
890709
359711
357078
773100
671017
956250
576589
127206
504636
463194
806801
548073
771496
980141
62847
256759
815741
208642
91307
411094
254550
611732
884227
405430
220564
942468
720844
704469
509955
871377
458025
855149
848739
624758
337176
380941
239325
337418
931078
361885
172921
219544
452712
366441
884245
747774
283205
236214
127902
862222
356438
966477
979393
65187
234898
740130
266887
855119
181312
286965
960074
891269
633949
296962
465353
610913
46835
315680
88807
918499
799205
877566
453375
348949
694547
506375
128579
814945
926303
446896
527880
250550
99755
104073
457048
815627
299488
56149
855817
710103
205446
79160
680753
799726
91389
576372
624500
773895
219566
77114
794435
352164
856536
27170
358921
590477
155952
512859
883609
459067
708779
184585
533565
336305
677335
760344
720570
644336
377407
827742
297045
30646
969167
100252
149626
327528
568539
120116
427751
444472
483934
146462
270395
645319
882181
709713
326408
478232
838674
113260
598439
321319
778243
533104
688979
497000
878985
708707
388161
199087
476861
623634
190109
929105
354341
442649
990689
672451
707277
502505
295529
790537
992401
732793
913635
741804
174599
820104
523070
260671
413411
132612
772482
156511
847658
809675
547354
209138
528403
809856
990267
590411
482437
517782
937189
541775
887185
406970
707727
322536
92668
655563
770920
788065
84494
392815
551777
376932
910387
206418
608697
366531
378966
214808
108246
646054
523741
689118
355066
350237
187694
830273
80326
407797
798887
785477
967833
75482
199970
700849
410668
747497
171786
46032
765905
443051
994778
881173
342039
306839
447017
709270
814879
490111
252624
687070
175849
558589
931176
536156
530338
428859
398991
245672
59430
110735
700435
907798
808335
595235
366666
168529
177983
678388
462599
451085
990402
756514
626882
797795
428197
92863
462173
427069
887935
889862
597920
945450
479615
659975
15755
846667
961123
127171
432385
284278
918988
344467
929502
447231
991204
170793
745557
720928
379873
857928
676530
886142
275018
890724
198597
700660
956263
763808
929810
803591
654353
828397
481759
979846
908921
57131
51716
852994
55315
715115
547933
983071
951462
161734
848292
567805
426729
190751
272428
376514
503481
25255
846966
535096
720741
571370
840544
875685
65518
192176
456235
719637
990593
942366
624173
868515
659839
725819
891245
733102
563788
960336
598223
107427
44860
353420
48233
657231
100529
15201
283179
946267
928650
604181
403196
74770
855419
796690
237372
395995
883326
98124
296785
51765
381318
281214
892987
243305
546950
493132
288714
235004
420368
319528
15153
497616
521157
160804
424878
75629
27747
824079
981709
175990
408985
198680
521920
792182
430223
829119
970799
253754
856119
874569
989022
725836
753464
40414
310119
88444
835268
833323
177073
57731
322303
551331
555333
436926
265388
376415
715124
439260
664532
432911
67412
141156
94556
554544
622643
32608
528992
300497
25019
754922
620286
704873
931740
914443
152718
153359
386470
158391
758738
481554
60206
330113
227242
177743
345230
642274
581277
266394
235031
170189
409887
969749
756880
482306
75554
167275
799131
622261
621893
263039
894381
515277
616875
86457
579552
952406
831166
559490
475577
534313
911056
846786
573809
391485
719767
334604
654470
98065
872094
544059
905768
723315
255064
92024
519691
521289
314182
205775
254142
390378
470980
545449
354593
506360
25148
158857
435092
244452
92168
256190
963995
163117
443014
114235
657215
773038
373660
735392
370427
109524
832549
112302
960958
484737
95382
849881
914676
208762
589119
824424
898315
508386
151878
835202
926002
780679
568689
144098
30844
421221
380869
310625
217588
409010
770030
569447
864283
230506
939981
657564
364373
788941
601212
489496
571161
854886
458455
249502
888838
960702
441352
346458
239130
54977
745876
302712
27600
299789
636345
46872
924271
499314
512511
71592
651988
107196
897109
569575
668914
816938
56250
150030
567190
838503
191530
835432
141968
400482
100080
618351
917314
931312
842274
422484
459477
730607
853917
727738
860620
627812
278705
565090
851773
923414
631902
818199
491974
203991
817127
954454
614217
94975
863484
110139
285418
305328
807934
29875
331282
951722
511690
648440
460236
975625
859555
228122
43597
200149
33635
64020
392564
860816
737991
735790
937188
917852
220828
36488
759929
122516
269596
361900
809402
474925
833745
579813
565670
640136
95597
802185
735744
913011
252629
413316
23
682860
925440
564859
574489
923988
579244
65842
267353
483345
563377
401495
457682
903354
196453
674531
691894
46317
689957
49370
211831
786128
413667
617300
173597
384736
9768
943593
641974
905023
520527
666609
696425
306926
678237
677778
841481
657965
445414
483477
247864
975591
61099
450257
222128
353018
211466
481068
537050
151076
427386
886998
533957
999225
862636
287341
221870
307820
802989
928474
92149
918619
849996
144585
274279
718444
975800
744900
579349
95361
695640
30038
926457
474271
996680
281233
176444
734082
642867
603653
336318
10110
121622
985289
657253
115555
90457
686846
567934
954941
672424
22849
440449
304583
916117
563258
716639
841196
614625
706649
125025
286266
49922
47062
81615
709800
312437
635885
110796
395233
862782
680510
816723
224829
76424
251770
459926
566680
458727
526062
308071
275374
252442
601891
841916
925412
745054
602384
497573
656690
296671
448196
437248
176018
945442
209218
586692
164552
782681
500564
171062
357877
820944
410466
199704
45004
772976
220637
799464
555735
938833
961537
718453
662921
908946
639900
790466
602839
95490
888493
651298
913741
325984
727149
182034
193803
975655
406919
660250
967702
421933
945443
116815
204007
824904
805434
562605
314160
897874
438426
190218
12026
444774
765411
582768
503460
703597
457178
492046
141077
767660
294753
545203
221760
553729
732993
81836
276899
48645
608380
8949
804603
155070
277471
331323
979698
544924
19025
29035
165965
795092
103618
261855
50928
346859
256881
868451
669123
610943
510155
703446
445624
588653
390367
355249
31940
164852
930152
232950
884363
342431
47651
803973
159316
117953
809304
6026
327143
916839
931702
76631
494083
593835
7539
305306
425676
612481
150638
326141
803379
452162
538989
164550
867494
244312
805926
192767
25012
935173
746776
478691
856588
437491
504494
761161
944536
826949
988415
288829
42644
560081
859304
25729
870555
575416
776714
458538
878244
480058
600545
148630
378638
959302
462877
96825
241029
868119
387336
924079
562076
946209
944867
625762
308215
227039
148122
1427
361314
832711
475214
226161
484172
84814
176214
420940
109453
380739
771514
93423
986890
275010
379540
109476
259046
181221
947227
664361
152863
209063
804038
330728
48651
57244
894830
857214
549648
736546
83401
506447
540188
678163
570446
926755
888025
574617
510900
413607
102448
884731
572583
919995
452925
753143
484093
634143
527244
186673
187567
451764
340911
673385
198350
73397
919947
537337
146325
496284
201457
87290
981886
424049
909005
827457
502135
441553
641248
475930
224568
170256
63279
390931
705744
713109
367789
164512
143710
101980
211813
193791
201297
938786
614682
720704
224802
90647
400172
532907
460549
549743
454010
335680
25665
5351
889342
979424
53387
920884
800985
822017
653369
127480
145628
599194
608024
205286
336336
295114
959495
563767
348821
217414
711175
629844
575017
149151
794212
808293
556042
285134
675038
617836
346486
286153
315247
791153
262296
435210
547873
549272
835755
838121
462936
361904
405147
659857
724513
509902
832032
791001
168370
305490
230119
399897
549708
709298
890741
77223
194875
996355
265396
332510
867242
182781
72432
631720
888240
30396
488141
978138
627879
910306
894478
830588
152376
286844
247140
96382
227752
798660
900163
435160
39599
747245
903509
78431
465880
36342
439222
5106
111652
413740
749941
662409
170558
706450
777527
168463
230915
576664
505579
491240
21455
224146
620456
890309
778279
480881
467829
899274
979581
78411
517501
190191
491276
977281
331668
613946
668207
736530
146392
323906
642702
549446
686117
46915
905371
841731
637224
340096
829697
404192
431094
877698
310055
915052
333219
722712
576275
617764
959538
459674
539897
474172
404759
751257
47085
865527
339155
449186
58995
625631
521737
495995
926131
380283
385310
599664
472437
408272
748190
648814
97557
34178
107090
498750
988319
133270
66493
989287
956171
781969
356030
799263
529367
881497
851945
188847
753916
779427
599910
274836
11542
371055
568261
620802
387712
446105
404306
246747
969541
623259
519868
439121
814124
271500
239150
412934
913959
263594
300180
192996
664383
457275
548591
180725
656315
883935
431832
583268
147233
452338
157166
248982
959916
551947
892438
501882
415873
546850
304979
197972
210812
895939
7155
788302
308719
618602
859216
332200
240115
182695
824841
143806
514153
732648
834268
348353
615258
711093
840134
804451
998756
270980
998128
206619
403982
811382
795758
221583
582839
772926
313052
68782
141562
729287
212115
630866
900436
586032
414079
121374
509512
779569
505625
865328
835197
74372
84287
782874
617974
12836
288218
334094
846198
129005
166511
625391
159514
665632
260920
470393
492381
779017
706112
563703
358419
159176
775976
342451
225153
226431
808298
148282
830956
876822
85030
641964
357929
387513
670900
760042
521204
414342
838853
66722
126996
404444
325326
2419
250589
482560
110731
499820
981077
773300
797667
723414
43289
15523
569524
240037
661911
777255
896243
185668
307812
663010
842304
422250
17685
318490
979458
793605
254420
739892
304175
449253
844507
189384
368409
262147
153634
744328
970652
520356
927583
141293
657894
170412
874823
972696
618171
205026
96964
224344
809295
238177
513365
972118
91618
281181
924695
793252
774688
328557
152532
528953
535838
441611
290916
774484
889897
628759
909715
825614
126322
87367
216843
847979
989579
646959
654422
175076
715821
526133
643423
924704
425613
776168
399109
631832
46475
370169
984292
934950
804302
29533
853102
175791
11484
696707
384947
872527
399360
943518
963335
127231
133581
720620
999389
886945
426084
493944
602116
891993
567568
400550
678530
848189
382498
17096
983161
628872
937552
643564
464218
622311
832327
343338
451092
332762
63133
944760
232604
143322
493242
581096
998716
615894
231404
902822
883977
308021
89784
963485
404039
954957
249501
336168
295309
347368
984217
547391
475860
160934
421177
249670
831358
793678
47407
452470
541717
346025
31070
356473
705548
876436
348835
352058
397041
986893
120572
707797
143111
216239
611513
115233
625024
105032
289450
911444
667795
246328
456997
577851
199632
176169
979867
431691
670159
765138
118076
654388
502892
47916
548502
150024
468063
188663
686467
205005
367817
465091
871689
700082
527499
393172
782212
331634
992215
740692
443616
179805
652078
90851
217577
810862
592893
137768
777357
815709
909191
734818
231571
773739
76121
938034
616776
649298
941492
649652
645041
177612
213253
570397
313189
72131
589314
522795
50104
271943
424955
940889
178014
592627
250413
216936
973469
203202
787346
297340
614275
276439
337979
269107
561478
727882
520481
344537
780848
101063
672833
777245
388623
785826
495965
345277
116401
876252
594768
213450
306641
147643
543580
991655
83562
51084
659487
598541
635427
24674
571501
709079
968384
147508
363371
551337
849638
589612
734019
948311
390302
901251
696285
415952
933711
236110
25726
357141
877721
385056
377043
228006
283790
849056
277103
165562
605796
926637
234160
435129
958249
644100
834525
159712
130540
962929
490408
672115
151770
134868
251675
287815
403846
57645
763888
980939
268491
348701
4336
251487
669096
485611
714277
484901
179890
67408
469363
634659
100910
522765
495106
113431
460446
419800
192559
439710
699056
98799
66356
780347
217622
25342
766177
316277
432728
939037
159821
656754
391926
2198
451194
583582
621002
419721
661658
110179
14321
980561
746243
773298
157562
42159
884837
151577
379324
348361
149582
189904
547077
877799
686035
18416
169342
346908
956990
938164
151650
966982
270416
777592
666174
719333
70869
420363
609379
998540
586717
722976
7148
581073
251740
965226
997659
631180
307934
843599
174756
173548
531926
982368
506382
682163
114732
818623
477037
25997
418626
595455
218025
53017
718633
506321
796344
326608
809894
840077
135215
482060
389228
748224
595601
976510
69920
962590
936718
39204
649646
757369
106737
574825
398848
758
608898
188892
522555
448138
987471
65196
456539
306894
459176
75468
442303
373237
288599
120100
259594
724866
257274
492769
499523
543808
963999
653492
313532
154114
162148
328039
161518
933166
802192
852847
165194
182498
159549
849874
988502
948364
148692
969296
490050
471562
549865
489038
55645
999496
634833
143572
561143
517765
292381
706218
276715
384535
872469
306599
279151
113379
247258
650471
921871
737906
749333
933323
198822
63213
26015
366961
640848
496840
147281
2934
509035
381737
97444
363207
877278
996637
985696
336664
714543
217440
68631
362448
159452
514911
859255
181370
270252
179278
466834
665251
894693
296689
979639
863515
910661
980827
461891
723499
247487
215673
638717
213649
675550
692140
811794
564525
839867
487167
798456
101945
906712
887566
981463
131991
290437
441244
703403
421998
950883
709017
279416
698439
272840
201725
514258
424085
2874
71138
627312
252527
297812
409214
57551
400397
748014
800305
117848
900098
679555
54512
553153
95335
718144
555690
738270
934435
516901
846391
81586
282887
625426
375088
521746
982514
591837
828696
606579
623292
730755
658750
233930
780242
906153
740700
18980
488557
815851
439718
632698
878015
406104
856038
462553
849948
743580
659389
364212
232169
699273
319067
293
507721
3493
20605
62436
617657
512716
45484
340043
968279
156807
523208
400572
652612
937222
749866
729253
713290
79665
293484
175071
187468
638527
852285
175356
778909
840627
532256
290039
617282
477949
623636
55087
248509
409256
17968
667469
749324
215103
305450
975470
569919
378060
7182
957961
896050
946375
819397
567596
39663
455720
969213
284316
571942
805348
481494
42675
825899
266827
785516
682528
848312
560120
82181
21677
429698
865897
231444
783010
298066
652261
399291
469363
43247
744890
931351
639163
509551
580797
581728
97471
963432
79586
609899
255837
526690
585889
527611
45180
544365
166843
989116
713812
46633
311797
890878
917042
633454
957706
11924
617970
806157
458711
942767
494875
601521
452087
25587
167357
701268
863257
817474
203113
805846
958702
444212
356050
595921
946156
854386
747007
937086
853754
706319
797086
843299
391804
489653
516216
192206
847195
746692
221623
725853
945287
810606
183222
33339
108510
231708
223966
97887
718540
987715
394678
398240
843489
771219
239766
126314
990219
171766
739022
13405
337824
147296
56274
509975
720709
319535
37508
3759
492451
689157
958331
297890
472092
348056
279100
889411
619012
762925
507791
770877
914413
422777
103284
458389
380969
466118
402499
576407
247658
5598
837017
516145
835824
3193
993408
402002
646240
571434
505634
256300
509502
965240
400845
874834
835819
950172
850028
503303
812348
878286
430527
485696
814310
826540
45798
776449
459167
373998
583637
556411
755138
271222
178134
636735
11925
120921
955302
239625
702572
3146
691283
52864
12579
942383
394610
763235
116920
397686
4962
495525
642180
81016
173073
140778
993568
666002
238782
940939
83467
13512
851637
234494
436939
916675
827700
168450
264192
983905
213371
602263
793346
630620
777146
167896
305299
354760
167325
948093
914550
135140
285133
949969
351829
989306
774909
892921
977846
905198
62034
361783
768090
636103
685086
850058
470790
949726
447503
156828
78757
811988
691495
743356
644600
348950
442108
809751
10927
842172
636916
838243
723281
631060
240121
447879
665998
797695
734961
748499
522963
303369
494050
372207
447295
187975
676547
210561
770140
617984
957331
510578
458759
974193
618185
365550
153120
941993
138367
896068
306301
841044
346391
133124
74695
685214
324112
854284
470426
756854
451592
409486
807318
343600
248354
514467
611721
670338
57200
39389
175874
552272
782197
135259
845463
974838
470307
780759
498853
8450
203475
216373
713676
463763
20526
910719
780468
139398
410115
317214
923802
844277
745219
643250
786579
184856
838912
837076
366237
57430
374673
552763
861373
998401
279824
937446
259062
607350
24671
862913
82445
266633
96970
333730
423859
833943
402328
663146
719120
925587
782230
431355
154080
708731
199433
911130
500470
580235
137770
718560
191130
764472
207076
60332
295061
472999
269387
374669
237761
252519
119905
996167
457317
76801
635482
461578
497885
688412
292931
312143
125182
553648
593592
72744
173014
357368
582537
142532
590855
448517
539292
552890
770871
771156
523581
172050
173426
964071
653479
268215
473425
665930
119055
825067
960437
900957
855961
596688
23393
171573
85203
544575
126690
777394
81254
185729
484336
742385
591460
114853
642982
822080
504345
104440
184167
728745
590637
520602
162014
717466
570026
409585
472581
978630
660582
773169
726535
697330
244874
444076
820037
537030
870090
765525
434516
684166
244005
478773
564511
127303
935315
6352
493928
692435
292907
54993
233034
873659
161615
107668
405864
632308
705123
787461
219937
265626
458537
591015
916003
447119
917978
870404
459962
252037
440207
688052
568821
437010
128575
193593
139328
100571
663070
4886
895902
42029
48507
904394
444624
443195
531281
795603
423441
596198
716853
809197
134029
852054
806430
704004
255126
886640
382616
744144
690848
913354
872888
497189
153158
749990
844417
236533
89498
500501
144739
626543
923646
87538
886542
483603
737706
725914
520293
764851
478336
367661
191171
873717
357448
269722
688726
131092
423259
235936
340030
695483
545385
618282
999613
738079
425046
347713
783759
96727
848947
913948
135176
973817
2805
396796
383254
217921
544897
590290
703975
871207
14955
760854
24777
71076
399704
488213
222387
565161
532459
429144
233458
867136
621781
93382
588994
885994
954811
441016
576872
752374
804331
996461
79296
463862
681896
325459
846152
176894
575466
224756
287754
48419
51669
805832
292360
609772
807579
866298
831177
853291
805468
253282
485449
352688
398919
408910
643207
518198
913899
999982
163527
465059
87853
368214
440285
357528
378418
426314
818922
405878
847652
486028
691836
239999
739042
655462
877883
850227
45005
887756
19241
11537
363007
969793
119584
297883
234852
403784
234598
794006
445094
923133
435231
604518
817471
469671
399970
180165
59018
706101
752925
543081
993277
982116
383052
972106
953822
1917
295190
752819
393109
920053
306163
668102
592211
348707
298908
516716
179454
144457
301293
946974
937002
115646
561869
60778
461066
899738
187896
225566
724066
887585
801232
123461
303064
867957
165726
218099
517647
48967
430190
827675
897532
456429
559458
462238
2208
742463
153549
898825
251955
69445
601200
659077
337345
917535
362433
723587
667059
856250
28011
10323
476864
414485
227547
275013
743775
574058
209464
206248
982643
17476
555869
294090
503333
167973
559159
388299
352229
18076
998824
216363
694073
738717
249141
223049
294443
286887
677059
852680
493466
188110
284422
670994
221822
228115
681389
160069
781222
116614
882400
673315
761858
40742
76098
34877
620766
970312
871988
621867
277484
185816
184238
227589
434706
816977
825085
786632
411874
875711
150960
186805
251358
977304
797914
130918
692511
184865
461648
583871
736928
838664
387641
832909
966117
113391
749048
396775
997632
14176
489361
333956
159064
489654
909973
431349
616614
600565
617109
997836
111860
927499
525803
598412
433121
106991
118279
29142
319448
185221
925024
868208
244984
54835
795272
961837
388079
470060
279770
398256
283461
53
812964
581614
118701
357075
122754
364259
399242
450523
517528
38171
925388
810167
141627
44122
276532
804736
213414
345552
959400
702253
674843
634478
507951
562244
395947
405607
945926
543604
845669
191606
252624
866148
15389
926941
630901
354603
331094
330499
693551
481942
705242
730926
376115
947541
702970
182510
221216
917383
732842
752514
738615
171017
983437
92884
178428
986309
664815
657024
632330
156927
673884
84466
823330
823627
878244
287267
97922
255470
282003
491971
557942
968083
373134
182254
792623
730537
516604
976107
105121
167760
36639
322325
892018
810633
753609
561036
140613
59947
639351
492706
125504
338609
676990
946123
548095
918584
111375
792931
634161
255403
539024
354145
235346
372329
751916
245291
945919
172076
46541
422015
343321
132476
627881
397611
672070
987089
315629
754022
726210
422069
941465
813171
975417
10329
654299
810293
234086
441106
253096
189887
497013
205146
923915
982610
993182
357162
798892
648109
90454
682705
861122
846293
788046
486264
175763
577800
154039
523842
496770
657227
718766
601811
406539
931091
395511
4103
189377
949615
685575
851518
994168
902784
623168
933343
307792
697990
710292
534957
919987
924560
72044
178515
184864
700581
890012
621294
631253
861579
728671
32313
982180
12733
134552
608790
173411
852719
70409
288821
1326
48687
362180
68076
5715
227083
543240
561074
748183
744013
134986
228314
647995
533437
387378
747522
275086
63023
130872
339901
426445
718748
781409
170780
352887
245355
847709
225100
525663
75354
89833
56789
623928
398752
756414
440713
796559
801487
999213
809041
900555
921490
51056
200659
344981
880275
534412
512751
305124
382760
481877
359540
955563
892899
433127
437552
721453
372795
442060
484517
492533
795078
307251
978416
633658
385233
910208
267254
363809
96379
3258
112459
493446
855221
645700
817513
394672
440298
215542
713815
114373
710363
435140
844623
247184
823307
935253
321883
816342
64189
845977
238412
883175
436931
478208
483242
937645
762341
296793
217246
394951
974448
802059
989670
385325
821900
610333
477004
599264
310852
209108
577145
417259
185426
421099
153160
789633
225615
568007
709804
756908
938362
273136
661123
933031
284099
475943
179709
656487
855246
114564
59567
256990
639840
184594
480206
562587
273641
648986
632254
184127
937291
790848
516602
858709
30885
148647
6736
312400
618191
431176
593362
952792
646166
258159
740245
480329
431862
696925
171359
20471
110742
539703
383667
508250
538800
142016
860837
987116
530046
995178
401850
175647
404794
886958
263597
620319
217996
991990
227825
117245
698770
562683
258372
12034
336511
797776
386908
344855
628623
982909
231412
688361
232838
606652
884646
25342
789633
4384
364821
468524
758517
637913
413448
501688
333386
187283
75213
721484
669421
508020
299353
572041
426773
497629
301403
155502
317385
22927
355035
592845
599142
436128
867852
12073
234459
503275
911538
127396
121756
513908
166485
581266
445855
418270
330894
346179
391942
489301
223186
888238
858482
184146
839875
516292
534301
949299
636882
229825
534723
942798
868567
105452
23796
544979
7327
202569
333474
306728
31482
983716
35234
612564
646538
297883
888463
830779
192613
603330
583069
821613
645520
106297
333528
997129
680239
64392
574947
330745
890646
455492
841844
828233
84432
460011
598174
298148
594777
554007
661869
802457
213558
212892
212186
311692
703862
718461
885181
70619
268497
697311
822119
265518
864353
536195
869341
119675
370602
829497
125732
291456
411904
357563
775617
832235
186525
421916
443858
465819
117864
350324
165314
682944
111509
872539
11195
747830
506878
332138
407095
246374
778628
713908
952935
689680
357302
100398
309467
551886
13682
796262
330508
798297
66889
287490
692572
178823
354414
322357
242780
327931
807673
865410
930004
279611
904063
895144
65373
679899
556003
819088
126595
699276
774476
123879
943031
911934
171715
991576
266099
597252
954435
958017
637598
824797
45920
748748
601969
462629
10817
132896
427633
210176
525331
767915
533713
497176
887056
248305
873873
635726
30181
120848
559646
674558
899019
805684
880202
592202
370614
614181
299230
724279
377657
161331
605307
759623
192346
849868
247877
310455
237276
895447
208675
628126
718744
790641
748080
770855
735552
771650
315205
971762
3796
120376
334917
148317
170052
171244
161711
885917
133547
178758
377836
71408
456106
821400
321211
338784
640065
374203
271418
693050
852702
834693
592535
134591
354255
59399
914596
329499
843528
587692
774618
863122
673114
697001
319256
342423
865584
77105
952531
791916
825907
331049
289978
683166
732766
785393
408597
655278
829294
365283
599813
699109
585098
920260
82286
897885
19430
433687
772602
852361
323638
549931
926263
938142
149366
463558
960679
320258
725558
97000
13929
732603
595169
822401
284614
207928
18001
589288
618820
470969
740045
930366
22022
28382
114288
522885
893318
426231
52596
521908
359387
500997
735116
976043
109386
200828
194316
252892
336125
42344
784805
753479
335235
542326
980828
55468
656970
419089
618343
292756
22573
467066
959457
122907
219569
134096
161690
924341
57608
399028
623896
435069
358708
597302
872246
627850
523730
998146
724761
802970
281013
876201
544343
509561
760055
411541
758706
217308
358563
332058
169819
303758
274891
855244
990170
229073
213319
25806
655620
186132
238032
70297
231071
568550
141153
384767
24116
173815
757204
915089
772460
375665
664678
944196
904096
9771
757256
305295
364320
200017
516288
126470
94110
472157
765053
99298
548580
911511
551525
564135
838676
774014
338433
380076
662653
607133
81051
511635
849072
355934
106461
291275
217258
890327
814776
728620
134976
938792
622020
583642
813503
763464
812931
419440
300264
177416
147363
350160
228827
455237
449757
631362
476087
753864
664128
485928
796062
629308
101537
181870
56840
14061
531665
882662
176247
591408
671121
14608
947395
494175
631640
598995
851207
170048
52723
789520
913085
531987
151028
427195
354728
284857
477773
510086
957185
893165
705813
850751
956452
584152
55911
762901
833679
425649
905396
981385
968670
935134
309986
42527
588590
918678
127396
36325
568077
313880
587551
105837
303474
433362
200661
275579
625602
146399
153717
806957
509016
108035
335768
660018
417890
816380
996660
672188
508025
602980
268956
618330
186494
315744
524609
711839
112986
770414
88645
266798
720461
792382
712271
728834
461899
12947
80696
24659
854685
978857
263585
74178
677778
447875
188244
729092
578440
381377
733496
86836
687246
840159
472418
170951
902619
191135
747874
479176
268109
832182
911686
247568
871097
185736
688226
703436
812735
345409
13264
588998
614553
364168
930073
910323
450668
659062
318786
82305
679962
33582
195914
279010
191831
351947
6256
265375
237221
835619
433952
207453
70035
819074
129919
620922
500610
933792
151486
763996
894874
943349
781748
451657
606242
511076
379666
87076
919664
537551
18932
124804
311258
850489
171578
478883
78455
442937
357249
81433
399138
262011
649233
869847
891707
146705
947004
849104
573873
623691
752064
77604
428294
531550
649429
34813
215800
950691
395919
655362
902594
486244
78863
886628
69004
313182
5602
667763
977994
613092
254633
843674
249404
688989
835134
577246
134066
822297
709650
153906
931353
294116
738865
434307
750119
67971
377768
290534
135917
319869
910299
835477
467608
126954
229353
307995
564555
838349
3611
351629
449769
748128
925039
810629
192132
539059
469091
870540
229380
17290
87114
969031
740382
312606
114136
329913
506205
82862
537799
160333
446028
345763
676957
713634
155342
700646
296124
1872
553073
733999
545933
63872
976750
931315
944573
841959
744524
347588
162204
517171
677897
876637
918298
671334
601000
510193
396948
364622
334105
825597
5383
331446
348620
931274
233020
833577
128099
450789
272335
859902
393232
385946
464507
416211
882262
399435
325778
298276
432057
383853
476311
553648
158683
620726
101139
334315
574040
263464
161380
433029
205309
77186
950518
890306
144359
765953
251161
753088
803084
506872
296321
488809
169380
193291
953069
734203
471838
65497
414266
722468
176215
905120
328057
668644
499080
652440
997992
76429
108642
119704
408916
426862
440012
730027
4162
447573
609455
578012
536467
406743
946473
642063
209923
147082
803994
289797
448577
545039
963900
855011
118654
739698
916222
182655
189872
927330
919694
98990
232865
938616
930814
938795
470481
604861
756454
944239
321431
891329
687534
132439
151360
589292
684019
571505
358464
416985
208090
600131
877966
545615
60908
101882
159019
500425
158017
88133
191407
35739
205553
232685
412599
889217
68855
203381
690281
368004
247115
757489
305123
675862
683155
470057
46816
547577
932460
772116
623230
967620
147605
878010
2426
152399
457711
358829
890441
244719
137267
52064
661040
627676
663504
104977
741615
566408
341102
510181
724223
888481
846321
106576
705473
856850
243211
433264
593148
752977
74880
487345
222122
67290
472537
191066
700596
671853
996021
97787
462780
464746
425813
571527
510469
662565
384632
396503
233100
563429
514235
971094
737496
651230
694399
231032
16645
524832
429840
91117
527248
496258
598235
669972
347093
194332
346366
132811
748081
440050
275763
520859
449562
542226
184492
408357
359224
782833
915963
674049
839324
635787
643788
970951
266738
507649
724003
374687
954797
393509
391046
361588
51498
947691
491506
804556
611331
369994
338656
290059
330741
426958
215411
129117
15641
260735
921657
660546
291281
30194
723459
423690
772636
553710
981335
560970
829108
587933
383419
868291
96617
413963
895041
462353
989520
668015
433791
63762
507826
65985
836574
143705
149696
952134
956146
735711
5443
889997
675649
316653
786672
391709
541909
370405
927413
132990
924690
252950
480209
895235
700229
173415
426629
142115
728900
538932
524168
654814
460266
832449
649496
619325
409348
918718
99349
668628
577224
677776
629311
702260
200954
46497
45642
124750
753575
602489
733603
871117
874189
441480
586162
532901
301128
516481
732346
73926
461651
130613
395507
391827
50848
765460
189695
87296
209300
869136
516381
165355
211613
600853
941237
256265
37897
112398
858700
713772
111621
251469
88288
291190
378697
298673
293387
803754
893939
832730
655729
922555
155637
835362
346157
538071
3442
430288
399683
197330
584563
805523
964452
471084
549444
998391
539968
438473
698078
26516
479041
268071
779578
352242
412968
669865
929694
175931
694302
983951
864770
360889
923139
36879
363328
241564
10665
565324
323600
481566
622122
749113
269165
44436
570594
391116
445987
154353
400585
318442
513858
188560
581143
174125
832566
618471
565404
756091
523250
900775
338950
106990
51163
474197
609002
174303
188628
247631
398517
470205
213878
671331
941307
759306
3796
81881
163782
205790
986729
904716
176448
602401
140109
704043
289478
125392
623922
487323
845619
558680
295198
755331
200801
272699
471734
829769
32309
171107
761772
151426
988771
250663
777917
743477
422390
332159
126880
408526
347534
209581
125598
488266
616892
471561
436328
881486
82169
676364
882737
560970
964385
976857
292060
903620
756845
821705
427860
453187
10163
877511
278254
664871
304363
559730
353006
303906
992528
934090
764735
258004
73702
761734
715998
692622
495402
969042
229078
824082
695491
537169
796698
953122
162936
381146
276091
760267
984695
24952
805681
177954
245693
454995
255772
955342
910390
289192
129067
492135
604745
805598
485385
647713
35688
790196
629874
438522
496961
724806
294139
625514
140984
218551
891517
534396
306663
216873
282131
71277
674772
598889
632297
595429
975188
412943
789991
664900
692093
69637
522994
323226
112718
192502
229958
529689
849725
617409
319310
955807
351227
535737
57209
406588
4915
675562
817867
587629
135206
414095
339872
461085
19470
627496
194706
771397
767459
402855
825059
288656
556798
153886
452326
380247
127235
257154
486309
557647
463987
392018
824980
648832
990269
847107
175285
294820
996821
919239
391104
347186
376256
43760
76226
427395
258629
40518
275462
37541
507870
123865
705054
168575
607574
254552
899901
866989
830382
657288
518192
164876
332804
166976
488773
669140
731011
28666
555546
308863
862552
335635
911203
975741
351281
703824
173625
69441
702535
900130
214909
754253
196699
617559
374669
631119
436535
535083
337188
458538
268991
913295
953655
661064
123625
649752
586588
201
20012
592042
745463
9605
814394
727930
177492
532974
737673
898763
567963
855121
766136
908853
331982
981270
118046
44753
24683
260000
301039
158800
234066
722883
803239
992181
648953
384095
308769
779555
125802
389623
975652
60270
790547
425638
181639
921239
408868
636768
15601
188882
368457
46886
808822
778263
365385
875525
471437
134692
75694
933713
981908
667270
555802
478572
937530
984885
690609
154359
987093
199407
393791
571663
743918
428127
657903
701704
545421
394091
378812
237027
38877
92594
859109
952896
726086
531947
85442
859359
440841
976038
265263
413395
584373
160983
627397
667682
754162
96996
831402
689083
454822
208744
262319
829785
873700
680626
243399
492559
953611
735341
670326
543992
869912
946937
7551
182144
256694
228909
656900
7233
382895
770722
352046
513188
310444
798561
11931
669068
460950
721463
4505
784980
695138
55270
51739
899193
599564
343870
557178
713541
184940
792403
546147
748602
819849
704935
871830
146542
979538
275393
315090
104815
300979
917364
673661
526096
119827
75645
100617
428658
582009
915891
616479
400466
595159
26223
850556
759733
572022
973213
927808
593500
401409
172202
106808
816583
981566
970658
51933
852724
896375
989366
548799
237001
879090
739139
123559
613795
770419
202496
77419
311147
118373
41321
532260
686044
55927
555975
155030
375175
521454
440362
189300
723511
314545
112169
200350
266733
189223
518793
407858
738359
987583
651491
735997
550797
101907
741300
480523
147975
801484
198330
194254
871624
772155
655969
545282
760495
363704
576529
788635
624261
120067
831975
165747
285169
492590
364944
948055
630341
378892
264395
171859
132229
893052
156751
34017
396917
118275
878955
486865
778956
109210
753769
47246
154665
654266
370008
210167
379325
669332
309688
358974
638132
747268
144775
289600
230568
642425
813000
927971
892143
613176
813340
291787
770748
246613
397418
644092
978995
270302
509927
226064
941684
822618
691912
534245
366311
348996
406666
639497
256118
305923
351676
219034
326133
262609
392910
616349
195150
825544
66858
344578
983669
672031
940308
468274
946363
459526
112238
685622
949959
483496
77964
336896
150763
211132
879755
657558
355329
246116
576214
277656
547715
232812
908181
707074
149664
129078
773334
381872
325163
824443
337736
129152
593845
386090
565895
225117
666659
146605
668475
753578
335277
194457
403704
170054
328291
913494
228419
75872
139271
601262
404865
628537
826138
187647
154476
380812
159197
447544
625691
221828
351652
941682
110012
11959
32879
941328
388724
564571
810509
260226
596281
371457
424070
961361
327563
990024
430012
297067
566752
488921
445221
681967
34362
275608
924488
871940
775285
367333
23197
876349
785254
952695
311848
985428
588714
788745
96606
249258
633482
52202
943262
90905
872753
213733
600416
894712
248380
786377
173208
803363
247137
343626
9700
175937
558499
171711
464487
909027
800165
745372
556905
198087
756327
216492
62850
635208
978602
848527
971008
975581
118171
174038
876768
178259
882323
24263
689078
274563
422664
554471
963247
194319
367920
139408
232808
238603
140965
577269
458580
989692
851850
593983
742787
190829
560843
53022
628064
176064
867144
782203
622665
380556
583151
251622
955623
42171
200173
866157
836464
112279
906797
321151
437192
757822
147490
582657
26903
940273
409012
893879
42834
750951
818003
77537
97912
500826
670527
863526
673945
359278
713589
861617
64389
51965
66039
504087
412354
248339
166815
194395
482455
485021
809941
192095
111265
211581
726251
804665
480250
622854
413796
836031
69694
62000
590178
733827
72673
798842
213840
51112
723086
465602
178437
642066
231151
697443
924111
210111
222801
837179
938340
50308
861869
135772
86726
617932
499091
181958
465179
514373
898647
124003
684396
526724
526512
862089
323308
153827
404949
973523
27866
683282
228256
853746
604424
520421
318212
647548
675600
142542
5466
462126
551828
641333
254325
281287
932744
233775
973294
760910
11858
725387
886268
428649
855012
202244
889520
975714
570423
183657
527430
422596
118014
487747
553834
349729
311446
262662
132500
121289
627932
448192
744131
964969
50343
711090
268018
97146
689371
630608
945417
209758
316259
90199
524500
911182
758629
408528
998015
481699
46395
868391
125227
436217
683755
500391
795580
510221
476589
780598
219440
243807
158523
937871
37220
730102
683564
965519
179270
503138
220886
62197
634150
433458
301778
477480
17825
950341
887406
354394
555566
105353
388120
68361
598756
990108
292466
668775
79889
952679
497176
929989
604550
269896
882023
57829
459418
481026
945702
704432
70591
497683
973843
742521
223385
275453
287429
525210
893079
791158
333021
263196
177691
870107
319226
828295
543966
165581
323078
827973
690590
264843
94862
84361
803036
771666
831095
595794
386054
500272
73433
455003
888574
388499
913332
992439
253411
847670
748743
105648
469471
632025
109292
712744
444111
833070
922936
319338
492037
417076
617812
395819
896291
628153
205130
716982
648106
85840
203639
239209
750212
657631
368579
756949
967775
256829
556680
73655
724325
512578
344563
16929
145776
558680
481397
215602
899403
142765
679264
274768
392401
912078
523907
915098
589563
632154
283436
820358
414575
307856
721196
946441
738569
490553
286598
27991
527609
806670
203117
232336
233206
528095
878923
810381
573039
452383
150472
484532
667364
65293
490548
234303
362510
962628
829696
709617
612478
29708
845648
38263
353759
979338
51743
914628
91437
952240
53133
654188
143025
908177
385014
923675
301527
1978
111605
679028
482831
125758
184735
637080
901158
251042
934500
552633
665484
347756
670744
923273
635783
925106
435045
170510
530659
307448
125031
817867
209314
241243
583358
634989
608107
151798
675217
125773
396546
576941
425984
61264
59709
752125
292284
625473
822269
362624
473625
60853
67750
610023
774160
965953
373212
152914
47178
611438
22726
6778
939000
834868
39595
125091
229452
581444
114872
480511
879573
708278
795753
363267
299119
623908
86648
315417
786793
206561
939977
849535
633955
549560
247262
45026
919321
180608
146807
477469
758860
128615
190013
996154
816273
864161
435434
339217
529256
639141
540454
509857
69811
60616
744957
504132
17139
691395
528916
474158
633481
172405
100621
89633
181841
938393
850974
60236
355286
86075
615062
661815
350633
358172
108222
913825
302431
148074
595042
454821
714683
427425
272585
727598
60652
785581
714387
424275
194885
444761
946671
894676
596342
938540
354153
847256
670686
469561
295348
478530
239570
696757
363873
412636
216485
669128
874190
884560
614765
827654
281684
562782
210894
782575
330425
218194
214513
138406
988561
499946
619515
22556
59309
528549
638323
818661
520103
2626
569819
985727
46827
266918
36727
453947
262552
545723
174436
392286
624788
439766
846285
777511
630565
346282
461189
3883
54481
611296
901542
523291
339213
118199
349936
511876
264650
604768
195307
928222
49268
257291
25234
267403
811280
561035
879223
624446
501766
493574
30442
684492
173790
999695
720621
767075
689082
178882
800680
408617
718255
677195
240354
984582
111759
904133
802695
419200
235424
77306
644857
218937
566813
595446
330029
245736
77978
993381
122420
798856
999223
633604
825065
138096
376206
744558
956032
892693
858192
641801
859167
77001
234098
419124
274395
868861
916618
529539
148123
994691
430347
581920
919177
968094
829128
924774
320694
306239
106885
184162
289089
559911
283113
223928
197398
992016
613633
560682
772063
856963
583347
901388
826413
243754
906082
399739
524586
162351
146685
144065
250748
104508
208223
982948
860355
425160
461848
102576
320481
834900
141035
473236
619999
212769
739870
116594
2633
119282
277285
931553
240802
720325
896303
626480
875223
962440
184092
529755
357852
479333
473692
252638
240005
902240
611360
349849
173616
766144
964887
612186
731067
839449
288678
855310
483472
973724
621012
365964
608627
478138
434892
198537
75688
536133
834773
221110
545727
903246
499185
649235
542269
602860
769570
253813
869674
520753
773833
648884
853696
662765
757270
488363
624946
648947
357712
572663
98587
209173
934464
961505
338044
913036
230420
503261
848521
800095
446565
214700
213491
371146
157878
241578
250527
280018
164710
860501
479570
982859
652256
60366
78512
744998
511076
388624
988131
333656
644128
519767
509234
934785
381059
510411
995790
624145
806301
427873
775295
684135
415742
803666
340704
913200
636535
485929
955886
173648
640778
780521
401643
466563
453810
190018
836752
535165
878673
363500
336070
358153
816506
372639
381072
103119
481423
151153
951788
842818
317145
129229
601179
292441
719314
386953
199520
895973
591856
88199
122714
462753
633886
855107
319995
81721
62575
932326
711713
937286
172042
699951
880611
174432
691257
256350
220719
761401
49021
709752
619562
966412
607019
799661
255410
318878
400654
526159
777499
278372
243921
754388
30556
566685
134423
286315
152555
557683
283436
220460
267953
488858
83887
909063
974979
612971
890276
978095
433794
356538
783293
810155
210029
65819
224358
191132
962808
61974
336151
69174
768573
34584
590801
874652
865496
203116
950650
902142
646096
294912
514614
598962
765952
577968
686611
304752
873924
709657
402462
219767
199170
959969
302973
46802
546814
377745
52584
309470
907093
716075
458992
641121
305443
70819
157971
143149
461328
896368
155924
134488
420075
134801
407292
527188
193334
637196
284215
307232
188206
302464
144362
901909
504038
834487
479408
888271
534174
492707
331856
879967
824035
322718
540292
539275
276457
590278
295468
446529
298725
952703
284199
578430
707900
921844
539045
440959
834536
440269
655937
699218
350533
540877
871212
259421
306536
924666
157117
877602
283392
507297
539104
254182
152984
400511
23529
586366
161824
269860
300251
420486
534925
784277
978582
879984
217295
825974
725793
747880
699119
785527
537067
726418
271874
708018
254842
606929
704336
615895
658561
557025
583719
95699
899633
581348
138134
842162
478437
201808
870736
151065
141281
603982
381399
97777
363687
814267
653004
530407
537060
62794
820351
631121
883004
626257
525649
793923
106389
905662
735916
169587
905587
106236
257401
311771
667184
608589
62408
162672
238891
592744
554580
405668
6593
102948
641538
786352
373765
294544
520321
352390
375663
405235
103936
308704
544888
636307
677935
978880
916127
135964
149269
422284
490848
646657
434956
185990
928652
361684
206735
63636
455278
358030
748096
494608
240653
957290
290458
648675
909640
834269
542932
782025
935259
115698
138223
152665
931996
511164
91534
686818
169776
257703
677781
706430
17065
928491
422856
779296
584743
401105
643145
924805
478122
613456
62034
29270
657568
880459
499012
709028
193842
879212
430765
945639
718660
558405
350452
190104
7314
361113
156491
353939
617083
227831
957934
362116
609570
497442
842977
524303
631585
271695
989331
153865
651926
910406
148327
953939
716742
764730
718887
300462
795054
746807
786490
420759
377625
383203
281742
877888
890180
715970
559957
703654
146825
397702
211658
638956
949038
552886
786651
940346
828677
318297
441100
3918
673080
887807
190181
355557
158024
653802
551277
635158
945250
655830
650156
913138
450486
211598
491079
566572
759428
418793
318865
859289
759008
258162
672767
588460
572998
134285
350933
395487
801548
390675
770736
338542
176226
872728
904298
591365
777237
118565
637479
434918
232324
608765
840614
143718
960180
187533
787194
435129
502456
54437
852598
577579
512127
842757
378166
65038
72995
387895
617705
905981
919507
51787
842498
78094
34027
297106
856790
126495
778233
35061
818884
865149
496325
98875
387307
451907
742688
942359
777058
602140
193540
137736
997785
671996
240228
393355
783084
