1000
830918
123746
352847
384497
120564
213572
326163
508110
812601
927581
120494
473778
734759
246378
287092
398556
772940
359488
459219
893191
387044
75062
767637
322748
979983
207692
834313
800312
113393
4064
630048
829038
10834
173728
369864
888281
568346
517418
500454
109488
37422
299607
553947
33914
633747
174824
64977
677464
661033
211528
631986
795374
666861
314076
69479
184007
631109
80905
818047
725652
759465
219595
882215
33864
183268
672125
708446
249192
976209
366987
271998
361432
784921
74014
416523
91989
214209
949643
304344
195745
570679
684600
376310
318007
5573
387907
901244
56536
268727
117322
749387
37654
297976
582278
131408
49948
782712
999741
699628
717436
238364
594307
818516
894348
391471
952825
337188
496829
458523
976066
108904
874473
233462
952235
885415
811005
476249
797065
352778
482528
218677
989206
343213
642975
415923
439527
317452
987485
139656
686099
883173
31538
682971
741728
160640
649832
107625
263028
591726
286291
455028
937388
735451
819291
591989
591609
715501
213409
114589
491186
830718
32780
578475
637665
867110
112746
817268
626426
943483
444391
867797
497246
980753
325885
254602
564039
152751
579956
70727
814648
980702
781272
799885
926047
380042
692232
189988
339174
153260
159789
349307
637561
524307
496796
945785
495838
514609
115424
692915
708433
938033
408712
666864
217980
624694
738219
723615
748614
97562
184472
738971
205892
87273
203711
308677
551043
131229
436163
794755
803599
412604
10978
221716
47055
97308
458797
626631
488683
876671
553609
202688
39519
44393
605814
808718
874436
262842
330151
497231
571934
319457
612240
246883
833650
53281
842104
915140
763402
145516
536052
130955
325476
51213
697198
70607
810576
462824
301914
992944
352814
464060
396998
37509
487634
239499
729894
615674
737594
309207
743652
946130
146160
286545
63765
412336
848188
814489
393337
498007
351404
706335
827597
869232
999027
277986
841729
82327
272384
587740
11920
108037
45873
639278
3897
627201
101601
860266
616963
251976
397848
579546
817940
310463
785975
430345
24790
267808
88113
656940
945398
774262
872542
619638
789986
791949
20047
38631
24730
632436
357746
283706
731625
868041
637648
963635
442330
629129
831790
155426
51925
810499
661993
50614
988621
871481
937297
361039
27729
900427
966951
34835
649913
428656
283029
909053
911671
275938
33823
606715
186454
42043
778212
732791
14869
490825
967003
263042
438339
296763
280161
231028
698795
140369
446509
732294
335343
793947
117806
916675
561428
84790
362095
614805
118456
180798
333446
284089
752416
443419
5589
692738
124758
989046
234420
147448
190813
874255
681258
742666
712508
81708
28249
759292
818247
327522
958596
298205
117314
344420
213947
310216
52164
369259
171669
138400
361322
537645
24543
969183
539466
995394
15430
59391
391401
730860
734789
950828
196743
118568
968367
640660
669209
171856
603854
474402
692334
413047
196008
470308
146649
409122
236358
444093
846914
915977
302960
32972
273582
644878
702867
521254
417697
14708
949778
766523
748788
987872
324159
451769
951375
676268
40851
979001
346753
63611
340856
693372
187393
623104
302204
452254
838559
115675
541484
805867
846218
176254
312220
297057
825419
790509
847405
69811
903938
332456
843284
824689
181529
654431
144534
142809
77610
110291
46889
2488
997578
124122
520103
438098
619957
339978
564905
724785
122213
436828
417845
127681
450885
238729
543317
753174
853484
942146
487683
736058
258543
991558
913044
100979
933083
953420
983137
693467
356212
172249
105712
941114
999541
191658
125156
547663
837095
933417
850896
377083
429668
826960
140137
17621
890939
649213
842289
737291
711847
734947
785226
999155
935010
236542
889471
167262
858401
109962
222388
240334
530382
406589
763142
228864
947461
766814
225222
206544
129602
476052
708590
981165
68467
982814
323495
675377
76654
457351
861540
703313
960084
325994
356761
333807
402760
614782
236924
403212
672863
939049
176265
102990
129932
165198
377072
847169
788890
558031
515903
874633
974876
264885
953056
49040
114243
354799
80077
676285
129787
927571
751695
113844
174275
390538
497364
434956
373410
129111
952011
987870
230557
592735
767322
83689
7012
395058
776560
794409
474915
429006
947822
806418
628736
290115
400488
435828
998500
898154
482938
138768
970191
331521
862174
337576
412082
15508
733808
807474
758695
100535
590291
815937
242539
667685
35004
186910
123668
616024
276837
537681
132658
5391
19975
33548
145304
970224
891795
743647
808097
59331
945187
754520
441182
211881
124684
947242
700788
585370
681057
181831
605192
741983
29048
967826
463394
677250
514168
816207
682767
416827
372825
431079
235371
622128
808488
875614
28655
405936
163951
357272
509415
600703
628720
45447
168526
770807
109463
127736
931498
166378
420725
882209
225249
59114
272642
647316
691591
549841
782163
826565
582734
594294
290863
594607
274941
499874
917549
176820
103176
980456
884409
965411
915706
667541
973148
298369
632013
296660
692504
607637
360357
165743
279424
88466
539918
45964
743166
800189
733150
387215
987028
822892
141956
540495
795852
324925
602309
149131
141944
719836
215122
653252
403342
987249
547186
436972
751745
833397
441952
491815
343160
571475
782442
237707
535712
261825
288086
575914
977970
348685
705371
482685
56764
555582
626390
107354
810736
64040
674327
788180
520275
324186
551943
996740
752607
918953
499297
112681
370360
344097
281901
530649
789530
201564
720002
12081
82197
636391
251700
895299
959131
11061
235200
671010
605713
449276
427299
277090
672228
46134
894230
431003
624870
455731
346392
718012
219125
99798
381578
670774
664851
108931
64935
681471
267552
517215
3731
54678
333997
423525
732941
194822
961770
564014
702660
141195
671146
596014
438699
392628
444611
164365
222401
772134
266082
118533
184669
729291
423047
893231
317756
732654
116005
937122
190913
875566
917324
915746
123077
790909
455225
665411
165564
115242
558960
82426
449202
888673
75608
577433
856893
502783
423540
857035
181010
384236
204489
295073
556960
142772
11185
224631
456225
870855
36450
343109
598723
661190
911902
235228
663014
66374
543638
419575
624819
54473
843247
858959
706620
620167
718195
179456
137117
781044
468856
391599
542057
795821
892267
803967
767245
562994
851716
26839
730522
557356
574503
805085
904808
445655
588342
334616
798921
741836
697321
764119
78944
575504
373697
986986
265145
624983
530889
269791
313287
351451
151628
814759
775452
583316
920037
489149
491140
617552
65386
362826
47673
696608
381617
913939
837314
346774
456956
251081
978140
904649
920280
543731
478100
412898
873969
555733
755611
958345
371313
481386
815758
225991
439288
315867
192493
800092
369856
190747
506435
69198
696446
186770
307750
47752
524308
579244
25386
40132
571949
678312
531781
58675
982051
445516
787899
402122
917923
817334
318853
531269
717770
498800
267754
375567
149309
382228
672388
126589
16449
455253
979507
591549
25144
851139
906878
804835
891478
71527
166535
