100
-146642
567285
844541
560508
-227762
-606183
890590
-880606
-853452
-238259
781370
579092
-761882
775474
102442
433569
-459248
-205362
103376
-345536
-238021
772999
234961
785204
-69533
129106
-963203
-439217
-989812
-491095
-542493
151732
520194
-654434
-46807
437471
556540
404172
-300328
-380874
-352296
-52245
307473
656366
185449
963347
-555715
-539062
-540735
-556990
841622
-860387
-651162
311982
981700
-660188
-642846
-324349
-12843
-382302
222835
-381296
-175328
-327211
902897
499200
-614375
368251
706301
71173
-622059
756209
119174
-716669
579733
-330601
-797411
-246120
-342206
324296
-843866
635102
595327
-809555
-707957
-73341
-322028
318730
903643
-573075
664447
-940206
-584789
822762
831037
898932
158991
-211126
641108
-168259
