10000
316104
-630329
688961
579713
806304
573906
247480
-540308
190300
470807
355654
-137150
26021
518651
-837116
-219172
349344
-264439
-146964
-607045
691922
870208
-261405
932508
-453222
96731
-820869
-834525
195594
177051
449114
673581
-13088
717000
785628
-869948
399475
127357
284719
756637
371557
131925
470219
-539213
-198019
390926
-108815
894520
-431047
498463
-651436
583786
-91039
159167
-697397
461750
164763
34844
-926945
880786
-690662
991600
159432
523342
356271
19196
795048
-276143
-760875
295868
366516
987587
122043
-851145
-213791
945300
-545096
-110380
-238015
-987039
587932
-961018
-597511
261657
664739
-26445
997928
523983
146084
502143
-447265
-811724
-282745
48289
721535
-895937
-758266
-97060
150226
-937881
-253295
470506
990305
-351304
232787
-126469
426055
-804299
-319487
841523
-728344
144117
-176077
661848
327112
981707
389360
-542204
475726
639806
-374551
-701356
122393
284837
643612
714741
723194
-456095
489430
163394
-726192
-394161
-798472
693809
301521
-321198
-28228
-157856
-368316
-316980
860524
-261680
-322151
690152
-875314
-205599
539870
-583573
849910
-879275
883597
807011
-228060
-422338
-340448
-304334
-811646
-231199
31541
234810
-829368
-363268
323347
148055
-957131
432196
472319
-398951
-750083
-509054
374633
431554
973213
-27320
-58481
159181
-199771
247431
918756
-796112
553920
-502759
386815
105096
105282
335183
815614
607571
-564963
-978118
749072
-748407
-867394
-217009
-305570
987447
-113584
438616
146706
-426012
-596494
-315071
43612
184573
-482325
-396586
-362416
-648631
-582187
-431536
394308
973476
338290
97718
986944
-832136
-970058
-580645
-669371
787040
-885967
637894
505041
-181371
458075
309880
166160
660338
-582093
-110463
-621020
-166854
289302
-692555
733685
87228
-790003
495868
472433
-369139
-905032
-567715
-162296
604962
755755
357918
-734501
-570378
128592
301024
-395938
652413
-24673
-42940
-300973
-45786
-254678
-499744
-97977
-190169
655336
998415
888489
-662018
727556
643080
-613533
-563776
63336
-793363
-616646
314837
-744942
169641
-46286
-943311
111180
-951437
-177181
-822097
-543034
-879735
-179608
240689
578178
284450
-549244
141561
-258178
-465795
968143
-581501
-219370
-53149
-477330
356128
554564
588186
160058
871657
27405
960408
-888634
387864
387966
-197058
543223
-191411
-457750
-608393
326254
-571352
-335202
310569
-756668
-225498
636234
-173884
-842246
-106832
426323
327779
-647213
-496677
642097
-213392
988087
-567515
516712
881910
-662090
-377411
-735591
369808
-171789
390404
656410
-728242
-476063
-190141
-86551
-486752
453983
-730909
291842
-205685
5499
876602
-898374
12173
-431438
646350
-316383
603007
-231362
-667664
184558
593506
-554649
-639000
-933851
-768594
259302
-12029
211120
66415
59976
-166344
79509
-810763
-861159
-136307
-3006
-767383
988298
-126214
244691
783574
450325
63686
-677934
-776278
841775
-279463
-362588
415676
501644
-524491
-234368
-689263
686002
80579
-374122
-642493
-654596
-306465
-630682
200547
592718
-350999
-123317
-394232
816788
-25277
991176
117636
504037
-794494
581261
33315
193285
474749
-856791
-429197
991486
755337
842581
-830878
689843
-147519
-251526
-5197
716599
-71158
-917878
505565
-950099
992169
-686885
-476483
-225132
-724888
-914455
-572717
-882061
274964
64649
-857978
-913951
-916730
365531
477574
-47703
-791022
804678
-683210
19475
143796
-195249
770808
-222514
-37989
807383
-727859
262945
-810866
555064
153922
-704836
-517900
-322371
-3324
529338
663731
914140
-915338
516350
-418866
734240
-66743
-238067
-466810
652916
-101702
-481714
317042
448847
-468327
386894
418580
-50669
-639672
920258
674113
-981500
-926417
291724
-886069
59003
162873
-530409
-670194
-491250
-385480
-764769
-530381
-971149
-736861
-560596
330776
701662
-144199
-614635
-972395
-554688
505408
173988
633471
678574
-885633
-46636
-786326
-607050
680245
-299447
869565
415585
-967463
-840758
82231
-362070
772407
-324387
-987687
481512
-68337
216191
-658983
993765
999869
708633
-890030
300645
622447
977568
-281291
339591
-63998
426446
954823
730786
28163
359501
-408279
798433
89105
562293
-580060
-355734
-133770
-229661
260724
-671026
-929910
-148269
-625146
785867
-420377
614417
-151134
-826830
767904
-262502
698824
-692970
662741
552903
-164613
-319858
950961
-836385
63680
495555
679614
40400
-577510
-225414
912892
98795
-714714
-898157
204179
-738665
577192
63183
-34910
777177
-85180
779797
-74542
762639
606526
817288
-404018
26126
477516
-592635
695643
259785
514518
153643
-4956
983061
-135338
-386292
-667987
920540
-124132
-117652
238627
-743377
415024
-883152
-523334
13777
329523
-762323
758717
-719986
-292294
-566718
850508
653327
544822
-247276
896646
301268
152446
-973777
-599424
146664
-295947
-191534
617370
-821928
227246
792412
-228624
-523992
310500
545204
-32993
160175
370579
23480
846969
-642229
-28604
879331
512494
738115
-308797
219331
814898
-68698
-192586
-402780
30500
-646085
101116
-804098
908115
140797
604553
355984
-735678
112035
-275253
517051
107405
789584
-497374
737709
499850
-907603
-214794
523006
-868875
-155808
448854
489486
-957718
361947
-691216
-138725
464736
235096
-901625
-380024
-446821
-93869
950818
-205529
-94551
-803361
484768
-142602
-538051
-495055
293611
903307
40670
566251
-581878
-8590
-888532
433759
22843
973526
-818842
435776
102629
327795
876076
861426
704017
93524
-148884
26124
403254
678409
-193204
-604792
-599202
-113268
739816
-503936
-958851
-614021
10303
111019
97039
856126
-134030
244752
659844
-826315
337942
-630357
363796
-345475
84560
-479942
349484
564541
-131832
-817873
723915
471044
-44507
62768
390913
-985204
-583330
461063
-688630
181696
-95184
826685
-819990
954300
952368
-824999
-343157
651028
-973138
829776
-228745
-900489
-659426
795464
707255
-346233
47930
-803420
884479
-483190
837482
-72742
601169
223751
-954178
501965
-406906
-7273
612032
-590665
717349
428774
12559
115349
-263741
-136388
845844
387601
787196
-251549
-340154
6230
-266445
725658
854999
-109810
-724543
-381499
468468
853457
298249
-417473
-981270
-557230
614268
88329
-80473
336483
-869638
-651885
-272078
-860365
-873949
-295521
-442838
180623
680418
271623
-39696
440550
-218974
120710
228451
-292820
944038
-426409
-65940
267150
-238640
-173567
608828
893533
19419
-952392
-802573
607746
195353
3344
-804863
-299646
-468108
-135178
-646511
77241
438480
808388
-236442
-133019
916042
360661
350888
-948157
-965021
436914
-43562
-202073
268151
-476210
-893748
306094
607576
895397
-185956
-509756
-472412
982410
446528
922272
-5485
858645
80189
979131
-58449
-872113
395546
60674
-995533
-216175
-135323
211906
113004
434962
-81710
-492512
-849236
305144
-776555
278737
-923249
-478878
192434
119186
-111640
-629011
145073
-468304
125266
875052
-350246
256570
-777403
184519
-984188
135717
4085
-277264
607509
420073
-61505
-932715
268067
585064
-935918
-46528
902765
895637
259303
754642
-76832
689262
-734485
-312910
720830
-30391
842537
-5524
-104700
-378285
-881516
216654
23929
450167
906693
468344
756655
-100583
-282670
955998
7634
879145
878741
-34037
-21966
-305
944289
-314070
-28353
919650
314956
145488
955938
-362257
-129427
396988
-281510
239731
-189553
-90578
18805
-580836
526473
-34079
143554
-713360
-355898
-634526
561338
234916
-708114
-14176
-978215
-159198
-194276
-975984
964148
-733922
242790
-372723
-659204
-903563
792945
667355
704879
77460
-834553
936699
458069
-682440
-64985
980301
-889611
546404
-36456
-259510
-653520
923965
-444459
217399
-852266
360123
-461310
-830736
-236476
-559085
918655
-496673
-494268
66564
-923389
884680
-480304
936341
-487617
556155
75865
-290620
216985
753468
564411
987976
791996
883940
561639
921638
656075
-893685
-309002
-2569
649471
-718677
-439509
-903828
-193566
-406824
46394
117063
606977
983810
415235
-505968
-444042
716932
-370694
-718117
-900911
467411
974105
-517738
-779624
979432
-625230
253531
-699533
16488
-855973
-943105
-387553
-808160
-807245
-784739
647483
353067
821041
-453963
-700331
-476605
-324204
112456
384894
-668799
343656
666612
775387
603070
231619
191869
993903
-448534
303735
906101
301513
323306
-716082
920223
582719
814147
-84387
98151
646734
829099
269242
-885368
686165
272885
544386
-474745
273958
-558555
-450363
179804
853744
940351
-390407
-685057
975097
644252
496339
-629557
610081
29445
-778235
-617527
-747747
674961
948143
-317452
-900026
684072
544866
922781
155615
-863246
47065
-191956
377713
86282
-103965
-587110
632394
759709
-618429
148066
-211075
296238
261563
-634860
-924580
886825
7163
236128
580907
824002
-991353
-889506
158522
-300109
674011
-555692
876259
398581
542142
872448
-874436
-33258
-574390
-401037
660222
-11482
-286536
-720070
-294493
-243416
384838
-397460
-131492
730870
503229
12995
-183539
-354232
-455677
-740713
960070
-7501
-217672
197390
-241636
667873
-796028
321601
879686
909290
746759
97971
-615454
-420616
-784767
-876885
-130860
895102
-25286
600079
-340753
-133819
-90779
502471
4351
13799
-733146
300096
-503647
-708500
996928
-508247
-499621
176899
550994
-185119
-411045
717684
759350
-498691
-488521
-564637
848363
-329702
-145324
881158
586535
-223611
48286
-580967
416648
-997354
436858
460560
751033
-984920
506349
-945744
442777
-907411
847302
661982
785422
874657
885873
-38223
532621
784292
308747
834972
-784648
-377972
-576412
-436780
-790377
-859556
-662983
955847
730576
-672717
-684927
-830033
364353
-865330
277635
-578066
-514728
240706
217499
-871598
-535152
677331
312725
-360384
588703
887290
172847
-330605
-602815
-964152
-699521
626012
56342
914995
-92544
658246
-468138
-543162
-24677
906714
-362250
617790
-819243
-233994
-153503
-587005
-442231
-72881
669565
-277257
191002
-214612
692368
-700027
-792448
-211319
-473189
-174003
298945
641986
-180175
-511022
335143
658194
185504
643798
749833
395476
317086
-494696
376166
-877744
-642652
506868
783948
229038
-391725
351479
780222
-562320
-227524
-312816
-529615
308302
323345
729565
451136
-755301
-11569
696740
675540
-647881
-293321
725458
-492669
88303
66899
389722
40766
680640
-883281
-547514
309053
-1153
981686
63320
-891900
292789
268019
-286099
405
-963796
-743585
507055
330532
501260
-708711
211920
905691
-659280
-501153
-81637
38947
454158
-76983
760216
-760804
-54686
-500886
601875
43167
218237
47466
375258
273726
-871974
586487
670981
465106
-985927
-767334
33507
830612
-158388
-126807
882618
-422592
751879
341996
-502509
726990
-185616
-355831
-405993
631527
-519930
-810875
811849
786456
982958
-716710
-966305
403252
-51714
588257
-867423
-267185
-210564
-659336
475064
220948
426487
-39298
838487
526169
-451932
-686230
-765467
-525454
98691
739289
-625510
877708
535686
-569921
471353
635337
-646631
-876625
454634
445504
802984
-538426
344881
468020
575650
583771
-62764
187404
-845823
-12180
-942940
-250912
-872193
56639
-25751
467746
543566
487126
122448
794192
-513470
411868
-438258
-195184
-910607
491045
761895
147129
510711
-480171
196835
681298
214272
104592
102536
964256
-217358
-785585
964560
-582173
216651
762926
-314268
-364392
675915
-794882
-832862
-586072
-474526
292070
797438
-384019
228440
-308630
762593
496020
-791208
311697
-561747
389290
-994924
-950209
791705
261757
-97277
731115
900655
707640
-150316
-141544
292281
477168
608966
-182649
-327571
925805
-389353
742828
965443
-815619
-881054
533412
950840
343509
-425735
408038
-409410
305683
-453876
75847
-124317
267488
-800181
-352676
131163
825374
297291
-261311
746727
-370195
894147
220233
-672620
-183455
-450056
-626558
462885
210825
-85700
-881555
-846063
441175
-16212
635005
-710569
191717
487214
74933
-302619
699054
949964
-383898
675077
977366
462578
262755
60028
923057
-678112
-350334
-649570
613878
-797063
-121440
-453871
803693
-724433
-520134
-381446
419984
646938
78426
596330
556621
650752
99295
705716
433522
718703
-659277
674118
34230
-83414
379172
863268
-83177
790183
332401
-101467
411474
-587367
116484
975571
-131523
227456
-605634
841454
37432
-204125
-990442
732036
-574773
130778
382073
-368839
-140386
-783998
-562745
-40443
667341
-852107
45056
156097
214192
-750358
-897172
403760
-673924
894258
-102578
695093
-330562
-392480
-194963
441139
-579276
829162
-790557
-343758
861787
368980
-601026
769476
73936
-205210
-976575
863020
-87289
658668
-557419
220315
445554
429521
-707803
-588663
958721
-230762
146259
-945009
-366079
-184152
900583
-392112
-421951
325990
655999
421012
779094
811045
201945
958837
894250
-958909
-521798
-550159
232166
87032
-783534
338541
-605716
-355354
-408781
-655411
645100
-585204
-35455
-614548
-594979
463157
-34698
-107024
720552
305894
-553897
-539269
-764634
600736
-672840
23218
-949274
-230598
-939429
-257615
-619984
765271
-15025
797169
-263508
716239
444568
-547814
692396
-666671
-576944
-602170
753097
-321979
815045
-426009
23075
916577
569397
300491
152967
116019
-42336
-614173
-594981
298843
-672427
318871
-826463
216685
-646011
-795004
-662038
80800
-268225
807057
465975
622903
804462
325048
650918
-169768
772967
90686
305398
-734943
969640
-950579
555513
700318
-583750
191245
633131
608875
-514749
210637
693327
-231248
-819456
-564672
504027
-78101
295490
832200
-855959
989157
-346575
-224385
110480
-373883
761709
-794055
-539696
452828
716065
-507641
-955888
-318380
-304424
799208
917525
732999
-401127
58117
-441818
-925006
-668968
327398
-6515
904994
13770
96442
-123447
706386
-906710
-940367
-241999
191789
210543
791199
-160563
795644
-210174
580033
-791403
482221
-651475
-781455
-825014
-544451
-515409
-269021
827999
-582029
-62316
963968
660460
90045
499344
-728666
-681234
-41353
647855
-791912
-515791
101007
941340
650266
-190326
872918
-376664
833882
-375424
-790679
-964517
884457
-89707
301137
-72779
919577
223711
-683208
-518581
-520897
478220
-769613
781271
-283852
126389
-132986
-94675
-575528
4476
295075
26440
-809792
26870
952904
550701
-627008
730591
151660
-111572
-294325
-576097
811436
-873528
952463
-306528
904730
176469
-80429
-758496
-112157
178247
419764
920786
-528185
-403626
148730
808086
-594241
920990
-420801
-978557
763960
890920
-361110
860219
551559
-696259
499033
-915186
-474706
598033
849767
-286674
-999932
294392
-353692
-659645
-312452
-854567
-730532
545019
280706
867913
625470
-353683
970892
280751
376939
643146
-267253
96309
438136
512216
682113
320894
789041
5884
998212
947199
-803873
459363
-95166
-172978
739726
-153293
91434
-363766
-226170
440139
-922531
-377186
-298570
-742878
-318076
611156
249391
505808
-488485
-142405
464910
330638
-453296
627640
-734550
129222
872250
-411634
-506507
-576192
-560553
478275
-23364
-290700
529983
-172193
833061
740817
-445309
295876
-442150
-27118
-253116
-64691
-554798
409424
-170765
-262463
-609428
648496
-557982
809033
228211
-113200
844486
-962728
346482
-756485
180154
17669
749575
-798539
-593457
982924
649819
772817
-871906
756349
165220
-626640
-469735
-165473
-563134
-216456
458995
-780821
-727351
-970501
689992
-852159
19667
831242
774435
605794
482213
595412
-394690
-103562
-41116
800435
39660
-353455
-831576
-785225
792375
-329226
-161451
-74550
441433
-865024
-408557
-878576
583548
904796
-218073
616635
357069
837579
403055
-218838
-840599
-473851
-936117
967777
449550
-254184
420254
-261935
-735968
360198
-107875
474750
888420
862123
874809
365727
525104
-714970
-742
-541675
642530
933112
368678
-159538
352871
-263707
-19961
753590
-820914
-70212
-89862
19555
237096
-670503
-90345
-545052
-126888
-216243
636150
-64945
93964
823217
639975
-638904
329424
269217
-781301
-813546
647272
999232
-701631
-89702
194068
-734619
250866
533742
315649
-697567
-33073
540282
203154
280080
663394
752082
90145
380299
406021
573932
659607
19086
-185904
-425543
241634
-792913
-944387
-808206
460041
46993
-393588
-364508
-385138
-278714
-266262
-438185
-639436
519906
-471658
-868141
298797
-964805
-96448
-502741
47975
313240
297158
-123534
-906448
-992459
-435320
-852436
-969453
-447351
78953
280706
-286439
101971
-326208
-566433
-986000
79161
-193481
755974
534568
-787895
-787180
782718
896740
653039
-237435
625264
984568
219332
734788
925957
559280
-671287
-171488
606255
-515382
-786007
-116186
593200
-327559
-59200
107555
-430288
-793291
-498918
-277856
-576446
-54938
-587623
728982
725953
-25549
567431
-306746
452502
316493
-381005
-363752
31668
-553611
786680
-215230
843023
-580513
1357
675559
576832
494496
330850
-322528
87507
247302
730379
441059
-392462
-39655
-707632
-352172
80958
124593
55383
-174986
-310998
717156
683746
719210
-807237
270846
875154
129685
692395
-68802
61333
332228
478117
399174
259874
-277459
822998
-270240
-955513
-722564
275483
-968801
-692614
533955
716824
-493721
421681
641154
-19659
646905
-313340
-501466
885055
619225
-969708
880678
166548
-259404
268388
523168
-432043
-120436
-672302
-852777
-702493
-963291
-957356
488302
-434533
608921
886092
-332501
-460778
468087
958540
-831384
910747
159443
695183
-979662
193629
572068
-953193
358014
-700226
860243
-204121
-193211
243663
-600112
541170
95408
-696252
-739278
-857807
-176058
910776
-815952
435935
-727468
18494
-712653
547134
534360
-208667
849429
-10633
739795
-688663
790531
839417
427449
890471
-926146
-354598
-596580
-228189
-779860
48602
-608134
319107
993670
90968
453231
385805
230336
188041
-207554
-629818
748010
746561
418137
139993
77155
856971
396506
-432309
-536132
864166
341637
733230
-682010
-136860
-537278
789577
-392149
1172
488655
-664722
-735584
-631417
82040
606464
984921
321058
412545
-632017
-412666
-564767
963776
432586
-562610
80755
-709405
752985
995746
958049
-478518
-611036
-669286
592681
-918430
-266015
488598
197833
338253
319605
817619
-75249
93810
-929842
645377
-701470
-272872
-305001
9969
-301625
-984692
278223
246420
302350
-863891
-885275
-157034
243085
893099
-193313
594189
204846
-45003
-991036
393266
-505975
923463
995721
206390
392443
-401022
915929
352323
332202
-610886
415763
-292233
-194200
-734980
-386153
692674
852841
446445
504355
-574010
-613669
-623904
-570534
-390272
-678514
12786
-25072
-484085
-898527
-535491
-532884
274973
893235
929692
247963
-715880
830328
247674
296876
-825219
-49429
738578
121937
-718332
414463
542009
-779642
-719469
-768028
-774082
-552618
-763139
336501
234507
545237
-200028
301440
874117
-198659
-454506
-450513
-226288
-388968
-542912
-486222
313364
155652
374122
609611
-795288
117085
-315379
804861
507470
-64243
-955934
872725
-714666
-653366
-17185
214565
-419690
-71098
285159
127049
-703878
789952
-622751
539642
-301225
564208
-641347
908514
-992725
-651242
-600356
626454
888532
581171
973399
602320
-237261
510770
-579088
-689525
616154
298295
230791
-364137
-381034
697177
323288
374151
188953
-764770
53303
-384963
-188266
-593290
145000
900427
-794723
-21003
726180
35512
-673280
-850536
873717
-371917
179726
511151
697850
-43651
556392
-468112
-939847
-576392
855776
207816
-239596
924699
-514659
176753
503092
-869165
-907543
-573022
856226
-999685
746247
-601043
-226033
-924456
-134157
596138
-863085
-482971
-636912
-165880
893251
117649
-443463
963219
204646
-253714
848375
308475
158657
-95027
-178733
666474
-409694
253267
-247218
362720
-919038
944310
-255139
909441
-943222
496505
725111
-431537
994010
797504
-13709
784993
-103446
-515904
-336854
-160863
702125
381354
935149
-29143
-43561
-40108
372565
581195
-998460
917080
-131983
-127900
413419
827762
-88302
-522877
-833428
768583
-606742
-223523
130259
386279
522470
-349437
-526014
-687129
-324558
106810
284173
753427
-88862
-956444
11802
540507
-646491
214702
916522
801456
-331564
-805717
-162716
-806188
-585618
-83969
-799808
727399
720313
140632
884383
-210858
-246594
762263
-486851
662194
614003
607863
-623872
-575082
803179
618931
-555102
-263235
373981
489814
186477
639074
-831623
-121857
-689949
-905254
-102056
-490483
836520
774494
-705574
502997
481140
-93573
627774
-96639
48410
-148921
722649
-204147
535390
-489362
977220
444341
843111
841508
-658808
706090
161216
889513
-329208
-328396
493195
698780
975415
-443803
168609
-641208
-680982
-593579
-58741
929160
214516
73295
-192265
-481187
97240
-23122
327625
647795
205307
-571016
-744022
448027
-284081
328622
422812
937180
-271663
-366597
407062
873897
728754
-172963
89593
-465944
453924
933872
-914927
-734969
739466
-79801
-459303
790290
335428
-661330
-400602
798931
-274742
-482125
768959
-206456
901487
761311
500003
373427
-850543
629773
-507807
7280
922566
435523
-408951
-28564
-182944
-923808
-87258
242099
124615
453937
-776363
-957185
845949
-32140
-641447
169767
-399899
387335
413128
633198
-861214
-886828
-199165
465092
251804
448370
362699
758112
736006
674544
-163304
-627725
-947971
777201
-212768
-94281
-393982
-558121
501467
8493
-751794
-443001
-697023
-521654
-814976
-751981
603113
-336675
-262223
-964413
534958
654546
-66537
38073
-411282
-927311
-782438
89304
750820
556942
-674435
-52918
-515514
484008
155555
-140407
499683
909142
-612217
-701138
292593
-886524
-130795
964643
-165937
474627
-827342
-142600
786002
-146527
970916
185276
-504441
-559008
-799250
223432
-812083
-570530
460397
90263
-370952
559015
-65355
-189625
142108
-601475
728620
554803
-523466
-312419
921312
175371
-383048
-382385
220357
-267227
370346
-826654
-41230
264152
785523
350960
-704328
-529707
398781
721882
-192816
-766299
215805
724201
-237143
-355939
600104
283886
-687171
94660
-226445
-307851
-476484
-290678
-184590
-431545
-933271
966867
-194648
-847609
505553
-460375
979396
797593
-803408
974428
-567602
223753
684681
-934477
-923049
531068
-889973
78080
-464635
-385093
-478935
-882140
234521
-898040
196078
-562753
-820422
381883
79411
760616
-60705
190868
-298425
146009
-830518
905165
-850246
-769722
746985
385125
503362
-424269
-386284
936286
439092
-747336
-871184
137553
-280643
-676449
304843
-13868
-507263
-550911
-96898
333351
843760
507265
464841
-701740
-727830
-687248
-978901
-842667
276952
886146
-130381
609116
124636
-630693
816525
64742
-296924
128544
-168488
912867
947303
-105107
-72878
-403815
-844156
609090
651251
281578
247511
-771054
-295708
518025
-565194
622857
180117
692565
179382
178662
-304815
359107
806305
577121
-819008
974976
449015
272385
319494
-450643
80555
490596
-501662
-297004
-926829
42999
-296395
165330
904217
410920
-976531
-249512
589189
75904
559451
730900
-721957
707953
-41242
737321
-185519
879562
892505
138519
60153
80587
-722279
-150181
-293295
-99696
721356
787840
515734
-639401
-630363
569369
378446
-393719
101605
-301711
65765
715152
490722
814178
420698
-729826
63860
255280
-562241
280477
-838909
932824
618055
537662
426702
-798992
-888062
-303349
-577763
-136689
-729154
71720
890612
-994762
916841
845192
100921
-415089
-23156
593734
664166
-338617
-755507
309717
-726889
-725311
180566
666537
-171656
-85808
457636
692464
696736
-613192
697490
536614
-867766
-570434
-182670
-632044
-741150
-218079
146270
-80851
248491
-941283
354495
961843
-595239
-329308
-110679
655387
801050
958160
131095
-952154
-248259
-282253
485339
-973560
216081
-73418
-144663
809249
20313
10306
815818
-896287
-410963
340569
639672
38823
145705
148747
574612
-467448
-191608
-125209
-621010
-923315
-276631
-251427
-939593
-130539
-214100
-678380
-147543
-926698
893612
580528
-925644
-462631
455788
711872
-738954
-940316
674599
-368393
-736406
-803692
-317420
-862982
269809
387891
-259728
-567092
149349
45150
66671
664951
896763
-863355
-500396
195923
447386
75073
-32798
585838
-963659
-2937
-215836
-8604
-401682
-385619
-580058
-544048
-368251
-518602
49951
414094
241570
-607834
-895228
209914
619061
574128
-238553
-665864
-81435
248745
697066
-304769
820965
-57718
91903
-723343
-303713
507418
840093
-884583
-882844
-304597
-349655
-895458
283493
60558
453202
-584389
271859
48392
-96313
524831
783296
-518338
-182717
-876754
86307
620490
981243
-898457
-580101
-547945
-314863
924320
32568
-592376
-22425
348689
-401763
769634
-326686
-806286
239393
518657
355482
-309552
-4933
-937784
14692
-131641
608308
810576
842721
-792039
-784622
679832
-326223
630633
904858
-418977
-501414
-83516
-663596
-356183
516525
-286835
617226
-846694
-107806
580951
-523291
-9468
-666133
849918
768001
179497
950461
830240
597107
-289696
-678036
-78991
565835
453342
208424
-341186
719077
549065
-699371
845074
-586751
674898
942412
424668
-487021
751123
-48362
-127708
333084
198401
-549633
289263
-979470
-224655
842528
806379
881275
309769
114697
396036
-571645
79296
485545
-230129
429711
-821013
-44398
524811
-106119
-763954
868860
-690089
318937
824761
949869
42106
-592006
882994
273339
362159
987306
139845
-289637
279577
989680
-390823
-411796
216819
742050
380151
-275616
311468
77306
-331419
-218591
-925244
-823179
-649912
961286
-636561
769034
-259060
-522868
703263
-416914
-975057
-616132
-383945
316305
597583
130656
298119
-635822
-118341
92076
-311422
-274808
339676
-311826
-127729
788030
-338781
214282
866649
-867245
733011
242261
296307
6280
-170832
679228
549336
559348
-444285
-319681
777228
489652
448740
-88790
-249447
597368
248328
-62967
-165705
942269
672565
-626157
-473164
-746036
-817185
-803177
494874
994694
-318679
233248
-949647
950931
369607
79335
417088
163395
-697525
944745
-524993
-924388
226007
40645
756999
708760
-958628
-279985
-197094
484709
-979137
-902887
965925
525916
280307
-593950
152618
52679
77339
-189330
-921301
558656
12578
733067
-754933
-528072
-442656
803359
245219
589994
-240673
611108
-626613
-897548
-438244
-651044
-892965
-275787
-362273
-264516
-570379
-837415
173224
-670480
-16268
-961221
109064
-298180
799418
843652
661790
170718
-97533
228183
-106246
85883
372841
-724503
-655936
-244958
-590434
-11499
-515333
-212315
437008
208684
168978
-184105
-887907
-316265
-696305
944295
475794
507177
-794026
96102
731318
998781
-972955
-831335
-436258
-710883
217273
54840
423823
44835
-294138
68634
803041
628910
180474
-424116
-592428
-415471
226572
855674
730211
-942853
504372
-191895
-864545
362544
-697625
-738896
683501
-126529
-364677
-542427
228181
-266054
169664
247348
-707761
58454
670216
-412331
-444618
-462030
-49687
-165598
-452729
-951411
173776
814603
-954154
-729539
820228
465408
-774974
603531
911739
254102
-510479
-9908
-146044
561390
-238320
761180
-309389
447171
-255146
600336
-727879
-148518
430653
-113855
565802
427237
-645810
-307386
-311094
612548
-781988
557167
117566
-664645
-197098
-991374
-315610
406131
189289
559813
-356857
682907
949028
-872934
914109
87366
211494
-3409
760627
-375496
-459819
496694
-380306
913265
954117
-950477
506078
760685
924482
-838105
-420179
12149
743663
-247368
-834117
180483
10125
93549
-103882
468576
262145
-659561
723658
-895157
-934837
72771
-205856
497757
-873225
993906
-541676
642268
-804523
584051
-220412
-483051
-697584
-528617
141723
-60830
708490
-695604
-445730
-918112
106533
-87046
899272
-973841
-557362
427843
-483464
-908708
931870
-317701
525163
-349683
234816
-711121
152358
-948418
-806438
-511951
-65235
419703
-852713
510766
-854257
-113680
-893595
354015
821424
335693
-639946
63960
-300024
318138
544433
-592874
793265
871845
-753726
79867
-663743
-663824
-437850
407734
321764
159113
151180
327472
-339188
157724
-766810
-560813
-541111
911020
344618
252449
290995
-466670
405158
272109
441112
105743
50926
852720
665282
534879
-944855
144469
912595
-929920
849920
-997362
375470
-946055
-632952
998559
-306290
-948612
-205426
-378479
-469992
266371
-280402
149900
-556031
-312470
600808
34419
-446364
-95889
827022
480203
380955
-81197
-161037
725175
182687
-283945
-697904
-748783
78913
482926
-368481
552137
-717567
386140
-113968
2225
448766
-306694
693583
-897524
-860694
630370
-889957
210644
981498
-517949
-369870
376750
-852355
-240015
195539
963876
-488031
-841718
-584664
-983914
-667028
-560835
996672
590155
712011
-697527
779847
240084
-141355
-968213
96165
-638095
474705
-826097
-586365
-326252
830974
-892503
-806797
-603733
-723349
228024
801200
-143463
396439
706055
86375
726713
464779
474679
329796
121814
374252
-732777
126416
-472911
-200655
-107837
-41674
-205690
27623
610491
121072
-33603
-837581
-560182
849805
475368
337321
257017
304045
669007
-661488
132473
-834245
448858
-803587
398175
1287
325025
513205
488753
-68731
-40677
625632
-974351
-207318
-353775
868245
-297607
-884381
-711747
-349620
739869
-303027
911085
366018
137457
573231
-291448
925407
560137
-189703
786840
864341
907686
-300425
-769853
570090
-987306
383378
144342
-835558
416728
-842604
308772
978692
-942038
713994
-443264
-422548
-561755
-701536
-444625
151806
657881
-470655
-482953
543554
174306
-572159
984458
406598
-663206
939053
884794
-845848
54530
936971
-706422
-273362
972508
79216
-910200
320243
441140
842915
-821408
-286881
386999
819291
14034
641224
-45945
612781
-239631
686359
-979620
453539
864757
-509813
-421025
324541
209676
-875705
4814
-987820
897511
548721
283491
-983251
-443936
733606
-424627
-695404
650335
-726838
172778
-593372
491594
-18566
959045
819158
373267
666232
-507032
-288298
-743380
-709053
-608588
-224723
571717
95478
578061
918074
998366
74931
-934731
226851
143021
156696
728993
-399366
-22130
354141
682200
862279
-799886
-831465
525563
-324741
993216
-47082
238086
-378019
-174147
996175
594722
92904
-33258
-669835
-303463
-319718
72009
27849
496080
616306
742147
250027
247817
92635
-379041
305046
638738
-194883
-34822
684885
438609
231827
361653
175142
881130
-555772
-46958
247690
561398
611583
-157156
535241
-7593
303192
-370933
123202
-87999
-416977
-21768
113170
-901228
114560
513940
-224843
-155444
648522
427003
-638165
-48044
460513
514416
-968448
-573559
920209
-788320
353544
325755
956417
-560233
-854136
421507
751460
317060
-672658
931548
514418
-795255
806436
-395896
-554959
-285778
-949223
703012
814823
-805695
718676
56013
739146
256117
701836
357738
178426
-178033
71887
501402
-176808
552076
382253
226512
-156481
447716
640760
-610846
-937698
-433814
509057
-193775
643668
-743256
-172597
-647994
190277
-443035
978612
-849560
-82564
570080
-553907
-384093
693448
-123612
-891365
-722556
363224
406619
-772270
-820919
-644360
787821
-272348
-373612
678712
31252
619240
889732
-596329
-101646
-931364
600573
215523
-902111
-897879
-99781
944088
853049
-477086
-21254
516011
641913
-440285
827011
-197093
-158495
-278513
897038
-100720
-230075
-377035
796432
483042
-808015
-779690
243014
-654315
-451193
-358472
124362
-131481
733041
-555826
84848
-78238
503406
-260410
508378
-688166
110711
917638
816847
25169
-180455
374287
-55319
86166
76861
220095
-518577
729180
-767967
-123154
-87198
334419
-375346
994647
-448756
-223876
787377
131770
630865
-360083
630576
851884
-987230
319857
676156
-21710
-464077
570012
849650
-817840
194600
269414
423599
-874000
418441
457192
-352118
542077
-87293
-301062
-670954
-270792
497989
567980
701378
352039
-110904
615605
-697615
37372
-945939
-822204
-276248
-149025
-620830
-636520
-288967
493172
237979
200324
348700
834403
54699
-851118
-690274
-473087
-13946
-265719
-208543
-487120
953615
-30252
854393
-303553
-778243
794325
362984
-587537
719763
817548
-699387
507976
-623995
-952199
125886
823597
949226
689163
-335049
-195738
299809
121694
794437
617212
-625521
410626
35393
289657
973428
-667346
265174
-711003
-291577
987077
979307
-35706
-478052
-93067
-897709
236896
-656043
435376
211930
246954
834257
309632
-664660
210816
270187
655053
-119374
69835
751663
-372539
479500
148555
-517574
-107382
442473
966009
628511
210364
445163
276250
432911
849342
505382
126404
341625
535186
-714301
421821
830411
-903769
287817
354957
-754352
74567
306409
-107741
-26505
-501660
-683431
-171802
635162
854406
748012
518511
465677
11412
-976609
51586
-442802
165701
-6545
41937
763696
124823
-864152
817739
-967501
267129
423214
-601668
-171940
865943
-867843
968406
-842419
829264
-617620
42580
596689
250090
479350
-694116
-913255
-358852
205285
388461
812930
567333
404574
144267
946762
348637
154986
-955747
235281
294797
399835
525471
516357
-577187
-177614
6055
-333372
499930
334236
305769
-414500
-601232
-443730
512972
698231
-673817
-289233
156888
-474212
-513237
34556
-561029
706031
381853
-912279
-569325
-420363
-700620
366952
-149181
736542
432621
-438010
-477501
864544
583988
949703
132357
612873
447365
-87469
-911969
-116093
-358651
777075
718073
900557
-636345
-572275
-295922
-500314
-925989
196260
702355
-936409
766416
961233
-259452
-548354
472447
781995
621437
779756
485846
-418149
603018
-465613
-939751
-222462
-636898
685738
969529
571264
197876
-566325
-515215
603980
-485089
265938
-611251
178803
-361311
-576352
-906917
222579
-16347
54467
-136955
656792
-953682
-577689
347856
-392720
-219988
-365340
719286
-38977
748987
84191
-212610
-721761
-898667
205273
-816832
356217
-548913
586405
930119
777961
-919897
805747
-833077
-339327
-99558
559366
-748217
441820
505032
-440030
872265
-341342
-769880
-953521
-675116
662679
914709
560220
523690
356091
-80212
-263806
-461795
2549
892069
799645
986302
-32944
-723481
34123
-105575
380645
21820
856347
-356153
-641104
-692350
-158943
-514771
-985323
345177
-612990
440775
-94175
155516
-210767
342347
-810950
638690
-584480
688622
-662994
19293
-911444
-939610
-368210
-718959
-205973
-491985
175352
-724139
284170
-33397
-871613
-675373
646439
-921846
-248296
-666928
-840358
47056
990571
-131935
-772802
315493
-836642
791866
502512
-213291
-951997
377072
701998
221262
741387
7656
381644
-345318
-980749
477591
809531
-501718
773329
390709
383518
981640
448587
75614
-176110
586437
-196809
22793
512377
919848
-212115
792779
742952
-577980
955602
-660001
-878341
-258607
-871658
849843
-144305
-667277
7610
-267342
540283
-563811
-973487
655654
733825
786683
-806279
-840243
95132
241818
-580468
203171
143771
490425
-357325
508512
205382
123913
26297
813125
536658
-184875
514878
-166107
-208910
-388049
177842
391905
728423
179578
-751706
497069
-904831
-139363
852117
52122
967323
-133139
136413
-765912
270783
13673
224025
131356
-814410
860236
417739
-614462
334644
-491282
322372
-127420
-127995
568113
900655
-446872
469655
-977596
272024
-725131
-3347
-276237
367139
762310
898636
450404
606816
-809458
350603
865109
-179708
782932
571715
-990717
845311
-715417
-611344
-656108
987874
359041
-119422
-652016
-974309
943900
-40152
861163
824223
-825697
-928370
203595
752444
-103689
-266325
-658795
223095
127055
-712178
941299
345291
-119828
29118
-643422
758626
-671931
97746
-691709
907945
354011
-876889
-249425
-212159
19620
-688963
-180289
269053
-659773
609802
899944
-265013
-897083
497044
-507797
-910760
-375724
-302090
114202
-551670
-895705
664001
-251800
-542076
-491888
-421226
534728
-552057
35763
-333468
765750
68997
482589
122097
990290
691461
630581
813890
613036
326145
792619
-954390
102425
-401220
-568875
850925
-409585
316060
147164
-154186
-613284
-966824
-762153
-677444
451172
88857
-958244
-688580
68623
96359
814879
228307
-400879
-53990
-290535
87766
693065
602661
-355188
522123
-51725
352586
-891602
247294
5341
725946
164834
655741
571643
452653
-549755
-349335
-848668
246172
61097
297272
-685177
-444849
-273324
152599
368623
713626
972576
-602442
-660061
-723278
-946648
-82948
-973313
-14371
291981
-427338
37724
-83847
522913
29945
-663883
-637541
811209
-226553
-663067
190246
-282357
559980
-94115
-318489
-496907
-323299
252239
979220
-286050
121684
340184
831722
138375
-120278
-466408
917317
-350332
186550
161712
428231
179093
-76551
348663
-749258
968418
-358532
-798026
226465
472529
-31884
-933027
-492601
459581
256147
874362
390378
-260165
-519145
-146258
-553163
-746420
-863132
-827045
125959
993407
-341152
-803416
99791
688129
260799
-981727
278148
-228584
-940851
-89912
241058
953792
-548507
669776
-32475
-123865
-197626
205729
-918460
916972
-988908
128608
290437
-126668
-339273
345800
-741657
457450
546967
-941531
191106
-414851
676750
990981
-821807
-729294
-415238
559413
681399
141631
-73182
-363886
-50238
-838522
848294
423684
147687
-248444
472814
982153
74653
-545964
-301578
-632587
-560677
-697828
733612
-409125
590700
831556
-686841
-48852
-329119
319219
-189945
-104912
-919883
-256314
623100
-110159
88922
-207405
-203416
-898042
676203
971042
-773813
-252389
-489503
-711150
-110123
33895
150994
110432
80893
-151599
-237976
391840
308784
-997634
-268994
239266
-160170
-460324
-360689
868787
-772751
-368598
-61978
916261
-284671
-689601
-967540
941554
-371713
209183
558916
122019
125659
46878
-154205
-343528
-545506
759093
886404
-843637
-541076
950369
-359060
-881563
152985
-102992
465427
291702
-458979
799434
444140
790705
869156
-954908
851146
836931
-490651
779941
-16298
191568
-330396
980854
-419612
-719688
56336
-591902
232590
341357
-794685
-933126
228427
-824357
143806
151083
482269
930755
606561
651067
8655
42850
-769205
-884623
-272303
-737405
713528
-995431
-313181
-834035
-704482
-48678
385050
-64249
563870
856085
868137
-42122
25825
854403
350842
-9285
258509
-295272
145048
581890
-642363
675771
285877
-522982
-95122
616392
-848805
509520
14591
975328
899998
627413
-414160
-393880
779357
-507981
950201
-248734
708233
428044
-30485
-616039
847376
-60705
372659
-560561
603955
-520638
470493
458113
-542695
814579
-44919
929322
854174
114000
714691
521059
150078
827662
441638
-754517
796254
-366248
-7297
-741337
229660
-78359
-539125
836495
766784
-824098
-927823
-981577
-715291
-595863
956812
-618065
-129706
-472350
387581
153056
273446
101424
-616475
726480
-481872
832087
771620
879926
-420514
-523538
990601
-791626
553747
609321
997236
-625478
-14473
472445
-519332
654044
-815846
306498
-839237
730893
241549
-622474
159649
658963
-312662
48935
-723745
-430567
-180403
-325951
-194548
-633271
-750639
-162593
519355
-305425
-155736
319514
-101375
-504592
978843
-128326
-453666
-137138
-352209
519577
-991457
261219
-703161
-818833
976950
-775494
-943464
415342
-198819
-1853
-986258
780598
586735
-72395
-940693
240048
765232
627804
-833466
-948693
-608703
32664
841976
-107500
378793
-905629
107052
27512
803811
894801
-271322
-812778
901908
312552
601019
853852
594130
610090
-75525
-543003
196593
-622099
-742650
372862
-279807
176647
-54784
637158
-417610
336549
-733610
612757
94341
-692268
113478
-442040
814206
-979806
-537524
-907291
-600027
-296523
212728
-336997
748424
331643
-265549
596768
-449714
338186
578676
650055
134146
477113
-529078
341200
-513460
890513
-441787
-429710
984092
-634044
862154
-860980
587617
598143
-656278
-573382
-257955
342522
813010
907778
7353
923101
-834823
909916
-174472
699499
968423
202243
755011
830476
-330121
79671
-639391
-513047
-451318
-644432
-55110
-870230
-457092
-74740
-738963
-562710
93824
-116355
319527
-712734
-520310
-219634
-309654
818120
-283773
776492
300737
-655920
-558117
-51133
-672136
336239
883213
-36595
544522
230384
199769
-366421
-231794
-200417
-27783
655977
-360115
434324
204971
933340
385120
-789549
-455970
573637
-817529
-892118
784882
869931
211797
665083
-694854
720273
-462899
655568
159672
-405641
744612
-132031
689898
-171191
457394
-960479
307062
133092
377879
-426447
889431
194488
-711356
820175
319150
-408800
-811210
-569175
149052
174640
-923517
-276409
-635159
-744116
-125762
187116
-538252
-212205
-846992
437098
150066
-79437
-24177
-320916
451869
-900747
-966387
-961188
407512
882217
-373047
-3710
-645517
567182
715034
-641704
360807
-159265
94733
-53414
-588897
260302
979018
-388088
142267
286668
-510162
467421
708560
-789501
672815
445890
-383912
809052
993217
580610
808420
213460
-563426
-629009
-16809
635956
248469
-163925
963418
964379
781756
500732
814548
814503
127439
571729
857767
-697784
-668830
-880632
-285367
892351
833667
991087
-839673
-676525
-577712
681663
173293
-297283
-337135
-880151
524425
-220349
-493790
-146295
111117
108505
970845
-324218
230829
-377885
20979
-208813
-154619
-792029
-62614
738691
-205818
887337
441576
-946402
-321784
-757942
726617
513306
-947708
78170
72874
676097
343479
33489
-435777
101218
-114676
639792
-488444
-559083
-360369
62007
-796284
741399
603368
621874
177336
-588817
-361243
-104656
-885136
-572807
816131
-66522
-34337
-908455
-341961
656897
920823
825999
652933
-115682
655928
-823834
-852186
-807699
-438808
342424
-954607
-243403
946686
883287
991667
437285
-43603
-46193
599233
-265854
-230679
-280582
-483502
-651937
875133
-276318
903836
432362
831030
-964321
784057
-173889
-935822
-515232
513751
426725
-956427
-123722
590517
-658578
922494
789675
-443381
604190
170689
-991904
633067
764307
425400
-24025
336386
407734
-875697
422716
-43241
-587212
-453867
228592
-308604
-306037
178525
-821602
145762
102143
-255964
932001
-953594
-776697
744862
-936540
-990777
-353619
-252682
-407139
859539
-378728
-828665
-700555
-352814
-880743
-36752
390491
973294
-132447
-223340
-756971
-700673
626762
75607
867118
-714521
805585
-289634
432434
518611
-104122
680855
250248
750211
-648749
581883
306625
-506956
767970
135726
622223
-633440
-769238
-163970
-974364
211636
-625728
627829
84324
137413
-459452
-516667
396179
656927
752913
-414751
780066
-945636
613070
602296
-774248
-496051
-880831
-115372
173756
738696
381299
-656848
-612720
-280475
-478333
514655
-426558
-982207
35298
166187
-484495
-250299
752192
-522597
-4778
660176
481918
951220
-807790
377170
-851238
409844
-197980
-698861
-386843
770910
-87689
-629831
-879013
915357
-197916
-366435
-676504
449309
-263545
942510
267540
-242050
-978501
-863138
-110805
-571362
341349
-292534
152408
-972899
-768653
-740252
-347954
997699
175546
-62708
652364
-896352
488233
748899
-456356
-24966
-691038
53447
592952
-981334
86408
565500
-392908
-139157
-641037
-573310
-957720
454275
389811
875011
-311354
-380293
-896204
-96181
51429
-99311
453139
-420711
453924
422410
-26095
-40548
-799523
-678499
704377
-829368
-418620
522717
865661
674956
250670
303094
824023
-39825
627319
471435
-675710
-791570
-362578
224273
-218910
639014
-533223
-43371
-78965
-874441
247731
918266
-869263
-853988
-960577
378836
38627
423413
53837
-658589
-799356
-621960
-461622
-883949
650498
419993
-160672
-761226
-169166
965250
916714
949761
-92348
-806498
-352159
958116
678587
396028
216336
910415
723296
-916293
491037
330785
-380992
-413014
172442
-303085
-634896
848074
-107553
-769051
-685911
-329777
-586159
72955
490185
872512
802603
-839055
109111
-264633
103028
-232157
441386
-332156
118922
357696
315674
822013
-952170
685420
857819
538331
701452
370677
-337653
-915083
820770
470274
-617844
309043
-853866
938265
-46444
611697
-265092
-514943
164142
-931825
-115953
945375
-708721
761754
-627663
110121
-822552
-473882
-717937
730729
-479313
433332
514327
-590462
-569186
-66661
609568
-967649
501771
-466472
-42048
546957
642457
529888
724017
-981420
738780
-766061
452711
646090
-951352
261781
-725217
663556
-308760
-467850
-56527
943187
-851043
909048
-304028
54280
-67274
897133
-731510
-687127
-700566
177319
-446621
-493959
-448636
-333531
-77710
240773
-928303
-32510
-953827
-699062
677127
-723869
807799
301632
-481520
754893
123557
225918
361253
100849
-747420
-28814
817657
688149
934446
-181777
337035
-625192
-35207
-744876
203508
-536694
864343
132231
307607
-534708
-707055
553000
-668314
649020
25435
604739
867980
910411
-271357
787721
458574
504086
-795163
-867161
-868432
6937
-238707
544979
-217367
611667
972518
489035
447235
-310069
274512
996241
809232
158887
568934
969240
405368
557629
730587
-456715
-604749
531193
166638
-335439
317721
190282
-155066
308715
426490
727692
-388551
893263
391846
296372
697960
-314400
-251119
-617150
192686
-917328
-615172
971658
932267
-205645
662921
-201875
815838
875963
-115553
-312859
893589
-507835
870682
-434208
220707
-427823
256878
-861820
-254426
-48972
-120688
632036
302008
-338580
270811
627292
133212
-325960
4727
234191
-535255
-490524
854733
11771
800540
328479
-340826
-929411
-12720
682280
46970
174300
375894
349428
932286
-119409
-694616
478372
8765
808158
-676402
876540
-769520
-311702
236715
-848942
-703089
751703
-656651
-549138
961941
625344
-295446
211308
-229275
178651
554716
38767
501288
626633
906987
-390425
317009
94801
-98120
-778409
482636
-760199
-309646
601379
-462172
-533030
507497
-365672
859532
-549059
-429123
231351
19794
-173665
-327473
228851
666219
505230
684740
731349
515007
-235070
748655
-722696
-517589
339971
80517
588096
228583
-213126
147623
654056
-453931
-67484
-756604
-793715
-771325
405777
-53929
-230629
452190
147388
-520972
679224
-628726
-378518
656395
177344
-566460
-854125
-813786
924913
709377
-328283
425617
20031
-303717
-283468
321992
-45887
-51593
410762
-154483
163147
-831703
465506
-16061
-240160
-200430
-427300
260427
-246349
629986
-662806
-673683
-85445
-799866
-428370
-216707
769622
-552816
-220378
674863
623751
40857
410157
766850
35398
-573789
515865
777647
-54929
-489775
825157
138053
-799560
-770325
-350317
160795
170402
-194795
795499
906466
-663106
-71387
579281
-228140
33223
-280354
-453419
993966
-509374
-853902
-908012
-784007
-950937
789795
830891
-27971
-242616
421674
-224383
368968
554625
678130
860776
871285
29229
-715750
780683
824325
473215
-765339
-709
809832
668289
406300
-38837
386510
800559
699589
619738
5057
753401
328683
-319851
262190
492492
-804749
-473772
829107
-972559
-749318
481583
746724
-530617
-379565
419631
714959
-595182
-583285
-507258
-534559
946056
-838297
-365686
-391551
978637
409903
-6487
339699
465415
-61485
640560
681238
606303
-394119
-210820
-193799
-274193
-206044
509637
-716399
242217
-998056
-249382
856701
-342198
83135
69799
-550278
54832
-255194
-221438
-462099
-589442
243956
229949
-746686
834057
-54597
-740961
-722325
806144
-580820
135047
-883815
40394
168180
742624
-888552
912969
-429601
918119
-245116
293602
-457628
529862
-829358
892110
-619453
432974
453807
504820
644244
-655994
411011
-556645
448456
415056
670765
-242218
-461560
377940
580972
854034
-468062
-474065
-553891
-786996
-245596
639359
-397972
-381663
102892
-277428
254375
-580495
-51914
915584
901337
397189
-396533
-367104
-86847
-892430
347064
827939
619421
-943657
19444
555017
910068
49596
742501
-106965
-436856
-317126
634325
471791
668557
-236852
592465
-758516
205537
700879
-278531
962537
663207
80625
439517
43928
846891
691269
739860
952118
-245372
-105614
-684090
105471
11492
803697
114397
515273
-538925
-821026
-124977
172860
-917837
-352284
-229115
-904
-91041
-619611
-571303
-570913
175576
562804
-726486
-792366
530589
245193
515862
-764236
-646836
-797290
779153
400094
-672960
563420
508929
349738
584516
130241
-969129
700022
-582614
961310
102618
745063
-431073
459106
-656164
277547
-991445
683065
115569
-113392
668338
-149284
-35678
525713
-720346
180148
611628
481785
342983
10151
490012
-937007
-249053
-31460
-308717
13560
-391664
110175
759170
83403
-37490
786063
-567149
681942
-416582
243697
920767
410690
-704878
-425995
-287593
622057
-47026
819026
943726
-225570
-45299
182766
-192887
-808050
-586619
-173207
142248
217991
-686100
490590
-746361
27741
-114184
-908036
-367419
660278
-616703
-393828
-429070
-683211
-878600
726591
-176919
141974
-693700
-539268
29440
-862242
-218904
-647262
-163401
356931
-340167
898912
-572695
-805083
-321834
820991
909216
-91060
174188
-649214
-492871
-83921
538139
-172957
389537
-982449
-275902
-429197
962867
30231
74528
446748
226987
274679
-149761
857935
-598031
682731
-126494
-564820
-619478
374761
891353
865406
108384
904923
195747
927007
-354823
382530
405607
5058
-343208
697544
-351958
294311
-593959
4049
828959
-108389
386984
-28239
266330
955842
-94971
456773
571329
278519
651697
949010
-329293
-683136
605898
119386
-289597
-866146
289371
808798
367500
-704326
9458
-63169
-658777
-195534
426602
-837709
493775
-671972
897509
-203348
47974
-468371
490036
-65640
101437
232151
180663
-974618
834919
-739544
-795836
444128
847154
-781435
929071
626372
7081
482
996472
-660014
428735
-301351
-823229
-961510
-209747
395576
863671
246936
-205935
-532886
-418679
-458188
705259
-1638
-177607
-337885
415473
-633585
-12000
553067
-656068
116162
188292
-556647
-181327
-51019
470061
-176952
-707937
481263
-467656
497444
-689443
79162
814979
352212
-722972
-541391
538804
-510418
-760924
75746
7235
-847737
85416
-618457
743099
510054
379410
-419201
-314137
-643000
-536915
-65788
-16918
245956
-142237
504623
732738
-326946
-522278
-181923
-862682
515467
-492605
-657963
886595
-214356
655506
-924468
492801
923492
217023
-667892
-904189
-11598
-28438
-798721
870698
598789
-723647
-676034
607494
838627
851670
78127
609083
-422190
528164
668708
-331953
-394775
-89810
964170
833066
-124149
-876764
831602
879782
75976
-44230
836548
251915
-479413
-841651
254171
-461837
-374802
-510660
-87562
-592782
-476824
-199968
682436
-943730
406059
-338535
-564751
788607
-504778
-149999
-110261
152907
921524
130013
945569
-585426
-600632
-888394
134073
531106
-939366
-542517
-281471
885145
736477
-985494
-628102
107622
-453182
271908
-27737
308667
-423627
-595827
-898241
509409
-842375
741612
-402741
-532512
456780
625009
-420234
-495162
-556837
674734
367595
-464898
-85476
672713
-964357
-863989
-727696
-621200
-185764
-116656
-492026
708486
-926576
680454
220684
146442
82273
-14600
-33403
-501722
264004
268214
-631541
-683967
-303696
-465677
580582
412966
720389
442348
-170471
451692
-666008
709342
-243472
-501522
764124
532675
271394
-737641
972938
-407611
425757
-726795
-278247
158700
-528495
430426
614239
911824
-528733
98441
744821
478168
718236
-747397
-265678
351195
371944
-177878
-306610
913302
809401
242610
-67159
-261801
-697631
-900206
890931
462811
-472862
-361738
-498048
994862
-771452
-815179
-994554
966748
-146510
-619171
770858
622782
390138
-540472
977755
737126
642064
411772
600144
-566911
931405
473075
-492496
-479796
34032
264432
107145
-898818
572115
-275103
670885
585417
639523
-984772
499853
193430
-491140
53580
934181
-348373
889990
-169058
-193777
72014
255342
67330
-403456
126048
979694
-784814
895673
621776
414938
-591112
-731816
-436517
567214
-724425
-364511
246947
-616037
980390
946617
3643
-452460
160964
-52858
498088
296020
155254
-571768
-377213
-638732
-301376
755774
201624
107062
511253
-891817
348061
-139248
-29009
168740
-722471
-963447
734605
216710
-721446
444575
90419
211675
432310
89835
98869
254886
629005
-924436
698285
201833
303516
323027
-462422
146311
281764
-550740
-287765
-626979
-666099
428081
-992599
250069
378457
-185522
-696404
-319478
919918
-220716
-781639
274727
937105
-210541
974172
25572
938294
-618899
992516
-675355
128116
-513297
-521242
758420
967339
-734767
473896
-887764
84708
544264
43765
128604
-468484
606651
104047
-535932
444912
-278994
-101353
-825922
-736851
-960822
-453266
-303103
843059
515571
-759980
-232022
-998084
726848
-76187
809141
-697605
-564076
23753
-442080
-60390
-981024
-384997
-787054
-681111
-197483
-427918
-70331
-281787
251003
195712
431050
107241
-977638
-910693
233991
207056
-526228
-387041
-635308
-56203
-205056
-396701
547368
-705362
-459567
-974314
567409
863161
-448476
-8741
-503811
170425
-35611
-741636
880173
937756
489414
411608
-823891
440818
-331224
-620361
695162
-102393
817702
738378
364459
61588
53024
-538394
-979908
-405840
-143578
601409
772627
264227
-668942
-261079
-301250
-557759
571325
518261
527658
-482247
-882301
845669
925371
162369
-611947
-559198
-327355
-12368
-365679
-400398
358930
632838
-195063
-994643
-130178
515706
830918
-477259
816780
-346997
629438
364838
623956
672185
-937136
975054
704819
-352168
925015
-814599
342569
349946
640496
-664031
881230
297353
835783
-811672
-830018
787837
246689
-705834
412017
-847861
680913
877674
-83858
697357
538919
164570
-829345
-973726
302251
693389
-56821
151354
575927
-975981
-474232
212764
-217847
-150707
77003
-997195
-759845
302192
-225251
776602
-510014
258011
242272
136746
-129361
-586626
-959545
427680
-882637
757309
402114
-829784
409238
992528
-574397
679257
144882
-242596
-622320
-27018
-217253
-656270
-279543
996449
78402
990716
-997087
522451
-505129
269247
799056
881770
276481
-892525
360540
703498
489058
429146
338413
909247
76657
-400134
799101
-735900
15457
-566333
-378366
-428709
-987271
-230198
-790780
-144140
745069
-280914
381372
-948462
648205
-884412
-710563
-196575
692538
67720
516146
-495668
-268487
660471
-787317
690760
-392633
-313011
535033
-67406
569792
493396
-93780
-685906
-843382
779577
-461054
-988883
221769
-651573
342925
-999028
8210
-866152
-881678
-123877
-889213
398810
-944071
-75369
693354
-197465
630003
842076
-607797
755294
-158334
772252
436119
97102
167415
-779324
-524958
225126
607180
69829
-625850
-665463
298377
-933151
-591780
-620596
-613829
687276
907889
-969743
-371099
681135
655817
-871827
-32029
-158098
255199
-74423
-58322
203896
243660
662660
-253886
-477606
367158
-169101
997247
231913
-182699
-247419
205262
656411
986950
-793504
-991974
251237
861335
-331759
-887228
-735463
-837718
464169
869597
-116142
333426
547375
-344234
980880
329615
-555656
-222041
822268
323113
-184140
871096
-926562
436318
-503442
64189
-179436
-673305
288147
687516
-142436
534812
-250963
-69255
341705
-44690
828809
-283745
962721
996277
-64870
-713301
-518681
278813
-396224
456284
901457
216340
586133
-314103
601230
455382
-220727
736830
131792
-457454
-317543
-62454
-761468
234339
-399011
-583955
548879
534535
-505481
-827410
-610733
820057
15842
-837948
-684755
463144
-694191
929067
26276
937450
-453403
-439375
-537532
-560357
-28261
-196896
-955089
-349401
918107
92063
-126557
214907
-701884
756484
792646
-137295
-997373
-147940
-723949
-683888
199545
226288
866583
473281
707294
-724945
-286927
-96665
-452861
-543000
939961
-277395
808442
-339213
586284
-420408
646650
785443
-335833
-63914
-915475
984132
-710223
270383
-63972
-589855
-470859
732371
574277
490197
-181244
742615
65763
-452372
-830036
830512
-110396
-760590
839941
-384511
321964
-460380
-37922
53154
-476199
-871175
520821
-817346
-706499
-508322
142959
-807854
-91666
-665294
-76804
-31079
-730229
412223
776563
-752403
-586976
129122
741143
-421455
364257
626042
-568702
174206
408100
-605066
-65351
-113582
-438786
-973445
-74722
602188
263204
838156
-450328
718890
695966
778124
-771237
-69529
-333692
-197819
-812229
-358819
-692970
606913
-537772
-534607
-186106
-793344
-746136
610956
-767409
-968388
210801
-856684
-916209
-174130
873188
6741
770457
-798360
-448602
-298396
134958
-37975
-637391
135775
842341
599391
377132
154922
-532418
-523184
328854
929676
-778854
-844991
-153778
-241505
-227255
860782
220306
-811200
298936
-864357
-185011
-595035
-558301
840936
-150433
-521498
171472
208026
-741807
-803434
593439
453780
705193
363284
845263
794804
-423682
-885589
-373311
266387
-456076
975248
427521
-757010
283795
-315891
457464
718748
-747423
447997
357532
189116
-289962
-96261
-546101
-382345
-468188
-504792
-927275
-365493
-591043
-659470
7913
307997
248069
812417
755957
223230
994649
-708148
829597
120112
-443040
-705157
24271
259191
-171113
-941191
-438848
967306
-85759
-382299
-405207
-884632
326151
911102
-525085
443427
-827199
467317
457642
-848261
-397519
-435862
-906858
267455
819058
-49739
289834
873911
318976
52724
356732
-129822
-236198
471077
-722331
96332
196738
768078
-971084
-360910
-953632
783303
521374
748357
-506680
302123
771306
-170817
125291
709735
-878703
-641909
-755001
512241
55168
165424
986237
-115848
-110555
233571
-673047
431206
-540878
-460037
30934
986220
-676465
-280810
-989729
532320
-201455
749818
137714
-955883
-40115
406494
-999395
-283655
-153061
-516318
371153
-417148
-161860
863527
287853
-148783
729150
-868841
20252
-799118
-148049
164989
590614
-679842
931688
-647448
573243
-94096
-907901
751375
-429609
-341232
309026
679354
-149801
419459
794027
-220828
888231
-579419
111229
28544
255462
-32191
620167
-627182
-222068
-331098
-528298
714351
251086
-497435
973408
486699
-138238
109737
-644092
975429
-942572
-415551
683902
496955
333885
191146
-378627
9117
-889583
254413
801510
-625723
354837
-152514
-784313
-621891
826524
-961985
-691157
-559033
244926
223709
389383
254636
-24414
565909
348128
138587
371250
816116
-539259
-431800
-533835
623303
437131
167749
940422
499144
135619
-682050
-924648
773466
12746
-84993
720217
-678664
-11521
-489782
-288556
-229672
-555096
446510
-502599
-845491
190427
-150577
-741790
737784
-471431
696635
659571
800708
72425
49491
304473
683441
182936
-941919
778483
197947
141418
973649
-878316
-591916
886771
782102
713593
-309832
-97587
-345084
-374414
537876
257354
-966346
89443
89825
873804
-505071
-604969
592502
-879440
586235
-461148
-703410
719793
200101
375508
373322
-759849
68216
-256043
189768
934899
-90247
328985
607274
-815108
252819
806989
704236
227121
-563684
366678
-372972
788611
-562409
-623281
-781026
-456833
445595
439331
-102649
337793
-963188
772799
-176750
906072
-129272
-912494
-134333
-66068
801271
-114062
269743
375592
-180729
159665
234092
-97073
289612
933210
-702993
348397
-724771
-9107
-294826
-102960
892309
-827768
218668
-108291
-189124
-859796
-363380
178695
30932
313936
766520
-107157
-233846
-393580
-852432
-662483
135658
622108
-965262
927349
-374745
594178
105582
36201
-815251
-946660
-14106
-385812
-533603
792437
589143
907643
-615257
444950
-6123
570924
383633
644500
-230085
-902900
-699212
-715454
309941
-540631
236973
52156
-702936
-65828
491064
-484467
-236940
711762
-269853
-344737
-111609
-661624
443810
247989
-636643
682639
-978383
-520385
-638976
917289
50527
825193
370392
240214
907662
-983690
-818986
5371
-683098
-36707
-281577
20141
574627
-684253
703427
-562245
-367822
952506
-457124
840576
-454357
-546833
685456
-644393
-811954
-842477
-109527
250550
434
-27288
277311
549765
4277
718681
-43110
66895
-777490
238444
798890
914625
-315289
381510
995581
-625055
861260
-162772
747182
-881327
-421013
961280
-650106
-709477
-882452
-679554
-664848
-112293
366566
-204419
747632
-907000
266039
-515704
886790
534028
84145
642777
133232
436076
-672045
-911765
-210781
-693258
-424767
669530
14378
241740
112551
637628
928626
-487665
-239063
748354
296042
441267
34903
147750
-347702
-427429
517795
547682
-440848
378089
287620
365342
343359
-561438
-739775
220169
-546665
710894
-590157
580534
-703749
-824606
-401511
-833114
-352597
-695196
-201575
-690873
-588808
-123570
-178536
-773512
-313980
99715
-706908
365441
857280
-295399
935222
984494
988530
909447
663061
-589327
359732
269635
-958840
264979
358188
-302114
-281563
378086
44173
-793395
-387765
791749
-423426
828220
897701
-929997
943763
964120
520831
51164
229808
-37166
944496
743502
-292343
283428
-783682
524480
957103
-668051
437808
278481
571956
796520
-444640
-894928
200975
-243936
-186145
140786
-429925
182672
216395
-482823
-865856
994349
-433137
984744
-262394
-509553
721790
305775
614379
-254342
325327
-390099
733745
-947852
-943705
861679
-842082
-60830
444819
-624723
-668899
283469
-586907
670456
-556191
-739892
214814
604557
-734690
41286
670626
377783
-548683
889597
18491
52068
-947200
-106391
618127
376875
818602
-634867
-846401
350553
-689277
402014
-709120
-22951
764503
716677
-100869
628103
49576
876687
450478
307995
-492227
519087
851047
68720
-705467
360681
-850103
978189
165422
-105383
-138013
377330
559497
812146
449994
-590250
-687427
-505699
-459675
-151119
30063
-544327
-388076
-822793
-643679
190846
-254904
-232129
115793
568468
-265973
-72025
904844
-610169
-91698
431840
-18262
-42153
-627426
-126632
-176215
-484665
23253
-578217
-382617
507008
-147214
276860
-983977
-964530
-207220
-663888
-678600
-670672
-988064
-404047
-81847
177771
660510
-795016
405537
-133111
-399166
-725909
28750
-600053
-662263
-753276
267402
234042
52501
825779
-663606
-774977
-764707
-702065
-228168
227800
214605
227127
-113545
774538
-276833
-401840
377636
-708276
-424550
-574069
59346
13535
753978
358431
-688264
-875442
-860820
350962
799929
596389
-291278
-428163
-829594
176254
964435
998866
222249
962377
545926
-46818
368975
132182
564518
973436
718321
-356989
297652
-931120
757902
576332
780779
392015
689367
-15049
271492
518511
-473158
-870547
173001
-610310
248344
-493058
-824928
58522
251515
-481253
-7217
830075
-612947
-68029
183616
-391033
352074
565163
-355728
454243
508841
-682005
-894644
-907608
-915392
-20182
-114650
83324
815958
-873125
684029
194538
787011
709783
542197
-165877
-799126
-798146
-263779
-83505
816320
-749179
-677730
-307483
-493006
-276846
-636541
-229308
-129734
891660
-622927
169198
-999985
-684770
-960862
971691
-687644
439575
672905
-127584
-847892
-680849
-346474
224346
-279704
382186
463697
-262881
-765804
435989
582496
654807
544183
744862
-341075
-910870
-804560
589609
-139142
779879
-775187
-130356
-171491
534669
-519228
257093
-776096
-867624
522308
-213340
1314
420655
874708
160760
-47700
903443
-104537
322854
-396713
-649495
-42622
-408606
-392710
-896406
703772
832246
34639
777378
-927018
-216780
-945139
-553372
132638
225765
-758885
929902
-846483
-376508
8757
451202
-485004
-14253
-390764
254207
-263765
-631677
833427
130423
-376247
885122
-381267
-403357
-835820
921597
-897261
-321180
897120
-86185
-487780
-207262
578802
386685
848811
603497
64044
-488994
1506
834261
-26903
404137
-628399
616434
286939
210391
-977005
-758328
665279
204602
243972
614695
292825
-785638
280624
196257
-993061
-368756
536063
-919151
-128935
-330228
637338
902954
-187549
-703369
-376852
369390
-772767
-475409
174734
150865
521490
727083
-343230
-247982
779370
-382546
260809
165736
-176745
-978769
-812174
-902180
769460
-674737
266418
343447
74073
388104
501404
-742225
97282
-309084
462902
346531
-158902
-462916
-279373
831471
-468425
689275
195522
724007
502380
579714
472505
617554
776896
73010
-302073
760228
-214310
167533
124835
-908389
-770341
173002
187301
811492
921717
-88734
-793626
623090
26532
-364635
471976
-219161
536637
-303424
-299433
860844
71935
144273
-962411
-590025
-675005
924147
-143569
355279
629534
314979
-853284
-190834
617698
163861
-777940
892818
-904344
118041
-169807
-996768
745861
332247
170849
230301
595400
-65999
447801
639080
-315811
-763054
-232905
-977004
-395268
871480
543511
-522885
343121
521999
979100
806354
-933168
366282
-363789
-509124
-512459
-35002
348020
485398
713539
-795012
156478
219271
-492411
-27272
-470493
608503
605556
276429
-255224
937418
563571
595950
651553
925723
-23418
455800
308995
598540
-323624
-723094
-873824
-742767
634487
663402
-731114
879678
656327
810193
-658830
-61788
46951
865195
619963
-693006
455740
-381701
-739615
-534035
607636
-723474
688467
-298130
-6587
-374272
686049
-329513
-55349
-247883
-308598
-818251
395434
73044
-497535
398464
64167
461546
-143033
-780265
-143683
942329
-384990
540775
-916529
381130
123226
-905779
978167
161665
-675486
-605216
576291
652418
-608562
627455
-979031
208409
-871207
-477627
-483726
-251982
708235
882798
977369
472442
-282627
233300
813671
-643989
874420
-643902
-84653
-955138
-181841
-153004
-857764
-580642
-948806
-921737
71114
412441
-70955
739183
-789191
957142
-278128
-300702
663636
-333230
-730263
-176588
35230
406356
-926418
-838305
-288661
-294566
-623861
-793670
559785
964385
510090
-906012
-446155
-843817
778985
33228
-583084
-729618
-205309
-89077
532273
-451462
-734989
760297
889049
48595
725488
544858
948461
-297844
-765584
370347
-250768
-177714
-330938
-458772
482131
916743
99485
-968186
-870152
41692
-789252
951361
-144958
-4871
138235
-372554
644176
-158696
827956
-606567
-76611
-939885
660382
159905
-727655
-908532
-690234
24620
-107743
498177
453238
-882532
636080
866501
120341
723001
895534
832197
-114004
46337
378653
-238711
855008
-64263
626805
788668
662399
-520587
462251
546810
937005
368441
645027
872055
226569
-663959
948198
904413
-972178
-550744
-60173
561203
403827
-312039
854897
538569
113527
-44491
-658680
24540
-406035
802272
-46119
937207
-20452
461119
562059
-398612
514904
-76516
-289257
657508
-730948
-634819
595040
-682808
521176
-884442
860495
79938
907572
-499770
-589769
-826599
-701530
-738527
-532748
-642994
-761389
290789
790524
456750
-281353
132559
507349
195510
304021
246534
237598
753514
-208551
-906975
705940
-224484
-879681
-470772
115181
209482
936932
-996516
680705
904827
-270681
109616
-425879
-198630
-458189
468957
213016
-298763
-568223
347497
991637
-286293
-349110
-898014
301170
-151971
52611
986289
770591
-151991
-997263
94588
189212
-225468
-798049
-994600
571041
-545162
-686334
50674
760683
630529
-48883
137970
605258
250563
32235
-5142
-758476
80191
749120
-217213
-959432
-396652
-102733
958926
-247348
-323794
756187
-773668
-218060
-872510
314533
-192800
-314417
-134286
-954922
950992
-913249
-815123
123037
331248
142681
-533159
-687485
-564595
820725
-762957
-778243
-771664
298800
-418636
835177
-602434
-779197
-350724
74026
499179
482227
-132873
942078
195770
137822
-818381
429888
657320
-98684
-3061
-373976
509582
235572
-921656
-431591
-469451
-116362
-72872
369561
280900
158078
371182
-300471
651870
-574854
396626
179301
147943
992851
-557898
-790627
-986636
655516
762854
-402300
-271771
208948
412211
70178
82592
787732
460347
-796827
229228
813475
937078
466272
-656002
-295257
-579084
-875776
764452
-691298
345819
332625
626482
133290
-199215
423797
858547
577368
-310756
-713083
928818
938671
435851
-919855
-264788
-715326
939482
764282
-839165
-851008
474677
630277
-826812
775612
-655022
281524
692526
-549635
49379
941416
-786390
753883
34717
-949875
350924
-107053
-628844
919045
970675
-446050
-989654
910272
-9712
-531326
-33362
-534315
-92485
-689104
-891379
820031
222374
-599721
-983683
-905030
16482
479350
-496873
998674
427924
552146
658653
-805931
-175778
45195
-756084
-833030
-506008
360043
-269801
-770259
948323
955197
-876598
-881227
804239
-702488
373811
897437
753976
780697
-33340
845198
557204
-760151
653915
-667453
-381991
-36427
-963353
-382847
-680859
42244
-232238
-702563
-901356
-988291
294053
-705872
45159
760147
-481977
-987719
716723
307886
441220
-79200
930838
430546
-956266
148064
-231376
-41334
509293
-726193
329297
-468934
-122953
-706685
-426806
-300677
-216412
222398
-656074
-528057
683621
261696
47872
-362170
358215
766067
84447
-488260
486144
-323506
-636214
845484
875621
999393
-152256
464537
-770570
-912757
-719114
354780
418494
623437
-793630
296285
-87730
-376103
439186
-750502
-812485
764298
158507
895808
235907
-548459
159019
766466
382960
-98337
-847372
-776321
978024
121354
296967
227488
962288
-115124
-291082
721770
-296529
-44173
979505
600771
612847
-898889
-854733
-566701
-473586
477840
-697485
324751
649726
-39081
-745428
-250087
-22885
729816
-475134
-679789
256512
748164
12936
-737329
403054
230304
704426
-272240
-166809
423229
970657
-836001
661549
454237
-806296
903632
456999
922033
221368
-628237
795223
802553
89050
605270
114312
837281
-898426
-687634
772529
244288
880846
-493723
980410
-314849
996242
-153675
522218
629478
-661200
-953502
585544
-67942
673084
-467039
388555
-551556
27373
462469
-798588
-206714
108475
637098
-830764
-673856
661975
434950
166185
-878045
633797
880324
-611124
176833
461113
897525
641818
-883201
584662
970652
1048
-929040
-154664
-75614
-573888
629000
515384
60017
70087
-666334
926829
-408395
-249729
930342
229750
260390
20159
-931342
-3600
572711
-248096
828478
213378
-863539
586767
912024
-43952
697368
-598675
418243
-903372
-866519
-708854
-156842
521843
-802684
-659862
768389
603425
602002
995464
326907
-774195
-378451
568950
-852419
983981
-284147
445533
27832
-755600
-808257
880671
880639
464834
387354
-50567
786355
-620152
367647
31670
529989
-313100
-258523
159022
472423
403012
756917
438390
-123660
583450
-100709
271062
855994
415984
534737
-375060
660066
724406
-380656
-721062
435225
-637413
-18139
-948378
372559
-666475
-721231
631867
414539
-474620
952942
-136477
-978290
-469389
-44250
210708
-327135
-647710
948457
-778379
80415
-6345
-259720
-805436
755095
329262
-484996
-806519
-194785
445353
-993902
766832
193568
-753925
-674990
688484
-268602
993246
658499
-159599
-158653
-945713
577037
401850
64146
-346219
-180513
141927
-916006
-731269
-683103
-76012
-330515
631619
581375
121285
-597016
-370648
-939623
-839655
857846
-793809
865598
355952
8754
-959686
221261
650765
-231433
-999947
241050
-294432
-977084
-598367
-591146
403463
-501828
-698270
62200
-373018
-848589
760829
-646172
-909587
-458312
440495
-328742
-941594
-815474
-347548
-924837
-13656
241859
232429
-483164
71546
-189092
717350
996317
-215614
967528
-482408
735810
-5823
-293056
-847414
-235265
-200059
953737
449231
129188
19600
-828183
347186
-4239
-69033
-716735
-506490
-445431
-656820
-777779
-534203
-391480
-818634
-682208
600297
173781
-558240
-464612
-964632
-764778
904344
-352270
-65080
-563828
138260
-288776
833239
920191
539444
303366
-529120
-6144
-941420
-729942
-121127
876746
-393622
-224078
-886923
-338593
434756
118529
989668
148571
314773
-190471
648292
-847282
-582095
270730
414304
-590079
213611
-401428
469987
211987
140886
985481
-185933
948130
-535004
-881818
71879
401740
-589247
-118353
517222
662184
954236
-4465
-522950
-157428
-182557
220954
556413
44014
-865109
608292
-207493
-846035
575308
-38214
525954
219203
-828830
-545615
509512
987580
-63225
-41218
-962508
635602
279135
656563
950593
-985029
688895
979984
803318
606180
641131
741086
-991813
136626
65256
-685121
962669
753963
240267
-851970
-946356
-494543
473179
-127732
-893717
-124124
-47217
96352
719235
-31906
985939
-585430
-903349
-580554
820196
89488
460183
-476840
506263
943626
744017
-853687
-209725
-381478
-769020
-681807
-654820
-395220
-261471
-234475
641312
-697849
106644
209796
201444
485358
-827449
-213566
-562247
-282129
755727
-246906
326543
-362523
-242851
-537977
-437673
-397134
94447
-383404
412837
704136
111021
985382
83626
-843469
-832349
-857500
-877995
-722521
287490
-680733
-291605
-894715
311285
-62050
531200
-943424
365908
-121574
502541
722368
-86340
128619
-977476
469498
-942594
-741042
-518690
-77474
490208
351201
-140426
-83798
-244412
-47245
851897
-791484
314965
531351
406706
-572724
-770415
376641
235967
802697
990449
405479
191510
923273
79888
392837
306924
-334963
-536013
388795
-532584
65085
-801369
-295085
387463
174243
-387396
-107263
327798
-663564
-720132
-504292
-417451
148758
-529807
86159
-965858
432133
957176
48133
680609
808693
85379
955666
-704805
299047
-45966
-498079
51365
161044
-155729
179154
294179
-371536
898329
200092
632281
-57959
702940
297192
-47837
-579397
332246
-350278
-582146
257921
713645
-609255
-958331
263043
-952080
342052
-628827
901791
144399
830635
105302
462784
-367283
717124
-976423
248078
33955
507241
-667087
-452761
-596134
-597439
-148134
-35632
235422
227328
-290630
329436
651810
961950
448787
337528
875283
-848339
504274
135634
-214260
-349430
981408
-33418
-886489
251406
-606478
-468777
688202
-208387
-539706
479836
-976865
-28557
343426
-256815
-355939
-4695
-964309
-751793
637733
940880
-705481
-26552
911461
-467433
987938
624203
-735181
-728398
289856
307679
-266920
202172
760369
-951229
985932
167031
-80811
15166
-424739
451982
-811089
372205
-69826
921045
284964
245460
-755312
-9302
-12917
864930
413099
321221
75218
349130
-59287
-561474
-700104
-872327
-137791
-968233
406143
381164
193459
471049
-755782
244300
-595086
101589
-985193
-467439
31979
-506559
555684
896395
-836639
534397
-628973
769240
537700
572389
-564316
-481541
675198
-316019
-260522
192023
698699
302646
426315
279906
160856
-372490
918911
744358
727361
-36441
499481
640146
318497
-346615
719009
-770472
-211383
-158135
414660
-706590
-599769
-792555
276642
-350338
-927110
240278
-225633
260484
597994
-54183
-647387
518443
637393
-809926
-39811
-754969
308387
-708392
-226758
675732
-394558
-46897
860157
-561990
842889
834011
-383589
-943449
147954
-449182
406315
-855345
-400454
-468449
-963482
-10760
-575791
535323
556825
-783542
-907399
399815
-234460
402649
-163214
-436013
149837
142412
30500
-521608
-812779
-941
-900766
603767
831408
527819
654516
553901
-846251
-924411
71182
-937891
-31893
730878
-845833
-636798
-644903
841662
455603
-773539
-415989
-156794
-912975
392720
995410
-519118
553316
-354882
-313570
414132
-104396
-327942
-375105
712836
-877932
-470128
7139
-565833
330201
-423676
297232
-83788
178722
42893
-584483
889076
47015
-805804
42812
905632
562379
340797
868514
-478952
-708463
263776
833749
-69608
153684
-690021
-543195
925121
688739
903126
338337
-394670
-138003
540945
239935
-175542
-610958
-283208
748519
-679055
-997316
358502
-150799
611398
-329272
-571183
324934
61115
-839388
-385851
-274317
-177958
-320958
459475
-219770
-941272
-770485
-563183
948682
772711
79140
-159969
-36439
136614
-421577
-408421
656454
614183
968149
196244
-179667
550878
254435
870498
-929784
-380728
-46807
-831503
-499353
-553042
-262463
-223434
-392561
-344259
-965788
48388
25119
560624
894050
617899
-696120
970573
64684
-438148
-314305
725236
-588413
-207810
-264187
864811
551168
301034
619600
-607309
561312
748454
853248
-829106
218127
475197
-842732
-877978
-192125
-612
-274502
-185836
-983872
622032
-437833
-840146
-4828
-274794
171643
239783
-509266
117964
-852527
532820
900525
542799
-674761
14163
-677323
149173
-957745
282877
-699437
567027
112292
144344
-688105
-635412
332514
176716
-504328
-395179
-264107
-380190
-448906
570587
-69992
-439561
-927067
599687
167468
584708
-84921
-129043
209429
-449372
472258
-347420
-920239
-183262
991015
219860
728683
-418458
-731588
-307465
-891536
216282
-253630
-349258
649582
-543836
-980975
215386
404086
-232967
-624150
685136
7828
163437
346737
-925000
-598390
-973032
-476079
400994
800041
-807292
-938208
705830
-627546
-426831
947573
472709
-421526
-429517
114865
-434025
692991
-973276
674799
-229299
-130140
865947
13384
950165
876188
860891
154592
-4073
-897148
-120971
24329
-644415
77524
367959
518849
908017
34667
-301156
533661
31000
-83538
172673
-315804
896308
-1188
791849
-916835
566812
704506
-918691
910664
440437
-604407
-246479
-358966
596873
613212
-241969
624475
-932490
423584
73736
-482864
-254540
-309730
-968248
-11937
-455105
332768
-211936
171735
756052
-515274
262374
-169332
605525
-57563
841510
232192
815281
-668150
321452
-809838
-89833
-916391
-625414
325554
655872
883917
-330424
422254
49728
490876
-393056
-431153
944812
10806
132023
-40031
522925
-939029
462304
436554
838031
808438
-440713
589336
-41163
524927
203029
-171028
-353319
986890
-982826
-79916
150696
-704681
-165814
163134
695499
706810
-517305
-358292
-811024
-718448
-706071
-488652
414832
529945
628477
-120566
3351
-64329
-341320
534674
-84204
-155286
