1000
-462557
-848076
26502
731016
686502
834588
-538909
852679
459249
320156
185856
234450
272511
952687
-899910
446153
696329
-154933
-794442
15386
564906
292353
1910
-12926
43457
-457419
-434902
-872738
-952221
-134286
119603
523627
-702075
31561
-406113
-420851
-849312
-950229
-255165
-672731
-371240
-79840
50858
921021
919613
-677178
400964
-284672
794476
-705127
122093
-210548
-963494
-260228
-492856
-394575
-387828
-403134
229707
2180
-162281
941359
-191884
278060
344753
-697602
330604
384169
-588799
-714326
-390674
660253
721987
255670
710488
116783
-267535
552003
490306
-345864
985599
-566819
-441876
-972033
-314305
647968
-526476
-533913
7158
380009
535760
-955175
-620028
398823
-290311
50091
593852
790016
740008
-522810
-713382
508925
479884
601415
884270
-272075
525607
784506
536004
565927
-662256
-109788
25300
320453
973012
-83756
-131775
-273812
957610
-230145
272885
400744
-758660
-324447
-464825
804654
645030
-738941
226485
61206
183420
788398
993572
802092
808476
651210
250952
991800
-977715
938312
257292
180171
-629158
-875282
-786114
-10843
199913
-78970
791890
757555
-395228
482056
-672370
409627
-103724
-267880
415937
355033
-442709
474107
-858603
-344952
635946
98011
205799
-533557
120195
201219
859183
-418289
141615
-99096
-203790
-874534
-668420
134082
-422747
-928332
803160
519477
750924
245748
-4359
-388425
264847
-896594
992827
-469998
246221
-416340
-318863
-478553
884035
853471
-963016
817038
-271962
316167
809885
-595397
890166
290210
117694
-910873
392990
232485
-750200
-226087
-360371
-299001
-727753
310132
435094
108337
211305
-80526
-470563
144072
884372
830575
-3263
-928887
-470347
-783772
695234
-668418
17338
744433
862762
697282
186125
468454
-382347
874144
-644586
992074
-953609
-218501
103122
-310538
-738211
-33720
70269
450420
76332
-328374
-699100
99518
746771
216944
452439
601577
-282613
-328423
758454
-308050
694826
738732
-932364
-756690
989468
481493
347004
342224
166058
-726258
771478
-390451
783599
821535
212553
641958
-717568
461171
86603
-787216
-49604
508540
313819
-204785
-706784
268784
-944084
-32564
211447
-696617
-859541
158631
-550997
-73096
-515442
-160078
-941630
-183285
765142
-420138
-893973
417765
578647
648586
135154
34701
-725165
197210
-889739
929511
-449208
362378
-819192
740537
-950396
77812
230559
-842028
-482520
-460048
-371774
-810098
-322951
-555842
-205377
152473
-215721
-865751
906280
530375
-50033
-474248
512067
444678
-167723
-287948
334159
-905072
760218
934182
750828
-867124
-588114
180498
213892
156576
-784808
-526465
-465542
-185079
65117
579863
339686
-962626
993148
-94060
693759
889446
104907
-792646
288279
382164
264601
-622505
195570
-538347
-907897
537992
275156
426083
-973796
234357
-56016
-738506
156448
-716686
701970
-690719
-670405
217050
-243558
-958082
-366822
467907
770614
56541
-360184
919926
-804118
805732
784319
416034
-476072
315541
838751
608330
-148690
-830418
-478867
597607
-903348
866826
-468870
587994
-55482
607962
262815
-31965
899919
956751
509071
373468
-677051
442621
-860183
780482
-751867
-793245
-14717
103786
424368
-505881
157833
-625760
-835305
242870
706888
-710758
-705825
710247
362657
-684857
693054
-22133
-200842
14456
987872
621689
-686747
723886
104051
678270
332333
828272
-648624
-459561
751471
689617
155893
-944218
24194
673449
-83849
-423360
651242
-441903
-162275
-216501
403200
-873166
415090
425829
593982
866085
-177461
880584
-990036
-140935
-7176
-806886
150423
-910525
197537
998903
304879
-515701
651490
992724
683565
-633949
-477838
-3588
699058
-552954
-292423
-6542
81037
417969
528461
-139382
130009
-176665
-103528
936915
715506
44987
-737140
38212
-33493
-809486
-925923
-592128
-817645
-510904
-463468
424298
24682
-95922
125542
-862464
846503
-22288
669650
-458819
-962880
-225126
137609
941249
976386
423358
-281195
334192
493505
641106
289072
-366943
-915462
-850668
407337
-577246
996550
-905963
-474346
-273775
168635
-295929
-625615
591286
-250838
88639
475578
-119348
949766
-307579
-299087
-575729
395293
937836
-146962
828348
562797
-549965
764024
10997
963979
-212959
-923638
611556
-621594
-644670
-46805
-970337
926041
96132
659782
-798351
918459
-211774
-177767
-812944
940197
163706
-609082
273328
-903720
-327898
125803
459215
-192996
933872
-622002
-567483
946562
-986380
843075
-914623
585586
-707651
-180518
358991
-699270
276545
-343598
-849206
500544
-347099
258612
939960
923181
-639428
-85804
88617
-905870
783898
792033
578344
550539
-731107
-823171
946028
-430609
-37257
901669
-360422
-131189
346169
659604
687614
637462
-645599
729365
173113
-656643
-680950
679959
-461957
-71760
-401398
928197
746695
-52301
-382205
-65039
-803467
193463
-22284
-840415
944607
-715309
-871798
-711520
-221535
881165
-518832
-22437
-846157
130730
812461
313955
186148
-712968
290774
-823420
-984207
-196479
356394
688777
218622
299620
624984
-909833
-780891
-723852
680443
-935307
868029
-940078
930622
719290
787538
-564459
-625093
434171
629748
-167907
-278209
971672
-77561
39558
634893
-562834
-977277
-522404
276542
292950
-408452
-212922
-242265
-789943
244763
785744
-867041
815038
809356
-833602
-376571
-318417
30391
-382732
-283061
213293
958748
-34960
86379
150438
87821
731003
-307820
190969
-550606
86763
-401902
-262855
786640
-169207
449084
-632642
-914881
920852
-675132
776145
455723
-444544
-382271
263784
809673
-217274
689484
-478788
575019
-894926
859344
-448698
-440896
258722
789603
157079
-427798
-455504
302500
-94227
-463002
-804518
-846863
-276943
-561979
422032
191137
32712
-527738
617643
-114826
-712209
-979026
-7258
968495
487048
186692
932702
764285
-763431
-387860
806477
901928
671326
698354
-886518
341719
-615099
269246
274655
-670883
82897
504085
333518
-406492
-884596
885636
465621
72957
-890832
3852
758646
-963524
-52358
-245108
462648
379807
-986153
727491
325856
-3202
-870021
-136277
982845
-91859
341420
-969466
-362275
-295087
115174
658765
-657229
-108280
-710091
-849207
277764
33532
-780482
286379
444226
-808609
-753356
459036
-624772
125751
196240
-377765
352523
-62364
104650
329918
996955
-605337
-519531
-976232
-865953
-451765
186802
-150658
393897
-908172
-811279
323441
509729
-559464
-532574
195369
-963417
-40670
26531
-298575
-314638
-761421
-998420
-473327
33266
-289611
-245134
995057
-851459
-508973
-964416
-690170
-712484
-334765
-710392
371155
-414002
421787
-637455
-101363
-312166
909077
2727
-322461
-827285
114734
-548847
810362
-604607
-438290
487282
909099
-188076
43828
-546003
-302371
56018
491505
-661239
357534
313881
699743
-863869
-586234
-374475
884912
838678
-381002
598585
917009
-982125
-382808
-380546
93207
377880
-920961
981136
-464524
-727353
531456
657942
482307
-80613
498895
-604799
-827506
450791
209156
-690777
751757
86362
-327258
-44729
-746486
-559324
732449
-333
755443
-405032
-194273
-454389
166508
895832
55310
-436257
774858
808294
799245
-943010
989984
460438
-627939
946017
536648
-189835
900815
559331
-57362
27892
-529502
589036
-931281
585204
-409250
-563149
-767727
838640
314364
845802
-261449
-372850
-907039
808823
-993930
329528
660279
-98023
-494052
-165188
-438718
532171
-291145
-28390
-172207
-510313
579051
-718996
423169
-786563
-494695
-244390
-868039
715319
819776
898190
272639
25029
-490895
305907
-533846
-12731
-514031
425194
505616
-840784
924140
-211941
-857784
-641422
-488422
874196
-257561
669551
-22388
380370
978392
863320
816018
987218
299294
945410
708866
