-973835
-938640
-930543
-892652
-887851
-860817
-851062
-830223
-798822
-798163
-785719
-751544
-736172
-710250
-654917
-629092
-573870
-570379
-565782
-564773
-554147
-537587
-520906
-517653
-471349
-461260
-460087
-443582
-420544
-396880
-383010
-382352
-344449
-339476
-334017
-330740
-315726
-294102
-279707
-279037
-270902
-256481
-216328
-207917
-193522
-174170
-168297
-158641
-157722
-150401
-120633
-119258
-109602
-54929
-46258
-44822
-3029
54505
77112
85867
88844
107823
153267
158085
168038
183024
205542
210479
248224
261305
262035
276563
296103
297826
319087
343943
345578
352354
377629
391495
394765
396501
413138
447365
526442
534711
610643
624441
633787
702393
722895
736354
742663
782646
785360
901597
928091
960778
980619
999096
