1000
589
1506
3265
3934
3975
6871
9290
9863
10588
11362
11567
12333
12433
13570
14199
15296
19002
20408
20478
21838
23983
24589
25154
25481
25583
25612
26189
26860
27482
27924
30603
31439
31479
31513
32113
33312
35301
35654
36539
36559
37000
38102
39246
41054
41704
41713
42768
43672
44367
44758
45789
46516
47637
48904
50075
50353
52691
54840
55414
56647
56765
56934
60249
62551
64575
65965
66226
66516
69875
69991
70683
72611
72759
73258
73409
74239
74545
74896
75659
76229
77962
78187
79046
80572
81750
84036
84950
84987
85003
85643
86585
87165
87583
88921
88932
90471
90848
91519
93182
94753
95448
96124
96882
101468
103064
103908
105802
105953
106791
108849
110324
111381
112984
113851
114489
114542
115481
115706
116319
116482
117112
117711
117731
119610
119648
123231
123496
125507
125806
125867
126266
127589
128797
129883
130953
131156
131804
131908
132288
132313
133656
136412
136928
137755
137805
138744
138877
140348
140413
141267
141437
142866
143232
143651
143777
143823
144309
146329
147019
149011
149259
150437
150711
151505
151684
152140
153217
154310
154533
157851
163132
165295
165645
166178
166562
167524
168060
168585
169047
170110
170657
170857
171567
172089
172677
173941
173972
174324
174871
175899
177160
178310
180225
180291
180791
180797
182748
184422
185099
185121
185189
186750
187850
188004
188076
188305
189274
189346
189863
190734
190998
191186
191216
191819
193730
193819
194892
195215
196116
196449
197695
204512
205432
207683
209220
209626
210048
210690
210864
211511
213046
214546
215482
217126
218003
218720
221524
221905
222095
222921
223978
224929
225214
225220
225698
226429
227655
228786
228832
229078
229477
231272
231425
232295
234310
235913
236559
237524
237821
238403
239079
240649
241339
245513
246921
247539
248883
249586
249748
250288
252567
252587
254153
254868
256072
259311
259901
261524
262362
262659
263144
264601
264919
268381
269319
269689
269856
271962
272170
272904
273335
273428
273523
275540
276003
277016
279123
279649
280747
282975
284285
284522
287051
288671
288737
289548
291768
292473
294764
295629
300313
300739
301147
301986
302312
302992
303158
303446
304087
304793
305445
305993
308450
309711
309997
311073
317601
318172
318528
320166
320679
320903
322389
323357
323807
326771
328698
330337
330677
331581
331803
332019
332577
334214
336295
337465
338907
340659
342033
343553
343806
344449
345172
345208
347692
348519
349180
350021
350922
353397
354579
355151
355214
355763
356058
357072
359424
361356
361986
363451
363762
363823
365471
366591
366751
367390
368348
368728
371546
371906
372220
374075
376647
378130
378928
379590
380526
380608
381435
383316
385830
387712
392151
392215
392353
393174
393787
394137
394278
394529
394646
395952
397337
397503
397533
400465
400968
403227
403265
407398
411505
412911
415583
418541
419600
421122
422432
422722
423891
425291
425765
426622
427762
431265
434040
436045
436605
436717
438294
439121
440030
441787
442750
443924
446273
447093
447719
447758
448732
450602
451416
453060
454275
455796
456292
457514
458898
458920
458923
460709
461267
463108
464361
467684
469621
469625
469784
470555
471332
473669
474362
474721
476130
476302
480327
480432
481146
481329
481352
482374
484308
485169
485385
486178
488849
488891
489384
491763
492091
492402
492495
493284
494426
495530
495648
498792
500505
501354
505029
505457
507849
508035
510139
511554
511766
513817
515172
515230
515665
517745
518002
520300
521526
521663
522237
523467
524830
525100
525215
527565
528443
529073
530391
532219
534886
536015
536556
537021
537320
537972
538197
541447
543777
544997
546920
547356
548718
549173
549391
550558
550655
553763
554147
554328
554740
555092
555658
555770
556994
557764
557984
558161
563775
566291
566370
568449
568826
569253
569481
571058
572835
574454
574460
574649
577819
578351
580683
582568
583097
583220
583825
586963
588247
588332
589236
590718
591035
591756
592631
593031
593812
596297
596412
596513
596695
597295
597406
598071
598266
600195
601068
601916
602181
602939
603129
603432
604138
605316
610915
611361
611817
617161
617984
618305
618308
619006
621489
622671
624042
625056
626126
626207
627729
629429
632002
633870
634518
635114
636584
636772
637853
638620
639111
640007
640062
640981
641809
642026
643769
644744
646006
646742
647233
647561
648754
648754
648914
651326
654295
655719
656056
656465
658647
658698
659748
661505
661900
662082
662851
664900
666345
668950
670271
671551
671750
672148
673412
673819
674560
675218
675522
676145
676441
677478
678035
679943
681192
681693
686162
686978
687162
688740
689024
689620
693672
693999
694761
694881
695011
696835
697432
699598
701363
701922
701955
703275
704466
705397
707105
707352
708728
709385
709773
710370
710388
711241
712299
712585
713705
713754
714802
715205
715574
717218
717751
721326
722784
723063
725614
729121
730424
731973
732028
732468
733561
736050
736305
736998
738578
739319
740269
742220
742674
743491
743625
744802
745450
746888
748402
749311
749920
751738
753271
754863
756554
757658
760035
760629
761776
764005
764269
765314
765505
766329
766431
766649
767527
770450
771345
772367
772503
772634
773463
775778
776749
777225
777239
778000
779183
781169
781834
782313
782332
782758
782878
784815
784840
785201
785433
785686
786467
787288
788101
788203
788741
791608
791990
792679
793616
796137
797274
797412
797996
798009
798201
800159
801756
802893
804020
804808
806527
809128
811598
811742
811781
812280
812776
813663
815469
815542
818063
818202
819116
819553
820163
820443
821376
821511
824380
824885
826255
829108
830490
831842
831982
834176
836493
839508
840656
840672
841606
844889
846069
846186
847379
847556
848188
848374
848950
850170
850607
852177
852605
853253
853498
854129
854364
855443
855839
855985
856202
856436
856949
859121
859364
859616
861466
861868
862744
864295
865175
865390
867962
869639
870291
870783
871154
872441
874348
876597
876816
877168
877793
878003
878011
878635
879634
882260
882457
883347
883518
884483
884879
884915
886213
888013
889063
889384
890111
891599
892993
895749
896718
897498
898311
901929
902394
903518
904182
904271
906471
906514
906779
907576
908371
908858
910921
911022
911476
912363
914173
915810
916265
916828
917208
917328
918161
920168
920321
920350
922155
923055
923643
923702
924544
925022
925191
926314
928036
928316
929563
929887
931203
931692
934093
934426
934826
935457
935469
937119
937258
937842
937915
938013
938053
939879
939905
940217
940286
942623
943464
943996
944071
946343
946411
946701
948010
949759
949831
950464
954720
955531
955688
955726
956981
957238
958128
958236
959053
959324
960049
960718
963701
964022
965007
969253
969521
969923
970012
970078
970968
971039
971140
972403
972742
974693
974954
975012
975356
976953
979682
979779
982015
982367
982390
983019
983036
983347
983407
984079
985456
986090
987155
987401
988249
988256
988416
989851
990793
991604
991776
992164
992430
992479
992668
992858
993546
993999
995397
995688
