100
1122
21978
29739
35727
40194
47145
58375
81112
88648
90477
100540
106970
121303
128251
128286
143927
157287
170479
174115
181575
185436
208975
216367
216537
217648
246635
247999
253224
258430
263912
269799
274385
282306
284146
294817
300608
303767
307070
310623
311628
317594
318462
336950
369632
372679
379034
384975
402318
412654
416638
417316
431053
436131
443264
443423
455726
466372
499535
514611
519843
533894
540344
544170
552925
559425
576958
579893
602051
614201
614877
630856
664372
678152
680110
682929
691820
694353
694501
700532
700579
701160
723653
724033
743468
751711
774691
777458
779844
787207
787322
803236
815234
863189
877887
887423
918392
948961
952998
955261
972750
