10000
115
262
268
275
356
434
480
483
655
791
865
894
909
936
1268
1449
1486
1609
1826
1842
1963
2056
2121
2219
2268
2390
2521
2575
2626
2707
2756
2792
2830
2840
2868
3095
3146
3194
3307
3498
3507
3558
3807
3810
3883
4082
4163
4170
4185
4251
4408
4489
4566
4596
4600
4637
4703
4757
4772
4852
5301
5443
5524
5558
5581
5594
5656
5726
5776
5871
5890
6044
6189
6204
6254
6267
6335
6456
6483
6619
6672
6734
6828
6951
7153
7389
7403
7408
7615
7620
7637
7641
7644
7736
7800
7847
7907
8018
8266
8285
8321
8434
8554
8804
8922
8947
9046
9169
9170
9203
9207
9213
9251
9471
9479
9738
9801
10095
10110
10151
10220
10242
10540
10590
10643
10646
10911
10983
11050
11057
11125
11238
11432
11443
11461
11564
11617
11648
11830
12067
12142
12304
12526
12655
12670
12906
12923
12954
13382
13635
13691
13729
13842
13913
13915
14024
14070
14074
14139
14215
14261
14372
14564
14578
14658
14738
14789
14826
14827
14900
14902
15020
15165
15603
15694
15746
15848
15884
15886
15892
16028
16056
16276
16462
16720
16788
16791
16818
16852
17255
17857
17883
18021
18025
18105
18212
18425
18477
18660
18716
18757
18771
19090
19123
19204
19397
19581
19732
19765
19883
19909
19991
20051
20204
20425
20748
21064
21072
21286
21337
21378
21391
21429
21670
21979
22092
22119
22180
22217
22527
22547
22577
22694
22771
22897
23060
23074
23310
23334
23532
23740
23759
24003
24272
24396
24407
24433
24591
24631
24765
24941
25031
25182
25390
25481
25558
25605
26019
26133
26658
26728
26797
26803
26822
27072
27149
27311
27423
27538
27543
27545
27741
27749
27858
27884
27903
27949
28117
28226
28257
28364
28643
28911
28931
29011
29431
29502
29642
29666
29674
29866
29888
29896
29958
29963
30125
30206
30255
30472
30567
30666
30668
30724
31021
31030
31229
31242
31375
31397
31422
31620
31870
31893
32075
32415
32461
32500
32539
32698
32740
32835
32941
32996
33038
33095
33357
33415
33454
33494
33576
33834
33846
33962
34268
34291
34327
34402
34475
34564
34601
34625
34758
34824
34844
35278
35312
35400
35640
35753
35801
36003
36153
36230
36392
36563
36702
37090
37194
37326
37397
37462
37609
37619
37687
37761
38009
38280
38285
38459
38459
38471
38628
38630
38725
38762
38842
38952
38987
39176
39278
39300
39301
39438
39532
39798
39869
39977
40025
40149
40616
40632
40684
40692
40827
40882
40887
40904
40935
41164
41376
41545
41587
41604
41644
41665
41696
41821
41980
41999
42028
42271
42305
42534
42588
42662
42722
42733
42795
42804
42922
42926
42953
42992
43010
43120
43165
43169
43200
43229
43254
43271
43321
43395
43405
43590
43659
43681
43683
43729
43735
43777
43854
43856
44019
44122
44161
44293
44443
44611
44627
44811
44909
45035
45140
45194
45203
45293
45307
45344
45350
45526
45660
45694
45709
46038
46058
46167
46207
46452
46479
46572
46704
46747
46756
46774
46986
47006
47163
47255
47449
47459
47562
47587
47651
47679
47738
47757
47840
47888
47937
47997
48054
48072
48081
48491
48550
48626
48668
48689
48967
48978
49018
49066
49143
49180
49186
49237
49330
49345
49371
49491
49510
49543
49560
49595
49734
49797
50134
50273
50346
50394
50419
50617
50896
50949
50956
50973
50994
51114
51670
51767
51820
52089
52566
52789
52849
53155
53161
53207
53243
53327
53344
53353
53361
53396
53404
53434
53506
53775
53935
54001
54003
54277
54325
54518
54572
54648
54664
54779
54946
55124
55130
55223
55256
55324
55374
55431
55560
55635
55716
55945
55981
56142
56357
56531
56550
56648
56666
56687
56726
56818
56853
57001
57078
57113
57154
57202
57254
57286
57488
57488
57555
57902
57945
57947
58044
58146
58376
58540
58718
58754
58928
58964
59066
59076
59122
59136
59272
59318
59369
59529
59536
59544
59572
59615
59712
59934
59996
60014
60030
60371
60493
60515
60628
60712
60783
60839
60855
61012
61060
61221
61232
61276
61322
61515
61521
61618
61705
61715
61842
61848
61902
61940
62232
62287
62346
62359
62477
62523
62622
62701
62720
62743
62925
63075
63077
63089
63240
63491
63614
63693
63744
63835
63989
64002
64125
64192
64414
64534
64768
64829
65031
65096
65141
65518
65522
65555
65701
65790
65860
65959
65974
65977
65985
66089
66358
66365
66374
66409
66451
66557
66704
66767
67321
67351
67386
67388
67404
67707
67951
68018
68208
68302
68463
68474
68742
68772
68873
68899
69093
69173
69183
69204
69352
69354
69461
69474
69510
69511
69681
69711
69721
70101
70139
70351
70579
70644
70915
70930
70975
71069
71181
71184
71295
71350
71370
71588
71750
71785
72104
72693
72791
72864
72950
73014
73151
73234
73370
73396
73465
73502
73566
73576
73694
73763
73814
73865
73983
74067
74134
74412
74539
74609
74628
74682
75121
75169
75200
75342
75385
75412
75445
75467
75486
75510
75538
75546
75735
75736
75845
75874
75903
75906
75950
76244
76308
76348
76353
76395
76628
76780
76784
77030
77096
77106
77135
77187
77189
77415
77528
77667
77695
77778
77857
78222
78233
78429
78474
78569
78756
78810
78966
78983
79159
79185
79190
79193
79275
79327
79370
79404
79488
79510
79565
79599
79610
79965
79967
80174
80256
80309
80488
80504
80615
80673
80713
80771
80908
81102
81262
81336
81407
81513
81515
81544
81570
81714
81718
81751
81773
81786
81792
82073
82296
82472
82520
82541
82572
82579
82631
82666
82792
82921
82963
82964
83271
83334
83335
83373
83404
83473
83741
84090
84107
84238
84544
84671
84870
84940
84981
85096
85699
85713
85752
85799
85859
85902
85942
86173
86254
86314
86340
86587
86626
86664
86705
86983
87130
87194
87333
87470
87488
87817
88009
88038
88083
88378
88442
88712
88770
88975
89126
89235
89412
89427
89448
89505
89665
89716
89781
90041
90207
90254
90260
90281
90393
90723
90819
90829
90868
91073
91337
91354
91504
91514
91752
91801
91837
91858
91869
92031
92036
92155
92212
92216
92378
92386
92525
92595
92665
92738
92814
92815
93175
93181
93204
93245
93309
93407
93409
93759
93990
93996
94053
94162
94238
94291
94324
94341
94357
94429
94437
94604
94622
94694
94737
94784
94817
94847
94963
94975
94997
95201
95265
95526
95753
95771
96097
96182
96377
96441
96543
96545
96763
96813
97007
97028
97041
97108
97205
97419
97482
97622
97626
97644
97660
97820
97966
98071
98181
98221
98302
98343
98391
98679
98721
99065
99150
99256
99433
99470
99518
99533
99549
99550
99552
99692
99954
100088
100171
100430
100577
100596
100642
100848
100963
100985
101047
101196
101358
101397
101499
101577
101711
101747
102189
102341
102655
102746
102819
102996
103163
103237
103359
103535
103666
103695
103711
103835
103952
104004
104051
104283
104304
104306
104333
104364
104437
104707
104789
104903
105304
105323
105430
105446
105467
105517
105533
105553
105629
105708
105802
105976
106113
106428
106598
106788
106797
107032
107075
107138
107162
107226
107525
107585
107643
107879
107968
108028
108670
108934
108991
109133
109183
109201
109362
109362
109745
109786
109888
109939
110065
110115
110274
110297
110512
110661
110785
110816
110844
110878
110913
111405
111406
111593
111624
111636
111636
111728
111889
111957
111971
112031
112065
112136
112167
112211
112212
112341
112377
112503
112612
112654
112663
112751
112795
112971
113212
113502
113568
113604
113758
113816
113851
113909
113928
114110
114278
114370
114508
114642
114650
115100
115166
115205
115279
115360
115497
115503
115548
115647
115697
115792
115845
115860
115947
116166
116327
116468
116502
116536
116640
116872
116886
116984
117024
117063
117103
117235
117280
117284
117287
117305
117535
117725
117748
117778
117800
117883
117903
118017
118165
118342
118544
118719
118864
118936
118987
119197
119218
119350
120216
120257
120291
120411
120437
120541
120754
121031
121274
121831
121893
121948
122291
122331
122337
122495
122496
122575
122589
122680
122782
122905
122993
123003
123159
123219
123768
123888
124058
124102
124102
124292
124369
124520
124678
124841
124890
125093
125171
125237
125271
125378
125399
125473
125698
125771
125824
125836
125856
126350
126444
127011
127206
127294
127301
127401
127559
127592
127682
127692
127756
128121
128220
128253
128386
128528
128747
128933
128966
128971
129316
129320
129422
129647
129893
129917
129989
130104
130211
130214
130523
130684
130730
130737
131104
131129
131307
131317
131427
131481
131554
131557
131573
131607
131625
131642
131725
131788
131884
131993
132228
132305
132347
132550
132676
132733
132913
132946
133251
133251
133433
133446
133641
133711
133834
133896
134026
134188
134286
134355
134419
134422
134517
134584
134629
134796
134917
134981
135065
135089
135214
135425
135433
135445
135448
135545
135585
135654
135762
136096
136103
136624
136653
136685
136712
136913
137013
137020
137040
137048
137141
137286
137339
137405
137621
137812
137892
138092
138126
138152
138492
138497
138525
138526
138655
138737
138784
138790
138882
139019
139497
139611
139781
139841
140364
140599
140608
140642
140711
140718
140886
140956
140981
141094
141166
141224
141271
141282
141377
141381
141766
141776
141843
141897
141961
141976
142011
142070
142124
142199
142281
142306
142510
142517
142552
142615
142738
142809
142822
143004
143203
143352
143715
144169
144352
144425
144457
144463
144511
144600
144824
144926
145133
145213
145235
145295
145374
145572
145987
145998
146180
146321
146439
146446
146579
146598
146708
146744
146801
146880
146911
147199
147203
147290
147381
147465
147538
147610
147770
147898
147947
147984
148240
148323
148571
148634
148760
148837
148870
148873
148909
148949
148977
149061
149085
149184
149186
149191
149258
149415
149479
149605
149662
149774
149780
149813
149896
150041
150059
150166
150195
150196
150253
150274
150305
150500
150546
150961
151026
151074
151079
151089
151139
151179
151241
151254
151279
151280
151301
151314
151451
152090
152131
152181
152323
152441
152557
152669
152880
152947
153038
153347
153474
153753
154223
154334
154966
155135
155180
155252
155356
155705
155846
155886
155934
155945
155953
155965
156042
156088
156155
156388
156439
156447
156457
156463
156557
156558
156688
156689
156835
156836
156921
156948
156981
157194
157248
157287
157304
157309
157318
157330
157333
157355
157383
157391
157409
157428
157468
157564
157637
157802
158000
158034
158343
158739
158874
158907
158932
159085
159091
159151
159193
159757
159834
159878
159957
160042
160138
160259
160323
160426
160606
160721
160732
160961
161030
161135
161185
161335
161361
161554
161620
161677
161704
161869
161937
161960
162074
162182
162191
162298
162409
162540
162792
162877
162992
163149
163546
163602
163707
163970
164007
164011
164149
164187
164412
164680
164828
164867
165025
165086
165430
165471
165497
165661
165711
165970
166016
166070
166117
166289
166337
166391
166445
166490
166590
166635
166667
166771
166813
167232
167278
167331
167352
167414
167422
167569
167673
167944
167988
168052
168123
168176
168435
168497
168667
168797
168919
168967
169003
169150
169237
169468
169567
169582
169696
169766
169969
170018
170126
170264
170366
170555
170841
170951
171016
171030
171059
171089
171215
171287
171407
171429
171542
171659
171872
171877
172032
172113
172127
172560
172607
172712
172724
172947
172963
172988
173099
173135
173305
173314
173358
173586
173667
173669
173672
173906
174046
174087
174099
174111
174161
174185
174428
174504
174721
174759
174942
174960
174984
175072
175308
175402
175512
175515
175696
175797
175933
176068
176333
176415
176691
176738
176823
176892
176922
176924
176935
176959
177166
177178
177231
177250
177505
177515
177526
177606
177623
177676
177827
178090
178215
178258
178354
178357
178395
178421
178670
178762
178773
178821
179040
179136
179334
179402
179440
179454
179497
179703
179927
179929
179943
180081
180156
180199
180317
180437
180517
180583
180587
180600
180838
180924
180998
181226
181775
181845
181921
182024
182035
182100
182108
182192
182237
182293
182586
182616
182773
182850
182862
183061
183297
183386
183539
183667
183725
183742
183747
183776
183843
184055
184105
184304
184363
184493
184540
184557
184558
184616
184661
184978
185045
185116
185186
185342
185484
185554
185642
185691
185894
185938
186157
186180
186207
186306
186315
186335
186435
186496
186504
186578
186587
186741
186759
186775
186781
186806
186829
186841
186871
186892
186936
186936
187121
187176
187244
187262
187631
187643
188074
188383
188589
188622
188643
189099
189140
189211
189276
189281
189444
189586
189713
189715
189842
190133
190188
190198
190486
190633
190738
190872
190918
190929
190954
191096
191169
191238
191333
191563
191627
191631
191662
191709
191750
191775
191862
191961
191991
192101
192112
192127
192295
192438
192656
192676
192702
192728
192729
192752
192786
192793
192920
193070
193115
193287
193327
193663
193696
193723
193784
193786
193966
194056
194125
194187
194212
194273
194378
194386
194443
194452
194500
194667
194765
195297
195399
195638
195695
195797
196182
196191
196214
196216
196380
196403
196420
196455
196616
196900
196953
196999
197077
197128
197182
197251
197268
197302
197385
197450
197609
197921
197948
197980
198068
198082
198102
198115
198323
198408
198464
198473
198505
198673
198717
198781
198789
198824
199036
199172
199204
199278
199350
199424
199516
199688
199762
199808
199840
199966
200101
200102
200210
200328
200427
200776
200945
200984
201098
201284
201287
201380
201505
201631
201696
201979
202016
202149
202236
202295
202365
202388
202409
202544
202722
202735
202746
202752
202768
202946
202974
203147
203222
203238
203298
203367
203455
203636
203652
203702
203782
203958
203964
204004
204042
204049
204110
204305
204355
204363
204511
204525
204555
204857
204906
205141
205166
205182
205244
205288
205292
205397
205424
205427
205513
205524
205529
205706
205856
205940
205945
206113
206359
206390
206660
206700
206725
206855
207122
207208
207268
207483
207518
207660
207664
207669
207682
207695
207961
208167
208382
208399
208516
208531
208834
208892
208956
209055
209109
209521
209599
209632
209635
209650
209778
209796
209854
209941
209995
210001
210013
210030
210043
210105
210142
210247
210421
210496
210512
210544
210569
210628
210667
210899
210999
211127
211177
211472
211517
211570
211630
211734
211833
211878
211987
212204
212263
212341
212522
212629
212689
212703
213078
213140
213165
213176
213202
213319
213411
213481
213505
213808
213914
213955
213985
214004
214439
214560
214691
214724
214816
214874
214969
214971
215166
215173
215272
215338
215460
215589
215648
215673
215782
215847
215958
216003
216039
216186
216284
216316
216394
216427
216478
216629
216683
216888
216909
217062
217068
217146
217282
217408
217449
217614
217771
217919
218012
218112
218142
218181
218185
218197
218252
218291
218302
218321
218846
219034
219047
219081
219419
219585
219693
219786
219844
220120
220152
220279
220449
220486
220553
220584
220640
220670
220781
220974
220975
220994
221044
221065
221093
221132
221137
221342
221531
221551
221668
221671
221818
221935
221957
222017
222125
222258
222518
222721
222743
222803
222806
223157
223214
223244
223396
223518
223612
223769
223793
223839
224056
224225
224269
224391
224462
224720
225057
225522
225544
225842
225927
225930
226054
226209
226212
226390
226508
226596
226688
226771
226820
226992
227019
227205
227285
227398
227485
227497
227557
227557
227840
227879
228027
228186
228252
228265
228422
228574
228597
228634
228668
228768
228852
228940
229022
229190
229237
229536
229726
230046
230177
230235
230323
231144
231384
231443
231496
231618
231669
231730
231758
231827
231971
232010
232036
232052
232411
232628
232782
232815
232894
232918
232950
232975
233006
233062
233103
233125
233340
233401
233406
233635
233751
233875
233933
234048
234174
234248
234394
234403
234467
234502
234506
234606
234810
234892
234919
235013
235088
235179
235299
235480
235499
235623
235854
236037
236188
236339
236402
236674
236958
236969
237046
237056
237155
237204
237530
237564
237763
237827
237861
237950
237955
238365
238470
238532
238608
238620
238728
238729
238803
238879
238921
238936
238943
239138
239152
239344
239374
239434
239467
239642
239681
239684
239764
239893
239920
240254
240440
240500
240558
240599
240659
240860
240949
240999
241050
241076
241114
241163
241177
241596
241617
241624
241701
241727
241781
241805
242036
242085
242089
242091
242102
242108
242195
242301
242367
242397
242619
242647
242680
242720
242726
242759
242782
242842
242899
243044
243314
243348
243376
243417
243485
243496
243693
243698
243769
244152
244259
244445
244446
244522
244603
244999
245027
245230
245342
245355
245434
245436
245487
245499
245557
245780
245951
246024
246064
246170
246268
246303
246490
246613
246614
246663
246672
246876
246995
247058
247127
247358
247454
247496
247757
248034
248129
248338
248405
248867
248900
248940
248941
248980
249040
249389
249496
249692
249846
249899
250151
250185
250289
250323
250401
250415
250461
250661
250735
250772
251196
251223
251265
251386
251489
251748
251822
251843
251986
252066
252190
252300
252355
252605
252643
252790
252863
252912
252920
252928
252933
253144
253201
253247
253323
253375
253759
253825
253861
253893
254061
254236
254330
254375
254392
254729
254769
254855
254881
254916
255058
255082
255110
255241
255443
255761
255825
256099
256203
256224
256232
256271
256342
256410
256535
256566
256614
256619
256641
256673
256867
256876
256934
256987
257033
257069
257135
257185
257206
257249
257261
257286
257424
257500
257520
257633
257647
257707
257708
257835
257865
257873
257922
258015
258072
258093
258347
258358
258362
258541
258553
258622
258763
258793
258803
258900
258974
258975
259188
259191
259311
259407
259510
260053
260066
260472
260752
260905
261003
261145
261555
261871
261952
262104
262148
262301
262314
262941
263082
263336
263384
263498
263754
264027
264030
264210
264244
264360
264570
264671
264806
264938
265312
265312
265473
265589
265648
265869
266131
266145
266154
266203
266246
266281
266324
266436
266456
266739
266878
266939
266973
267039
267171
267287
267294
267348
267399
267405
267419
267514
267585
267595
267640
267895
268249
268288
268322
268372
268380
268402
268407
268437
268598
268853
268964
269400
269431
269442
269495
269622
269672
269714
269720
269730
270099
270127
270179
270230
270396
270414
270435
270441
270477
270504
270544
270577
270666
270754
270848
271043
271064
271120
271149
271400
271481
271485
271541
271643
271655
271951
271960
272296
272333
272354
272592
272676
272741
272839
272881
273053
273110
273202
273385
273443
273673
273946
273975
273997
274015
274086
274142
274410
274594
274632
274647
274702
274720
275034
275288
275389
275431
275558
275600
275641
275693
275703
275704
275741
275750
275785
275832
275885
276032
276121
276361
276537
276555
276580
276699
276937
276939
277052
277072
277277
277296
277401
277493
277576
277623
277639
277853
277963
278087
278107
278134
278171
278293
278342
278554
278625
278653
278738
278767
278781
278799
278832
278836
278867
278867
278905
278925
279110
279136
279136
279198
279210
279444
279483
279601
279613
279875
279958
279974
280037
280196
280426
280502
280544
280556
280665
280699
280741
281059
281065
281091
281187
281339
281436
281496
281555
281562
281745
281785
281815
282259
282417
282714
282816
282947
283117
283217
283237
283285
283366
283382
283394
283578
283602
283609
283830
283848
283899
284031
284464
284473
284615
284848
284968
285074
285090
285289
285324
285483
285618
285812
285815
285889
285889
286093
286164
286180
286281
286521
286685
286744
286805
286866
286913
286942
287052
287098
287225
287257
287346
287411
287598
288224
288259
288371
288458
288531
288532
288582
288654
288862
288952
289140
289407
289454
289467
289506
289651
289674
289794
289936
290031
290055
290058
290576
290599
290644
290711
290795
290841
290842
290875
290876
290984
291005
291065
291102
291313
291362
291630
291801
291854
291883
291897
291913
291923
292037
292092
292193
292383
292665
292703
292794
292800
292807
292958
292988
293137
293226
293288
293452
293541
293556
293593
293626
293643
293674
293836
294275
294315
294535
294803
294817
294845
294936
294967
294999
295119
295283
295350
295368
295401
295519
295642
295685
295710
295896
296070
296093
296123
296167
296230
296265
296270
296307
296350
296401
296546
296752
296841
296881
296972
297092
297136
297237
297243
297390
297517
297538
297566
297631
297670
297686
297787
298026
298488
298611
298656
298667
298719
298760
299298
299454
299517
299990
299998
300165
300195
300225
300241
300290
300313
300395
300450
300463
300513
300518
300846
300883
300912
300986
300996
301148
301264
301451
301837
301943
302063
302134
302181
302206
302461
302780
302814
302814
302943
303160
303567
303747
303924
303937
304033
304106
304265
304288
304351
304501
304509
304560
304564
304745
304834
304851
305093
305202
305240
305388
305489
305515
305579
305579
305604
305632
305700
305719
305783
305793
306017
306079
306298
306330
306332
306778
306937
306989
307016
307268
307322
307332
307353
307375
307378
307537
307556
307577
307626
307728
307927
307962
308083
308124
308237
308360
308823
308982
308986
309011
309337
309350
309438
309454
309494
309818
309890
309952
310018
310219
310251
310275
310341
310425
310498
310541
310693
310699
310809
310859
310975
311014
311052
311056
311069
311181
311273
311326
311368
311484
311519
311568
311919
312047
312145
312321
312357
312533
312594
312694
312829
312830
312901
312997
313006
313287
313465
313574
313769
313925
313992
314072
314072
314086
314416
314528
314568
314640
314641
314721
315106
315180
315233
315236
315289
315383
315389
315543
315676
315768
316023
316123
316244
316337
316440
316487
316528
316577
316607
316628
316907
317028
317100
317128
317181
317273
317389
317506
317526
317535
317568
317570
317765
317789
317794
318367
318389
318414
318623
318709
318761
318865
318888
319158
319493
319692
320018
320253
320303
320532
320622
320677
320690
320800
320872
320951
321059
321150
321174
321276
321313
321455
321458
321470
321529
321532
321607
321644
321690
321721
321801
321830
321858
321909
322008
322016
322053
322072
322077
322093
322145
322190
322255
322290
322301
322549
322569
322584
322708
322887
322968
323050
323090
323124
323268
323335
323371
323467
323469
323525
323563
323571
323690
323721
323746
323754
323756
323797
323898
323923
323979
324045
324199
324531
324537
324607
324622
324976
325037
325050
325235
325324
325324
325517
325590
325660
325680
325910
325934
326025
326333
326372
326696
326741
326885
327098
327102
327152
327300
327453
327558
327617
327617
327647
327658
327699
327737
327815
327936
328008
328009
328132
328321
328833
329001
329099
329265
329349
329401
329465
329470
329501
329534
329578
329610
329650
329666
329970
330039
330102
330130
330256
330303
330336
330698
330736
331068
331073
331177
331243
331249
331282
331312
331468
331614
331645
331785
331883
331977
332000
332014
332041
332367
332567
332696
332714
332929
333008
333072
333094
333286
333486
333627
333865
334009
334030
334046
334048
334064
334127
334168
334234
334312
334592
334636
334840
334904
335044
335113
335137
335157
335203
335239
335244
335296
335354
335397
335409
335576
335650
335684
335758
335773
335864
336030
336064
336160
336214
336232
336308
336347
336399
336498
336529
336561
336659
336677
336754
336891
337133
337168
337195
337363
337734
337738
337765
337923
337932
338054
338136
338174
338221
338311
338344
338358
338482
338642
338750
338770
338797
338869
338884
338932
338986
339002
339078
339097
339098
339171
339373
339511
339592
339617
339622
339642
339845
339925
339954
340106
340154
340156
340474
340475
340757
341162
341273
341332
341449
341457
341559
341561
341568
341570
341632
341808
341929
341988
341999
342076
342094
342197
342282
342344
342489
342541
342546
342816
342904
342959
342968
342984
343002
343055
343102
343346
343432
343577
343621
343646
343653
343770
343774
343824
343827
343862
343876
344030
344066
344142
344163
344163
344205
344357
344472
344579
344735
344915
344977
345031
345066
345084
345487
345680
345730
345783
345803
345876
345893
346088
346100
346140
346163
346177
346348
346356
346439
346441
346558
346736
346744
346767
346792
347201
347246
347576
347581
347629
347731
347875
347895
347924
347927
347974
348029
348123
348604
348689
348745
348787
349020
349117
349122
349149
349151
349185
349484
349523
349744
349756
349860
349929
350073
350120
350411
350475
350527
350602
350879
351051
351092
351266
351383
351472
351504
352069
352082
352222
352266
352301
352372
352444
353015
353230
353289
353342
353454
353575
353835
353866
353917
353917
354045
354270
354288
354300
354305
354384
354827
355018
355051
355211
355282
355447
355476
355538
355598
355608
355981
356031
356036
356038
356082
356145
356547
356625
356696
356806
356833
356896
356959
356963
357115
357306
357393
357574
357583
357719
357823
358075
358083
358362
358491
358855
358931
359004
359022
359138
359294
359326
359404
359583
359694
359696
359699
359754
359862
360338
360373
360454
360467
360502
360522
360825
360827
360964
361116
361173
361244
361407
361427
361450
361458
361713
361785
361856
362062
362120
362670
362690
362700
362817
362868
362911
362974
362990
363212
363277
363306
363307
363334
363461
363577
363766
363862
363933
363944
363951
364339
364448
364626
364896
364950
365024
365052
365235
365345
365376
365514
365550
365574
365890
365902
366083
366100
366103
366850
366994
367089
367201
367228
367254
367383
367457
367590
367648
367793
368255
368272
368359
368378
368503
368506
368512
368538
368594
368602
368626
369113
369165
369551
369645
369919
369925
369927
370068
370120
370185
370275
370278
370338
370447
370452
370461
370483
370694
370725
370742
370765
370823
370899
371013
371018
371287
371367
371403
371635
371724
371840
371842
371872
372170
372396
372644
372924
373073
373100
373276
373408
373505
373695
373775
373917
374060
374139
374213
374234
374278
374359
374459
374525
374704
374736
374896
375020
375028
375089
375102
375334
375433
375541
375565
375606
376144
376195
376234
376412
376420
376470
376475
376694
376796
376798
376849
376905
376992
377011
377196
377202
377305
377308
377368
377642
377759
378068
378205
378285
378295
378567
378637
378737
378778
378819
378823
379313
379321
379490
379514
379636
379775
379790
379837
379868
380122
380204
380237
380245
380360
380370
380430
380606
380682
380750
380803
380882
380996
381022
381040
381161
381429
381598
382017
382166
382216
382294
382410
382611
382654
382732
382805
382886
383016
383026
383037
383078
383133
383135
383237
383241
383394
383646
383801
383839
383901
383948
383984
383993
384185
384419
384449
384516
384550
384840
384897
385548
385610
385652
385710
385882
385923
385947
386000
386002
386113
386337
386370
386510
386586
386620
386884
387010
387147
387368
387396
387417
387801
388040
388065
388111
388218
388313
388374
388630
388644
388808
388826
388923
389268
389331
389453
389501
389515
389869
389954
390153
390171
390209
390219
390328
390484
390632
390696
390905
390947
390964
391098
391284
391310
391334
391423
391594
391673
391734
391814
391854
391952
391977
392068
392113
392221
392307
392403
392471
392504
392544
392636
392821
392884
392987
392987
393059
393218
393531
393555
393911
394327
394474
394482
394570
394570
394578
394719
394738
395324
395490
395563
395564
395628
395789
395859
395861
396013
396152
396202
396216
396270
396459
396486
396675
396761
396786
396809
396837
396925
396956
396960
397056
397188
397196
397211
397255
397299
397441
397442
397476
397493
397600
397664
397741
397916
398050
398209
398223
398305
398354
398486
398536
398592
398612
398859
398880
399057
399074
399135
399207
399297
399662
399712
400114
400186
400202
400234
400379
400519
400694
400722
400793
400874
400881
400885
400975
401025
401044
401212
401213
401502
401757
401771
401845
402106
402225
402226
402271
402281
402374
402471
402529
402541
402581
402590
402603
402691
402711
402723
402824
402883
402909
402921
403091
403106
403146
403184
403187
403274
403368
403592
403654
403698
403784
404018
404021
404243
404272
404396
404431
404448
404559
404617
404661
404740
404745
404750
404751
404834
404996
405015
405154
405216
405297
405301
405317
405331
405427
405518
405647
405818
405945
405955
406138
406236
406267
406448
406531
406684
406730
406884
407003
407046
407082
407125
407142
407159
407184
407312
407318
407847
407917
407935
408082
408109
408278
408352
408359
408452
408473
408675
408709
409129
409147
409173
409199
409280
409308
409347
409506
409551
409594
409622
409872
409924
410008
410407
410465
410483
410504
410701
410974
411088
411097
411220
411302
411481
411588
411956
411966
412078
412165
412222
412359
412490
412504
412578
412630
412633
412716
412764
412784
412812
412902
412917
412949
413134
413155
413181
413191
413389
413417
413487
413550
413635
413698
413713
413743
413767
413951
414001
414036
414210
414229
414334
414376
414952
415052
415064
415148
415170
415185
415361
415409
415430
415569
415597
415876
415933
415980
416083
416190
416205
416297
416331
416391
416421
416700
416875
416905
416914
416917
417107
417121
417214
417431
417580
417591
417677
418007
418025
418093
418094
418144
418157
418338
418527
418527
418624
418671
418675
419119
419253
419367
419451
419492
419547
419582
419640
419766
419798
419800
419892
420096
420150
420374
420432
420558
420639
420744
420804
420805
420847
420881
421204
421272
421275
421314
421319
421444
421469
421585
421623
421655
421672
421770
421872
421911
421987
422191
422196
422361
422378
422385
422572
422664
422699
423102
423191
423297
423358
423685
423709
423748
423835
423842
424008
424215
424331
424465
424691
424742
424994
425003
425052
425060
425088
425148
425151
425168
425191
425225
425460
425515
425597
425641
425724
425741
425978
426167
426174
426242
426425
426757
426898
427076
427077
427155
427156
427214
427221
427282
427365
427425
427438
427442
427831
427837
427979
428042
428153
428311
428399
428449
428496
428555
428581
428997
429033
429128
429209
429235
429261
429369
429415
429445
429470
429782
429923
429965
429969
430152
430172
430537
430550
430567
430571
430767
430855
430962
431267
431386
431554
431751
431823
431893
431916
432066
432247
432496
432547
432617
432657
432733
432754
432884
432969
433076
433082
433162
433250
433591
433595
433653
433655
433682
433807
433877
433892
433940
433955
434034
434104
434139
434265
434519
434600
434725
434992
435055
435155
435213
435225
435230
435384
435433
435478
435565
435725
435820
435838
435852
435902
435907
435936
436011
436160
436160
436309
436313
436359
436409
436584
436609
436696
436915
437070
437102
437683
437755
437824
438049
438138
438149
438387
438418
438476
438698
438702
438766
438833
439027
439302
439314
439681
439692
439803
439917
439946
440182
440291
440310
440453
440575
440613
440617
440728
440800
440849
440864
440866
440966
440968
440998
441008
441176
441237
441258
441296
441332
441454
441517
441518
441556
441655
441837
442030
442263
442291
442374
442431
442451
442657
442775
442805
442837
443200
443325
443476
443483
443792
443799
443954
443978
444091
444254
444438
444641
444708
444868
444871
444876
445011
445034
445082
445103
445179
445351
445558
445778
445803
445870
445871
445918
446018
446081
446096
446106
446219
446474
446544
446560
446679
446684
446790
446815
446890
446912
447007
447046
447050
447150
447214
447413
447541
447612
447806
448035
448067
448081
448083
448251
448293
448327
448381
448429
448571
448657
448740
448746
448753
448829
448976
449049
449127
449279
449476
449495
449527
449533
449676
449734
449779
449991
449994
450252
450303
450529
450556
450848
451071
451153
451236
451800
451813
451830
451854
452178
452225
452247
452259
452609
452675
452693
452749
452821
452955
453043
453108
453257
453319
453471
453488
453618
453640
453778
453803
454194
454267
454685
454816
455047
455146
455195
455304
455411
455603
455717
455943
455997
456036
456192
456319
456593
456609
456646
456702
456712
456862
457076
457215
457224
457232
457260
457293
457307
457344
457347
457853
457894
458132
458152
458255
458328
458516
458536
458544
458607
458645
458724
458891
458900
458926
459072
459137
459270
459381
459545
459549
459762
459873
459885
460251
460305
460400
460413
460470
460566
460702
460871
461033
461150
461206
461236
461506
461750
461882
462348
462755
462950
463003
463020
463046
463136
463201
463238
463516
463532
463658
463703
463764
463882
464124
464284
464305
464365
464908
465098
465245
465393
465410
465627
465743
465744
465848
466028
466144
466197
466208
466398
466748
466849
466855
466978
466986
468061
468145
468167
468279
468322
468429
468444
468560
468571
468710
468767
468780
468882
468937
469031
469273
469392
469419
469431
469556
469667
469689
469692
469794
469830
469943
469952
469985
470134
470158
470334
470371
470397
470400
470422
470473
470579
470648
470661
470685
471153
471255
471271
471321
471366
471417
471432
471465
471793
471912
471918
471980
472082
472271
472786
472846
472886
472898
472929
472941
473006
473181
473249
473275
473302
473352
473475
473776
473889
473917
474025
474031
474056
474188
474278
474439
474461
474553
474611
474670
474929
475560
475565
475707
475743
475769
475916
475939
476088
476129
476434
476601
476642
477088
477104
477137
477155
477208
477420
477470
477544
477593
477861
477869
477973
478096
478108
478162
478239
478278
478280
478303
478356
478362
478475
478813
478903
478984
479010
479177
479297
479361
479414
479482
479492
479545
479718
479722
479960
480209
480322
480350
480436
480454
480476
480487
480567
480572
480598
480675
480853
481412
481427
481433
481526
481533
481592
481761
481791
481867
481957
481997
482002
482035
482070
482132
482227
482437
482507
482577
482601
482675
482710
482835
482841
482897
483137
483146
483157
483326
483330
483413
483484
483554
483636
483680
483718
483744
483748
483900
484074
484260
484314
484451
484578
484652
484796
484865
484879
485185
485232
485497
485589
486032
486256
486386
486590
486681
486856
486898
486903
487069
487198
487226
487263
487297
487427
487452
487568
487610
487639
487738
487813
487917
487930
487957
487958
487966
487976
488195
488242
488246
488510
488539
488615
488681
488754
488797
488976
489219
489248
489337
489660
489935
490030
490094
490280
490451
490457
490489
490526
490570
490578
490740
490832
490895
491113
491308
491379
491435
491557
491904
491904
491909
491959
492086
492116
492135
492242
492309
492423
492535
492537
492581
492718
492740
492758
493022
493117
493127
493263
493284
493404
493418
493549
493578
493739
493768
493829
493843
493872
493987
494051
494058
494103
494120
494191
494305
494355
494614
494651
494847
494949
495506
495600
495611
495631
495694
495782
495797
495835
495874
495899
495934
496053
496078
496204
496219
496222
496441
496558
496614
496686
496870
496932
496962
496975
497095
497124
497215
497400
497411
497429
497609
497747
497900
497921
497940
498068
498251
498262
498265
498296
499175
499175
499325
499335
499546
499578
499593
499795
499973
499987
500222
500281
500301
500302
500402
500471
500501
500629
500805
500873
500884
501005
501208
501254
501366
501368
501390
501499
501680
501966
502176
502259
502616
502717
502725
502735
502762
502893
503347
503609
503656
503906
503999
504051
504095
504132
504396
504465
504552
504634
504689
504890
505083
505155
505215
505268
505357
505606
505628
505992
506006
506008
506053
506410
506443
506681
506696
506706
506712
506825
506952
507001
507269
507463
507479
507602
507696
507744
507950
507965
508029
508203
508276
508284
508318
508332
508388
508728
508730
508740
508760
508791
508832
508925
509037
509172
509238
509352
509731
509805
509810
509891
509968
509981
510434
510482
510527
510530
510575
510717
510855
510958
511043
511166
511183
511234
511414
511538
511573
511656
511681
511904
512009
512052
512517
512834
513037
513118
513149
513518
513642
513816
513829
513952
513955
514234
514449
514594
514781
514784
514822
514858
514864
514959
515094
515110
515114
515291
515574
515581
515652
515708
515786
515944
515960
516199
516352
516374
516411
516542
516765
516818
516912
516957
517361
517412
517423
517566
517672
517821
517828
517881
517919
517920
518046
518130
518601
518653
518839
518868
519087
519240
519285
519565
519658
519668
519757
519794
519817
519886
520212
520259
520277
520432
520446
520515
520539
520737
521045
521144
521159
521589
521612
521641
521872
521889
521973
522043
522220
522304
522319
522355
522438
522501
522652
522706
522872
522997
523038
523080
523139
523147
523186
523187
523292
523331
523388
523750
523774
523784
523819
523844
523845
524110
524209
524377
524397
524424
524453
524470
524517
524595
524631
524806
524863
524973
525021
525082
525085
525200
525265
525365
525467
525542
525697
525806
526054
526136
526238
526313
526416
526702
526797
526821
526825
526867
526969
527064
527257
527311
527447
527472
527633
527680
527698
527784
527792
528127
528239
528378
528421
528478
528530
528573
528739
528797
528802
528859
528862
528900
528903
528932
529079
529088
529107
529271
529464
529534
529671
529779
529824
530193
530272
530292
530457
530543
531027
531039
531044
531102
531136
531215
531279
531338
531748
531822
531864
531996
532074
532118
532170
532301
532525
532599
532694
532924
532938
532990
533017
533099
533127
533164
533195
533237
533252
533320
533336
533366
533432
533773
533774
533827
534033
534043
534344
534406
534494
534514
534520
534812
534937
535055
535172
535179
535261
535278
535565
535683
535689
535742
535894
535945
535995
536017
536093
536146
536314
536473
536501
536503
536530
536534
536598
536739
536955
537162
537170
537267
537406
537494
537615
537622
537815
537909
537930
537964
537986
538046
538120
538655
538739
538750
539203
539337
539375
539531
539629
539789
539820
539829
539876
540125
540144
540156
540265
540302
540365
540481
540749
540770
540855
541126
541140
541541
541927
541952
542306
542344
542430
542489
542531
542698
542727
542802
542976
543140
543191
543536
543707
543745
543756
543882
544235
544297
544460
544530
544546
544566
544701
544721
544860
544873
545011
545230
545234
545310
545338
545453
545503
545556
545597
545613
545620
545747
545918
545960
546003
546075
546172
546301
546519
546657
547045
547064
547106
547374
547505
547566
547593
547654
547654
547807
548071
548257
548264
548281
548427
548432
548650
548708
548853
549259
549398
549409
549431
549502
549546
549557
549635
549638
549669
549685
549892
549898
549901
549975
550117
550130
550262
550326
550361
550383
550386
550420
550740
550761
550850
550858
551224
551237
551259
551340
551363
551415
551419
551481
551520
551566
551577
551694
551699
551751
551938
552041
552140
552260
552263
552304
552324
552410
552573
552675
552682
553045
553089
553121
553239
553277
553284
553336
553459
553523
553663
553856
553864
553914
554072
554133
554211
554214
554568
554738
554742
554926
555044
555458
555509
555674
555720
555876
555983
555985
556148
556152
556211
556320
556328
556426
556465
556481
556595
556813
556843
556864
556925
557145
557252
557323
557358
557479
557540
557774
557961
558068
558411
558659
558784
558807
558926
558934
558943
558947
559202
559291
559329
559407
559443
559619
559641
559672
559686
559745
559762
559858
559964
560083
560339
560358
560433
560447
560750
560765
560771
560797
561084
561119
561146
561326
561332
561352
561436
561603
561687
561695
561769
561948
561980
561997
562073
562326
562379
562742
562779
562800
562994
563063
563111
563267
563341
563363
563413
563545
563596
563876
563916
563959
563989
564050
564210
564243
564347
564784
564815
564836
564879
564897
564940
565170
565262
565404
565614
565820
565896
566015
566042
566051
566216
566359
566494
566508
566575
566583
566751
566948
567031
567122
567162
567213
567256
567290
567316
567354
567387
567475
567503
567651
567655
567820
567890
567899
567985
568261
568279
568462
568481
568485
568497
568547
568798
569036
569043
569078
569436
569449
569503
569654
569711
569790
569812
569900
569955
569964
570233
570270
570316
570323
570419
570442
570528
570604
570607
570635
570668
570947
571041
571724
571828
571893
571992
572015
572119
572162
572177
572209
572342
572510
572635
572859
572945
573212
573304
573307
573454
573567
573806
573835
574011
574144
574283
574407
574442
574568
574601
574702
574866
575019
575218
575221
575348
575354
575559
575583
575591
575671
575768
576034
576265
576305
576309
576448
576572
576762
576910
577136
577193
577410
577436
577522
577541
577543
577580
577821
577963
578017
578115
578177
578219
578495
578562
578578
578585
578605
578779
578866
578992
579054
579330
579363
579442
579455
579543
579609
579617
579662
579794
579913
579995
580000
580004
580332
580723
580741
580747
580837
581030
581164
581368
581551
581589
581621
581769
581771
581864
581867
581914
581920
582033
582168
582384
582452
582547
582555
582589
582677
582680
582755
582837
583263
583577
583591
583756
583784
584025
584276
584403
584984
585016
585068
585098
585185
585528
585529
585643
585899
585939
585991
586011
586024
586182
586285
586293
586370
586388
586414
586446
586538
586605
586808
586840
586843
586923
587135
587183
587409
587538
587555
587652
587755
587831
588069
588140
588202
588227
588347
588352
588401
588476
588533
588662
588774
588796
588959
589212
589393
589411
589457
589558
589668
589688
589857
590037
590122
590144
590223
590254
590356
590451
590477
590579
590690
590740
590777
591015
591095
591188
591465
591468
591514
591518
591619
591621
591697
591701
591710
591801
591827
591893
592127
592505
592536
592696
592873
592944
593322
593642
593777
593900
593918
593948
594038
594067
594226
594495
594514
594538
594629
594885
594961
595006
595135
595212
595264
595298
595506
595528
595556
595689
595738
595791
595833
595997
596022
596077
596104
596130
596132
596208
596706
596772
596834
596888
596926
597004
597026
597072
597586
597597
597633
597689
597880
597989
598136
598214
598247
598259
598323
598459
598611
598778
598916
598987
598997
599057
599396
599402
599464
599727
600157
600428
600451
600663
600767
600847
600889
600906
600925
600945
600952
601102
601276
601353
601462
601531
601747
601846
601907
602070
602078
602102
602137
602236
602390
602463
602482
602818
602984
603093
603163
603260
603295
603321
603743
603888
604105
604185
604265
604301
604434
604701
604784
604815
604845
604875
604912
604925
605162
605220
605329
605393
605633
605674
606241
606258
606376
606406
606460
606482
606781
606981
607131
607146
607159
607205
607476
607519
607713
607853
607903
608084
608113
608217
608262
608268
608273
608327
608345
608365
608729
608875
609046
609196
609270
609292
609400
609479
609517
609538
609803
609906
609925
609931
609949
610001
610074
610107
610192
610206
610268
610272
610278
610316
610359
610579
610638
610729
610814
610815
610837
610970
610977
611121
611305
611307
611460
611471
611533
611633
611770
611824
611867
612064
612202
612325
612349
612386
612553
612575
612599
613137
613258
613275
613363
613516
613568
613582
613582
613684
613724
614045
614135
614236
614316
614348
614460
614499
614627
614679
614759
614883
614932
615036
615084
615514
615519
615568
615576
615652
615720
615884
615924
616225
616709
616714
616739
616750
616910
616964
617144
617182
617232
617515
617754
617885
617908
618051
618052
618086
618391
618420
618564
618631
618951
618979
619045
619164
619248
619249
619347
619375
619606
619678
619713
619790
619876
619887
619981
620004
620033
620259
620278
620282
620379
620507
620565
620796
620868
621328
621344
621439
621443
621468
621548
621574
621722
621744
621772
621795
621804
621984
622122
622134
622313
622340
622418
622455
622551
622688
622740
622850
622915
622937
623015
623196
623212
623316
623321
623351
623427
623574
623597
623687
623697
623898
623917
624021
624217
624277
624279
624451
624462
624488
624516
624749
624851
624991
625000
625037
625083
625092
625114
625137
625164
625494
625626
625641
625891
625966
626190
626254
626273
626435
626532
626598
626613
626718
626884
626967
627106
627197
627322
627344
627426
627533
627654
627672
627771
627852
627959
628073
628225
628325
628481
628631
628679
628712
628954
628963
629394
629578
629601
629658
629684
629716
629861
629893
629967
630117
630494
630508
631155
631191
631195
631297
631334
631405
631664
631674
631820
631902
632108
632297
632645
632655
632664
632945
632999
633129
633320
633364
633489
633522
633585
633826
633828
634015
634019
634083
634261
634336
634558
634584
634612
634652
634686
634768
634790
634939
634992
635031
635100
635336
635349
635564
635651
636012
636053
636142
636245
636246
636338
636408
636706
636724
636734
636777
636817
637027
637047
637139
637175
637326
637375
637395
637526
637769
637818
637932
637949
638021
638043
638176
638227
638245
638355
638412
638513
638552
638620
638638
638786
639123
639189
639351
639426
640102
640153
640179
640245
640317
640690
640744
640804
640890
640903
641214
641388
641538
641557
641643
641769
641908
641918
642219
642266
642360
642377
642436
642444
642583
642895
643112
643311
643571
643610
643771
643800
643816
643914
643939
644053
644097
644331
644408
644690
644960
645081
645296
645404
645595
645638
645685
645698
645806
645864
645932
645991
646166
646201
646292
646293
646350
646449
646636
646637
646655
646995
647017
647075
647134
647158
647179
647197
647207
647376
647379
647396
647458
647548
647582
647716
647762
648396
648405
648554
648656
648676
648699
648868
648881
649095
649138
649155
649246
649374
649384
649414
649520
649567
649673
649711
649715
649845
650013
650331
650810
650814
651123
651131
651449
651450
651508
651613
651655
651662
651762
651795
651997
652039
652205
652273
652375
652387
652452
652571
652770
652791
652930
653009
653158
653196
653249
653262
653388
653911
653924
654018
654151
654325
654333
654422
654637
654682
654729
655310
655359
655523
655652
655896
656014
656169
656517
656665
656715
656832
656958
657109
657115
657121
657303
657385
657417
657597
657710
657819
657914
657979
658234
658235
658522
658644
658855
659022
659102
659121
659223
659349
659376
659467
659877
660069
660185
660371
660459
660807
660870
660968
661053
661054
661083
661192
661310
661383
661478
661500
661522
661738
661826
661829
661961
661986
662108
662161
662210
662514
662581
662655
662928
663114
663186
663226
663367
663367
663501
663560
663766
663896
664083
664094
664280
664316
664449
664516
664649
664692
664864
664934
665252
665534
665568
665595
665684
665700
665735
665742
665861
665945
666033
666100
666118
666138
666163
666363
666374
666469
666519
666537
666557
666711
666727
666859
666926
667015
667110
667269
667324
667459
667571
667598
667622
667624
667850
668045
668055
668229
668302
668310
668415
668523
668555
668593
668599
668904
669212
669254
669298
669562
669643
669683
669802
669865
670117
670403
670653
670680
670821
670999
671061
671140
671224
671256
671354
671404
671613
671732
671767
671874
672122
672124
672328
672443
672598
672615
673013
673083
673211
673357
673375
673592
674150
674169
674208
674242
674345
674783
674806
674878
674887
674943
675050
675121
675217
675492
675619
675725
675787
676144
676219
676256
676262
676418
676429
676481
676669
676776
676780
676960
677435
677530
677756
677814
677885
677943
678152
678249
678275
678312
678449
678504
678524
678559
678627
678647
678781
678805
678840
679131
679217
679367
679412
679638
679665
679701
679800
679850
679931
680203
680405
680423
680461
680463
680498
680618
680644
680686
680687
680697
680747
680761
681302
681388
681563
681594
681776
681994
682103
682345
682439
682529
682575
682612
682668
682698
682714
682724
682768
682834
682888
682999
683049
683121
683316
683349
683421
683468
683633
683760
683811
684084
684128
684203
684294
684319
684333
684379
684380
684513
684829
684885
685077
685094
685108
685153
685216
685219
685349
685390
685486
685565
685784
685860
685991
686113
686308
686544
686580
686699
686840
686984
687484
687488
687507
687615
687796
687962
688070
688144
688338
688391
688417
688422
688535
688672
688694
688759
688924
688998
689007
689066
689158
689273
689406
689504
689862
689873
689893
689906
690011
690030
690101
690141
690220
690294
690391
690802
690803
690854
690958
691094
691143
691208
691271
691310
691383
691384
691394
691695
691872
691930
692124
692423
692478
692544
692636
692662
692747
693124
693218
693224
693283
693433
693575
693672
693857
693953
693993
694207
694296
694310
694369
694393
694697
694838
694839
694879
694939
694952
695115
695132
695278
695323
695422
695470
695568
695759
695871
695894
696115
696197
696247
696257
696359
696487
696497
696699
696804
696925
697081
697604
697666
697794
697912
697943
698010
698153
698155
698352
698414
698462
698580
698804
698824
699026
699277
699417
699534
699784
699796
699823
699946
699994
700110
700220
700234
700262
700323
700476
700577
700698
700728
700824
700899
700946
700971
701026
701040
701089
701098
701211
701275
701401
701547
701677
701745
701794
701946
702013
702148
702403
702539
702653
702762
702802
702906
702916
703061
703232
703233
703317
703498
703628
703890
704123
704773
704801
704882
704968
704977
704980
705305
705492
705563
705571
705845
705965
706043
706065
706103
706517
706578
706716
706794
706825
706825
706826
706916
706955
707035
707098
707169
707322
707455
707475
707538
707605
707793
707807
707848
707850
707942
707953
707975
708538
708634
708698
708723
708755
708784
708801
708826
708853
708886
709057
709117
709140
709241
709377
709412
709519
709539
709608
709829
709993
710034
710087
710162
710393
710431
710739
711006
711027
711117
711323
711327
711372
711391
711471
711652
711680
711684
711742
711839
711885
711915
712106
712225
712248
712298
712468
712622
712819
712852
713036
713046
713065
713200
713333
713338
713361
713411
713424
713453
713690
713733
713755
713836
713985
714150
714222
714222
714284
714310
714469
714487
714808
714949
715202
715318
715392
715510
715549
715626
715725
715926
715933
715954
715971
716001
716309
716466
716509
716681
716894
717069
717159
717292
717370
717418
717472
717787
717889
717934
717964
718021
718052
718124
718156
718215
718277
718368
718396
718405
718428
718711
718911
718978
719102
719133
719206
719341
719370
719499
719516
719599
719647
719743
719941
720099
720274
720313
720367
720426
720427
720495
720521
720785
720859
720902
720935
720966
720984
721533
721547
721593
721603
721715
721885
722132
722186
722193
722276
722278
722438
722666
722714
722714
722767
722769
722857
723141
723328
723333
723384
723490
723723
723765
723815
723885
724002
724127
724381
724408
724569
724832
724867
724984
725065
725148
725297
725470
725604
725672
725871
725937
726003
726010
726069
726409
726434
726472
726695
726739
726759
726838
726896
726939
726999
727075
727505
727605
727817
727830
727962
728061
728476
728487
728633
728636
728655
728714
728763
728806
728814
728918
728934
729123
729389
729472
729742
729896
730118
730156
730390
730488
730570
730698
730723
730846
730855
730885
731044
731107
731138
731225
731455
731493
731537
731794
731883
732159
732277
732296
732328
732365
732435
732552
732716
732915
732931
732992
733051
733172
733288
733297
733328
733504
733559
733637
733644
733888
734047
734144
734174
734185
734193
734389
734409
734491
734497
734621
734718
734740
734833
734872
734915
735018
735154
735241
735263
735472
735527
735561
735679
735967
736237
736371
736383
736438
736451
736455
736497
736715
736959
737135
737192
737301
737310
737466
737546
737626
737718
737755
737972
738123
738185
738316
738486
738610
738714
738782
738818
738898
738972
738981
739011
739142
739193
739505
739509
739557
739654
739939
739954
740118
740199
740396
740511
740584
740664
740777
740862
740980
741051
741145
741236
741281
741305
741465
741509
741553
741606
741823
741889
741889
741943
742079
742138
742271
742277
742290
742334
742351
742372
742382
742510
742513
742601
742684
742781
742797
742951
742962
743024
743035
743160
743243
743571
743658
743678
743708
743738
743959
744110
744259
744409
744623
744838
744997
745062
745544
745607
745612
745671
745833
746033
746209
746265
746276
746430
746465
746524
746619
746762
746815
746944
746982
747009
747026
747032
747174
747488
747495
747506
747610
747626
747840
747921
747985
748043
748161
748337
748636
748678
748861
748986
749077
749382
749543
749774
749790
749821
749950
749992
750024
750061
750233
750234
750325
750393
750477
750520
750565
750637
750657
750685
750708
750740
750835
750945
751018
751123
751142
751376
751685
751807
751857
751893
751995
752189
752221
752405
752465
752543
752565
752721
752755
752936
753072
753174
753380
753534
753727
753807
754071
754411
754435
754485
754498
754641
754756
754765
754776
754822
754894
754908
754919
755017
755075
755138
755264
755295
755298
755317
755341
755400
755470
755513
756006
756048
756207
756209
756283
756338
756648
756675
757020
757038
757142
757213
757222
757258
757281
757305
757477
757487
757582
757592
757688
757715
757808
757926
757976
758023
758026
758066
758132
758202
758297
758317
758465
758524
758583
758679
758712
758990
759040
759072
759131
759228
759421
759569
759675
760037
760270
760315
760321
760368
760416
760544
760683
760759
760845
760850
760889
761294
761320
761476
761539
761540
761663
761723
761757
762016
762039
762075
762339
762619
762691
762784
762808
763003
763170
763193
763500
763556
763644
763781
763911
764110
764250
764329
764346
764379
764400
764422
764681
764857
764947
765100
765173
765252
765382
765976
766056
766058
766062
766285
766456
766510
766659
766817
766882
766976
767025
767070
767366
767608
767634
767756
767784
767830
767913
767931
767960
768033
768065
768288
768439
768538
768640
768833
768855
768919
769028
769144
769168
769321
769331
769459
769584
769688
770433
770485
770631
770807
770945
770966
771197
771258
771262
771411
771473
771694
771768
771797
771879
771946
771985
772072
772081
772110
772163
772405
772414
772514
772638
772725
772811
772829
772840
772953
773235
773264
773359
773710
773722
773907
773923
774147
774218
774257
774301
774402
774462
774778
774845
775033
775127
775133
775217
775292
775454
775493
775549
775587
775631
775823
776017
776022
776035
776038
776077
776109
776173
776383
776438
776524
776629
776636
776642
776654
776714
776822
777055
777076
777084
777147
777274
777320
777374
777916
777993
778173
778219
778275
778442
778481
778507
778575
778620
778646
778681
778738
778833
778883
778936
778972
778983
779303
779361
780072
780146
780366
780391
780392
780489
780506
780531
780616
780732
780947
780962
780970
780972
780986
781034
781140
781180
781182
781431
781608
781647
781862
781868
781891
781969
782412
782447
782491
782509
782844
782990
783001
783013
783183
783332
783497
783679
783733
783757
783788
783957
784042
784196
784369
784700
784712
784956
784968
785042
785112
785112
785193
785272
785288
785408
785466
785728
785738
785860
785916
785969
785976
786196
786200
786288
786611
786769
786782
787060
787083
787142
787158
787263
787359
787395
787701
787885
787981
787992
788058
788114
788170
788515
788519
788601
788768
788970
789223
789277
789344
789440
789475
789544
789559
789583
789725
789767
789972
790189
790264
790285
790287
790314
790332
790467
790771
790924
791091
791229
791334
791467
791612
791614
791927
792055
792249
792468
792505
792571
792614
792714
792807
792819
792904
793059
793064
793089
793293
793478
793544
793655
793691
793714
793720
793821
793839
793890
793934
793997
794116
794258
794315
794341
794397
794518
794683
794806
794826
794839
794854
794900
794942
795233
795240
795291
795302
795302
795322
795378
795393
795501
796012
796073
796099
796215
796278
796370
796783
797205
797257
797325
797422
797442
797671
797788
797919
797968
798034
798087
798088
798170
798380
798391
798512
798625
798921
798973
798986
799102
799194
799198
799334
799364
799375
799389
799521
799652
799815
799886
800247
800337
800482
800575
800788
800790
800884
800939
801008
801044
801152
801180
801397
801530
801547
801717
801880
801895
802080
802198
802340
802403
802792
802897
803630
803642
803749
803762
803804
803977
804157
804167
804177
804209
804300
804517
804553
804561
804605
804666
804748
804783
804854
804893
804943
805098
805119
805169
805292
805479
805483
805744
805837
805941
805990
806211
806216
806230
806343
806395
806476
806608
806708
806747
806777
806784
806788
807084
807104
807122
807260
807360
807493
807616
807667
807885
808033
808159
808252
808321
808420
808546
808753
808826
808988
809457
809503
809691
809692
809859
809863
809894
809953
810023
810031
810237
810268
810300
810361
810387
810440
810897
810952
811001
811146
811189
811211
811369
811429
811447
811498
811564
811639
811698
811705
811806
811890
811901
812178
812179
812204
812224
812247
812274
812299
812313
812330
812333
812444
812619
812679
812864
812990
813044
813055
813115
813131
813405
813414
813425
813580
813744
813804
813988
813989
814137
814198
814263
814486
814669
814671
814676
814817
814884
814951
814969
815072
815213
815308
815558
815563
815690
816181
816183
816280
816288
816418
816458
816513
816537
816679
816725
816963
817019
817041
817075
817183
817200
817276
817389
817677
817816
818536
818663
818741
818800
818807
818900
818972
819022
819148
819168
819387
819450
819577
819786
820069
820235
820630
820744
820869
820873
820942
820956
821272
821546
821571
821940
822107
822137
822183
822220
822282
822445
822538
822606
822635
822719
822742
822790
822830
822878
822886
823026
823185
823268
823270
823333
823388
823444
823544
823586
823706
823770
823775
823785
823811
823857
823884
823994
824005
824117
824132
824321
824382
824385
824438
824561
824685
824745
824748
824918
825235
825277
825523
825576
825613
825738
825770
825794
826140
826153
826770
826958
827186
827240
827264
827277
827524
827725
827944
828211
828245
828400
828502
828805
828858
828949
829015
829335
829384
829422
829495
829808
830216
830254
830409
830467
830515
830585
830616
830674
830690
831045
831124
831128
831356
831370
831486
831508
831524
831609
831659
831796
831848
831934
831951
832089
832164
832312
832337
832409
832470
832493
832571
832814
832902
833042
833519
833616
833737
833777
833868
833871
834011
834286
834366
834383
834976
835014
835281
835420
835483
835504
835541
835555
835592
835595
835602
835874
835928
835938
836024
836046
836141
836210
836435
836447
836468
836766
836778
836813
836879
836914
837136
837180
837285
837388
837638
837846
837937
838012
838229
838566
838650
838668
838862
838981
839012
839028
839081
839205
839512
839664
839877
839914
839923
840042
840092
840467
840475
840482
840582
840641
840679
840920
840925
841000
841049
841078
841353
841374
841446
841657
841714
841728
841770
841840
841883
841933
842042
842063
842093
842211
842296
842350
842464
842565
842612
842644
842681
842764
842786
842786
842806
842870
842977
843042
843070
843072
843103
843207
843228
843531
843852
843995
844120
844298
844311
844314
844353
844456
844554
844773
844821
844956
845049
845136
845519
845679
845694
845776
845854
846149
846169
846268
846306
846371
846563
846577
846681
846819
846907
847061
847144
847172
847329
847373
847421
847434
847493
847495
847785
847831
847869
847881
847910
847968
848022
848160
848339
848362
848494
848644
848708
849114
849125
849173
849358
849380
849482
849580
849607
849633
849685
849748
849943
849977
850299
850548
850570
850843
851147
851162
851412
851453
851502
851558
851613
851617
851683
851880
851890
851991
852034
852042
852048
852144
852280
852336
852480
852550
852670
852707
852809
852832
852858
852891
852909
852937
853075
853096
853178
853209
853219
853262
853285
853285
853357
853413
853707
853738
853975
853982
854039
854181
854216
854372
854395
854616
854912
854985
855168
855232
855357
855372
855441
855803
855896
855903
856187
856232
856251
856277
856353
856367
856469
856537
856675
856684
856711
856722
856814
856829
856867
856885
857048
857418
857449
857495
857583
857600
857725
857841
857915
857937
857962
858550
858634
858693
858805
858858
858911
859055
859091
859129
859186
859313
859403
859659
859719
859794
859839
859849
860235
860276
860690
860838
860888
860923
860957
861093
861150
861164
861194
861604
861731
861908
862096
862237
862280
862498
862579
862593
862599
862683
862999
863029
863134
863263
863277
863458
863528
863553
863647
863649
863697
863745
863795
863850
863854
863908
864048
864073
864111
864112
864170
864430
864438
864596
864605
864757
864805
864822
864885
864920
865006
865022
865038
865101
865207
865261
865269
865322
865545
865574
865801
865817
865862
865872
865873
865925
865965
865997
866075
866156
866190
866330
866447
866608
866815
866853
866947
867075
867109
867157
867609
867677
867679
867931
868017
868052
868132
868160
868314
868402
868408
868422
868501
868520
868548
868681
868702
868777
868813
869009
869027
869305
869393
870353
870448
870477
870531
870576
870662
870776
870806
870823
870851
870975
871110
871356
871414
871542
871558
871888
871907
872206
872263
872361
872412
872522
872576
872683
872685
872748
872803
872820
872866
873003
873044
873069
873084
873376
873417
873429
873771
873827
873854
873988
873999
874149
874391
874505
874655
874677
874696
874742
874749
874813
874923
875174
875242
875490
875549
875554
875687
875868
875875
875883
876064
876228
876402
876431
876463
876470
876623
876662
876753
877222
877290
877294
877514
877568
877818
877891
878039
878461
878481
878490
878542
878579
878610
878642
878745
878781
878866
878868
878955
879056
879212
879251
879344
879441
879532
879720
879785
879803
879842
879861
879979
880029
880187
880374
880707
880718
881015
881185
881210
881403
881407
881436
881481
881821
881937
882159
882223
882240
882363
882446
882808
882901
882997
883005
883022
883108
883148
883269
883315
883388
883489
883518
883562
883568
883673
883807
883824
884053
884366
884375
884914
885096
885135
885140
885195
885196
885232
885433
885504
885523
885850
885933
886015
886356
886416
886471
886480
886486
886512
886572
886666
886669
886850
886851
886938
887009
887047
887422
887423
887614
887661
887812
887844
887959
887998
888259
888502
888529
888616
888625
888629
888673
888910
888915
888991
889085
889365
889543
889646
889658
889734
889749
889846
889885
889968
890026
890096
890168
890360
890413
890690
890697
890928
890937
890951
891018
891096
891259
891319
891349
891359
891552
891580
891621
891680
891749
891754
892100
892127
892232
892245
892261
892332
892410
892462
892494
892665
892709
892868
893064
893076
893085
893200
893281
893361
893474
893499
893508
893514
893631
893634
893778
893962
893964
894126
894285
894312
894342
894380
894401
894477
894634
894646
894743
895009
895027
895163
895216
895266
895285
895360
895490
895520
895569
895783
895818
895867
896003
896062
896146
896204
896225
896331
896388
896417
896499
896735
896749
896768
896783
896869
896890
896946
896982
897013
897228
897305
897401
897547
897830
897863
898028
898085
898124
898131
898326
898394
898882
898954
899051
899086
899150
899186
899207
899225
899255
899322
899338
899524
899531
899618
899675
899719
899765
899785
899838
899843
899925
899988
900224
900531
900621
900648
900682
900694
900728
900758
900853
900891
900903
900920
901042
901209
901231
901429
901536
901551
901633
901652
901685
901691
901695
901749
901953
901954
902002
902338
902432
902552
902584
902587
902591
902666
902672
902689
902720
902725
902812
902865
903066
903093
903170
903341
903423
903642
903678
903686
903766
903830
903856
903882
903953
903962
904000
904059
904168
904235
904446
904451
904465
904599
904615
904827
904915
905156
905305
905323
905454
905468
905739
905838
906093
906151
906398
906413
906466
906531
906603
906645
906660
906988
907001
907024
907131
907155
907167
907283
907411
907504
907589
907725
908323
908428
908473
908560
908638
908817
908950
909006
909021
909086
909091
909123
909287
909377
909460
909563
909676
909848
909851
909900
909979
910023
910120
910186
910470
910529
910679
910746
910819
910855
910928
911452
911472
911560
911615
911777
911884
911896
912134
912225
912304
912340
912341
912606
912694
912771
913018
913132
913312
913317
913349
913384
913473
913490
913627
913746
913792
913814
913873
913948
914011
914188
914219
914809
914830
914982
915023
915031
915102
915169
915217
915341
915385
915791
915856
915949
916170
916223
916367
916387
916505
916585
916673
916708
916903
916965
917107
917176
917388
917450
917481
917623
917680
917695
918267
918332
918532
918849
919075
919167
919271
919321
919540
919766
919856
920174
920240
920261
920325
920462
920465
920471
920482
920649
920858
920858
921147
921180
921244
921470
921567
921711
921741
921850
921946
922035
922041
922121
922124
922476
922526
922591
922739
922889
922956
923031
923114
923295
923316
923339
923354
923655
923797
923977
924051
924070
924236
924336
924345
924511
924584
924728
924777
924801
924861
925053
925378
925400
925613
925629
925638
926043
926284
926292
926375
926452
926597
926659
926778
927090
927158
927316
927342
927403
927689
927745
927752
928193
928254
928414
928504
928659
928842
928875
928957
929213
929266
929356
929609
929669
929726
929831
929852
929925
929942
929992
930151
930208
930348
930356
930733
930736
930759
930791
930873
930946
931024
931214
931234
931276
931412
931510
931602
931656
931868
932044
932200
932312
932401
932641
932704
932777
933012
933236
933351
933555
933590
933709
933718
933802
933804
933815
933895
933939
934011
934084
934178
934192
934358
934363
934487
934491
934639
934823
934992
934993
935063
935090
935090
935163
935230
935253
935301
935329
935403
935440
935451
935594
935624
935692
935723
935814
935854
936111
936119
936307
936486
936626
936793
936798
936804
937051
937128
937244
937442
937491
937826
938014
938031
938102
938297
938383
938632
938692
938788
938856
938883
938962
939040
939097
939163
939201
939304
939692
939729
939737
939913
940084
940173
940177
940259
940325
940424
940495
940614
940661
940667
940792
940848
940854
940882
940995
941229
941257
941387
941405
941453
941686
941800
941800
941813
941882
941918
942071
942205
942366
942476
942529
942596
942676
942686
942703
942806
942858
943037
943082
943164
943264
943324
943401
943426
943462
943518
943872
944042
944065
944076
944275
944509
944553
944557
944987
945322
945471
945493
945597
945600
945684
945719
945774
945828
945941
946263
946313
946328
946489
946766
946887
947078
947159
947244
947309
947669
947832
948219
948425
948442
948508
948524
948790
948850
948911
949182
949400
949421
949523
949597
949654
949672
949680
949730
949851
950003
950017
950151
950229
950245
950310
950361
950542
950803
950884
950958
950997
951046
951052
951065
951336
951403
951409
951705
951834
951912
951973
952224
952229
952344
952359
952406
952505
952510
952621
952805
952839
952857
952902
952931
952941
953019
953051
953290
953392
953469
953547
953632
953637
953642
953876
953945
954054
954159
954207
954574
954635
954685
954842
954844
954860
954875
954875
954919
955039
955071
955090
955223
955225
955225
955283
955473
955564
955777
956044
956258
956335
956379
956583
956861
957023
957115
957428
957612
957671
957979
958251
958422
958538
958612
958687
958916
958927
959063
959110
959120
959232
959300
959320
959362
959520
959555
959562
959619
959881
959997
960225
960352
960393
960539
960554
960557
960764
960854
960875
960967
960978
960996
961003
961004
961219
961308
961522
961557
961607
961742
961825
961889
961936
961976
962034
962103
962236
962328
962342
962401
962462
962574
962597
962611
962933
963041
963058
963071
963145
963319
963419
963549
963713
963799
964159
964214
964408
964522
964767
965490
965513
965812
966165
966167
966363
966411
966539
966598
966720
966828
966830
967023
967147
967335
967371
967427
967451
967463
967520
967583
967715
968056
968075
968083
968155
968175
968211
968585
968654
968710
968720
968822
969338
969477
969620
969639
969642
969829
969973
970063
970231
970263
970314
970382
970386
970519
970610
970708
970796
970803
971080
971082
971117
971137
971229
971330
971372
971418
971599
971644
971671
971681
971714
971818
972025
972078
972157
972239
972297
972534
972735
972743
972802
972826
972839
972945
973102
973306
973674
973784
973792
973839
973893
973904
973955
973975
974139
974385
974496
974509
974929
974976
975165
975260
975296
975305
975305
975335
975340
975416
975518
975556
975663
975675
975767
975840
975864
975914
975945
975979
976136
976137
976171
976290
976371
976399
976487
976641
976761
976861
976936
976979
977084
977203
977236
977518
977648
977667
977784
977873
977933
977945
977987
978015
978222
978352
978362
978387
978430
978553
978679
978719
978770
978827
978837
978878
979047
979117
979248
979300
979351
979500
979720
979732
979791
979811
979957
980035
980086
980116
980156
980268
980380
980507
980533
980643
980650
980655
980926
981026
981085
981103
981125
981150
981221
981298
981854
981988
982224
982333
982348
982382
982405
982473
982515
982572
982610
983159
983179
983199
983423
983534
983598
983821
983945
983985
983987
983990
984112
984151
984475
984598
984758
984943
985060
985454
985683
985997
986004
986062
986165
986208
986409
986428
986748
986755
986762
986767
986944
986970
987012
987053
987095
987096
987210
987470
987480
987634
987635
987662
987663
987967
988169
988196
988288
988531
988845
988847
989105
989298
989394
989413
989428
989631
989697
989784
989909
990024
990043
990086
990099
990102
990143
990161
990190
990306
990428
990573
990733
990794
990823
990918
990945
991118
991482
991495
991821
991822
991863
992102
992151
992285
992289
992364
992597
992644
992656
992989
992995
993160
993218
993236
993334
993353
993460
993480
993581
993806
993978
994181
994485
994616
994619
994774
994823
994825
994849
994850
995018
995160
995448
995480
995586
995828
996005
996367
996464
996491
996792
996941
996968
996985
997223
997270
997369
997384
997461
997567
997571
997654
997982
998038
998195
998319
998341
998349
998563
998592
998722
998781
998835
998925
999061
999347
999617
999623
999807
