100
348985
-249398
198985
-173154
-964007
998371
632641
721962
736149
-126161
-103502
-861204
96107
352389
-786510
510576
-519316
473654
-287786
574000
397883
229676
-365895
327980
-378134
443063
-307675
-185661
778184
-644330
-292480
639429
-809459
262016
756349
-408060
220028
-551243
16905
846691
-722687
-631572
620440
-993899
470170
634770
-602729
-813989
-355701
496242
198409
828208
169138
357431
-553311
-519222
-513184
145322
241055
-432085
-744905
708337
-804177
-157934
-900418
787228
-487333
382791
228375
-220778
438999
-337286
479334
305113
-700773
870914
448024
-954948
-957412
-636011
-726084
-673716
830823
581874
-704328
804202
214061
-286343
500395
743691
-493840
-209276
713820
10360
-938086
-772378
586966
278728
75490
685353
