1000
195951
-309850
539577
-347219
-666587
70232
-274188
720638
202034
917517
404101
985717
-398731
-585384
-218215
-593282
470588
539161
-289957
786207
768891
38271
-579958
978804
980006
671266
-866025
403393
-656821
818040
-993055
-490839
-250574
-148116
-68903
-982448
568617
-213325
18807
-369684
112774
464020
443202
-300236
-162844
-285509
461220
602723
-24631
470886
-558156
430992
-20326
-76072
555826
695389
-826932
452622
42169
-807631
-47932
-459716
211931
-348879
-553876
-940158
397889
20087
-84408
922178
-590897
647495
-202566
-420556
14487
279947
-395455
-771157
-869071
-209294
93884
919773
-863800
-453373
249237
-883413
410821
-434831
356314
-244442
-827019
-281752
-482231
721458
848272
-116070
556971
-575840
-524746
357617
-545951
-227605
41565
-957750
-172721
603247
-108633
743393
218842
-333619
434260
-664916
525354
-947409
895524
-721166
809913
-694382
-129917
113846
-511770
783926
-107977
834698
4811
-394120
-5929
-39971
-770164
-135529
-978655
-593703
-982550
-123675
302991
435509
-903675
-722641
-488427
681132
-110552
-384728
376557
943839
-269402
664756
-73326
-482762
441847
-774979
-972240
-92636
1092
718533
-507441
-277235
-759872
574549
-227399
130423
-248245
-211006
738974
-506184
-79889
-92347
613377
-591767
234104
961268
-268191
501960
94153
378132
-286734
893783
-21609
-170632
-182830
356628
-312245
-791715
766529
856175
618814
802121
481706
843285
640030
-626192
149883
-14185
573879
-264629
-324060
915605
28403
-231630
-176780
191198
-335087
-877778
844786
33341
-802014
-641375
39890
337770
-591163
130208
-717559
-617588
985099
-886977
968342
123418
-460089
192822
-817412
-151214
-515741
-474443
-39646
-36378
-848972
701225
894880
401205
-154263
-301542
-693713
-759065
-476158
289697
356368
-14062
-804446
406276
-855475
48060
299691
-477424
-301374
352462
-356297
911784
443607
329812
915044
329144
-957939
291572
-735803
343008
809715
-112174
429185
-496478
873149
331271
645672
-735779
923581
923127
946518
250433
391391
-10307
-700697
178035
-958315
-884843
-80801
-431581
-610820
-961900
-69100
-461566
401839
-147481
813471
-104093
-984468
533919
910607
824012
405566
-577814
427435
-46632
-122194
-810415
406167
-854271
934729
433127
-968572
-739496
-271343
307630
-663762
450787
982272
-463114
593690
340341
-691557
182457
771567
-293509
-499088
672562
-377592
636517
-724564
397741
-457520
-571325
3443
-838285
566670
650965
768650
467858
775081
-990234
-115531
-26697
250847
-885745
-346293
126063
-281679
-535967
175846
-499185
276078
330858
258002
-335116
-287397
-409241
747045
813545
-261641
-225541
98695
635861
304337
-620592
-364477
-591173
-10448
321468
540850
943867
521806
878226
-303119
-645048
334487
-145107
756304
-522643
-137992
796465
356048
-233077
-281566
-538740
-315862
521846
720486
-626158
-812884
980150
514116
991813
724604
-875835
-293399
-224935
-392174
-843065
-771114
431273
-524571
-594818
-741252
-848027
263583
475927
-109323
758030
25564
755973
400469
-352920
984233
-659435
502239
153106
155520
-572601
202193
-326621
-363826
850912
-819913
-406817
-612341
-903676
-354983
649820
806043
-240017
-113306
-358480
739727
-360750
706715
-59014
445277
-296057
-678263
-806555
662971
-160164
-739438
-213631
-939769
-879218
-781892
-470199
-864310
-211319
-886854
982775
280661
-262473
-665051
-748698
-731958
-511550
589166
79548
612202
905196
-13550
86930
72723
-502029
-251685
-740187
575820
-525573
-156837
792338
-725112
-45838
-846433
727007
9576
258525
-13294
-229162
173489
-854446
481657
-866877
-531881
-416826
150997
748655
-651547
720165
655854
912688
-748562
-245034
-602877
655126
107798
-337801
-120632
753810
-987352
877136
-755450
-239060
814717
-217826
828218
-712060
41110
-94108
-147094
-258710
-528347
867539
-106443
467074
27197
316278
718772
9057
-23089
-22626
891534
41629
705327
-306244
-678920
234237
223944
-287108
-300663
953031
873776
-629807
156049
-600092
930752
844338
-520014
822735
-456932
609427
158647
660901
794205
688463
551658
164266
623591
-722382
684501
-404038
263516
-492279
879870
-147371
-939762
-398129
-450249
160572
-76911
113367
28194
29394
13184
71444
-955876
-591098
812569
-710923
-271163
-593717
6931
-482720
-299625
-937842
-283862
271284
394630
-874822
-507563
-600000
760550
-203617
-734959
-664724
-824983
-227777
129023
-665481
-248112
514698
957987
-31614
-393764
716778
7980
417603
-711409
466423
-269515
-158101
805623
-103490
413540
-889631
435700
-230619
-616030
-237548
201024
-588684
-334154
-955040
-177754
609183
609547
-773184
-228636
788588
-829547
823892
-638584
-321490
514982
-505610
706765
623770
984412
-291947
-16135
-241484
275417
892842
226494
668396
689874
859933
905956
328123
386746
-492998
-293981
-62832
405295
-179440
-590110
726907
849201
-631329
190209
39390
573379
-170739
604241
747899
216250
-509737
-793733
791697
777795
-831222
-748969
764401
-736139
571257
-45852
573176
-946236
-214894
143802
-95778
776235
988016
-79887
-485323
-442005
676917
122738
-526568
-47036
250052
759596
-522337
-857782
-992631
538573
-325891
-574063
992530
343956
2489
-105645
466023
-14121
680043
118641
-507506
348792
-750682
-131950
847001
-421164
-561885
151176
-911365
-641863
-299868
267109
379246
98660
94268
-931389
-328968
-667335
73281
746277
-846705
764104
-29004
837908
-416111
-70574
335812
649662
-60837
855577
-124093
743934
-861047
-221164
-233312
824507
-961738
914199
353024
-228380
322709
-592108
561574
-960411
788070
349605
777732
-504540
-42808
358201
282630
-551128
60768
-824106
-844342
692163
-23287
777621
440881
429766
231485
114947
-63557
-718445
746003
323102
-745560
485899
133113
-460773
-547698
-340443
-17516
-117998
-976238
-12491
-426967
238112
697440
383957
120186
-610250
-763798
-893824
497111
-373879
418712
-582415
-232491
-280436
240822
749509
-853315
291730
-113543
-291606
551499
896195
-896360
-433459
676994
-767143
505512
-679435
675950
475622
521213
-783683
-120497
803713
630386
675146
778827
-517
344500
-516047
568536
271608
610405
232320
34143
401940
41844
-369118
-173736
-980276
-674886
304347
189228
870847
158893
679668
905840
-549140
484825
605125
-204733
298844
433507
300173
-273909
858985
4254
-179949
-228845
5072
-166200
606428
-852167
-224212
-156828
-359519
84571
312891
993445
291221
-50654
-281856
697294
-36026
-209159
-476196
-866621
424993
-475594
838112
760369
-34982
-940314
-142695
-781167
-939314
-549427
-846634
412433
-4843
927832
-35572
-305034
918913
852684
-189196
422170
-749230
338710
-145136
-74526
226401
-592668
806910
-584066
-29136
754650
749553
964603
522020
834518
-860535
-559127
898845
142667
-889973
767719
869094
-834648
-814290
-195764
-56833
-707113
330202
-514026
530022
698603
-398551
-920385
749310
-244504
17006
583307
-940611
470665
125504
452403
284439
14471
-491187
-469535
419587
536645
308302
-486827
-156767
-910270
322147
233596
-814910
-495517
-860464
-612106
-901890
991180
-365557
851376
-307969
435138
-256445
11500
283711
828406
824639
692194
321075
-660044
745587
-825835
-683752
-222562
63904
-228713
958570
705786
133048
-184185
91996
-537100
-324074
-647043
363947
-465915
630121
-782673
159770
260814
-840655
774434
-896361
-438578
614111
734801
-434123
300611
-958737
-463314
-222809
-562936
-665125
979676
961858
-224142
629734
-706414
-51350
652270
-438587
-44502
-957253
158168
189773
-320017
182291
893123
142118
-537108
801633
518698
-396650
404166
738418
-180865
-856032
-154089
-414733
245260
-255110
506532
802678
583898
