10000
-609655
244287
63083
-608216
-628857
812261
435130
803665
510688
414274
-356844
566546
-720497
426779
-970078
-783900
763425
-141478
-771903
383220
-352850
55158
-155826
120545
359080
483576
78842
260487
-746745
373625
-659026
-989455
-903545
-694220
416086
871773
-621364
-117561
353401
-517440
-254653
-716350
-637005
843196
105271
-997988
644399
308637
591328
-840921
-906443
408698
987161
154582
-163740
-724475
105163
-960651
505857
112846
446332
567420
64260
189587
569049
-754801
252077
374937
73376
-516199
223970
643471
960498
519307
-747782
-117232
-486254
-65213
125251
-452661
-388640
122366
750353
890950
850489
-864513
166196
-290504
198525
958524
357834
-147875
740985
371801
-333123
-675252
558376
361161
-854213
108048
355097
734887
380847
290071
-401103
-659855
-622283
965211
-257844
-989571
164636
484283
38093
59820
-408411
647822
-58371
-493847
-130067
354302
27665
790442
634516
-438520
-613724
-771749
219673
427407
-927085
-854573
560555
663046
773219
646328
242877
699143
-374133
952950
-649006
990699
406877
-546866
413527
-639234
-515189
-16027
348673
-125973
255499
663810
-103795
92589
-336705
885168
994759
90310
343457
643001
-922611
-606601
-423584
-941831
664595
115382
78862
-556692
-902382
169819
-444822
755143
283135
288025
409608
-189300
728236
61761
876840
415968
-855603
765240
-533862
-613828
-424808
-418311
-674185
-952995
880917
458703
-577631
832955
114138
-691995
543303
368541
-527463
575569
-29729
337758
-633394
-340463
-29091
265351
-14089
279863
-659790
981884
-689880
-482201
-16253
-289543
-384748
475563
-53939
-379590
481679
392402
-683880
536470
-272472
-525904
-143491
-392451
535854
-298928
-730628
-439939
-436187
-503830
-34100
-54600
-869649
208452
-172374
291029
-770427
913596
-382345
143115
34451
-412159
967867
-992132
-15146
-746306
667058
262976
791679
-84293
495575
967783
163034
287464
659465
-566840
197312
-720478
987150
209998
-248827
-754020
702304
141309
536089
-150641
-625305
-524449
381965
72072
962270
980426
706398
437473
881380
638170
-367928
-832974
246883
-776176
968358
938831
928768
789160
24926
-590182
36949
-435540
479734
705647
190303
910476
-302051
-772731
219734
386049
368912
-430862
964973
573224
-65520
58297
540351
393567
37612
-40289
-902345
69570
-357823
742021
579411
734590
-104356
344780
524584
14870
32282
479683
989405
185224
851983
317175
198727
-91697
754168
-978200
-579277
-290183
-700266
607106
877015
-532918
954638
62572
-354976
-762677
-923337
868357
486082
-405748
339511
-427574
-396872
580712
313830
-131517
948863
535887
-102304
897455
200078
-632450
534490
781597
589410
-173070
945361
-79027
-866597
990391
-91321
-872263
89354
-917504
973740
-909079
575499
749845
968789
-279966
-683730
588059
-227294
-772774
96214
-235391
212790
-150536
755726
-359649
-102554
821911
857659
971045
195614
838407
-965579
386790
761769
-195720
-609145
979706
172678
638327
-115034
-626222
-798599
-380974
902510
-125535
894335
9910
217966
-491236
-712239
101568
603289
715938
-721267
-635641
-26736
-243197
197502
582925
-101225
297965
-87865
3909
-373064
63498
491321
505196
-384696
356549
-740264
218135
693061
608659
228889
718728
-405555
250075
-176335
-20886
543613
-839661
-329208
748938
-642502
631413
80676
-99381
-771759
-548835
-36198
532112
252539
329583
-909503
133708
33233
-952034
281970
-106204
-88165
-35395
-492501
332908
-438254
-682428
-100689
-83467
833320
110803
482987
-774758
421931
-369555
932190
-65931
-426442
477929
-539177
-403667
613959
895570
-258385
980329
-469403
-367097
659904
137675
600537
702931
150494
-762803
562702
616874
412724
18173
-424091
-887111
-400103
-529642
623505
-142513
705993
-813790
700105
-694302
690736
-33333
-173210
380492
779838
-548554
-622669
370247
-939295
-560201
-689766
72599
78229
-548639
448594
-397915
-894882
498486
782129
-789483
879370
-36288
993139
301845
487769
668825
824180
-303472
773954
622528
441058
-475636
-909145
-64047
-407188
96069
115354
551492
257688
836878
-992969
-148457
629640
850196
-651883
-771603
-371343
-486519
-796871
903778
642206
-309949
-203207
578939
556690
-567358
-594495
-330427
924907
297361
749232
720548
32762
214498
-535701
956350
315863
74327
-966224
-102478
-865699
-269302
-153001
603039
823562
491064
151172
-868641
57812
772340
353466
-275835
-20299
-579593
-132707
681066
-253679
-339253
-677267
-988019
-107892
717257
24319
-591758
-543313
-763168
-867331
488152
859317
-35684
-664324
-723619
423828
737745
-749535
815775
-261880
-280896
221172
431359
-752434
-960558
880555
-842011
-831737
404002
-527354
279133
-157154
568560
-194520
-943315
470682
-900389
-279825
-515303
-490499
501153
211039
-744189
-180508
-533834
-165952
192422
723439
-366611
-28812
484775
-619761
-874267
819827
-113066
947738
-38195
-529969
473333
536457
616647
369385
816591
-123517
-459306
-405135
-307805
-30757
831949
784668
450454
455522
98117
-856611
439874
-592622
-226080
-276312
-824404
873830
-554684
437755
238855
-28756
-755442
986947
297842
2159
568367
-460344
847196
324315
-401170
339094
-413352
-482315
-238163
829462
815938
193926
225266
18299
183391
93482
307926
-211622
-817473
-928621
788645
828303
-117334
195455
-901420
664918
-271914
-256042
-727593
-662687
683102
419110
736441
130364
-295723
-969197
69901
-379258
-274807
-423385
-319532
741193
-62081
-427102
-105261
156578
-985271
856683
-541119
265738
60570
326737
-505065
-602155
-96696
769170
477650
-749463
278610
174165
16996
961082
14883
768989
479013
792802
-529241
-862210
391051
-447405
-336326
-95819
861519
-857555
-961866
-354214
-136945
-158877
34240
868352
-701379
96492
-314927
-859138
-386249
250087
421036
327466
-75760
-426066
-937371
-380385
-281285
-967884
-746726
-29707
927512
-661297
-585799
-432077
555957
827439
-5214
537673
55674
-804651
-155982
-132069
1819
218729
-69679
-627554
-593193
150197
-167166
474030
452676
-716264
-656884
-336746
58732
184870
-568571
185723
-841675
469297
-25463
-377829
130350
-834102
-531156
-14419
595113
-49283
813796
-983399
-394256
-950596
-75235
200733
-439980
495562
983034
81059
326601
659636
-585503
864066
748843
694189
-692351
-533553
383091
182296
427374
835948
360356
27489
845796
-974006
46685
66747
198435
828863
-9893
760557
396184
21342
597420
884742
-441895
490270
187394
902717
-963641
-558837
373719
627579
202326
60402
860969
46261
280598
780853
691240
-912176
-299701
936156
30164
307080
-958933
996141
-854298
295154
-973408
405974
-194005
-800493
-85235
358213
-903411
80802
-442352
178730
-56726
513070
-964971
-559760
802726
563845
361782
279723
458246
171211
64134
940491
-300920
638949
521528
-996572
591517
-954460
767715
-430338
664525
-654372
-923824
486767
-94260
-22126
-111276
638478
563198
123124
575596
63822
488161
686671
-165566
292924
587671
-218334
124757
-932436
-102498
680833
-418637
-585385
327488
-795781
-941122
759360
297404
446369
256456
-144129
206567
-45739
-211895
-346972
217823
347610
288485
308074
-134725
680497
-385354
-346648
154824
-571943
436
847413
-722762
-625382
799508
-364715
146656
20444
989942
-3993
-426151
-348446
-861340
924713
-970308
124459
885656
-999370
-18242
402696
457714
-496242
-736654
527874
-572219
-579792
-786899
438377
119852
-596239
375187
443318
321197
-470218
20435
-957382
554838
-68883
968891
302032
-47153
-371221
298021
998748
566092
-715465
275271
-541463
815604
-725458
-378184
-459068
298643
239466
109085
205005
646379
-887382
970706
634117
-376803
-170062
-339332
514794
51572
413801
-432420
141888
-338824
842983
-390099
32931
16819
268317
-344167
557047
-57692
911278
-402091
822571
483815
-704707
960476
963949
-881886
-320808
-830569
85631
-196258
-498441
-744209
418125
721954
578484
-61654
674770
469457
721205
855695
-139091
499604
188305
64345
-354027
667075
-254209
-61574
264847
-741709
-348243
999474
-168881
-643784
495136
421512
303282
-805719
-780436
61446
-460796
-82930
738601
931576
-464533
522593
-544053
722421
680291
376648
691980
983651
-900810
647198
693284
838267
978531
-603553
484011
-654338
493821
41772
832383
43703
-589373
-680878
-328686
-873743
18318
717856
-173314
-781236
653041
741191
362371
-73702
164296
-824914
956892
732734
88457
-423573
188262
-307224
883992
-854439
-806871
-512681
594292
904726
-14211
-497367
-609675
-906640
366209
-89724
-374830
893631
-92040
-753490
-815485
239907
-333299
-741986
-425697
-498230
-44756
453973
779801
983601
510575
-552479
-889201
-912547
-85681
808497
-237986
-195173
536370
616976
87207
-586415
52976
250730
-341894
-894351
-190017
-295157
-474734
-851620
-706734
267507
-61208
603410
800103
875650
273450
927778
-640098
-545965
-176732
342475
-258408
371988
413552
539756
704678
-146358
211771
-232299
-99409
-322464
496503
762296
593148
518998
-196811
-858880
205401
586829
-991223
736063
-544374
868394
277147
-11920
369973
-858627
635873
611539
-129230
-180457
866862
555262
769215
912061
73923
380966
-646291
-12724
-954107
552546
-669595
-378390
-970303
963749
-13525
-625201
-425585
-463457
697944
-94634
-110081
271555
-514055
-524219
-717476
-521809
848111
15314
874749
-600247
649993
-499464
-829625
20033
269197
439024
-565491
-206077
835758
652784
-851321
-722195
639083
-691316
-456263
-37896
-282987
750986
-938796
669371
818976
-764103
978969
-931851
395830
-28521
-623517
-357847
-637274
312815
-479973
577222
-320320
86069
92585
-790256
488920
672751
-908059
920254
676349
232956
749676
858003
-530638
-148616
224355
408391
331832
-151145
443841
-402258
862694
818188
875155
-457273
-181988
493071
887127
-619737
962162
895614
378482
586510
-547036
-911573
-959651
965807
206476
623855
-31819
-171371
900004
-641422
-496932
953324
316791
722118
-223313
-470551
-575537
-554466
-232926
-459713
20708
860076
508448
155317
44472
328687
864386
277610
727294
-399805
713394
-80838
929267
414046
-214979
-246144
741275
234520
-460919
792276
693452
-122203
110763
939962
-843338
987680
-293296
85491
758130
849560
-801226
-373638
-324834
982693
712980
-635307
849413
207835
-341523
-669364
-418270
288610
517403
851906
215171
-825908
-741537
-711551
958015
-242521
408142
-360966
-509598
-894160
879168
-615027
-610397
900528
-36077
693636
160457
447958
-688153
-691900
272531
-155288
-343184
82047
-96188
705660
446231
807235
-145240
-501590
842175
742845
922623
73781
-988035
6416
-463135
-163862
854280
463801
-28788
671415
97031
-104714
515851
-103093
663320
-312776
-126848
557012
-720679
104607
948632
374583
-929940
325057
740583
247505
162974
67425
-193841
-947505
118797
161863
-13323
-605187
-403524
-942656
776826
-615538
-819148
-369959
-357517
165909
461195
764757
-988261
829339
-371462
245852
-43788
299519
527780
241826
613288
243534
290752
652219
-934951
979948
641623
127617
814869
-360703
498447
-284339
697147
350208
625919
-577517
-83193
-402755
174608
-517634
829998
-9361
-859552
479602
-741072
648631
698388
246820
886662
-861039
267067
-181335
-295906
-408
-952184
-273852
381693
769425
635798
-365437
856806
698500
30977
645020
980907
443052
136076
-436921
810722
-898513
-655199
298384
608381
-317760
432254
-407423
329271
448374
-291488
-197950
121579
424939
738307
798224
-262638
28825
23718
-348646
-418391
-878347
776074
-690454
-79365
675271
-436996
128127
-846236
217863
-632258
-37264
610678
-285307
-300634
-180884
242838
929755
710452
225536
-69275
-221129
589611
-714532
-671293
-753156
-204334
385904
-756573
964384
-102945
-682864
-225764
345736
-142861
662948
858920
44711
609049
122671
-276900
976110
731972
-83148
-796401
364367
-649963
-634091
-44004
-577840
961083
143449
-639992
-953861
686442
-754279
-64737
685439
747461
420546
-987725
717182
-544256
-349524
958544
897969
-728059
559189
-134250
11915
527429
22885
37533
-693795
150455
312538
751050
-387808
356942
-451794
62572
-229669
-554669
693915
714326
-614313
-67809
929403
232462
-928125
-499197
694696
-472410
57657
-948070
135224
621760
-688039
-9366
-180792
30777
-682930
52406
490965
855356
-227424
-79221
-201422
930008
-819482
-887111
1440
683841
-224950
-187667
610098
-579642
397173
745173
-918576
728766
165881
-450922
282862
-184847
48460
44808
350821
194936
914144
-254436
-991606
-397780
-622387
677197
260482
278748
-206148
882100
333458
609554
8973
617270
-568386
758638
-173438
-997354
819822
-149001
-891102
-683139
-744471
84351
-518978
-260360
-936088
-985841
-539610
643707
439947
724314
536232
-429404
-245139
761037
-576143
540883
898909
273814
312071
503977
-247457
-812740
-259483
-205338
-678086
101043
361889
300061
-466888
9954
-804178
-373501
244323
265653
79491
-725861
-920802
41848
-501521
-718718
609271
-367265
-932519
743606
947577
-492380
423229
773011
645517
-995950
900428
612418
532289
531206
-188974
-239267
-609739
-461318
-784317
-844509
602260
79792
421839
635270
-303168
118616
526749
71782
518985
-376380
-277387
267098
220211
479505
815875
616704
254481
-541542
51023
38105
5152
-286826
-174624
990631
311339
759876
677186
898976
318909
-247153
436708
-725702
-786403
527172
54972
876351
-891074
-500163
111159
-978902
639932
683163
497560
-255712
120030
234641
218963
-504019
-534626
647144
-234098
937861
-358199
209662
-569644
-820280
-191676
-973590
275394
-444815
558485
-884216
-585946
-216211
-859111
490884
-467526
929732
-946454
-756688
-237942
-170289
86317
612209
-903337
-909438
81735
110648
-906541
779852
289093
-595013
8247
-675720
-606575
-691204
-624324
-936625
212342
-303677
272203
-281735
829894
253768
194335
898278
462961
-78554
-298499
-320763
-94835
-815367
487219
525266
348047
969980
-61853
53311
-645492
395766
941449
-893175
-305867
656754
-571755
-269952
563600
-452442
-122706
686248
276146
-518877
107573
861538
-615910
-795597
548988
-49150
74966
500645
352954
-485165
763793
-984908
-307242
-708896
-89749
-646371
418855
-474903
744534
-117957
56408
-860971
810353
55655
-938740
-412050
813371
-268365
311985
-147302
-710257
479929
-554428
-965131
-621662
-853856
-133956
437387
-927893
-885194
-51983
424575
386006
75139
-936116
377131
-434733
618107
412806
202921
216724
270245
219608
-556318
771850
-749552
-871706
863235
144488
816147
456857
931925
-122723
-338459
480493
794063
-383824
444990
-573744
132934
-115009
716802
186055
430329
-890005
-449231
449966
541994
489565
91535
676239
-69649
244022
308524
353477
129332
254482
915673
-791064
333555
-45294
-660049
-353923
-796600
711109
78213
491222
-195117
-423457
-669239
-162466
494392
-639431
289232
-236674
9984
526017
-643316
-385106
450860
-56138
860973
-157178
283694
465531
-271268
-872677
-265588
-821353
-69111
-446328
845436
49122
-549266
-735602
140942
-844717
-60991
795510
-765391
828647
-341748
-595197
204869
775201
399549
684483
72646
-615342
-134592
374529
-570884
-823785
327985
-316515
-531094
620217
254125
504915
-405356
-824010
474031
-868641
407288
-542740
5116
-177550
-515555
-888745
-238166
196333
890685
346627
69301
-172598
277152
-452642
177771
-601640
460030
909412
-111738
-649373
689141
-798029
534511
-647044
244117
-705836
702683
306438
-227612
-396948
-567563
-557037
-373606
39968
-333381
-946970
-467702
-857213
349998
369375
-793651
-192502
156901
870019
-345016
-740400
926533
-933632
392217
-720962
-980367
-310937
343761
366812
662288
-578245
396334
-735322
642630
256844
32604
-372332
-947689
821918
339481
-747677
976503
-838532
-263241
-458065
262915
-463431
-650918
470446
-792000
-902352
884133
13361
-453518
-343239
-518428
-119232
490738
-222685
-586163
619239
944994
-928302
393298
114580
-468653
-475541
-835111
23677
-113818
654242
857343
404272
-384329
345693
-656525
102103
-274892
174918
-89318
581183
-376146
-27243
-784548
309912
-918438
166081
891449
-632800
307352
487124
82245
359644
142477
-387814
-97016
219082
208198
-578837
-912686
-554350
706198
-459095
-478478
-542361
-419593
-536668
597977
989826
555414
291665
693388
60447
254547
-179165
915090
-420677
-187503
134455
924651
-843420
-887809
204422
870732
210468
415438
516162
-825020
-150874
-238304
-415095
-247928
-278693
-641465
-955930
-328337
-132766
29927
468052
-246858
-265029
13921
-548756
732405
346888
-529898
-532386
497682
-579788
-620151
517066
180687
-45220
-404552
-414022
-527292
957785
-433056
132423
903288
-227624
5654
-126034
460689
-312214
607952
50213
149863
144447
-459750
103939
-137314
-637326
323973
-834389
942933
-484079
34382
-529112
-393696
981336
-783637
-929317
-397233
-169048
455374
-469155
-836332
220567
-948403
-141055
-718140
395136
288312
899866
970638
579990
-962885
848114
470997
-459534
-202908
-826488
-225213
621103
351279
833958
292064
-846692
-298157
740783
-621450
127552
142772
-850694
828487
816258
-366623
-75559
428650
-544670
-829142
-59605
476740
-824918
-864431
827265
-403571
100173
578043
828708
150785
-66990
70560
-741318
460990
-844362
636544
-327794
-629977
-454326
111995
-135886
317755
-928485
884222
-992362
749053
482200
542065
665143
-510546
508951
-317133
-965816
903903
761257
-407844
-101781
160696
913117
-895836
844970
96125
-440427
-36056
725306
-954002
187868
50408
195773
560932
781153
138005
-290786
-694095
-928703
117215
479240
-50037
-214179
-255409
-965601
-705923
-860300
-465988
-706170
228597
-635056
-389740
75143
763188
222798
-872602
104614
127488
672437
248852
125311
147291
-656092
493735
-462767
-627076
684806
350015
481820
-185023
200071
-229205
-770245
-559572
848972
613586
803692
-250322
9526
974249
-231027
-293121
658196
66344
227774
221491
-142165
748888
882333
-385229
-861074
687208
-955246
375477
-242108
379897
-367271
-227116
329262
-482924
801814
-596886
977895
-479928
605933
184865
245529
-400563
-347731
-144029
-53444
438073
-430335
-92926
-603262
850384
-352723
-734476
-793170
-774044
524288
226237
-785679
322670
-804580
-556145
851257
366077
-14211
-744954
546185
-13056
237685
-383538
-670875
749431
831197
570491
521790
313722
-946898
819163
537605
-89751
-688315
-403786
-316573
449896
-50764
-862421
-479469
-263072
-224117
-568208
690828
685732
-590211
-345091
923876
367908
-510891
45878
-301688
174553
-470818
65166
301029
-304754
-690302
399646
-563326
-726508
-340271
-713712
-24920
700279
-817131
279419
124439
-23190
32197
-524812
889322
653140
-465563
237421
662020
317882
-488297
-298091
-12498
576411
-768582
-421722
-270280
402855
-629397
29335
-114285
79140
820501
-116371
-235466
-39649
-324034
977842
114967
222584
-491532
923927
-888124
-181196
417686
-713673
-838589
476753
-300078
-447938
-145027
997494
755417
-476351
-935213
872225
270916
833318
-1005
65810
156537
981106
53394
896815
587064
-180764
-477246
244396
-80848
903830
-562310
-740486
-935930
594878
-994178
-749392
844027
71774
535681
619189
-202839
-411534
157359
995712
-925993
-398131
-148674
570424
-170941
-846411
773792
118840
299273
-618565
331028
450944
-677575
-294661
396124
-748041
-77925
577912
680909
-488343
-904384
684541
-569328
248787
-349355
688517
856195
20100
-98221
-402830
579608
-276520
-832877
701059
422277
479882
-544052
-872926
-325753
285985
940784
824957
507376
-477583
966378
-284945
-274785
467678
311000
39792
419963
-904892
171634
354449
-612377
430918
-388623
892121
-284331
-495739
108030
942999
-147078
606392
-788085
-602833
194524
34729
257831
-527712
587380
-756837
418128
-294015
-288925
467117
934004
-250441
490983
374742
1757
359289
-509618
59965
340305
589575
-239611
231751
548310
-689928
-236543
-696720
199963
-575267
-878521
-454267
-343818
113078
-347880
432191
-548986
497442
571938
651974
-516213
345015
-66903
806066
438796
-24776
141314
910689
-993476
-103286
-276384
-128403
31145
760021
953033
292299
605937
408692
-382005
-782277
525214
-182659
727440
-976411
-20133
-555789
800517
-168866
248584
-945501
387495
-661082
543241
232192
28722
-177037
-88409
292541
-926366
430401
-260965
-445451
-961841
466984
-75517
539963
384487
-582047
983301
528650
-869998
-902991
-46437
46661
866221
-400490
-774889
780856
772641
800615
49089
-392625
436254
-743578
486983
-301265
-165946
838577
829199
523219
334168
-361418
-816862
-986253
-200623
151529
860963
-959108
253345
-906186
-992426
-391632
-456844
251116
-26491
-687314
-959767
-488195
446482
-320745
150779
160249
-15570
-929819
-296156
650115
510359
556830
-551810
597266
680250
351953
-413460
-181785
255366
-703623
-951136
455264
932890
986342
-697718
214924
14087
-746353
-533442
147302
885652
-188145
-350155
322565
-879390
778040
-964862
232051
-318648
363637
-741079
-384720
-657150
-735944
619996
304138
827888
407633
965522
-713819
-448735
966905
752001
-890918
-504458
872474
879192
-423590
-278941
-210935
309351
819667
-285250
-566907
351349
-631922
842746
165124
-113430
720975
-352061
217518
617324
938735
873477
482552
-921742
-182809
198690
-549196
607525
719012
704588
346656
871595
-639486
240193
-700895
695130
-627866
-705488
535818
-279634
944893
-573404
5337
-39463
298319
-231283
-267934
407454
388517
-297818
-73867
-552892
-47414
846360
954281
96789
-893928
-913850
-583203
-58658
390327
-612074
-752536
658739
-81293
150362
329189
-234255
143478
-605909
800740
788643
617546
663111
-434630
906486
-811069
-159111
-813176
-288760
613612
598043
436371
-148482
-935512
-474232
497875
59736
388185
-319431
732156
-282118
-436403
-345011
-426469
-23406
-771147
927903
-39558
477966
-602891
-438030
258943
-372409
516826
-891628
572455
-262757
944141
-441562
579301
-727619
31542
-857471
-423304
-656523
-838863
-844366
-955331
-644156
-757690
-891158
931257
669759
610293
-744506
-461925
-337498
-770670
631431
-416323
591753
-824726
-982868
-774149
857495
112266
247726
-356154
-145668
98799
266865
137433
-215463
-522321
736911
379619
873558
106025
-881193
-441336
590672
-349390
-688380
-713359
433953
46280
868612
-626825
893606
901977
29692
743566
849234
891302
508702
741516
197814
539349
288806
391860
-225352
955945
-867363
-23428
-649656
845916
874633
-751477
-332745
-375881
737665
755589
-303216
36932
-111873
544993
296884
-761674
903076
-122827
-671036
-942429
-77942
540636
-714507
520317
609887
131793
317688
534576
-928664
-325331
-542353
651983
549573
-191596
42931
-887431
52301
-765094
-321252
-580429
342327
531113
328423
-947856
950799
-324810
9228
818617
163569
741195
773308
481122
-938708
-224910
351701
-546038
-809270
137168
836754
-675549
386836
-154622
-590159
306755
999084
889840
-161444
117501
-873368
361696
813489
-207306
186933
87123
-947982
-142434
-385997
-40498
-792605
-643841
623466
136452
502527
132651
-741745
-601302
556897
-566138
-478953
949586
-534351
240597
472685
17032
944247
534100
150902
572216
388235
-774825
546704
-418059
-118687
815286
-409687
-271738
-493707
523395
737714
-391667
329298
415953
-89084
-261269
898817
-168053
-697808
455069
273951
-948387
234911
-184480
692423
144484
750991
-174017
905245
-504460
-791925
-535025
-878466
-950214
-576911
-96364
344814
647056
-269800
95464
41147
-222768
479570
-829361
190303
631548
-323380
248306
-322882
-581716
754316
935896
153580
839783
-104462
-917457
-56065
-354220
-112228
-606126
-729074
-293169
678245
639172
-260371
-833326
192544
-894917
-934510
-778011
773370
157789
706076
-732735
-471553
-279812
-628026
965062
-357726
-795474
52611
207426
-844011
-887161
791163
-44774
-53236
87273
-489291
167748
-852489
26222
199633
72748
-250620
-753249
-402492
-909898
-945010
102179
126791
168193
662440
-578451
842206
-773133
989749
-937861
518979
-513471
995248
-987160
142925
330172
328382
805059
212211
-435529
256873
-784828
-761763
887078
-438146
-537455
-702083
-995384
976631
731035
136662
-70213
111138
743361
769714
879643
960302
-435726
237529
-696710
-776670
-420862
-636800
-457541
132744
779584
-182160
593505
585868
-64675
39962
-808669
-350667
750038
-86659
765862
-51261
218699
-602452
70555
21725
898260
-198924
-126739
-391619
-769038
845896
873994
365222
-204146
695183
-508313
27765
491936
-989643
-741528
800639
-79528
836071
-43490
856485
-530553
246764
-590828
351233
-180269
-814652
-146673
344405
-391048
974196
234921
29895
310648
584247
-195285
-410130
398871
-970771
-94516
739817
393032
-13972
337679
-676108
152352
-340813
-989984
-411023
-857517
-953558
707422
-669571
-21485
499221
141090
348315
272740
-277365
-750943
-926316
-613521
925949
368031
843534
-375850
342202
-175642
549368
-357062
19171
121354
-536464
-237716
-568287
-459456
742311
-39246
-199350
610831
-838299
654415
603492
-589901
851764
238517
-813672
-970251
150161
-220233
-897614
-456291
79891
-17092
-29887
-45614
-550548
-240016
-670478
370851
-669630
537050
36536
-227362
324752
-43011
-431354
-607096
905245
128420
-305679
815904
476672
526230
66896
-26163
138032
207137
785548
279931
115263
987686
253653
-667126
-689191
575840
-569328
135935
-721711
-18273
618144
501384
660130
89797
859756
414141
574652
-720499
934530
-656770
560223
669770
-47660
522803
-832442
-391892
-557371
-246736
-927288
-642740
660916
80537
142696
-187013
867668
-766290
582112
-871034
-473371
-634199
668532
-753264
910602
61439
85754
77154
-130773
-753748
53551
780786
999841
418241
600989
-111510
821531
134226
868343
557828
576862
42273
592457
236233
-291125
-655878
-825268
-735636
-144835
480925
-342102
579464
-564328
-428611
508616
984946
-600383
227511
270742
119500
-370015
-817905
177801
-514962
857194
-697951
968478
682314
-500972
-639154
122008
83692
798285
798263
212351
577862
-253738
638577
-438158
-173257
-375009
409985
187259
-272266
-645417
-854352
35932
781667
668423
3684
820472
-606056
-179058
-675254
12107
-575155
795464
666311
-300379
705165
-916231
611135
587583
18568
461606
64770
202590
870275
-615305
-17307
-860640
874601
-900005
-494352
-286638
735953
783931
828482
-276341
-387750
-702110
-745383
862492
-17944
486862
630039
-862722
812484
410121
275223
907260
-51908
755261
624110
447899
450645
396284
-494384
491995
778082
565058
854020
505497
-884703
672412
-525356
169055
638440
-672536
-919290
-382319
-953630
5155
886347
-615912
968141
-310382
-874308
-333164
171133
911733
857822
818538
-523915
-826135
783093
-802379
679686
551812
-771404
306623
946381
5278
684470
-367161
-356944
-84024
-570924
-228285
800557
-334259
498602
325590
167754
-811753
-705166
-571744
7481
-338745
853249
924366
175136
-116195
-96576
142743
168897
-868686
529179
179111
65803
139422
-226355
-654936
-303464
-38110
281794
-810097
656705
571681
-847492
-11959
-571323
616011
210782
-500984
20728
-773888
-627136
564718
329927
710299
321870
150935
736398
133293
-308249
-554880
943397
297519
159436
715142
720078
260690
-567859
-649389
761328
-660703
503283
-256434
-108766
158744
-695880
432117
-852988
472119
-731448
10010
189117
-112832
43390
-55242
797305
-938120
977728
-555740
878962
336486
527942
-606040
-120856
270449
298484
937230
234356
-830214
-585138
995943
777026
485679
731432
-485358
266278
-209556
-689213
428642
-703534
-558056
454064
-996197
852709
-512146
-414757
467144
747362
884042
-66744
923886
-197201
-692371
321476
-96228
998089
896983
862413
469701
471456
-727337
685681
-515518
511633
-955271
-561275
290034
57903
133998
-821611
-484650
-96113
-739741
-737325
143215
-854690
-652280
-799798
19917
-943160
-473196
849616
681471
794835
-475774
220291
357675
403078
-984957
169980
-169069
-197181
-225094
17628
883726
413231
938430
-444760
-680480
416824
12971
905979
-238225
-324535
-393449
956057
-618808
705273
113728
-159631
484367
-991185
-522951
-831995
282314
-100112
106130
440759
-105393
813848
678956
-856817
-759385
234108
-619031
-153243
-478282
-819443
974698
-389144
110898
312748
-181577
191938
41946
549558
259766
-869979
840260
-206226
426437
-540735
-740226
-736687
-785030
612688
-676150
-889533
-846465
132760
-89378
845488
-474328
928096
-803917
710443
-15496
-893320
644501
-360278
553794
526355
-732169
387835
471027
-430613
401506
-882379
-114179
881116
650794
-396840
86020
-263162
977061
-651945
-781162
-841972
878877
146238
956353
-203955
151379
-543005
-841051
-197474
-600221
388303
920831
209393
-999736
-535413
-811760
186287
647602
-733694
911683
-540919
896531
-948763
444792
-850722
-288428
430010
-80364
9804
415744
735185
567306
579899
-665742
-645261
-877218
-667080
322874
-238604
910527
-416482
-593002
-233670
870178
-287974
-851263
-430877
-571576
851215
-224215
-583707
534400
331658
-684381
904172
202969
582
936658
17936
-721321
-624763
274874
-11336
83528
295705
911514
5486
701657
906826
311486
170227
-912175
574461
-455370
18992
-832242
596530
311999
-868456
-65543
50569
514049
822193
-628093
915632
-489554
465188
-975608
-296320
944882
-788832
375227
-650755
108114
968073
-896618
-423259
733232
-336976
956450
568685
692598
-501586
326913
296602
-898010
208955
519176
907793
-240059
261834
-488805
-902922
944368
993367
-484440
-912887
187053
-575474
858176
-956745
-51809
-446971
-899838
-164080
37784
-52041
-558033
-957069
-814493
-833737
-936559
-188727
-502942
949249
-708682
558382
476726
-526321
561233
-887080
655143
-707425
139096
-508593
710805
277204
232642
677203
-14410
913620
-361989
904116
755184
-108356
-241470
-670976
139939
-204842
-279215
14139
145528
501033
-937003
-639343
176844
370372
-942859
-821568
-458170
775789
742260
-9132
7473
-753043
24212
719760
-84420
612603
469914
328563
252750
-677956
909167
-612845
395629
-535185
412552
102568
751435
-282006
190891
-453859
-132789
-304140
479698
740720
-363062
905023
-475895
438222
298326
-338365
-951939
-751383
327231
779931
-975725
-283079
-493709
-461899
-849430
-324789
-881240
414729
-15593
224157
-575225
532372
7648
149973
401347
-795208
858749
-58363
340151
81063
580337
788366
774473
250622
258903
944607
-624700
72505
-240337
-319206
-991618
73244
251181
545070
796909
-990228
232930
-349184
-846653
-540511
563927
-400942
-704294
7041
85756
-859077
-36841
520740
942775
-224977
-707626
812617
-72035
-235583
480015
-422368
712043
793005
-96787
-35025
886504
-861235
601320
814256
724837
443867
-298864
924306
-491557
-637170
696108
82489
-625263
-821608
-239142
-104267
361961
108584
-782051
-484875
-251687
-270382
319995
661733
-290574
-123314
-631153
-840937
569957
15169
-491341
-449862
602388
-984802
-497278
148918
258952
-426923
-458268
-453045
-8642
-885497
175087
-622515
-841352
-223083
-622502
204290
424498
851344
-7734
215051
-721266
8163
-900704
807328
110412
-412115
-635513
-968699
653312
974529
-114830
264125
-957618
989203
114981
-850801
530811
514230
197566
-190952
-647394
-19322
655478
304565
708652
-714481
-536543
239333
216010
598401
-96495
-399200
58573
-885795
116299
69049
858967
473151
771609
-682489
-613762
584173
-8108
-181853
-198018
745009
385281
-913696
479423
-211066
-146156
911306
-864723
-145542
-948953
-840509
-889207
857653
246492
-794546
879103
712083
35600
417751
-302838
490277
-110182
663089
-926064
-164827
671554
-946254
-74273
-505251
-666225
-946477
-792457
-378518
246899
-702423
-379703
-744715
-462110
-361498
-131969
429617
109049
969541
-720211
-382327
-124856
-936242
-335126
863112
847975
-54075
178581
-38781
-223836
927348
-192718
309028
777374
782970
-549613
-547255
720736
155636
737818
926093
-158111
-770366
-781339
-690435
228729
-902094
-494860
-361786
156015
-576717
861092
-56445
-738269
443229
-666569
523307
-345255
547856
-389973
-445593
-709968
276674
-316804
-21352
-623851
-781163
-348403
488111
283485
-951881
-522458
523562
-653550
-217886
871045
183574
615052
-720020
-123669
986286
-816494
-264627
79943
965496
-372349
137259
-885992
65388
-490539
-874651
405112
958951
378354
-256334
136090
-523505
49071
659781
161710
891219
-263444
681567
859282
248917
67543
-668819
-484509
545701
-700000
756093
210444
730833
930721
-579497
-788046
733605
973788
-475391
-120570
-418983
-689662
-184791
-699178
876336
-686694
-344789
77003
728220
237007
172892
430934
865372
-503658
-655945
-794342
-117236
338772
-981281
-743651
-31060
-622877
569876
-548528
-190699
-371792
279087
82533
939240
261473
-274109
238317
-766411
408540
-326554
-605115
816546
-450766
-365131
434675
338149
-328249
384625
771041
688955
-422065
-513867
428866
172326
-4529
358728
-969959
928505
61485
591303
-286921
778960
-511611
-338848
225977
-666140
-51364
-786108
-1396
-813340
-18532
982268
722593
-170060
905715
-288796
-258887
195843
907577
915665
-575231
-888159
52094
-989875
-275372
813308
-331635
-833584
-606198
-208276
-762776
-533462
78968
505933
896
-41003
378016
151280
818693
420165
-865522
-505697
811918
-522111
259381
-846233
-660043
-804495
-925868
665363
864057
370264
748717
-196128
-903399
540713
-177186
163960
-224532
-820294
-8018
797331
-31864
668360
415745
-55044
-188691
138564
-399289
736455
119489
621196
-760627
343272
-936073
139991
-528749
-955504
-734619
-210030
553282
-687821
448372
738714
-436919
41159
594802
635153
-236367
-631959
-588071
963512
177414
-19310
881041
246268
-542895
682717
220668
595021
-708339
776392
629077
123350
-85499
257388
-236222
896397
972638
-732392
504810
696046
526035
385903
858955
150076
-834440
-715624
501331
-378052
745645
-233104
-317877
-685068
366111
983172
200983
795480
141901
311433
-416551
442948
849509
927661
920740
982464
-367938
-616751
-290402
-708802
796233
-884296
813331
386515
669626
-969780
-723888
261220
281881
179697
-425603
-979284
923564
957851
-182450
321396
784281
834759
303285
-616412
247254
750276
424154
772498
-346635
-90062
-93840
960202
609945
973269
30615
-421265
-766973
141574
62948
-625080
-31309
168047
474679
557166
764762
63791
218031
84092
-793820
-786522
-808199
425653
550789
983675
-839524
523964
-399189
205543
-559266
217037
-477200
-624529
-259199
559695
-621016
856474
-855063
-858707
878034
-425141
896644
-434943
-977866
-567380
414758
-511851
-786613
911109
-419866
-27975
644947
694175
477969
-881306
786583
-436351
207521
344657
571145
-370787
724257
597399
-338551
-351566
937003
789106
-418575
755410
-740015
724768
-93159
-227152
991654
802415
-908813
-867415
268501
-936451
-225396
-447910
-93378
181490
253060
-893197
-645896
340419
-229266
215255
639208
-12348
-151467
815458
802374
-305389
235920
960953
76581
540506
-966538
205791
579059
-6917
-638591
353257
68501
725494
-11223
-27865
224081
-563538
-110874
666489
952403
-66901
558520
956352
-879432
-249965
354444
485246
783992
-906999
-624539
118379
-412007
-290860
-99798
696498
-962323
-891
914327
-433027
-298131
-244433
258955
827880
-130021
703593
-230689
921506
176212
-850010
-552936
708120
961947
868833
454745
474098
-946442
-15470
702627
-901103
-322276
-19349
-415836
349119
-656163
71760
864736
-829054
366384
-363742
308987
-506071
-374579
-773091
2214
236649
614847
412331
-449276
-580824
31237
706837
-131662
-599572
-509789
-495063
279750
-863439
-552746
-290087
-761990
-837961
-380403
-934185
-215563
937599
-601704
-684300
759846
-17011
696900
-666374
426987
-446188
311422
878740
459468
-602127
975001
792370
591933
133054
-916588
-735965
7920
-912379
-798618
-464614
167218
-762777
399453
984986
-457199
279594
-467411
-920230
-572272
-958267
965399
-476498
-724494
-45353
-857281
-422103
849048
-838586
-492043
106696
618547
-516472
489903
-101998
811611
-533742
-135679
-631216
335198
622907
628500
-50928
-785732
-999125
-575162
856332
680352
-948424
616938
-841340
743953
-964411
856412
982687
-611023
387717
929393
381932
499302
157650
188025
-134039
-189606
-191757
-866716
1366
965141
202823
362797
145624
262790
-853453
195979
24125
-14078
-666110
799485
-511280
809702
40110
-62429
-461957
-257823
830983
-556222
-373856
-278709
415654
-667764
-71280
-343390
-798128
126898
637531
985083
896272
-441866
821711
-823724
756025
-828006
522721
-401825
367251
-730158
397418
-44622
215305
118039
-33822
7018
-244090
344026
757238
427400
730561
25707
734724
-193663
531682
-61913
216802
769432
-960930
326731
-152526
917965
-482091
-979867
-78147
93074
-722399
-930105
-197131
-690838
225069
751763
-787021
734668
309731
-749403
-448183
597545
759840
766973
-284225
-947308
409641
491330
707255
-371321
850348
207624
907450
133033
726432
-353946
512028
-518724
8871
767878
851135
-325910
391580
874376
-240856
811759
663715
670503
509195
-372686
-903375
-181352
854198
538018
-489707
-478143
456510
226512
-97061
-242147
5192
-720621
991183
-551785
183638
182488
364382
55689
343964
603864
-549849
471926
-141869
-642126
881169
-471938
-359754
993776
87278
180082
289224
931505
-457463
-617441
141283
-672605
-359088
-54748
-929833
-719463
150799
353530
311373
-459616
-879608
661731
524957
-336056
17937
-462813
-663171
-25179
196245
-764793
538236
-89220
-445573
729435
8422
-803554
-594680
-77883
903313
-63177
310075
3965
-556827
895957
973638
490274
174531
-908286
-704331
-694148
-505748
654545
466220
-107802
-851664
-699244
436885
241271
250693
-661187
536133
846505
-917777
219100
-992244
901831
-249328
-876822
-832935
-295655
675602
-844824
-784070
-21205
346100
-569346
-615833
55853
-583602
-530765
613517
838013
-509710
470845
-358335
336455
-743894
559815
-153337
-358192
433632
921808
346554
-310034
719770
-245184
-339561
-257002
364394
-106177
963825
496808
-165392
4522
51018
-492152
706431
416021
412165
-698326
-786356
-452871
-367164
-758562
354013
764675
-496648
480307
-565043
161674
891392
-80971
226718
-313679
769817
-252287
-703912
-183720
968281
-31896
567790
-173274
580732
572262
-711239
-529183
554814
-461778
-186824
5132
-592341
330477
-694833
-840104
-727233
-828293
465252
-202359
739141
-441779
-271077
452795
989595
-654535
-396146
-832828
434229
-772731
187501
150275
693524
-202960
346289
-289076
-838355
-584027
-72514
-973994
-168729
190772
593182
-194226
-399999
435221
-234089
557624
152076
-984895
123979
150782
-636238
596175
765020
-920402
-831912
-637664
-583920
315338
-156023
-765735
114526
-227650
459217
-780618
-351419
-525470
-18106
-280227
-942746
-805191
111445
107500
-908712
-779870
955463
270443
557074
143509
48321
841148
537997
-145950
959989
155727
692190
-468217
-746615
980706
-587542
-34853
470830
-729630
-922276
-250058
-56966
-527042
-393586
-354447
221477
292827
-831501
386044
-161127
596836
-45337
-818575
944499
-408536
-246127
-258983
-932136
-716899
-362321
-412326
-671485
434581
-272635
341137
-444019
-407955
-463701
910505
-725319
-986220
-641549
75747
547325
118125
308873
-796267
-745349
-628852
142910
863470
-439584
904305
495546
543776
443738
547308
599435
326253
84026
-244430
848897
692589
-796510
-414089
-668141
-386141
775379
681856
806724
588462
858020
-896022
832315
-49021
-815129
-88222
-312713
-723237
-497865
436855
795146
635333
-572979
-105604
514152
814126
-277448
-716754
-11835
-446753
-222785
672318
-526397
207403
-861611
85420
-352194
313740
465270
-153570
-738245
-629964
-142725
-571158
37498
-367079
894192
374463
-286532
-462202
690266
58297
-157429
-843861
250900
735988
920036
-325784
233762
-705642
-816324
304578
499716
-747529
-272904
-268744
819454
655524
-826934
-624842
689440
719838
-912562
163165
-10833
-557730
243584
384867
-337559
974694
753293
-500134
205107
-743714
-749998
-526579
-879000
-691728
949499
-379586
-166842
-937038
929367
934787
-281607
402352
11213
762914
137721
-341867
-727720
467051
-391405
222552
765491
100715
-131036
624803
-12386
-280106
-231181
-383509
157172
297024
31737
-910530
584513
373588
-950615
-579306
365773
-819443
835714
898137
856745
447357
553888
942454
381006
333247
-846839
-49001
-252954
960130
459000
-922799
160184
770058
749634
-744634
-711395
-64127
869862
-297220
-72868
-763754
-234874
348616
-742579
863765
477301
460312
529968
128848
475463
439647
536478
311060
-196762
-330373
737906
-681638
-542822
-412704
287129
554323
-877202
-763481
856036
-298025
865259
-473959
757774
-79214
765354
243379
794789
-172061
795860
-255464
574278
-830279
-935100
698194
-161796
-70293
-399077
959757
-333958
363510
967337
853896
292546
-884669
-441196
-238010
941993
-682647
-571323
593329
-591161
-89354
454528
-510166
-286906
232901
80112
968326
-758296
-771294
290809
856205
-366304
971168
839888
-30624
-532984
-433318
-404499
928217
-60681
80645
-884166
685034
-132028
-689616
-684404
-57135
596085
893585
828901
-419136
54767
77922
246501
266209
-125877
-699446
-960181
23394
-237341
589258
350916
453357
-53321
765059
-24710
274042
390537
-96913
-699370
-843715
-714571
131495
-78990
726159
-267942
812526
-544324
3484
-44425
258965
-342674
430420
-820663
-790555
290633
971934
-683551
-476847
-33164
-336854
-596826
-94556
-767412
-37682
-585257
114309
66493
132918
711958
-5159
25439
-71739
311711
904725
-625176
-59476
57214
220565
-394269
-791818
-631237
148338
-285282
667101
379360
892168
-346085
-113329
-5349
-604704
-272314
-365457
967067
354810
53794
67393
-520518
-709854
397907
246569
223248
-342752
-516867
-607391
631687
-925030
-249914
-922983
61151
425345
39228
-227818
655406
-621381
-143261
322137
-893321
-55955
564908
-277478
-236853
766991
-423373
527724
283550
545199
-918515
-262873
-530023
-165093
-981566
-206973
-680344
-653557
-496926
-772445
461933
-32456
250129
-745809
-392487
949779
415469
-333433
397198
407014
-630415
162011
-412235
179046
-60861
863133
-742120
-709350
-568121
-372544
-646766
-814624
-665101
-370205
143684
-136327
332759
-511439
-957865
-107990
149005
681896
-519587
114742
-228378
807263
-239764
998752
-731393
-496397
-367790
-120114
599877
-468926
-417277
950710
148679
328797
-277055
-35125
-364336
-698014
937532
642302
259290
-366635
-408305
60004
868513
102191
586329
-323722
-685429
-863066
908348
-909618
-306892
504658
-615196
-903124
-243505
-445704
957479
-721274
-270957
-876311
-547215
368370
2396
-927358
599580
-740208
-594083
-244547
531533
566039
-964277
520909
-612477
668137
-655332
512613
-628961
293858
73480
-438700
515491
464600
428948
-103480
156913
969065
584066
252773
-592736
706705
-50063
-765830
909773
450231
-679969
-653406
-642416
-735758
-685115
-704654
-897021
-458360
-952351
578428
303859
633117
782944
-962122
-736664
-520261
-122724
190972
-744377
988864
577842
-856019
-464431
946957
-446825
782785
842534
-810571
385777
-168192
164934
-696223
325199
-80259
-688070
334393
-71083
-645910
986992
412575
-740947
-166949
-118025
733345
-160134
-572444
112682
271499
-894685
704660
564916
-315007
404407
965029
756900
-179018
-411591
-547973
492637
482133
335443
-62291
405411
696831
-652565
544199
-524142
882818
354347
-382302
11663
47199
-192822
-205898
577292
707319
189800
-666863
-469660
614856
-821594
481180
-323380
140511
767774
-133092
-635884
-363278
-850568
964464
425320
398539
557200
-695415
214792
-946261
-422184
-700585
717057
346061
39542
-142663
-621684
654600
-552649
-891870
-185547
551006
854121
216120
632797
776901
-460948
-543072
-317127
-514858
-426322
-48735
239619
-401481
716330
309221
139351
111588
-39488
731931
-242300
422955
639607
677028
810520
564259
724507
793349
263127
-524443
567699
-18580
92512
442314
-431154
-828695
415650
35596
605576
-43864
-674232
-577989
-112703
828553
-55547
-289799
759829
-967720
944061
351903
762025
-210675
-492669
518719
-209775
-787080
460348
947022
-954243
772893
525675
-795590
-68190
912999
-757560
881968
891195
864285
-64471
-599033
685596
243592
-799608
-509857
958483
-882273
73450
801306
-913988
311375
-816456
-743849
942853
371738
310231
894380
34885
-521941
-91040
-538777
-930510
893797
-976710
286995
953312
-948013
360563
-720043
-110496
-347443
-805495
-359143
-978412
204806
184076
5811
-600755
-793637
-398010
382869
-559767
-405275
-649615
832925
964319
-111051
-673142
910684
-545784
635726
542870
-60698
401162
565886
934409
-277822
-816301
353885
911195
-427603
-648559
184710
-624806
-739799
-366621
-704549
-584576
-905841
361606
80799
799571
-695129
-37870
954605
392651
616811
-718756
492013
358791
769675
446922
-297795
726932
467005
-968874
-443999
240258
270762
-457854
-464420
-746856
478389
908616
-22653
472974
496336
-965518
640229
-648663
-578609
-468061
749152
-543293
218614
-158328
-889647
-629406
-200196
-686288
-493660
292627
213868
924350
365552
12397
363889
666023
548874
-410425
628115
662154
200998
878521
-256323
-865487
-215849
767833
565459
-502950
584096
-803675
722291
-370127
-435529
376590
-118919
-933086
278120
-598610
-942870
-320258
-344689
-646394
-135164
-266283
-721076
-759339
464791
-868026
-567098
-704589
793125
2299
-179024
549501
790746
548341
41395
-324030
-143880
466092
887686
399950
-840945
951434
322375
-660797
784794
597090
92987
67334
-159479
-961190
762984
-106522
-516958
95326
729375
443051
-311975
757793
-683221
499002
178820
-943568
-264203
47115
616869
198447
714164
-12742
959119
-409495
525277
201676
-372724
-176304
-662035
311918
493510
-408749
-5924
137835
308359
514631
29973
-315581
402328
634179
837185
-722032
9125
-68198
634499
-911192
-435629
730818
224541
-651830
801481
866197
-656714
713337
216750
-125067
605297
50195
342169
-883659
912604
975304
-199588
-40038
-222271
522709
-796554
617983
-776430
-640645
824505
674204
-422867
-187504
-715427
166466
351809
-798531
-909200
-903166
183133
709424
-892254
-831084
-958957
78865
465146
878013
-788922
82633
-315486
-634905
-165129
-894153
951074
38720
-855920
-235087
-674777
171948
-507153
446740
-847069
-618532
-597333
649138
-198935
-538291
-925853
-363013
542565
-421443
-316449
382288
399938
742370
138657
-788454
-96592
-493872
-800103
-272683
-4048
470717
426622
706160
752436
-520542
-469592
-819285
-341352
161604
171741
-738194
825697
237673
-699170
-676458
698591
-801040
-248091
-473791
477666
506261
-318521
60846
-146444
-375577
-695194
342667
856921
76518
-849378
-929916
-548882
-805332
512294
606751
-31238
-937398
986919
-152001
965025
-567435
200068
-261623
-713348
625059
472020
-359972
878758
371668
-508381
-387133
-58645
986217
-579196
-200105
-792692
105807
-103013
991239
-179310
957456
758801
599880
936601
-579568
605021
76222
737180
454535
-22181
-944285
-394762
995285
128853
778412
946986
-869234
-982554
947697
347719
347312
-740046
519526
-733047
557889
-742006
265514
-198226
-396003
611377
-146804
-327577
-840218
946078
968176
-352144
-20594
-176688
-361238
-144464
-884791
-157891
164406
118546
-848252
191739
544013
-887745
176561
202409
388677
-95358
-419037
33295
452218
677101
136338
-306808
-870770
-752601
-30977
554614
186548
-782533
-287682
-48653
-994574
-372466
-991858
-812381
-584293
-61582
-829154
-390848
786279
-318661
-285407
991113
710347
710804
361221
48281
-464372
-113892
483387
-354891
-592141
666308
189260
-204669
-855814
786183
-267673
-971558
-915598
774592
-974984
-890771
633502
569463
-47303
349341
666207
345280
99212
132906
-724552
-775198
-94201
-512547
837748
50742
-615850
572618
-836595
117659
-473091
581651
-161103
155290
5863
923327
-744596
356200
-184642
683565
-731113
617255
140048
68841
714684
397754
-300817
-387495
904766
511991
608080
677230
484270
-662301
-602836
-96663
-534732
758952
-135957
-646892
-384630
-806540
-805494
-41938
318551
544366
105048
-178854
-918003
343253
-939619
555345
-522734
674912
953539
817673
-231246
570921
-103303
511004
-589716
-84126
-865263
575602
-658096
950604
326875
-399097
373885
-11151
-818126
-678556
-66256
-733260
725905
128499
-204181
-45893
19265
536107
-51650
901567
-939717
-385042
302478
-807312
-392760
11940
-878155
853833
-418554
-509195
696594
946577
-539454
-183193
29351
-652658
-906148
362639
-938846
-199132
926665
114739
-844271
-517142
890305
575412
-75487
521858
608551
-997515
816428
-672208
124024
202834
700661
138766
-519005
940964
211387
-927821
36173
867374
-229624
243794
539751
-138612
913659
621245
619366
-8491
700516
-250910
-585184
-949628
-921062
367958
180065
403706
255036
874520
-871560
-420763
894550
145302
298202
-719385
548723
219505
651164
190170
-317744
-936509
-645055
-646517
-942598
-932259
-787203
990578
793288
974115
341706
-653144
-1217
974715
294575
-645027
540619
-482908
295550
716920
324755
-147297
373518
-945983
-956885
751149
-402679
785038
25030
836883
213899
925237
-954592
434433
644358
293691
790114
-22236
968639
173471
369911
933058
-247540
842287
-221225
-475892
436675
-335029
-975503
-972425
711931
-167804
-960698
-28168
-617688
-436600
899114
-237448
-186168
-27690
428475
-900375
-478357
233162
253868
940911
-24085
311016
710307
523792
136147
-622938
267177
927264
688474
-838178
160444
628782
-288161
682828
941238
653951
996401
-522708
-289373
-837294
469349
165680
627082
-690043
-248713
-987008
903652
213169
-56862
-49940
720991
561335
-872720
-436683
825183
-774230
742286
-461572
-303050
-157700
-173979
-755982
-564180
378759
-917840
720073
-971857
-467757
-66422
-307011
-462020
689347
-190892
-454379
278372
463931
128693
247484
-336784
974371
-835111
-201686
866368
560046
-99120
689578
-357418
-917500
-808999
509662
-296216
679213
243211
285792
-773525
-791601
-262637
-792598
-687839
695793
72341
-315412
-629889
-643089
-473340
-265934
352683
402670
982485
-137214
-445743
-980128
-61737
653545
906311
774461
907613
61007
170072
-85705
790011
-989191
-480627
373240
698042
-65691
238926
941279
-17675
-380093
-342430
452919
750120
202066
-305252
243571
662580
-186038
978506
312220
-524174
-684297
-866930
-51095
-271542
-10756
-576781
447924
-47332
-799328
566888
-523237
-759019
252664
-202139
123729
-474282
918647
-547062
207607
-563202
-525487
-69722
-600107
-843362
22853
-823839
940287
775181
-103428
-417648
-176388
348313
623023
36458
-405898
-497581
-732286
997521
869335
-315705
-567892
-724250
353764
553307
-86143
-249492
-617273
-795318
-961268
-32380
376331
-913700
489059
178120
102946
-1856
-567166
-662344
-100209
484814
970869
-720121
-575209
-633250
-367239
-451151
-719495
562589
-292567
-820013
-308539
-682093
576498
-601491
-754792
-200690
-328003
638182
-665316
450392
-496672
755058
-889515
550599
469942
-169744
-603155
167992
-812347
-887098
-355744
20465
266639
512754
-814928
-843914
773437
-190310
960308
-920970
-527153
-469805
-823511
-380683
-753953
512396
843511
604390
-730944
344419
992802
168535
341937
-32574
-593868
968763
601103
706396
994228
-2494
44156
679811
840221
654171
-22632
-92471
795265
219079
-900427
720723
-33824
-888192
-346193
-550535
884328
632962
-940921
-281543
29724
524624
843918
-857607
433643
664139
377752
741722
703654
279845
-297582
725796
318196
-960802
390078
64234
991144
854320
355108
-680197
-683949
-165515
597978
-212670
604327
437162
-928007
-48969
-999894
-838702
-306466
889926
563725
-995567
-108649
484382
-268997
-116745
-349649
-48218
758801
-632186
284206
338964
-248218
-761554
-584685
-548390
-553451
600581
320359
585628
859108
231854
259866
-286643
841109
-392020
913422
-488266
984546
-329881
-408599
-809550
-939241
-114788
727507
-358554
-721675
288860
651851
-915206
-224262
829058
129771
-164573
-63183
402546
-445864
146681
467965
-402447
-87262
214652
-914839
-311452
674889
820979
98826
-165413
361286
-4660
-358219
-852149
376437
-123384
-431741
-660189
-904796
-959603
-62922
913467
575632
-388441
718776
453264
145732
-167270
-500444
433326
582123
771088
644065
-759661
-193950
-487366
960759
-372400
-542820
-940560
-279225
-967405
-587473
22265
-952465
-103872
682447
-528219
-962034
31444
-102046
384265
180901
282596
391067
-925345
598616
351727
471664
2674
225566
-551088
-632352
723860
-591144
15054
-16124
-985287
-765338
23250
-909191
452785
905712
-97119
-82204
503075
787789
864694
-122096
773203
-422811
712344
-491501
16938
-426842
571842
-951886
287796
-627062
147243
36102
461512
-902113
374395
296190
365304
-241814
-379599
822944
-359327
935833
731244
352275
920119
327693
-491598
-307344
-478483
764209
353099
-427019
247864
-875539
146608
-484091
-976498
-137312
502993
471298
-851753
-779343
-322965
-485888
-748260
-843987
-708540
40987
-386417
-178701
-350426
339848
-633753
-282822
753227
895044
517682
374873
-865958
-641848
896175
647300
623203
-905196
43183
-18181
207660
-418444
-254901
-35760
793314
318825
-482850
321452
-855368
-92972
-331035
-757533
-43616
-855549
-275741
-331331
-637804
745839
289388
-895691
-990308
-95196
-655155
-255871
502212
-56717
-105775
-87839
579675
764793
-809504
462073
365609
-759816
-585898
-612319
819772
-998728
-318894
77284
583336
514216
215262
677149
-963273
456730
-415882
-412262
-569592
-122057
955540
-587575
360693
476851
-890679
-976914
-924181
-193639
-575169
-280568
646497
-82771
-254724
821898
256471
-913644
919440
-416768
941946
-916126
822169
-658597
449060
77922
873657
-423091
-488003
-902819
-630449
537879
844527
464197
-683397
-569494
40054
-40081
486819
357613
-369940
925012
-928786
521276
-711492
521999
-520514
542938
-794075
-366507
812300
747675
893698
-816054
-74963
567874
-115650
-666515
226558
726213
60565
553314
-920462
674182
706949
989377
201180
-45235
340605
909613
-865272
112909
-745577
-999085
-615602
555960
893646
-657436
571399
-600172
-251337
-272873
600463
450367
-850651
-13899
-425917
-498427
372329
931040
913948
212089
-691841
-618800
148309
-793899
860423
962960
858059
-628047
205312
-783796
740598
417363
397486
-458381
509431
-701586
992206
-322361
-794265
-917164
706404
-530222
-606587
-14112
889284
849456
352732
152578
461865
569464
499307
-125357
700023
785578
560212
701193
416272
-500719
-137215
682819
962187
-645019
979766
-598403
-182320
133808
-617224
-43919
-556527
-399260
-6681
607519
-210844
-6329
-770785
256895
-355418
326772
394195
-68118
347572
384305
-75611
-108851
732061
476601
978851
-268629
-180959
418830
-640284
833458
214068
496175
183934
186950
-424114
78008
950638
-910570
870877
498874
820489
-201298
-754039
-301414
368954
922059
-64559
935276
300238
-800881
-244424
-401276
-17031
252342
-165875
-852557
-874495
-152736
668697
-429427
-832599
250397
-202845
-460377
516303
992623
-264702
161237
-872482
-427054
233615
535730
588331
-615205
381124
126848
-988051
-230278
-476648
814056
-181222
69531
-729023
581563
-330169
973467
-267236
958555
-635931
-328817
432315
-276245
-618222
-889741
597332
537254
-250220
-496234
-940129
391850
449709
-312264
-654671
-260222
-864166
-36043
615128
-227496
606349
137868
152169
-508455
-511169
-563570
-466465
-832836
346309
214679
764791
454606
339824
872192
450815
-823680
201345
989287
662187
-798365
601709
824636
559795
116813
-129856
410034
-426513
-738074
924380
45567
42899
-263883
297362
-899857
-246707
-216892
-129276
-305547
-253898
317122
-916146
516678
834034
-304429
-725091
905667
-406648
638137
-845710
448366
254612
-582940
979484
998756
-63583
938238
164384
-571038
892118
860004
660173
442004
-885017
836669
-185485
620691
-676022
250511
-702506
-114247
-884009
-134669
557483
329860
-289684
-38150
985783
-946788
836568
851800
-87444
5852
201610
-976363
504271
251664
-36182
-930675
719585
556501
-887798
-621291
-450931
-312462
742058
-247422
-295740
-598974
285611
-105290
-922731
227525
408048
-168000
511921
737661
114437
227901
-436466
-97697
-423118
-558087
-96052
814766
-59683
-458101
-124053
-799852
-695079
-876810
-456735
-639694
-41069
272202
-162894
-676928
209160
576782
210178
-408338
788439
-315032
-280331
-352864
-828004
-408577
-7330
690704
-31803
-670591
-26037
-277984
-918329
-741549
369763
527530
13897
-369956
241491
58089
-487594
10992
812021
528046
-845394
527594
-573719
-216157
205131
-155966
591425
513434
833039
-900703
480053
-107993
705394
406512
369397
600512
465101
-699796
-934917
-624659
-836931
135810
202617
-315877
-697573
462188
619711
-903021
579235
-875978
520621
-278644
640411
277893
481099
-236466
612771
289444
-580823
591709
224718
323349
-670652
-722552
740387
-184058
325457
-848330
430663
465224
-533792
223981
-791566
743803
-123786
848535
176405
278754
959323
-577169
761243
-394629
-348039
-441560
-137646
-139981
-822140
-404817
10407
-494062
959643
359635
-36879
558091
-177895
-661828
-320670
-360118
-477586
318282
899037
-888805
502250
-906787
574892
-209029
-749801
-113989
-204397
-449978
-879044
-772975
950544
-61073
-712050
-169804
-286417
-763092
47212
676807
798394
-541669
-734655
444967
790853
181345
132378
-424738
-738570
-943920
477228
-473414
-284077
-608245
169780
-146811
-427538
479589
971810
647267
-262066
-908289
-709787
725863
-28874
766539
872783
-163247
620061
609303
-306317
649931
474346
871378
185325
-893292
-345504
814498
-131538
-754470
-377220
699322
-57136
293749
-146292
836390
848890
725697
-151043
131279
368236
-630880
35342
-717866
-463653
-18922
-969809
265706
804125
761416
800138
-36908
-249760
-70645
517623
735028
-385858
-199653
486737
962105
343094
358132
768970
-611384
-312221
161141
-859896
613533
-503035
82115
-25596
-331310
538532
172001
308949
-931205
-273716
416879
987373
713068
958346
304553
-976983
-225669
-842379
-577549
-316684
953615
-251689
31380
-720882
-522896
382669
-830819
766853
562019
591212
-461676
816960
579042
-566279
-441710
966498
970651
-114120
165734
68846
406689
-64580
156380
463918
-436286
-696392
-593373
292690
325043
882932
652017
353105
311650
-20894
870267
-926388
-753422
-722762
746483
955970
-41729
-680265
-293059
570692
-433108
-927718
73471
-843045
-632947
-796018
616785
-897426
-31448
721049
-665872
-337670
891002
624473
-339673
-893434
-721991
47902
685492
12845
-562921
-393908
-796370
-137183
-563884
-921764
-347623
176944
-449822
684754
-748571
421276
-366897
-399339
-422263
382419
-687659
775119
-758705
-44393
166887
-886659
-705830
579546
648974
-848571
-122540
-803670
912296
-892112
-356165
-256549
-325039
-345738
-875723
-977739
-140156
349713
-674062
781599
-960659
-950614
-472413
-99322
108947
293677
-735201
502711
-235398
-636430
472096
-167843
543574
-977471
-657015
394028
967617
491446
-827976
387523
-973843
202968
-50516
-214649
559695
937616
-651849
779855
455364
576516
-213731
345847
-356012
-730702
-193145
-891663
480854
-772805
-197195
783441
-461384
-61676
-992310
-776573
-309072
-897374
-316753
653152
-200604
-341937
951970
-844036
163314
-350026
-715613
842453
815441
-136229
-250197
218910
-207429
133971
-292265
62682
106168
45625
236771
-491327
-364765
140354
110442
-928067
-195765
-795443
-876426
-329466
990528
160315
297191
387594
-109540
-627955
-674231
-572874
-628854
153410
-861151
-610062
-445678
541214
242143
-296382
179459
-790360
-118350
832832
-396297
299101
-577754
859930
-807596
-122232
404493
-489641
330971
373815
281691
868642
-605837
664880
-963706
819903
-128033
355518
783693
501702
-104970
-815774
153153
-600285
575455
415113
453927
-171836
-923696
143680
516912
627771
669523
-984624
-728483
-778501
545460
-89829
-740479
-883853
-928126
-902378
807901
294873
439303
286180
578687
-24971
727676
367298
245638
-195476
-95017
-111798
186285
271646
14206
-790328
106770
805987
-497449
-233349
-42124
-735394
355408
-90209
-966699
403548
-809379
353464
535110
-160647
-243563
-554926
998747
617164
-942242
658
237661
-626197
-497068
951569
-556738
-55520
-782562
-144396
-915576
384751
720944
-475936
771429
927723
122800
-278091
964025
-82841
741046
942081
634015
-647763
66681
722282
-41625
-384066
606697
-448861
11626
857512
694315
167585
-107342
-540361
18865
204930
749927
373857
425592
471499
-930054
-667807
-634192
257278
192290
-513266
-49402
927728
-687881
120314
904762
-88092
-481257
-314312
-518203
-862559
487672
-472128
-698950
-286128
493415
514628
-530488
-642033
-525411
-365019
34613
203500
-943086
-4320
-998574
-524401
-47155
302866
-747633
-865019
403272
148327
642506
343593
461109
104720
-434274
-788412
793471
-135583
-34214
534778
613619
729773
-29077
393374
-814211
211193
81246
445623
957421
-566099
-118830
624883
728125
-579591
502682
402956
-521772
655707
-516205
360875
839315
-893489
-908142
-48586
195404
492649
-834748
763722
-635842
7586
-512826
-850904
350163
235288
250085
311758
760483
-801862
937132
-247578
82773
180872
261777
-262112
995460
14234
35825
558434
647982
772984
779108
861710
576200
-254369
-798458
235510
469814
145620
-991552
-622666
184671
-978575
-314031
105122
-330525
-343812
984179
221611
-269780
-402778
696897
-852308
-84670
-697306
861120
984608
745874
843855
-509226
981877
699654
-380993
530694
-846101
-808896
630358
-418310
32693
-967769
699546
-476139
-875096
79530
120594
637986
805851
-399136
-226375
952125
-39253
-540029
701552
927468
-413801
-47558
-312423
-44756
615646
57946
-135963
-310724
-924340
-423535
413841
-144931
-103229
644611
-599822
-522999
112189
303338
-197822
146938
264256
954891
874196
-604359
733374
-610497
360534
-525915
-428067
510727
216106
601004
514477
851403
514798
-40100
251004
-286549
161899
-625429
-709123
-290155
-166027
-920183
343582
435806
655935
168607
147616
-491827
-738005
-22274
784341
-628716
-964071
524837
-521345
-458883
241742
35221
-435809
710850
-232741
-555168
-320119
-385406
517766
105918
-563150
333565
-601417
631524
894361
-198829
-612428
340185
49215
257073
955555
931272
39298
-688333
475922
-721263
-578952
755348
929595
972655
138385
-373072
152903
893732
706482
219664
541907
933176
28950
466874
763789
-819035
-136515
311580
-675450
443943
-272502
818806
-317852
687257
457607
694983
867559
-536427
-983219
931645
-537355
-284605
666530
-358655
808413
128462
-248157
-297014
-157501
-778222
467389
730012
-507801
-911471
482239
869481
491496
-736150
104327
-437864
-165262
-399036
768425
937121
691771
-251390
759589
-616692
-599777
619766
733243
-550782
628067
-560823
139443
527681
105442
477165
770596
942276
501713
735808
-785836
-707837
721111
200819
505199
-84669
-26081
507669
569846
851141
-329342
620063
2708
31160
996189
-193792
428259
842363
-165275
-509976
-689911
-835847
250083
-803005
213406
989176
-152237
532854
931850
361403
-754802
-817807
212840
71549
194217
693591
90292
-622079
790229
-851616
426177
56346
-209046
962319
-228363
637904
-815583
-814125
702582
25871
748949
-119175
-706433
-32112
379214
-568738
-704344
-159035
777404
-693071
-241740
944076
687418
298899
479455
631763
-943308
441319
827514
-166250
-316903
102272
-221616
224064
208536
-775310
-858770
38510
-646865
74979
-699691
-930689
177701
111604
-179740
722606
279994
-653374
-265222
267721
-907280
382564
-969078
-419538
-962036
496361
203992
191315
24293
-170902
362564
-430320
-50938
-448273
-554320
-925368
-851480
-142013
-923315
4862
70544
999272
-176400
-627836
-793493
-599498
863953
374664
-8301
-775656
763341
557430
-893107
-625840
336284
-640189
88926
-953907
-234625
993135
-242034
542488
658779
746782
236959
-58901
-170904
227045
-283315
-377221
-973826
-284735
-553327
774301
-638098
-276249
726080
-224203
664503
530881
467049
-263373
-360119
-281818
-456219
133238
961210
754325
-646529
710939
510093
-422966
295019
-247041
-239063
-756306
-863214
136765
-746920
735592
570160
513373
-47762
-300557
316556
-162208
755719
345655
286126
591829
645412
-710356
265715
611379
162226
-592850
299492
-155736
-239910
-392561
-496791
904121
-299651
60275
-707403
489314
735407
282383
302868
-423907
384180
731121
-92655
-177216
947847
-255403
159818
-493169
-351202
-883249
-582623
-806383
748363
233852
-131242
-475187
-743491
836288
280753
-949597
-568129
282308
669812
-157304
-50989
989392
833471
-374633
-656259
-772599
-959135
892677
831455
331939
-643117
635679
881099
291487
186537
731613
814543
472278
32937
626255
328539
489580
638052
633582
-462955
275572
978941
-509075
235878
113791
-917206
94355
735383
-237017
508900
234567
-93699
-909876
-39347
577470
269674
524718
-586392
-627316
141780
-431102
25333
-482392
668048
-254557
640735
919864
-589490
160824
382429
111575
224059
-408042
-928527
211223
-640412
861858
-340007
-444640
202334
567252
-50483
272344
979255
659763
106478
228637
-757061
531437
-272239
824534
436188
238103
-79349
-769516
-639428
-786970
-723861
-638335
-561789
-326757
-5271
-961331
954177
-893057
-991343
-11640
326071
-602300
-711476
77454
989133
-77494
869459
-240852
-238904
968022
-380608
629018
-739804
-815827
838592
939245
775271
743435
303935
-467167
-153738
661660
-212571
-795111
-89083
-957786
897311
618104
876314
-833654
947989
-570552
150017
533629
-218436
773156
-477700
778648
-318154
-691526
-747783
-432695
-980143
858942
-110346
820261
567906
-392535
508656
-457227
-986465
-463230
386248
29051
-474847
671662
-57814
-328217
971545
-96333
-660741
708017
437396
-815187
-480376
-667912
-132594
123207
223750
-892204
31100
281669
794637
834793
888897
-406804
-44054
-807084
657555
581061
649755
17780
-952292
620208
738573
-597552
-421085
34778
-356768
-843681
25694
424770
-854376
-378835
-145656
570033
-485365
63786
-478755
-535003
-497232
636588
-435532
-539191
-713547
208904
315390
555070
-725719
482508
362447
-904130
907557
537538
-20664
-524895
42067
183831
345480
209962
-827721
594911
-853618
732308
-608259
-942979
-639542
965579
-534407
345597
-786021
-246162
-6498
-457017
-959822
-226348
339141
-538677
356748
-17779
747053
224619
-191860
-42333
-71267
861227
-613106
377162
-958583
189796
570852
248251
216535
266681
-868212
-319579
458433
199513
495469
-656615
15916
-299580
656064
-900806
-830777
-950060
-759570
-897642
650114
-717947
865064
-954077
-890162
446475
-935237
754739
-887925
644795
-264247
795209
191596
-41175
45499
-160456
240255
-655691
572982
180392
-500099
658788
106781
503443
-701239
14851
476338
-6259
-644932
-35526
-486191
-925521
-568334
229530
258789
896193
249595
-444211
959261
278947
365241
511594
786738
675898
-529610
-754531
495131
-96714
846422
-34061
-804687
-594248
458579
-573
-689887
-311954
870684
821755
-644439
711731
279563
326765
-951355
-321092
71047
-19943
-371249
-806870
937269
627084
-414749
-313061
-853862
556205
-299424
53445
-528032
-227840
-475504
227990
890330
896816
453702
-791504
315959
-601915
-111212
-993351
-533004
-735671
472180
229769
-66350
-463305
-742926
-190793
94467
-589215
-586739
-902885
210276
-557934
-191241
592653
266883
213602
-709970
257943
-324226
174705
127243
-25509
-752164
-196491
790060
-910675
-145514
-874207
956620
862180
-971926
325640
557014
500211
717838
-153581
-765997
852790
-671221
440204
-621509
-669096
447485
119880
-924528
582017
-184418
-702740
-571949
100220
736691
300948
803672
-350408
-5804
-598435
-864534
634322
-47534
-7875
-683498
935850
752523
-38087
-203903
575654
-432721
-561473
559048
820833
-308660
130037
137945
319165
261841
414267
-384576
-781044
-479885
779216
-1569
-7203
118874
937177
433972
660511
-591600
83715
-180976
-540475
85867
399243
-643088
231768
564771
174245
288980
378798
39797
940702
-794610
143760
-846257
-185873
995847
61449
967364
894952
-618732
702069
-902418
848447
-782074
642183
-916384
-466142
462505
-217565
862920
-246112
-682817
-169861
660018
254045
40551
272631
-873231
-877272
393295
727843
-840273
85823
-474052
265659
-162453
971248
-201757
69903
866416
893276
-276438
554339
-393589
207327
371940
634962
531563
-827312
277217
-599650
-642527
333908
-59067
-736896
23817
590470
-980554
-538005
767072
558094
-493785
-56798
478968
15324
-592709
331062
-240141
316392
-789776
-294469
-91267
664636
-40894
-323052
184419
755901
613397
-422549
-455639
-960283
121801
-670651
816629
790441
-456659
-277335
589596
590035
710394
744234
645003
934847
-499051
-73217
699670
231785
349139
-64030
581055
-518452
-477761
-651999
-36072
-291249
-323640
-91386
-65399
-313756
286349
-937907
275178
-145806
175622
-301719
-948996
-37018
-581753
-497132
-604128
-529440
-268239
-130269
692163
-954992
650538
-755339
49798
-717829
-986086
-254694
187844
12917
841512
-488744
-655768
882632
-431981
-436163
-271638
-682750
-950812
435937
-967471
-594147
-419953
143841
-663992
906491
891018
-892067
161970
-864875
-915679
205545
158899
636464
-607032
-493702
-51795
492100
-241132
-295290
706738
760828
631273
-989420
453930
-865878
64517
657000
-973147
420341
609551
-109399
859114
-89016
-376080
-15842
64578
831315
-840799
-234035
208706
-859132
-473197
-833687
552741
811302
-318562
-526534
319705
724976
-298557
-5105
811306
267902
561173
755082
-849519
-167924
-551054
-628496
272500
297966
297423
-114835
535839
332920
149175
14294
131563
-409772
197853
242226
-364973
-974588
99345
12863
-897658
-164812
922434
163386
-286111
-406278
242961
58332
541971
-179810
-992853
-155250
-124907
-939667
-322738
-871931
-651332
-365813
-14197
-151845
-724937
-704670
942715
-573509
-257226
-266124
71907
981979
-103209
459275
817389
699836
693705
-790653
962216
-211453
727655
818030
-90252
-706574
-824445
930934
-556652
325520
-407331
538970
584048
-948942
527033
-683553
304381
-71269
804943
-775648
909810
735897
-168176
-842978
784108
-889879
341793
-956596
-804131
191963
245348
-607438
-516174
-981847
505029
-771583
985159
328044
595219
-931649
543354
-17274
-502309
-464690
-571560
-681090
-820893
916982
-521139
841551
-783873
283241
-446031
-724060
961425
-507885
262379
452840
813045
-443502
838494
144388
-173004
-922426
-638689
-454509
-114433
-137522
-42889
-922356
39160
-512843
-332556
-351578
359545
-363320
-477911
247973
-119082
-783872
296044
-218568
-373234
-427720
-444494
-910603
1639
-375288
-983085
-886596
670615
367376
577729
-910498
305316
-525936
-808300
-291555
905979
240078
-165692
-965203
-396456
-778134
698728
-793574
815519
798794
44431
-62186
856496
-392861
-972372
315282
835759
703631
-416418
-424454
720022
-655723
657527
629499
-856355
-791280
379031
600064
430947
-534653
216396
502746
-787160
999819
978539
413237
498193
-35146
343441
-11205
12441
-191233
-913593
260212
440673
353318
-736607
39099
730715
-263762
389337
63394
-36458
678980
560180
-464653
-992631
-305955
381978
334674
822193
-320935
422155
585419
684106
213912
-417950
400978
-791469
-993031
869824
-205260
-132393
-495653
291434
-793304
-955296
-993349
565465
-735917
349335
-476346
-134410
166412
949878
-132125
-269297
-844719
878673
-373331
46343
-689778
278208
844192
-393888
-600663
-880643
695358
598838
-13346
-856900
778544
361134
-461240
253449
-955400
141165
836912
-763583
-956516
-830164
-572495
537514
599206
-579085
169291
739051
321274
-967271
-125224
772860
654391
-761661
754702
297168
-303682
914917
-9249
235191
346842
324283
452644
-760291
-943589
891096
-222745
250140
188055
894341
550603
-560395
-891491
744225
-831983
643196
-959914
-425171
-513033
824668
632565
371413
762829
507193
-502334
87965
-338443
-675946
115333
867136
525794
-59243
-171334
-754343
-633641
536925
63966
-324997
-757125
-499110
523520
886719
736510
-959962
-823720
538310
-296771
-109027
-248345
781883
-384571
252424
573428
-848422
53700
832075
714893
739170
293182
-742579
-671811
-696588
717234
-273847
-919838
296590
-445627
-152733
770264
144332
848003
559272
-378272
-217359
852247
-718990
996291
-782529
-27206
-708847
599407
-741938
225337
-106249
79816
-225061
-67307
-812523
-928910
-168458
774882
-381982
189489
-708931
-31231
-546722
300857
-468691
621439
-136453
637993
-469824
293986
329615
-368607
-6764
944298
119267
344485
992696
-396658
-661695
787360
-213294
662260
742524
-802095
-39237
-933793
-694365
310816
-116777
-500904
981428
-117719
810371
552737
517362
546430
-20245
-935672
33781
-718411
-560403
-344413
80127
-612322
308507
645705
773894
539015
-837878
920989
752555
-39082
-829459
3594
-427036
82890
-371520
358088
317630
645032
-944046
492928
364030
948703
629838
767881
907336
-631664
776195
-694112
318386
-827743
449739
-136290
-770094
597593
902082
315282
148550
-456563
318695
738284
551171
90938
-548771
-697827
961696
-590300
-394143
-804539
745132
-515109
631501
941675
-490806
827888
384969
877327
818239
-279954
602639
211131
285353
-656346
702096
961635
-597541
-588389
848975
-322000
-83921
739964
812968
881329
-902161
-796473
-256234
345982
-507936
-753065
22672
-924138
227905
-888723
-828272
236093
-266791
-662445
-321582
-976076
-224166
-828811
927337
735562
526869
-790937
-767028
-94660
704291
-761038
890513
367019
-31782
-349408
240436
-178651
-801279
823515
693498
157143
105324
499648
-663550
-282547
-635440
-489837
-888663
-982042
-51937
-903339
-677085
-586456
-605514
-859742
559777
-924731
-361746
-375913
768431
757136
838693
747995
-199248
-300837
572632
905418
-656888
-732427
935780
899887
906506
-773695
-172175
220607
-832172
688882
-124403
-277622
-713747
319043
711223
-62652
353259
-301541
261673
-845311
-891970
-578889
-978627
942645
439989
-397120
776408
-124110
-472913
796285
-784564
-937180
-179427
534819
612916
-584568
-399843
-99811
174739
692912
213814
219255
-321207
115184
-748673
-943437
-939129
-379147
298972
-184583
-562311
668234
830056
-557507
808557
-473464
-805079
117422
85721
585194
-113034
-594630
-477971
634593
705653
513815
171111
-919639
962481
482597
369667
788281
-967592
-549392
-593189
-458827
-952537
972185
335655
-435214
908435
665726
-905707
-881457
210106
757176
996299
465136
-637552
124539
-690053
458228
526945
701333
-654433
-839715
-843011
114888
606926
-945451
794017
-486157
560793
-401772
-324315
-611165
317483
176775
-613367
-351747
790797
-367064
511331
772909
-490589
168824
65632
988052
-914220
794815
-640500
-69655
-392183
-915436
-140248
-460605
628862
639240
-113196
994918
488612
364301
79774
901992
200146
-204873
-19045
277678
117537
-868548
-909920
452288
-15030
-136986
980393
-550941
348797
365968
-296179
758834
-270514
-266593
722608
819720
-78858
-748758
-948105
872048
851689
753589
489781
22150
25709
-121980
-995818
370280
-457783
-535724
-63643
-263989
101024
874073
876271
-855344
-424882
-136543
205899
-383734
701370
-14650
491398
548748
625817
675461
-261654
601114
710031
534490
285022
968803
-722186
-880688
476868
113907
450561
66686
-886871
-877637
-691213
488554
455758
-119839
-59450
306089
-685211
-343518
-684682
786295
226236
-214783
93145
-808517
734765
-991059
-975878
-727258
86450
44231
-699178
-579178
-463981
74097
870917
490856
60194
723836
336514
914615
-126572
146193
-364883
-559942
479321
-937181
225432
-800748
-417978
537029
491855
610295
-220019
-577612
-808779
931399
-544319
46696
-463554
403877
-379474
834773
-14766
409991
-960184
-213291
-574992
-320972
523953
-311801
-147227
203839
-989726
784687
-602304
-441772
550632
668168
395179
131745
-280798
91820
259703
-844914
-916201
-721279
-361349
948297
-215239
660173
488641
-764926
34934
869889
-310504
-857001
153805
950244
-305703
839988
152803
405033
-597803
-269032
768431
-213926
-381002
502187
506182
459862
-153771
-293469
921638
-926974
-858338
-43216
658844
-676781
-300242
-591869
186954
112515
453862
-35527
311118
15844
810186
-540970
-814885
564059
-432445
184119
311313
814307
23294
-487425
-93355
-211508
-471477
-721420
-105996
980270
253662
192769
285079
1076
475315
-601639
-517806
705971
799069
-105961
862477
9293
-745071
-486387
-131016
581193
-205912
-141588
-675952
229050
160817
424737
-983310
17678
75751
939464
679232
-175561
626928
669951
-192472
846278
948783
-871807
-141355
-101432
-296227
-436360
-143771
-193628
952358
-248362
389806
273328
707833
590557
106913
-463883
460950
483482
-42475
929691
-87703
-533654
90887
-281937
-144146
487088
-256466
487412
409605
754303
