1000
998962
997210
997058
996064
995953
995242
995107
994584
994241
993930
993613
993570
992739
991782
989069
986566
986393
985618
985425
984700
983591
981779
981620
981041
981036
980959
980958
980245
979623
979487
979070
978428
978132
977962
976747
975563
975075
973254
972657
969945
969328
969118
966960
966780
966127
965233
964736
963804
963273
962586
961893
959799
959057
958343
958276
957938
956045
956023
955787
955013
952988
952953
952105
951931
947900
946717
943939
942542
941041
940339
935748
934759
934484
933171
932902
932723
932068
929215
928831
928638
928432
928407
926573
925355
924138
923866
923368
923042
922308
922071
921877
921768
921672
921660
918785
918208
917328
916724
915177
915011
913660
912029
911273
910618
910463
910187
908930
908091
907842
906963
905401
904672
904195
903743
902882
900433
898773
898637
897858
897031
895657
894865
894496
892568
889959
887913
886332
885559
882606
877458
876167
870865
870820
870186
869701
868548
867184
866141
864353
863552
862144
861185
861016
860869
858135
857409
856399
856298
855122
854871
854659
853610
852490
851207
850706
849627
848283
846867
845420
845360
842654
841753
840136
839481
837582
836279
835529
830942
829963
829749
829131
828710
828486
827327
826806
824059
823237
822424
822181
821244
819466
818724
818501
818403
818121
818032
816236
815631
815338
813279
811998
811525
811208
808765
808639
807349
805955
804998
804935
804170
803525
803442
802879
801238
800594
799738
798712
797469
794747
793770
793185
793003
792682
792231
791205
790401
790232
790097
788328
788035
787633
787173
785211
784506
783958
782181
780048
779730
778460
777980
777208
773952
773767
773624
773304
772586
770843
770646
769090
768243
768221
768160
766595
764759
764128
764072
763903
763583
761812
761007
760361
758807
758235
757296
756171
755546
752034
747104
747102
746733
745566
745534
745528
745039
744288
743675
742254
741986
737991
737771
737622
737519
737180
733930
733832
731606
731528
731292
730710
729379
729037
727306
726698
725890
721012
720934
720433
714454
714384
711648
708782
707513
705633
705290
703904
702041
701953
701470
697236
696737
696157
695414
695224
695033
694236
693881
693694
692687
691063
689207
688318
687906
686897
686052
685429
685334
685002
684985
682702
682466
682133
681703
680201
679835
678728
677671
672777
672408
669874
669821
668156
667971
665990
664490
664198
664075
662043
661779
661399
658290
656512
655813
654317
653837
653666
650790
650018
649764
648804
647607
647526
647038
645581
643765
642010
641490
640591
640415
639541
637670
636643
635397
633178
629775
629103
628233
627579
626879
626478
626224
626133
625974
624003
623710
622767
622596
622474
621468
620505
620406
618677
618086
617651
617325
617261
616323
616252
615859
614736
611485
611078
608856
608806
608166
605862
604540
602892
602857
602600
602336
600481
600267
598134
597729
596870
596516
595903
594419
593804
592208
590969
590795
590770
590449
589713
589615
587495
587458
586974
586454
584416
584121
583999
583149
581885
581846
581826
579091
577963
577837
577767
577275
575928
575072
571635
571566
570981
569862
568996
568055
567833
567218
565187
563283
562555
561715
559659
558838
557790
554076
553803
553553
552969
552875
552614
551516
549977
549300
546933
546670
545592
544753
542820
542410
541972
540981
540845
540089
539488
538425
536070
535137
533073
528950
527776
527110
526926
525841
525353
524550
521509
519636
517364
515785
514434
513539
512385
512243
512086
511675
511387
511139
510891
508655
508228
506373
506364
505215
504904
504327
502847
502285
501687
501438
499987
498566
497421
496015
493549
493148
492120
491869
491109
490954
490013
482842
482781
481305
479438
478232
476480
472762
472328
470077
468683
468314
467987
467581
467030
465947
465360
464622
464452
464063
463588
462085
462051
461796
461642
461210
457217
453574
453192
451770
451486
450929
449604
449423
448113
447357
446418
446243
444981
439375
438031
437799
436348
436128
431638
431175
430128
430086
429869
427683
426122
425753
424898
424147
422784
420541
419825
419782
417646
416345
412699
412485
412057
411806
410897
410630
409173
408667
408306
407921
407607
406908
405494
404341
403753
403641
403516
401921
401257
401121
400960
399832
399289
398985
397904
394071
393168
390975
389415
388628
388226
387627
386855
386494
386260
384395
383929
382687
380490
380152
380111
379312
378886
378739
378015
376685
376552
376498
376188
376155
375694
375070
373259
372680
371221
370967
370842
369914
369783
369669
369310
368003
367104
366498
361793
360081
359626
358909
358881
358144
357686
356734
356588
356545
355528
354956
353523
351587
351176
349956
348454
347307
346319
345892
342527
341635
340811
340189
337154
335215
334328
333848
333442
332630
329627
328895
328797
328312
327809
326768
326697
325168
323751
322836
321928
320613
320113
320033
319964
319812
319477
317907
317486
313145
309003
308678
308128
308046
306360
306098
304087
302956
300650
300038
299945
299148
298948
298585
298313
297952
295793
295757
295329
294766
293623
293549
290795
289351
288954
288942
288286
287931
287675
284904
284548
284077
283802
283664
280583
280528
278846
277787
275424
275176
273622
272937
272718
270556
269751
269689
269638
267465
266613
266574
265353
264916
264787
264781
264467
263884
262079
261326
259507
259148
257339
256922
256757
256683
255336
255002
254930
254285
248176
247775
247186
243961
243328
241952
240330
239829
239637
238538
236730
236695
235366
234991
233096
231520
229420
228765
228494
228283
227423
227348
226360
225900
225616
225271
225170
225002
224444
222950
222904
222488
222083
221180
221157
220638
220284
220232
219850
216778
216298
215352
211298
211170
210873
210576
209973
208767
207460
207118
206058
204028
203365
201150
200101
198350
197258
195127
195022
194689
194503
193095
192614
191326
189985
189888
188217
187035
185267
185153
183811
183679
183159
179966
179861
176015
175561
174681
172156
170420
170340
169773
168392
167420
166187
163949
162878
162577
162239
162057
161625
157954
157876
156016
155706
155524
152918
152725
152185
151955
150223
150154
149236
148160
147447
146663
144647
142343
141200
140669
140528
140104
138380
136647
136366
136264
135984
135195
134851
134144
133909
131348
128874
127793
125155
123371
122105
122075
121124
119347
119328
118008
117938
112558
109434
108570
106603
104920
104598
104183
103612
101813
101330
100592
99247
98567
98450
97996
97940
96539
95315
94845
94657
94123
92657
91919
90427
89588
89468
88612
87906
86225
85707
85321
84951
84809
83160
82959
82945
82151
81953
81946
75576
74650
73791
71261
71134
70670
69770
69455
68928
68256
67829
67532
66575
66364
65187
63325
62765
61581
60956
58368
58300
55216
54582
53223
52963
52906
52016
51420
49222
49057
47516
46120
45725
45340
45220
44900
44571
43144
43052
42093
40652
40180
39474
38444
38414
36259
35357
34514
29463
27624
27204
25682
20254
19869
17642
17457
17302
15090
14510
14283
14060
12231
11868
11866
9628
9276
7361
6405
4059
3655
2858
1282
