10000
999971
999955
999935
999860
999553
999316
999227
999210
999035
998932
998896
998777
998757
998616
998610
998425
998367
998312
998209
998139
998083
997983
997981
997971
997939
997824
997672
997535
997493
997470
997320
997234
997182
997103
996987
996936
996896
996869
996796
996674
996637
996571
996514
996507
996379
996368
996314
996246
996218
996106
996071
996013
995949
995660
995634
995610
995530
995526
995406
995290
995123
994932
994789
994749
994596
994553
994551
994544
994535
994504
994480
994184
994005
993865
993770
993708
993597
993579
993384
993330
993186
993148
993078
992998
992996
992948
992831
992794
992696
992688
992595
991662
991292
991089
991043
990896
990726
990677
990117
989984
989965
989887
989742
989681
989674
989657
989611
989523
989420
989263
989224
989217
989102
989101
988996
988977
988909
988865
988855
988764
988736
988609
988418
988318
988295
988114
988025
987843
987751
987659
987576
987504
987295
987001
986652
986586
986229
986184
986129
986049
985956
985641
985585
985489
985440
985423
985331
985295
985153
984988
984684
984646
984590
983826
983772
983730
983570
983290
983285
983216
983170
983151
983119
983113
983033
982964
982871
982851
982836
982604
982323
982309
982107
982011
981859
981794
981728
981471
981329
981227
981204
981200
981182
981137
981033
980870
980755
980730
980717
980708
980636
980447
980411
980178
980080
980072
979882
979798
979780
979660
979452
979443
979442
979416
979120
979030
978922
978865
978817
978776
978766
978731
978715
978573
978501
978482
978473
978355
978299
978197
978042
978001
977987
977922
977776
977447
977344
977318
977271
977263
977194
977077
976973
976668
976634
976567
976477
976412
976359
976329
976284
975769
975718
975484
975430
975283
975270
975265
975251
975014
974977
974851
974736
974559
974528
974412
974307
974271
974222
974202
974143
974128
974098
974020
973763
973655
973631
973455
973444
973436
973355
973343
973280
973215
973127
972996
972969
972842
972626
972623
972544
972444
972401
972344
972195
972190
972120
971980
971756
971700
971145
970992
970847
970807
970738
970542
970345
970315
970246
970139
970107
969908
969732
969296
969003
968890
968835
968623
968560
968424
968355
968204
968136
968098
968065
968051
968045
968016
967977
967863
967770
967648
967566
967443
967192
967157
967134
967122
967117
967074
966912
966899
966804
966774
966655
966615
966534
966510
966481
966444
966396
966177
965792
965586
965397
965367
965284
964880
964697
964456
964446
964294
964203
964140
964099
964095
964062
963994
963980
963980
963955
963903
963878
963843
963803
963678
963662
963643
963494
963399
963279
963274
963175
963051
962938
962922
962801
962800
962770
962696
962608
962464
962350
962223
962208
962122
962052
961950
961868
961849
961617
961386
961299
961221
961054
961046
960957
960946
960614
960606
960537
960491
959959
959943
959879
959613
959583
959393
959343
959007
958986
958863
958841
958645
958483
958468
958368
958264
958257
958256
958209
958169
958128
958008
957935
957922
957858
957536
957535
957517
957503
957231
957206
957144
956732
956711
956663
956536
956531
956388
956289
956257
956208
956128
955902
955654
955636
955595
955423
955282
955271
955135
954971
954916
954717
954632
954533
954465
954181
954147
954132
954097
954048
953937
953937
953936
953828
953811
953679
953451
953447
953182
953172
953081
952871
952593
952408
952325
952065
952015
952005
951954
951931
951713
951569
951550
951444
951430
951364
951315
951304
951293
951173
951086
951026
950786
950684
950410
950252
950148
950103
949959
949934
949852
949766
949641
949602
949482
949284
949268
949195
949173
949166
949105
949100
949056
948922
948808
948576
948544
948376
948300
948054
947944
947747
947708
947700
947565
947552
947514
947511
947436
947208
947172
947142
946928
946833
946523
946462
946365
946363
946300
946149
946111
946039
946031
945884
945845
945731
945619
945387
945294
945240
945230
945197
945191
944952
944929
944897
944868
944768
944642
944561
944556
944378
944304
944129
944103
944102
944059
943953
943700
943325
943020
942919
942860
942657
942512
942454
942439
942401
942323
942297
942273
941899
941892
941786
941713
941532
941168
941100
941068
941057
940793
940751
940742
940414
940398
940390
940100
940080
939913
939887
939787
939730
939721
939657
939542
939492
939489
939310
939293
939183
939182
939017
938984
938962
938954
938922
938729
938601
938567
938538
938520
938468
938446
938390
938330
937808
937721
937719
937559
937526
937453
937396
937383
937368
937211
937128
936986
936849
936742
936656
936608
936593
936588
936541
936496
936488
936364
936332
936236
936129
936111
936099
936021
935989
935975
935928
935923
935816
935609
935534
935455
935381
935377
935325
935299
935088
935001
934935
934867
934864
934682
934645
934634
934607
934596
934416
934149
933801
933757
933454
933453
933449
933402
933149
933110
932971
932962
932895
932796
932747
932732
932678
932646
932612
932407
932388
932262
931937
931702
931684
931600
931571
931480
931422
931182
931008
930947
930933
930855
930832
930776
930752
930708
930682
930506
930486
930225
930188
930147
930085
930050
929698
929670
929659
929644
929595
929475
929400
929008
928845
928706
928678
928648
928608
928575
928520
928512
928465
928457
928407
928398
928387
928339
928304
928260
928033
927825
927685
927623
927582
927449
927377
927341
927296
927282
927264
926806
926787
926744
926599
926549
926368
926261
926201
926098
926029
925824
925735
925684
925672
925613
925612
925575
925557
925534
925211
924998
924993
924969
924912
924911
924736
924629
924481
924480
924300
924257
923966
923954
923952
923768
923697
923614
923249
923244
923197
922943
922743
922689
922456
922411
922408
922092
922078
922078
922041
921966
921908
921888
921661
921553
921506
921382
921109
920987
920676
920562
920278
920052
919990
919843
919809
919781
919673
919641
919571
919326
919267
919230
919199
919049
919036
919022
919018
919016
918822
918713
918440
918310
918296
918202
918163
917919
917735
917498
917488
917480
917331
917312
917289
917143
917129
917084
916864
916661
916660
916462
916208
916173
915591
915550
915411
915357
915328
914926
914670
914668
914645
914053
913792
913643
913634
913481
913123
913002
912901
912901
912785
912597
912507
912448
912209
912115
912086
911815
911652
911385
911322
911299
911247
911081
910882
910816
910740
910514
910436
910376
910366
910258
910218
910015
909927
909878
909744
909608
909257
909247
909062
909030
908957
908759
908748
908594
908533
908428
908414
908221
908151
908141
908054
908000
907993
907948
907942
907882
907843
907839
907639
907502
907354
907327
907325
907301
907180
907145
906900
906894
906365
906100
906014
905941
905903
905762
905670
905611
905423
905369
905148
905105
904941
904814
904677
904657
904623
904551
904477
904176
903879
903852
903603
903587
903521
903325
903148
902839
902608
902358
902312
902289
902227
902098
901947
901864
901784
901661
901547
901412
901358
901171
901030
900993
900616
900461
900243
899936
899907
899692
899429
899211
898977
898800
898770
898689
898642
898601
898471
898413
898378
898359
898273
898207
898092
897979
897873
897872
897820
897650
897560
897429
897424
897323
897211
897025
896979
896867
896791
896777
896697
896678
896579
896532
896431
896211
896114
895999
895795
895762
895739
895727
895594
895592
895565
895499
895412
895245
895186
895132
895095
894906
894707
894472
894411
894362
894335
894206
894126
894086
893906
893877
893811
893731
893572
893503
893343
893256
893254
893225
892534
892314
892184
892130
891978
891909
891827
891820
891813
891759
891735
891452
891405
891388
891018
890962
890877
890799
890713
890674
890645
890596
890460
890341
890104
889805
889709
889603
889482
889368
889366
889282
889248
889134
889060
888813
888701
888510
888359
887990
887900
887724
887497
887439
887389
887222
887114
887008
886980
886950
886927
886912
886876
886696
886549
886539
886317
886307
886269
886066
885887
885883
885750
885714
885613
885244
885158
884981
884903
884817
884476
884476
884253
884128
884052
884035
884007
883907
883843
883798
883739
883648
883557
883230
883067
883058
883058
882947
882732
882667
882626
882590
882505
882409
881827
881807
881494
881397
881340
881219
881053
881006
880797
880758
880685
880590
880531
880448
880386
880363
880321
880112
880098
880031
879961
879852
879627
879624
879607
879589
879369
879173
878820
878554
878289
878262
878250
878239
878190
878107
878023
877924
877841
877788
877758
877757
877754
877465
877127
877071
877019
876947
876906
876851
876783
876719
876671
876574
876402
876325
876217
876202
876135
875998
875879
875732
875726
875647
875616
875609
875561
875480
875442
875352
874975
874956
874924
874920
874851
874793
874779
874587
874501
874469
874426
874350
874340
874157
873824
873541
873520
873501
873451
873312
873298
873007
872894
872881
872549
872530
872441
872431
872420
872233
872216
872200
872129
872093
872016
871992
871982
871942
871906
871787
871569
871509
871366
871244
871003
870872
870649
870592
870480
870257
870160
870047
869961
869883
869857
869827
869684
869438
869384
869287
869266
869097
869091
869067
868909
868855
868756
868752
868742
868711
868705
868675
868636
868603
868443
868434
868343
868274
868232
867991
867959
867942
867666
867619
867572
867236
867129
867070
866962
866898
866846
866722
866571
866489
866457
866452
866414
866295
866270
866215
866073
866041
865981
865719
865544
865530
865346
865218
865127
865080
865070
865066
864717
864624
864535
864431
864338
864335
864167
863997
863918
863910
863878
863729
863726
863680
863677
863669
863354
863340
863269
863091
863055
862957
862899
862891
862693
862649
862585
862559
862501
862468
862449
862387
862361
862255
862252
862224
862172
862167
862153
862112
861830
861735
861581
861404
861349
861326
861307
861183
861171
861151
861103
861013
860819
860805
860743
860400
860283
860143
860141
860103
860043
859873
859728
859689
859517
859416
859405
858792
858680
858636
858351
858340
858299
858222
858222
858217
858204
858201
858151
858148
857851
857837
857682
857489
857486
857416
857204
856982
856811
856804
856689
856396
856160
856158
856125
856000
855943
855900
855789
855766
855702
855698
855669
855551
855502
855138
854856
854624
854532
854531
854340
854268
854154
854029
853967
853921
853655
853639
853435
853315
853219
853175
853161
853129
853122
853007
852911
852777
852666
852598
852459
852426
852295
852274
852041
851844
851829
851795
851738
851737
851605
851411
851340
851090
850961
850924
850815
850588
850582
850496
850154
850081
849962
849915
849573
849507
849484
849375
849137
849056
848973
848852
848767
848706
848677
848621
848420
848398
848262
848204
848104
848095
848084
847907
847678
847604
847523
847275
847150
847135
847119
846970
846969
846741
846725
846671
846660
846340
846328
846187
846182
846095
846040
846026
845572
845538
845431
845398
845271
845240
845005
845003
844894
844846
844804
844779
844733
844471
844326
844308
844243
844212
844191
844164
844148
844036
843768
843736
843699
843690
843410
843326
843289
843085
843080
842969
842930
842923
842901
842877
842764
842735
842671
842630
842540
842497
842328
841864
841855
841822
841560
841477
841377
841144
841069
840943
840884
840815
840772
840743
840639
840635
840532
840381
840151
840123
840107
840097
839808
839767
839684
839647
839461
839409
839329
839185
839062
839043
838864
838609
838446
838387
838322
838216
838036
838035
837860
837820
837779
837639
837512
837436
837304
837188
837171
837116
837010
836962
836902
836850
836594
836541
836533
836420
836238
836208
836198
836143
836090
835973
835904
835895
835750
835710
835688
835569
835535
835525
835496
835487
835480
835322
835256
835251
835115
835113
835057
835011
834981
834887
834884
834722
834677
834556
834416
834235
834165
833704
833703
833646
833392
833320
833193
833105
833002
832918
832903
832865
832820
832781
832746
832518
832263
832249
832039
831698
831638
831612
831427
831425
831292
831262
831233
830955
830947
830839
830725
830697
830462
830421
830208
830167
830107
829896
829861
829790
829514
829488
829459
829393
829391
829365
829306
829287
829135
829108
829099
829059
829043
829040
828962
828943
828663
828531
828286
828053
827904
827869
827866
827416
827323
826960
826941
826929
826918
826832
826802
826590
826573
826495
826468
826413
826330
826321
826298
826163
826115
825994
825993
825682
825542
825454
825438
825150
825073
825066
824916
824879
824834
824589
824505
824439
824359
824319
824198
824145
824126
824103
823873
823859
823711
823695
823551
823269
823074
822815
822711
822531
822431
822421
822287
822239
822204
821980
821614
821607
821337
821306
821171
821149
820995
820990
820831
820729
820647
820531
820517
820455
820263
820218
820188
820073
820068
819895
819853
819815
819694
819687
819668
819535
819425
819400
819320
819248
818950
818903
818802
818799
818528
818509
818502
818491
818388
818247
818108
818107
818028
817926
817626
817613
817568
817180
817080
816963
816930
816784
816594
816545
816541
816465
816410
816148
816033
816032
815762
815705
815500
815382
815361
815357
815325
815229
814988
814869
814854
814728
814637
814595
814471
814369
814083
814053
813953
813928
813688
813313
813282
813273
813237
813048
812999
812779
812688
812611
812585
812572
812495
812417
812282
812276
812181
812122
812006
811929
811918
811847
811836
811475
811410
811389
811236
811078
810962
810759
810741
810655
810554
810414
810413
810387
810118
810052
809793
809746
809547
809492
809441
809401
809378
809336
809238
809132
809113
809028
808724
808674
808647
808486
808458
808374
808124
808079
807937
807908
807903
807761
807660
807656
807592
807460
807391
807142
807059
807007
806806
806092
806054
805890
805720
805560
805498
805411
805339
805282
805224
805101
805037
805022
804839
804736
804644
804389
804264
804195
804102
804065
803976
803858
803829
803780
803719
803608
803599
803312
803245
803132
803044
803001
802681
802622
802501
802482
802460
802445
802406
802029
801795
801661
801389
801347
801295
801235
801185
801029
800901
800725
800705
800670
800626
800367
800326
800125
799830
799778
799634
799467
799377
799268
799025
798954
798912
798766
798656
798505
798456
798426
798421
798395
798395
798224
797956
797846
797576
797297
797151
797124
797015
797014
796794
796405
796345
796341
796094
795982
795786
795636
795484
795346
795258
795233
795197
795025
795023
794839
794818
794782
794504
794468
794432
794368
794325
794241
793858
793490
793427
793386
793301
793245
793226
793225
792717
792585
792417
792378
792364
792356
792262
792156
792133
792105
792030
792013
791991
791959
791953
791891
791730
791569
791557
791509
791320
791231
791129
791076
791061
790825
790752
790719
790696
790465
790390
790192
790096
789998
789917
789843
789742
789505
789407
789345
789171
789162
788753
788614
788575
788575
788486
788457
788446
788436
788435
788417
788296
788126
788008
787715
787653
787633
787334
787332
787301
787270
787264
787220
787191
787191
787149
787103
787070
786882
786808
786674
786327
786315
785848
785729
785708
785606
785602
785551
785546
785319
785231
785206
785155
784756
784716
784509
784245
784056
784046
784017
783888
783807
783668
783550
783474
783388
783370
783335
783158
783143
782974
782950
782699
782687
782625
782490
782232
782177
782173
782141
782064
782063
781801
781726
781638
781355
781350
781065
780993
780868
780799
780771
780648
780456
780423
780398
780323
780275
780263
780124
779973
779874
779873
779808
779570
779341
779340
779337
779307
779076
778853
778655
778496
778464
778428
778262
778169
778090
777925
777866
777857
777587
777308
777300
777259
777245
777021
776891
776860
776517
776452
776439
776212
776184
776144
776090
775989
775981
775974
775971
775645
775603
775554
775303
775246
775228
775090
775086
775026
774835
774596
774556
774290
774278
774253
774181
774157
774096
773891
773693
773639
773593
773567
773450
773226
773091
773067
772929
772858
772842
772819
772772
772725
772637
772626
772540
772302
772214
772210
772164
772137
772083
772031
771967
771878
771794
771703
771634
771530
771466
771214
770855
770821
770717
770610
770303
770252
770251
770105
769993
769822
769765
769664
769384
769384
769227
768980
768876
768844
768708
768633
768571
768424
768250
768237
768090
768008
767945
767927
767692
767637
767606
767361
767202
767153
767140
767107
767079
767022
766926
766632
766623
766555
766530
766291
766260
766051
765775
765302
765230
765176
765154
765031
764957
764948
764875
764809
764767
764755
764643
764616
764516
764512
764384
764302
764223
764204
764149
763702
763419
763283
763219
763217
763209
763206
762911
762841
762766
762713
762642
762641
762505
762221
762126
762017
761989
761980
761627
761568
761532
761523
761516
761506
761425
761411
761402
761329
761328
761302
761291
761207
761204
761067
760928
760842
760834
760705
760667
760620
760533
760532
760532
760467
760458
760388
760293
760247
760194
759916
759831
759761
759332
759084
759069
758994
758959
758857
758704
758441
758435
758312
758258
758039
758004
757979
757707
757665
757474
757427
757363
757288
757271
757178
757139
757136
756861
756674
756489
756473
756458
756427
756258
756124
756067
756046
755838
755780
755677
755668
755587
755562
755527
755439
755418
755238
755180
755105
755000
754948
754901
754811
754694
754406
754286
754210
754167
753989
753902
753869
753799
753735
753584
753560
753475
753426
753398
753329
753252
753173
753028
752975
752745
752723
752673
752667
752525
752512
752483
752100
751988
751962
751759
751632
751571
751551
751514
751420
751401
751355
751317
751275
751241
750889
750848
750825
750786
750758
750599
750550
750491
750412
750337
750219
750108
750098
749987
749968
749872
749824
749639
749239
749223
749146
749146
749000
748916
748912
748869
748859
748799
748780
748534
748532
748528
748486
748267
748105
748055
748054
747882
747730
747717
747711
747640
747377
747325
747317
747284
747164
747029
746989
746706
746678
746636
746495
746353
746244
745875
745859
745835
745551
745530
745474
745322
745302
745133
745099
745059
745001
744924
744688
744662
744399
744191
744186
744172
744167
744070
743984
743978
743882
743819
743729
743597
743379
743332
743279
743228
743175
743153
743104
743046
743030
742986
742906
742896
742687
742329
742235
742190
742009
741995
741793
741738
741562
741359
741267
741247
741239
741070
740756
740704
740581
740580
740439
740418
740397
740383
740199
740111
740040
739855
739786
739746
739566
739560
739445
739404
739394
739059
739034
738662
738518
738472
738470
738443
738401
738369
738334
738218
738178
738089
737915
737881
737850
737637
737463
737354
737311
737297
737010
736958
736849
736748
736583
736472
736452
736343
736110
736090
736071
736028
735211
735155
735060
735050
735048
734833
734676
734579
734522
734393
734284
734166
734117
734034
733838
733752
733742
733726
733533
733505
733467
733384
733381
733235
733230
733121
733119
732714
732627
732576
732494
732440
732413
732334
732321
732296
732197
732053
732012
731964
731934
731903
731846
731833
731732
731651
731411
731401
731363
731328
731293
731277
731222
731164
731081
730793
730757
730686
730654
730646
730366
730187
730163
729892
729869
729501
729363
729208
729037
728994
728952
728871
728699
728617
728546
728454
728419
728419
728356
728158
728099
728036
727913
727911
727865
727735
727602
727587
727390
727310
727177
727084
727078
727052
727007
726941
726910
726906
726788
726751
726684
726620
726530
726496
726406
726016
725915
725913
725630
725495
725458
725425
725397
725278
725216
725166
725062
725056
724984
724904
724757
724479
724473
724370
724364
724323
724319
724300
724167
724089
724065
723867
723855
723673
723560
723547
723512
723468
723415
723133
722961
722757
722713
722397
722392
722359
722345
722081
722012
721886
721817
721789
721563
721460
721434
721335
721233
721144
721040
720804
720777
720756
720688
720647
720618
720520
720103
719956
719857
719830
719745
719626
719580
719573
719570
719535
719294
719203
719041
719007
718945
718927
718914
718901
718772
718693
718548
718367
718352
718334
718275
718259
718045
717874
717780
717527
717389
717383
717234
717208
717164
717082
716860
716722
716518
716471
716439
716335
716331
716258
716239
716227
716106
716054
716002
715991
715960
715703
715612
715508
715353
715185
714745
714594
714534
714408
714402
714237
714189
714172
714129
714063
714013
713913
713902
713676
713657
713515
713421
713406
713402
713231
713202
713179
713170
713091
713049
712961
712959
712933
712840
712813
712791
712730
712722
712661
712613
712565
712354
712219
711833
711829
711778
711671
711142
711135
711103
710913
710817
710768
710740
710624
710572
710493
710458
710447
710383
710269
710193
710188
709899
709888
709475
709293
709280
709150
708982
708756
708710
708437
707819
707711
707616
707513
707400
707330
707328
707320
707270
707162
707156
707144
707120
707114
707064
707050
706854
706814
706690
706556
706505
706479
706386
706352
706305
706248
706154
706112
705929
705909
705777
705715
705612
705552
705504
705463
705239
705139
705093
705016
704832
704680
704508
704423
704392
704279
704245
704200
703981
703800
703800
703750
703689
703651
703443
703313
702878
702840
702828
702663
702613
702540
702514
702497
702487
702481
702406
702198
702010
701737
701579
701569
701332
701321
700962
700949
700920
700879
700759
700757
700728
700687
700673
700593
700531
700500
700393
700229
700070
700040
700014
699860
699843
699704
699427
699027
698921
698863
698856
698661
698621
698498
698471
698399
698361
698226
698159
698084
698020
697778
697301
697205
697023
696842
696745
696665
696484
696433
696287
696083
695902
695793
695668
695604
695537
695533
695473
695218
695202
695146
695116
695116
694736
694634
694566
694455
694264
694098
693985
693927
693643
693642
693568
693335
693332
693256
693248
693130
693074
693033
692981
692964
692917
692891
692855
692812
692793
692667
692649
692613
692556
692531
692517
692316
692294
692268
692201
692201
691971
691916
691831
691795
691791
691760
691687
691640
691610
691609
691559
691455
691333
691223
690949
690811
690789
690777
690682
690611
690571
690404
690312
690227
690057
690031
689988
689965
689932
689870
689863
689839
689665
689642
689604
689601
689565
689559
689446
689444
689435
689379
689319
689272
689270
689251
689221
689139
689071
688621
688478
688463
688408
688188
688114
687887
687880
687782
687749
687743
687445
687381
687244
687098
686776
686305
686174
686071
685992
685917
685749
685328
685274
685230
685196
685177
685070
684633
684554
684302
684277
684256
684138
683963
683897
683880
683685
683653
683611
683542
683445
683417
683392
683364
683282
683216
683052
683049
683026
683006
682922
682868
682723
682416
682262
682209
682153
682054
682039
682031
682008
681960
681902
681718
681647
681376
681365
681351
681248
681215
681127
680696
680639
680501
680250
679928
679848
679696
679696
679680
679316
679038
679026
678929
678629
678591
678440
678379
678337
678260
678069
678049
677793
677330
677269
677262
677106
677063
676927
676862
676783
676594
676171
676155
676034
676014
675904
675870
675815
675785
675725
675691
675683
675668
675601
675417
675263
675252
675229
675164
675112
675047
674887
674846
674761
674508
674483
674108
674070
674029
673925
673772
673729
673579
673487
673452
673339
673292
673241
673221
672924
672789
672494
672434
672296
672165
672102
671968
671823
671716
671608
671501
671484
671442
671396
671363
671322
671178
671031
671030
670936
670783
670605
670453
670451
670442
670399
670072
669698
669543
669533
669458
669422
669405
669358
669237
669236
668842
668418
668350
668211
668191
668069
667988
667915
667903
667893
667888
667858
667829
667577
667576
667554
667487
667377
667258
667130
666980
666903
666744
666730
666632
666569
666544
666469
666357
666223
666146
665934
665919
665887
665803
665772
665706
665698
665691
665375
665233
665221
665193
665072
664749
664676
664569
664492
664485
664484
664070
664056
663787
663762
663628
663347
663237
663198
663195
663187
662932
662924
662738
662653
662260
662149
662117
661911
661469
661372
661328
661008
660941
660910
660897
660854
660818
660427
660407
660231
659988
659104
659042
658922
658798
658559
658508
658466
658452
658448
658432
658381
658373
658362
658278
658213
657989
657958
657957
657945
657931
657834
657727
657697
657612
657530
657076
657006
656983
656969
656919
656706
656704
656416
656383
656258
656182
656160
656144
656112
655938
655892
655835
655715
655702
655653
655176
655110
654909
654685
654548
654324
654111
654062
654053
654053
654016
653804
653803
653747
653702
653239
653216
653124
653058
652858
652826
652824
652592
652587
652516
652363
652355
652272
652003
651965
651918
651904
651887
651855
651742
651645
651621
651535
651507
651449
651399
651303
651280
651271
651248
651197
651102
650979
650792
650624
650590
650550
650421
650257
650224
650139
649855
649797
649752
649665
649474
649426
649275
649247
649209
649121
649005
648988
648978
648978
648978
648930
648905
648843
648786
648722
648390
648351
648321
648305
647857
647758
647748
647466
647437
647394
647262
647174
647021
646995
646978
646791
646786
646746
646624
646413
646343
646336
646184
646181
646110
646089
646080
646053
646031
645971
645923
645886
645870
645849
645603
645449
645424
645308
645287
644926
644917
644790
644489
644457
644369
644361
644173
644146
644141
643905
643678
643529
643390
643364
643270
643238
643014
642949
642858
642837
642611
642448
642286
642150
642037
642018
641937
641433
641354
641320
641146
641032
640300
640220
640183
640166
640141
640097
639893
639742
639630
639586
639426
639406
639318
639299
639274
639209
639093
639090
638832
638828
638702
638699
638638
638598
638290
638181
638087
638074
637930
637876
637764
637755
637726
637524
637394
637322
637108
636807
636628
636576
636514
636508
636363
636188
636134
636118
636033
635985
635966
635739
635629
635405
635324
635097
634929
634830
634622
634442
634003
633919
633768
633720
633632
633363
633356
633311
633305
633249
633195
633039
633013
632731
632580
632560
632512
632451
632340
632334
631829
631704
631649
631568
631505
631495
631431
631279
631027
631022
630984
630969
630929
630794
630767
630720
630491
630257
630058
630020
629883
629861
629800
629787
629623
629517
629513
629435
629357
629262
629125
628878
628863
628680
628648
628644
628627
628615
628614
628568
628448
628430
628046
627883
627799
627718
627660
627569
627500
627355
627233
627196
627137
627131
627014
627010
626989
626932
626839
626794
626629
626572
626536
626525
626420
626340
626036
626009
625976
625968
625811
625462
625320
625233
625201
625034
624828
624664
624647
624616
624585
624571
624571
624518
624410
624311
624117
624111
623918
623852
623659
623618
623599
623562
623373
623301
623268
623206
623192
623188
623168
623146
623139
623049
622984
622966
622771
622407
622376
622320
622146
622128
622037
621971
621969
621859
621813
621795
621631
621625
621469
621382
621372
621352
621349
621308
621253
621250
620864
620855
620808
620796
620768
620701
620627
620602
620561
620481
620418
620381
620374
620181
620119
620058
619969
619780
619762
619631
619496
619472
619338
619279
619229
618833
618751
618488
618431
618425
618268
618171
618146
617937
617882
617809
617688
617481
617345
617244
617219
617216
617081
617069
617066
616796
616696
616676
616417
616282
616147
616140
616101
615931
615923
615560
615512
615447
615441
615404
615187
615139
615139
615122
614760
614623
614446
614322
613997
613931
613849
613809
613722
613657
613455
613433
613345
613313
613152
613107
613082
612999
612994
612981
612910
612846
612770
612736
612592
612514
612481
612307
612129
612057
612028
612020
611806
611728
611486
611402
611329
611278
611119
610983
610768
610760
610736
610643
610552
610288
610174
610143
610142
610051
609808
609742
609501
609496
609184
609173
609016
608939
608606
608140
607911
607883
607865
607828
607654
607476
607453
607290
607278
607240
607219
607114
607004
607004
606797
606700
606508
606473
606460
606431
606405
606193
606146
606136
605983
605900
605883
605738
605543
605474
605441
605412
605367
605344
605299
605253
605227
604927
604718
604514
604204
604193
603899
603875
603821
603634
603342
603262
603255
603137
603092
603064
602988
602966
602954
602929
602717
602604
602602
602567
602529
602526
602488
601921
601732
601705
601263
600956
600877
600822
600729
600722
600691
600574
600545
600418
600368
600319
600264
600191
600148
600028
599917
599709
599697
599534
599503
599500
599316
599238
599213
599154
599124
599090
599059
598702
598391
598333
598210
598025
597988
597951
597907
597469
597369
597298
597277
597220
597125
596830
596810
596676
596446
596338
596322
596295
596149
596121
596098
596000
595944
595835
595823
595740
595636
595551
595491
595474
595435
595403
595244
595233
595168
595061
594725
594720
594701
594624
594440
594438
594275
594259
594182
594172
594156
594148
594017
593963
593606
593574
593349
593165
593116
593093
592725
592626
592476
592469
592450
592257
592247
592133
592109
592079
592068
592047
591987
591943
591717
591473
591265
591253
591222
591165
591006
590922
590898
590823
590744
590630
590610
590417
590328
590160
590026
589991
589981
589978
589917
589810
589767
589502
589445
589311
589137
589130
588947
588801
588569
588458
588414
588389
588229
588228
588142
587750
587669
587604
587504
587349
587145
587124
587030
586886
586829
586749
586721
586710
586450
586350
586271
586261
586222
586017
586007
585668
585628
585497
585439
585431
585272
585160
584972
584818
584780
584524
584492
584425
584309
584180
584056
584024
584007
583991
583812
583645
583636
583315
583273
583164
583056
583030
583016
582999
582664
582614
582578
582472
582293
582134
582044
581850
581814
581778
581761
581644
581624
581487
581409
581357
581239
581213
580809
580498
580471
580431
580326
580286
580124
579612
579505
579266
579184
579076
578975
578973
578909
578655
578614
578483
578314
578147
578092
578078
577733
577649
577476
577306
577272
577227
577196
577016
576935
576876
576659
576621
576460
576237
576106
576025
576014
575972
575930
575835
575781
575651
575512
575444
575442
575402
575388
575329
575270
575236
575105
575075
574784
574654
574445
574405
574304
574299
574146
574014
573642
573601
573434
573423
573360
573341
573324
573312
573302
573210
572919
572845
572829
572824
572596
572533
572463
572316
572310
572267
572254
572228
572178
572173
572115
572022
572014
571729
571726
571596
571531
571492
571392
571381
571322
571247
571240
571232
571220
571168
571143
571121
570978
570658
570531
570519
570515
570453
570432
570312
570295
570257
570237
570039
569866
569514
569330
569314
569238
569103
569021
569010
568983
568734
568538
568497
568328
568132
568050
567972
567744
567710
567689
567652
567598
567514
567354
567342
567339
567184
567000
566949
566853
566682
566570
566544
566532
566507
566499
566472
566454
566231
566187
566167
566134
566084
565988
565905
565806
565702
565591
565420
565185
565167
564815
564771
564527
564515
564483
564467
564455
564335
564330
563760
563612
563569
563567
563538
563423
563264
563205
563182
563175
563043
562992
562782
562758
562697
562426
562153
562122
562086
562057
562026
561991
561966
561768
561726
561704
561683
561320
561292
561267
561155
561118
561044
560800
560735
560721
560721
560658
560591
560520
560469
560391
560371
560324
560111
560086
559829
559710
559665
559626
559407
559353
559302
559187
559020
558863
558849
558790
558662
558645
558642
558611
558571
558470
558275
558110
558067
557844
557834
557737
557695
557621
557601
557530
557501
557456
557397
557290
557208
556763
556737
556709
556708
556571
556568
556538
556519
556349
556224
556214
556206
556200
556144
556014
556003
555646
555613
555553
555537
555175
555068
554982
554906
554875
554763
554652
554321
554120
554094
554090
553975
553958
553921
553871
553815
553736
553681
553519
553487
553016
552935
552849
552741
552494
552476
552468
552442
552325
551951
551764
551658
551526
551336
551323
551018
551000
550865
550799
550679
550650
550632
550557
550540
550490
550478
550467
550375
550357
550071
549952
549947
549937
549897
549858
549822
549637
549534
549492
549492
549383
549061
549043
548875
548841
548831
548776
548751
548686
548627
548525
548515
548381
548343
548215
548193
548145
548140
548045
547935
547893
547877
547856
547777
547712
547683
547556
547528
547292
547271
547257
547086
547080
547068
546807
546734
546658
546506
546448
546319
546035
546017
545984
545813
545674
545650
545622
545580
545141
544988
544937
544931
544694
544691
544681
544629
544593
544583
544510
544477
544449
544422
544331
544216
544092
544072
543989
543960
543423
543302
543275
543064
543026
542947
542926
542881
542418
542408
542019
542017
541949
541841
541657
541613
541583
541407
541178
541079
541073
541063
540845
540765
540676
540491
540417
540221
540202
540154
539522
539175
539087
539074
538847
538554
538466
538291
538203
538185
537548
537491
537210
537124
537001
536950
536813
536510
536314
536264
536222
536031
535970
535959
535927
535760
535715
535624
535511
535482
535475
535406
535397
535370
535128
535058
534987
534986
534966
534942
534910
534762
534701
534115
534033
533685
533671
533645
533619
533560
533523
533473
533219
533123
532885
532765
532753
532689
532685
532661
532628
532510
532477
532397
532235
532132
531994
531934
531897
531850
531779
531684
531509
531502
531463
531300
531268
531255
531220
531183
531071
530946
530904
530642
530607
530591
530371
530311
530256
530073
529987
529741
529377
529348
529233
529057
528962
528890
528853
528793
528781
528711
528575
528573
528393
528337
528313
528253
528249
527969
527915
527884
527858
527853
527825
527587
527533
527472
527450
527296
527147
527117
526963
526913
526824
526648
526600
526530
526522
526234
526137
526010
525987
525986
525982
525977
525844
525826
525613
525125
525109
525070
524960
524957
524915
524852
524251
524207
524145
524113
524049
524030
523882
523588
523529
523319
523246
523086
522854
522853
522850
522846
522613
522547
522348
522092
521959
521872
521568
521378
521324
521281
521198
521122
521003
520998
520922
520898
520830
520680
520648
520594
520592
520353
520271
520181
520081
520036
519905
519743
519663
519531
519501
519445
519410
519327
519283
519191
519149
519104
519012
518808
518806
518692
518508
518440
518428
518394
518244
518181
518134
518056
517820
517691
517559
517557
517491
517368
517295
517084
516788
516516
516511
516439
516426
516295
516262
516172
516165
516138
516060
516052
516035
515761
515709
515605
515530
515530
515427
515334
515254
515191
515138
515063
514940
514784
514767
514743
514638
514568
514556
514539
514434
514357
513886
513756
513724
513656
513623
513405
513034
512899
512393
512320
512003
511866
511655
511375
511145
511097
511010
510963
510900
510690
510436
510187
510176
509971
509679
509578
509550
509547
509545
509488
509481
509472
509402
509325
509286
509221
509199
509145
509077
509009
508808
508766
508725
508721
508555
508487
508398
508287
508279
508057
507921
507810
507757
507742
507501
507426
507228
507097
507053
507010
506735
506666
506635
506616
506581
506556
506402
506331
506309
506259
506202
506149
506052
506035
505895
505879
505740
505385
505229
504955
504851
504816
504800
504771
504591
504587
504441
504337
504111
504111
503799
503797
503638
503412
503380
503321
503267
502912
502774
502167
502132
501983
501506
501418
501304
501295
501214
501141
500933
500798
500763
500716
500484
500480
500471
500455
500444
500425
500216
500173
500136
500123
500047
499963
499950
499737
499583
499486
499351
499343
499091
498828
498758
498709
498689
498672
498594
498475
498441
498379
498263
498218
498102
498077
498053
497794
497678
497544
497355
497276
497183
497140
497100
497066
496458
496388
495946
495940
495816
495752
495703
495551
495466
495456
495259
495037
495036
494906
494867
494603
494184
494138
494088
494056
493965
493940
493906
493879
493818
493766
493765
493744
493709
493480
493348
493290
493024
492992
492932
492405
492402
492346
492076
491968
491946
491941
491618
491569
491459
491446
491416
491380
491209
491181
490944
490682
490538
490511
490300
490292
490274
490096
489812
489674
489626
489624
489454
489378
489341
489256
489180
489030
488905
488876
488695
488671
488586
488520
488389
488191
488111
487975
487876
487607
487333
486879
486807
486658
486632
486565
486447
486203
486091
485982
485684
485212
485111
484754
484585
484560
484351
484204
483953
483723
483682
483671
483642
483363
483138
483123
482998
482988
482927
482816
482438
482398
482195
482195
482148
482057
481998
481976
481826
481768
481765
481659
481546
481277
481188
481064
481041
481039
481004
480776
480774
480727
480603
480480
480450
480386
480275
480251
480181
480063
480004
479993
479737
479622
479553
479469
479367
479152
479011
478830
478728
478716
478565
478524
478433
478369
478194
478149
478141
478078
477945
477699
477611
477544
477474
477428
476986
476909
476871
476824
476675
476533
476028
475998
475688
475499
475494
475262
475200
475056
475024
474995
474972
474966
474945
474917
474803
474764
474713
474468
474413
474332
474315
474313
474285
474249
474098
474088
474041
473850
473795
473637
473476
473378
473350
473187
473118
473047
472857
472748
472747
472536
472465
471937
471753
471593
471455
471063
471029
471002
470963
470836
470745
470563
470464
470377
470300
470203
470123
470011
469920
469732
469564
469563
469498
469359
469190
469170
469120
469099
469055
468858
468789
468783
468651
468636
468473
468454
468393
468234
468124
468072
467955
467802
467760
467720
467456
467416
467341
467193
467025
466998
466897
466848
466793
466547
466545
466515
466411
466324
466313
466073
466012
465815
465635
465578
465500
465043
465041
465003
464893
464724
464698
464501
464443
464410
464309
464291
464150
464013
463852
463834
463763
463730
463602
463542
463480
463474
463436
463390
463179
463161
462921
462328
462260
461810
461745
461592
461565
461470
461432
461404
461349
461102
461066
460992
460946
460932
460903
460871
460608
460537
460489
460438
460383
460381
460343
460288
460266
459848
459847
459806
459778
459608
459521
459451
459386
459314
459200
459194
459118
459110
458981
458949
458942
458911
458799
458665
458643
458565
458521
458463
458457
458246
458153
458069
458018
457915
457846
457821
457810
457797
457423
457117
457116
457027
456792
456732
456588
456551
456260
456104
456027
455859
455754
455724
455723
455721
455637
455544
455384
455377
455369
455276
455171
455104
454661
454468
454450
454312
454259
454248
454036
454003
453990
453975
453781
453774
453676
453664
453610
453524
453451
453372
453123
453089
453035
453003
452888
452820
452780
452713
452529
452449
452373
452355
452294
452276
452018
451956
451785
451615
451601
451443
451286
450763
450331
450105
450052
449907
449806
449695
449610
449466
449461
449393
449305
449260
448983
448768
448734
448630
448592
448534
448526
448485
448484
448284
448196
448135
447872
447667
447648
447523
447468
447387
447331
447312
447254
446978
446937
446816
446788
446730
446662
446569
446500
446088
445949
445932
445792
445776
445776
445404
445377
444666
444661
444636
444610
444472
444372
444294
444269
444015
443906
443900
443665
443483
443355
443183
442964
442911
442548
442489
442479
442445
442391
442306
441856
441788
441788
441684
441627
441607
441329
441136
441013
440912
440842
440835
440790
440755
440722
440713
440656
440655
440651
440509
440438
440415
440348
440293
440276
440120
440095
439845
439747
439697
439635
439452
439398
439361
439282
439112
438977
438955
438855
438680
438633
438623
438431
438275
438209
438171
438096
437840
437529
437482
437433
437363
437153
437035
437010
436817
436801
436798
436588
436409
436121
436108
435954
435872
435849
435839
435781
435605
435600
435590
435553
435464
435421
435364
435216
435211
435055
435044
434956
434511
434377
434051
434028
433978
433944
433827
433801
433687
433460
433454
433451
432969
432930
432915
432882
432706
432558
432450
432379
432168
432166
432086
432052
432050
431974
431875
431800
431774
431646
431560
431517
431466
431347
431342
431250
431213
431193
431174
430971
430958
430923
430843
430802
430743
430725
430682
430599
430590
430564
430491
430334
430300
430284
430283
429986
429788
429732
429668
429603
429138
429032
429026
429005
428945
428790
428699
428626
428435
428269
428199
428056
428041
427911
427625
427493
427408
427378
427273
426997
426994
426845
426758
426751
426725
426720
426677
426615
426427
426077
425956
425920
425917
425724
425415
425412
425366
425349
425297
425265
425225
424928
424809
424705
424574
424524
424512
424324
424098
423837
423638
423579
423576
423516
423508
423488
423368
423356
423161
423151
423104
423008
422968
422672
422452
422410
422362
422345
422176
422160
422053
421982
421825
421776
421682
421649
421503
421487
421295
421159
421104
420973
420963
420910
420758
420713
420650
420613
420574
420553
420099
419996
419961
419761
419749
419694
419676
419645
419483
419334
419319
419313
419305
418998
418935
418861
418364
418262
418119
417921
417829
417760
417483
417440
417373
417288
417260
417214
417197
416867
416717
416506
416208
415933
415670
415627
415514
415440
415396
415336
415175
414919
414770
414725
414686
414582
414527
414307
414097
414064
414052
414006
413889
413822
413784
413780
413754
413554
413460
413444
413273
413078
413022
412967
412880
412824
412674
412638
412460
412449
412415
412329
412316
412250
412111
411868
411734
411633
411573
411488
411485
411436
411256
411167
411139
411125
410954
410918
410801
410723
410580
410552
410461
410385
410358
410323
410250
410138
410074
410012
409851
409650
409589
409560
409368
409008
408931
408911
408607
408576
408239
407962
407696
407649
407504
407255
407086
406973
406760
406629
406561
406507
406450
406214
406165
406041
406031
405910
405830
405714
405630
405624
405605
405599
405582
405339
405119
405057
404944
404887
404868
404863
404855
404812
404766
404714
404658
404654
404587
404543
404420
404257
404177
404125
404124
403948
403866
403860
403796
403607
403363
403343
403294
403268
403233
403153
403104
402891
402881
402791
402640
402079
401928
401820
401818
401592
401569
401432
401212
401146
400972
400918
400895
400795
400387
400317
400176
400098
400096
400082
399970
399967
399942
399924
399896
399888
399862
399857
399531
399437
399312
398959
398887
398863
398834
398621
398462
398436
398428
398362
398228
398228
398201
398180
398113
398070
398024
397982
397872
397835
397791
397728
397669
397368
397110
396945
396841
396701
396544
396498
396329
396216
396029
396005
395953
395830
395794
395574
395318
395302
395225
394945
394938
394811
394765
394692
394657
394414
394393
394300
394239
394213
394196
394142
394115
393793
393687
393661
393544
393323
393313
393150
393109
393000
392842
392827
392793
392660
392535
392528
392353
392253
392247
392049
391623
391573
391536
391481
391371
391336
391224
390936
390862
390831
390507
390492
390445
390418
390246
390224
390181
389994
389818
389726
389477
389458
389379
389332
389286
389283
389255
389239
389203
388961
388956
388954
388925
388866
388836
388811
388766
388507
388275
388158
388103
388102
388056
388030
387718
387714
387672
387647
387635
387461
387458
387456
387233
387145
387102
386762
386651
386608
386599
386420
386232
386104
385980
385930
385785
385716
385705
385694
385532
385353
385332
385327
384989
384935
384898
384885
384865
384734
384524
384265
384248
384209
384173
384141
384006
383915
383670
383434
383292
382869
382858
382846
382584
382496
382346
382272
382170
382155
382091
382040
382004
381741
381697
381535
381351
381323
381295
381109
381034
381018
380909
380890
380763
380676
380672
380429
380252
380146
379949
379836
379810
379616
379603
379499
379493
379474
379446
379402
379386
379345
379309
379259
379177
378780
378779
378652
378648
378507
378477
378429
378414
378384
378345
378251
378221
378130
377903
377884
377800
377612
377518
377447
377312
377105
376706
376541
376508
376132
376059
376048
375854
375828
375598
375530
375491
375380
375307
375189
375065
374958
374920
374833
374668
374605
374523
374507
374499
374389
374312
374251
374221
374131
373985
373937
373879
373600
373592
373567
373542
373541
373518
373267
373214
373135
373020
372981
372912
372897
372758
372614
372327
372066
371779
371724
371585
371554
371469
371396
371388
371291
371159
371148
371081
370612
370402
370366
370329
370328
370284
370209
370049
369986
369881
369780
369613
369563
369434
369417
369380
369262
369095
369080
369012
368814
368793
368785
368707
368559
368532
368401
368279
368162
368155
368143
367930
367858
367821
367801
367732
367731
367681
367677
367570
367385
367315
366972
366929
366873
366870
366808
366785
366697
366661
366599
366478
366384
366251
366157
366111
366110
366024
365848
365489
365085
364967
364923
364892
364881
364775
364727
364670
364561
364459
364420
364243
364220
364165
364019
363968
363698
363668
363388
363315
363278
363129
362835
362814
362759
362588
362550
362511
362470
362421
362207
362175
362153
362056
362043
361668
361508
361398
361345
361245
361218
361156
360992
360984
360927
360787
360576
360222
360219
360080
360006
359935
359855
359847
359765
359736
359628
359620
359606
359539
359431
359426
359415
359384
359320
359245
359120
359060
359026
358989
358903
358895
358835
358716
358635
358561
358201
357977
357873
357667
357634
357577
357450
357436
357361
357294
357226
357165
357151
356798
356784
356664
356276
356214
356139
356046
356042
356007
355953
355887
355846
355761
355695
355688
355672
355555
355468
355215
355170
354804
354496
354283
354261
354161
354051
353993
353977
353878
353667
353446
353419
353346
353211
353124
352868
352813
352809
352700
352681
352611
352553
352484
352116
352080
352066
352021
352015
352009
351993
351990
351904
351870
351863
351578
351526
351282
350946
350874
350810
350806
350638
350603
350434
350337
350209
350197
350191
350104
349938
349745
349670
349539
349537
349443
349311
349301
349250
349158
349140
349123
348704
348636
348528
348518
348458
348437
348272
348108
348026
347868
347669
347252
347156
347098
347012
346852
346759
346737
346640
346434
346406
346219
346116
346096
346052
345992
345827
345499
345495
345449
345311
345196
345195
345066
345032
344817
344806
344728
344703
344689
344540
344439
344435
344267
344025
343904
343874
343624
343552
343518
343505
343339
343258
343206
343167
343095
343032
342949
342612
342259
342166
342096
342066
342037
342014
341989
341904
341859
341821
341693
341649
341455
341425
341421
341170
341167
341003
341000
340833
340818
340774
340697
340412
340214
340014
340007
339928
339829
339783
339583
339573
339570
339445
339415
339351
339338
339326
339227
338874
338778
338727
338573
338534
338377
338368
338263
338262
338185
338151
338035
337912
337873
337633
337572
337529
337402
337368
337360
337257
337243
336574
336565
336466
336252
336249
336222
336218
336072
335934
335859
335796
335786
335748
335597
335501
335309
335288
335237
335216
335166
335131
335019
334998
334765
334749
334680
334604
334474
334471
334421
334358
334357
333996
333943
333898
333796
333675
333565
333546
333405
333343
333244
333100
332822
332363
332208
332203
332182
331954
331869
331392
331362
331256
331218
331166
331012
330970
330956
330943
330908
330861
330740
330729
330667
330471
330367
330321
330129
330019
330010
330003
329746
329529
329115
329099
328884
328616
328416
328352
328054
327927
327841
327778
327710
327549
327549
327500
327371
327235
326790
326784
326770
326525
326418
326179
326144
325844
325788
325755
325706
325696
325659
325646
325618
325592
325585
325426
325417
325172
325145
325069
325060
324979
324887
324884
324780
324725
324334
324053
324007
323896
323862
323627
323416
323363
323327
323247
322817
322674
322624
322598
322498
322364
322216
322106
321855
321843
321816
321600
321530
321407
321354
321153
321003
320974
320935
320891
320777
320620
320606
320594
320583
320577
320110
320010
319768
319568
319528
319414
319398
319395
319296
319094
318965
318809
318169
318143
318086
318016
317578
317472
317445
317442
317303
317269
317260
317221
316997
316923
316865
316825
316712
316682
316501
316357
316177
316104
316030
315865
315839
315475
315471
315105
315055
314986
314766
314553
314476
314424
314242
314082
313831
313751
313457
313453
313327
313280
313260
313244
313231
313226
312890
312879
312779
312746
312696
312680
312667
312533
312429
312156
311836
311563
311516
311508
311459
311406
311366
311272
311161
311106
310874
310847
310690
310627
310572
310542
310460
310407
310400
310389
310280
310155
310150
310008
309965
309949
309935
309898
309879
309591
309533
309440
309214
309166
309128
309000
308964
308927
308905
308839
308733
308727
308445
308145
308094
308007
307930
307821
307747
307717
307593
307512
307407
307184
307136
307105
306836
306510
306311
306255
306160
306145
306099
306049
305937
305907
305884
305651
305617
305545
305367
305263
305147
305025
304696
304577
304475
304380
304309
304306
304203
304114
304112
303998
303987
303935
303879
303673
303625
303573
303505
303475
303438
303321
303109
302954
302896
302865
302712
302642
302640
302412
302307
302251
302122
301989
301968
301856
301829
301513
301379
301315
301272
301175
301145
301068
300970
300902
300796
300671
300492
300450
300399
300177
300120
300083
300009
299560
299508
299443
299333
299249
299239
298848
298845
298789
298736
298731
298698
298674
298600
298483
298439
298303
298160
297813
297762
297722
297559
297354
297302
297263
297202
297132
297052
296853
296744
296709
296310
296210
296126
296099
295998
295901
295795
295785
295756
295537
295342
295015
294970
294915
294658
294642
294567
294461
294315
294290
294283
294150
294055
294019
293966
293878
293701
293688
293425
293347
293278
293234
293099
292892
292721
292571
292517
292502
292284
292279
291907
291883
291853
291824
291773
291645
291343
291141
291109
291101
290804
290764
290763
290640
290631
290620
290616
290538
290532
290308
289965
289963
289855
289704
289696
289479
289432
289395
289034
288895
288739
288655
288533
288432
288357
288239
288168
287977
287940
287921
287766
287715
287308
287229
287018
286971
286940
286555
286490
286366
286257
286072
286034
285910
285861
285666
285582
285252
285237
285114
285110
284625
284523
284479
284472
284450
284392
284376
284291
284217
284044
283963
283580
283392
283347
283292
283200
283102
283075
282895
282885
282836
282801
282175
282113
282083
282040
281973
281876
281623
281573
281552
281509
281409
281007
280912
280762
280525
280450
280421
280257
280190
280184
279734
279707
279685
279653
279585
279525
279330
279317
279053
278861
278769
278739
278703
278505
278404
278390
278092
277911
277653
277315
277256
277072
276991
276945
276647
276351
276346
276051
276007
275988
275760
275609
275602
275589
275344
275336
275274
275261
275160
275157
275059
274944
274862
274685
274671
274447
274148
274103
274068
274066
274047
274039
273938
273675
273656
273561
273551
273538
273481
273137
273065
272982
272834
272730
272676
272660
272645
272562
272258
272241
272123
271915
271570
271533
271498
271491
271248
271195
271001
270912
270852
270802
270772
270705
270635
270624
270597
270243
270223
270039
270003
269846
269437
268599
268520
268430
268387
268328
268315
268255
268018
267791
267734
267634
267592
267547
267472
267383
267260
267162
267145
267136
266944
266936
266935
266926
266823
266689
266510
266354
266344
266328
266194
266134
265866
265840
265682
265664
265574
265573
265430
265287
265275
265261
265226
265047
264808
264803
264680
264440
264355
264264
264155
264151
264133
264059
263979
263955
263934
263735
263708
263623
263523
263518
263503
263453
263450
263135
262786
262493
262492
262372
262328
262046
261873
261858
261751
261637
261534
261478
261314
261232
261198
261159
261020
261002
260918
260790
260773
260712
260679
260525
260440
260413
260325
260265
260198
260197
260020
260010
259859
259798
259790
259738
259703
259644
259601
259535
259521
259461
259353
259350
259230
259229
259228
259056
259028
258971
258903
258743
258703
258698
258651
258564
258545
258539
258289
258227
258170
257970
257804
257643
257550
257519
257384
257367
257298
257158
257131
257072
257060
256897
256888
256692
256687
256649
256634
256604
256503
256308
256296
256046
255959
255587
255439
255397
255330
255147
255046
254978
254807
254733
254576
254539
254520
254515
254153
254016
253872
253815
253739
253630
253623
253560
253541
253445
253363
253332
253170
253071
253047
253018
252973
252972
252882
252486
252482
252434
252368
252240
252190
252030
252015
251809
251799
251578
251566
251564
251488
251384
251358
251176
251046
251044
250850
250618
250607
250604
250572
250542
250431
250350
250264
250133
249856
249776
249527
249304
249286
249244
249231
249228
249194
249025
249023
249006
248983
248915
248912
248912
248878
248866
248847
248640
248634
248423
248371
248370
248321
248218
248009
247959
247843
247790
247604
247384
247348
247331
247317
247309
247259
247216
247103
246834
246564
246525
246442
246428
246414
246346
246325
246060
246031
245935
245853
245821
245814
245537
245537
245500
245476
245472
245385
245125
245072
245045
244994
244954
244952
244769
244760
244369
244321
244245
244131
243884
243821
243797
243768
243734
243340
243299
243182
243056
242982
242849
242685
242629
242616
242605
242495
242356
242333
242043
241969
241762
241699
241617
241589
241433
241401
241334
241328
241327
241199
241188
241176
240970
240851
240697
240413
240122
240022
239798
239708
239576
239545
239516
239370
239329
239253
239242
239209
239117
239044
238932
238893
238884
238850
238840
238823
238718
238261
238217
238188
238124
237994
237730
237527
237525
237491
237486
237129
237056
236984
236976
236597
236557
236456
236435
236409
236295
235937
235728
235528
235410
235366
235152
235146
235122
234941
234902
234773
234741
234737
234620
234388
234377
234174
234001
233997
233781
233705
233515
233508
233489
233458
233449
233184
233096
233086
233024
232933
232725
232558
232497
232376
232347
232300
232297
232288
232118
231884
231816
231389
231389
231251
231202
231185
231172
231168
231131
231030
230935
230804
230756
230480
230366
230141
229976
229628
229593
229575
229526
229375
229366
229261
229147
229078
228976
228806
228546
228525
228495
228280
228273
228104
227853
227814
227797
227573
227514
227398
227384
227139
227049
227009
226638
226548
226465
226388
226335
226271
225815
225212
225126
224997
224979
224949
224836
224800
224614
224193
224032
223951
223826
223795
223678
223668
223664
223659
223619
223565
223559
223460
223395
223372
223302
223268
223134
222972
222762
222722
222684
222552
222544
222412
222327
222299
222239
222189
222131
222110
221954
221888
221576
221462
221410
221324
221158
221123
221013
220916
220810
220700
220533
220431
220377
220375
220327
220253
220075
219931
219895
219753
219726
219692
219661
219549
219466
219107
219094
218833
218773
218722
218558
218485
218315
218261
218162
218109
217966
217899
217898
217776
217731
217720
217626
217575
217529
217510
217479
217219
217126
217009
216995
216880
216872
216812
216759
216628
216505
216449
216396
216288
216265
216225
215870
215512
215458
215456
215403
215222
215221
215189
215177
215043
214897
214870
214867
214631
214444
214433
214214
214073
214050
213946
213941
213883
213882
213868
213867
213801
213609
213476
213432
213317
213270
213180
213144
213066
212822
212476
212441
212422
212284
211966
211954
211874
211658
211619
211529
211432
211382
211284
211137
210850
210660
210493
210488
210483
210177
210140
210119
210017
209972
209933
209669
209638
209624
209567
209334
209292
209268
209206
209205
209202
209191
209172
209104
209093
209073
209066
209064
209056
208908
208825
208674
208336
208295
208270
208235
208172
208133
208048
208020
207892
207821
207805
207653
207324
207231
207009
206436
206313
206074
206055
205926
205869
205801
205617
205453
205023
204869
204690
204604
204323
204322
204297
204134
203713
203676
203495
203324
203292
203025
202958
202940
202856
202560
202466
202435
202386
202384
202315
202296
202269
202176
202101
201972
201944
201878
201831
201769
201641
201606
201307
201169
200976
200836
200584
200558
200506
200301
200131
200124
199987
199922
199767
199762
199737
199720
199719
199684
199515
199447
199326
199300
199293
199137
199070
198757
198755
198663
198642
198451
198239
198069
198049
197989
197940
197799
197642
197473
197409
197332
197118
196725
196680
196538
196404
196349
196286
196253
196194
196151
196109
196085
196057
195919
195799
195540
195512
195427
195418
195336
195117
195095
194985
194936
194823
194814
194769
194746
194513
194465
194442
194305
194114
194019
194017
193905
193836
193576
193441
193424
193361
193327
193321
192980
192964
192939
192875
192615
192565
192499
192351
192351
192306
192289
192201
191972
191926
191921
191862
191664
191548
191387
191235
191110
190949
190856
190722
190722
190662
190585
190450
190436
190428
190405
190100
190088
190023
189898
189585
189532
189417
189391
189276
189157
189081
188904
188730
188728
188710
188637
188617
188544
188450
188406
188359
188205
188088
187937
187905
187867
187861
187848
187818
187791
187584
187561
187501
187439
187410
187258
187231
187215
187191
187187
187107
186996
186690
186664
186449
186408
186396
186385
186378
186376
186252
186207
186075
185939
185724
185589
185399
185212
185109
185076
185041
184967
184759
184745
184660
184601
184542
184452
184402
184267
183897
183889
183803
183675
183422
183400
183234
183034
182956
182857
182780
182776
182774
182771
182759
182664
182612
182486
182420
182401
182380
182366
182341
182234
182185
182173
181826
181728
181692
181654
181593
181383
181233
181214
180846
180616
180590
180564
180346
180281
180041
179945
179944
179820
179623
179592
179479
179347
179188
179134
179122
178928
178825
178745
178603
178433
178244
178110
178095
177899
177825
177739
177599
177562
177519
177496
177445
177345
177019
176615
176460
176431
176335
176285
176113
176051
175998
175819
175780
175698
175508
175473
175444
175360
174984
174933
174846
174694
174536
174525
174511
174499
174445
174278
174258
174232
174200
174176
174090
174036
173917
173803
173754
173750
173462
173351
173318
173131
173123
172913
172661
172563
172468
172407
172374
172156
171886
171841
171624
171603
171502
171487
171358
171350
171215
171178
170906
170793
170094
170023
169981
169817
169701
169680
169638
169560
169115
168679
168509
168433
168148
167927
167907
167881
167649
167539
167519
167419
167311
167146
167106
167078
166931
166864
166723
166711
166571
166535
166484
166394
166093
166068
165989
165882
165743
165669
165630
165430
165374
165115
165080
165059
164745
164734
164593
164435
164372
164183
164173
164128
164068
164042
163868
163860
163725
163651
163629
163361
163068
163036
162879
162863
162715
162543
162471
162437
162383
162281
162250
162175
162059
162051
161970
161935
161755
161740
161731
161708
161644
161636
161630
161628
161528
161360
161317
161210
160997
160979
160857
160799
160722
160701
160632
160244
160108
160090
160075
160058
159532
159414
159351
159253
159233
159198
159155
158978
158714
158562
158490
158470
158450
158423
158355
158354
158211
157898
157567
157486
157372
157365
157318
157193
157030
156950
156930
156917
156698
156521
156367
156345
156186
156148
156050
156042
155966
155562
155535
155518
155508
155474
155403
155380
155346
155302
155190
155104
154839
154836
154802
154660
154614
154572
154501
154378
154364
154142
154028
153759
153747
153702
153559
153535
153484
153157
153050
153010
152980
152919
152838
152627
152626
152585
152580
152373
152347
152323
152267
152207
152168
152160
152095
152093
151966
151843
151837
151763
151650
151601
151239
151170
150986
150826
150804
150778
150739
150739
150715
150659
150642
150630
150600
150528
150335
149864
149841
149762
149662
149601
149386
149355
149333
149328
149326
149297
149261
149254
149251
149242
149228
149017
149016
149000
148814
148774
148744
148735
148729
148700
148513
148435
148414
148401
148341
148318
148303
148230
148204
148107
148086
147964
147947
147939
147934
147843
147694
147644
147358
147276
147198
147188
147095
147085
147068
146985
146855
146725
146704
146529
146310
146278
146275
146242
146130
146071
145935
145818
145737
145655
145552
145500
145252
145060
145034
144918
144894
144832
144806
144721
144682
144661
144610
144393
144272
144270
144158
144134
144061
143988
143851
143813
143809
143759
143736
143349
143099
143017
142937
142671
142481
142188
142166
142073
141939
141917
141836
141818
141560
141538
141346
141271
141196
141043
140883
140869
140705
140704
140690
140456
140031
140002
139932
139876
139779
139731
139602
139542
139451
139368
139366
139341
139227
138996
138888
138816
138759
138689
138423
138385
138316
138220
137980
137972
137850
137708
137282
136758
136694
136660
136656
136630
136477
136475
136433
136311
136128
135987
135926
135921
135900
135889
135852
135190
135111
135052
134936
134933
134925
134752
134711
134649
134548
134539
134525
134356
134297
134046
133970
133968
133883
133650
133631
133598
133502
133280
133080
132774
132626
132546
132474
132404
131888
131875
131828
131450
131260
131072
131004
130875
130784
130758
130619
130486
130319
130281
130174
130121
130109
129885
129881
129782
129674
129563
129528
129346
129334
129252
129212
129106
129009
128959
128953
128929
128864
128724
128613
128582
128457
128293
128201
128194
128176
127890
127600
127581
127541
127226
127176
127170
127091
127050
126897
126726
126698
126645
126393
126243
126241
126233
126194
126184
126136
126116
126104
126094
125965
125847
125806
125747
125450
125199
125144
125038
124868
124856
124780
124508
124269
124223
124168
124135
124107
123925
123841
123764
123746
123524
123486
123455
123349
123167
123112
123074
123001
122874
122855
122840
122775
122568
122410
122362
122078
121865
121792
121737
121734
121724
121678
121611
121494
121206
121180
121089
120815
120346
120331
120249
120121
120019
119774
119648
119624
119593
119572
119559
119434
119390
119137
119132
119054
119026
119019
118910
118853
118775
118764
118757
118709
118670
118609
118358
118277
118092
117834
117637
117605
117304
117274
117168
117084
116989
116918
116795
116730
116718
116649
116615
116599
116561
116546
116333
116304
116286
116284
116028
115986
115884
115397
115377
115369
115351
115349
115258
115244
115242
115167
115126
115075
115043
114991
114747
114556
114539
114530
114440
114301
114118
114040
113991
113925
113855
113703
113687
113657
113551
113538
113403
113360
113263
113220
113057
112996
112937
112929
112781
112744
112534
112489
112262
112151
112004
111706
111496
111455
111441
111403
111386
111347
111196
111041
110945
110921
110781
110694
110107
110056
110050
110045
110036
109888
109885
109794
109723
109723
109678
109542
109505
109473
109429
109278
109195
109174
108985
108941
108881
108766
108618
108566
108121
108100
107964
107920
107820
107807
107801
107788
107778
107628
107583
107563
107541
107538
107341
107219
107217
107084
107069
107048
107040
107008
106905
106850
106847
106840
106795
106631
106496
106410
106297
105986
105917
105611
105602
105592
105575
105554
105499
105440
105408
105326
105177
105105
104772
104769
104658
104502
104474
104349
104335
104116
104007
103945
103919
103836
103832
103431
103368
103158
103116
102956
102938
102938
102556
102543
102372
102337
102298
102074
102031
101958
101651
101632
101621
101502
101371
101285
101161
101005
100990
100954
100929
100878
100751
100745
100576
100478
100422
100351
100249
100101
100100
100045
100016
99966
99919
99613
99594
99579
99577
99123
99051
99040
98842
98796
98754
98747
98728
98410
98338
98302
98238
98177
98171
97966
97906
97842
97655
97573
97463
97448
97303
97014
96907
96810
96763
96721
96668
96569
96515
96257
96041
95910
95874
95827
95743
95740
95726
95578
95501
95428
95361
95292
95264
95184
95146
95116
95069
94947
94736
94717
94671
94647
94615
94474
94327
94103
94035
94013
93940
93687
93466
93436
93425
93385
93372
93337
93326
93197
93193
93105
93098
92877
92874
92785
92735
92623
92533
92373
92252
92196
92016
91677
91605
91272
91241
90795
90773
90481
90420
90408
90385
90216
89896
89829
89829
89802
89770
89513
88991
88871
88783
88782
88590
88546
88497
88476
88460
88405
88355
88204
87933
87625
87586
87547
87539
87509
87278
87146
87110
87089
86945
86830
86792
86785
86294
86276
85993
85591
85548
85515
85476
85447
85332
85067
85061
84913
84770
84657
84586
84469
84292
83940
83817
83701
83640
83616
83602
83551
83531
83511
83452
83395
83383
83364
83270
83269
83045
82902
82756
82479
82367
82363
82292
82289
82158
82155
82130
82118
82112
81973
81620
81540
81341
81283
81204
81046
80974
80908
80548
80528
80460
80443
80421
80416
80231
80029
79934
79792
79699
79564
79463
79295
79260
79196
79187
79095
79029
78561
78348
78336
78328
78252
78217
78160
78060
78000
77963
77798
77419
77388
77285
77096
77071
76933
76750
76690
76311
76289
76241
76158
76101
76095
76032
76016
75932
75859
75844
75840
75551
75500
75495
75388
75360
75320
75253
75189
75062
74843
74814
74749
74654
74600
74597
74588
74521
74392
74352
74338
74325
74289
74011
73988
73762
73697
73670
73544
73539
73519
73464
73427
73427
73338
73259
73232
73214
73153
73116
72887
72887
72831
72760
72756
72735
72718
72605
72551
72542
72540
72033
71933
71914
71829
71799
71628
71452
71330
71274
71172
71171
71067
70794
70722
70691
70390
70347
69922
69909
69805
69798
69693
69552
69426
69138
69029
69009
68977
68805
68626
68576
68422
68359
68243
68229
67959
67844
67762
67694
67659
67602
67537
67511
67493
67358
66949
66861
66633
66613
66584
66560
66558
66547
66544
66390
66336
66323
66291
66251
66217
66099
65999
65858
65520
65410
65243
64916
64847
64668
64591
64519
64370
64252
64189
64134
64103
64101
63913
63842
63820
63714
63590
63524
63435
63333
63162
63148
63028
62893
62707
62578
62528
62464
62418
62310
62033
62001
61998
61938
61378
61308
61065
60897
60853
60848
60833
60830
60640
60617
60609
60562
60496
60450
60440
60365
60354
60300
60246
60194
60112
60066
60032
59922
59909
59591
59505
59401
59142
59121
58999
58877
58812
58706
58638
58623
58588
58530
58367
58317
58178
58089
58046
57824
57818
57758
57647
57575
57544
57467
57403
57354
57350
57184
57059
57052
57049
57047
56866
56756
56755
56441
56216
56188
56094
56047
56040
55989
55974
55548
55530
55528
55407
55367
55324
55226
55160
55058
55042
54911
54816
54235
53803
53773
53763
53475
53471
53306
53062
53048
53037
52331
52113
51982
51542
51241
51237
51153
51094
50905
50831
50583
50562
50516
50410
50391
50254
50106
49978
49956
49802
49725
49600
49558
49475
49370
49339
49303
49078
49058
48907
48820
48802
48630
48627
48499
48434
48271
48260
48147
48143
48095
48085
48060
48013
47914
47866
47756
47676
47600
47532
47402
47288
47254
47216
47032
46988
46894
46866
46729
46641
46365
46196
46080
45932
45927
45644
45614
45416
45370
45322
45265
45010
44952
44875
44866
44849
44740
44636
44565
44563
44423
44399
44144
44081
44039
43938
43810
43774
43707
43610
43569
43468
43453
43382
43205
43155
43153
43069
42925
42895
42609
42595
42528
42443
42269
42242
42205
42161
42160
42136
41811
41782
41690
41657
41262
41154
40429
40350
40208
39916
39893
39765
39627
39614
39568
39516
39490
39315
39255
39166
39132
39109
39106
39049
39023
38871
38809
38771
38749
38471
38323
38273
38126
38057
38056
38048
38036
37910
37867
37842
37819
37706
37471
37163
37128
37079
37071
36801
36741
36711
36599
36579
36455
36453
36409
36404
36381
36249
36111
36102
36028
35883
35803
35708
35685
35668
35629
35413
35398
35381
35370
35236
35126
35095
35094
35089
35050
34996
34961
34929
34879
34748
34656
34601
34553
34448
34413
34400
33999
33940
33876
33811
33719
33477
33473
33467
33442
33350
33278
32963
32881
32788
32766
32652
32529
32462
32380
32352
32330
32218
31826
31723
31363
31297
31264
31080
30992
30804
30788
30695
30621
30518
30311
30130
30002
29812
29797
29790
29729
29708
29653
29651
29596
29576
29564
29238
28894
28891
28837
28547
28497
28393
28360
28316
28315
28185
28165
28002
27953
27892
27886
27885
27828
27805
27792
27786
27714
27679
27511
27443
27431
27324
26916
26806
26804
26796
26735
26525
26459
26453
26446
26415
26314
26291
26091
25880
25836
25639
25548
25328
25223
25148
25018
24922
24886
24811
24803
24711
24520
24339
24275
24266
24240
24235
24206
24074
24049
23879
23602
23399
23387
23332
23290
23085
22988
22940
22906
22816
22721
22690
22400
22233
22173
22071
22029
22028
21967
21914
21862
21748
21520
21467
21356
21312
21193
20984
20975
20946
20801
20746
20676
20640
20586
20475
20460
20276
20234
20233
20227
20193
20140
20140
20035
20031
19776
19612
19141
19073
19045
18983
18980
18967
18908
18900
18771
18578
18551
18477
18296
18282
18155
18152
18091
17656
17383
17335
17250
17169
17140
17072
16722
16624
16608
16545
16533
16407
16355
16318
16251
16241
16072
15741
15629
15562
15538
15427
14971
14889
14721
14682
14383
14373
14258
14251
14240
14124
13424
13250
13246
13054
12990
12894
12799
12699
12675
12576
12561
12460
12354
12348
12247
12145
11839
11732
11559
11553
11552
11528
11502
11484
11462
11377
11253
11220
11173
11096
11061
11011
10968
10967
10793
10700
10609
10416
10355
10167
10113
10101
10013
9916
9841
9775
9755
9557
9471
9351
8970
8892
8848
8736
8693
8689
8683
8662
8571
8447
8257
7936
7846
7730
7634
7568
7463
7436
7393
7388
7330
7330
7298
7280
7273
7261
7140
6937
6888
6737
6621
6574
6521
6466
6362
6035
5925
5913
5636
5635
5623
5443
5424
5383
5360
5280
5256
5245
5035
5029
5001
4845
4488
4482
4454
4368
4347
4267
4224
4050
4042
3938
3893
3869
3854
3820
3766
3691
3532
3520
3511
3492
3297
3289
3252
3109
3093
3056
2809
2796
2640
2553
2547
2291
2147
2083
2057
1963
1726
1638
1569
1556
1471
1177
1113
1022
876
801
775
759
749
638
419
382
329
314
103
74
9
4
