100
991285
987357
982764
980872
963182
960339
956909
949158
935760
932419
921577
920677
914248
903426
902583
895928
893337
891546
874561
868383
866962
857335
856631
843504
837649
816774
799053
776684
774689
773906
746380
742315
734668
729883
709065
707401
687909
681266
674403
670465
660475
659361
656553
646475
608504
592399
583982
578364
521618
512926
511725
510368
506082
499444
498356
490074
480654
441833
430613
421874
420489
404078
371447
360720
351685
341505
335666
321886
310509
291055
287647
284861
282888
280090
269351
266744
227302
212291
208224
207301
198767
193103
161829
152594
142454
136568
118974
116104
109351
85590
81453
65608
62363
44367
41681
38772
34360
33936
21013
17934
