10000
-999996
-999319
-999209
-999099
-998642
-998602
-998531
-998407
-998086
-996843
-996368
-996353
-996145
-996029
-995729
-995694
-995643
-995526
-995479
-995195
-995044
-994918
-994851
-994665
-994624
-994582
-994301
-993857
-993749
-993323
-993006
-992915
-992812
-992715
-992584
-992426
-992413
-991853
-991806
-991254
-991194
-990747
-990656
-990550
-990549
-990528
-990505
-990409
-990346
-990218
-989962
-989547
-988716
-988626
-988623
-987963
-987848
-987650
-987441
-987078
-986898
-986755
-986699
-986613
-986583
-986440
-986213
-985751
-985561
-985430
-985419
-985354
-985238
-985039
-985025
-984741
-984529
-984309
-984262
-984033
-983146
-983108
-983104
-983032
-982922
-982887
-982885
-982762
-982466
-982090
-982077
-981919
-981908
-981810
-981496
-981435
-981384
-980818
-980332
-980217
-979967
-979691
-979463
-979415
-979358
-979144
-979036
-978975
-978606
-978577
-978564
-978438
-978433
-978261
-977903
-977733
-977666
-977510
-976934
-976734
-976396
-976165
-976157
-975945
-975780
-975557
-975430
-975397
-975129
-974892
-974845
-974717
-974621
-974542
-974506
-974135
-974132
-974026
-973831
-973626
-973539
-973374
-973281
-973128
-973099
-973068
-972789
-972741
-972550
-972089
-971672
-971292
-971125
-971081
-970931
-970567
-970507
-970326
-969745
-969325
-969302
-968960
-968941
-968765
-968681
-968533
-968378
-968271
-968188
-967596
-967582
-967436
-967342
-967132
-967047
-966938
-966829
-966450
-966392
-966278
-966265
-965840
-965669
-965661
-965034
-964748
-964728
-964245
-964172
-963907
-963720
-963126
-962730
-962470
-962229
-961641
-961625
-961248
-961144
-960749
-960356
-960105
-959973
-959934
-959887
-959771
-959619
-959389
-959092
-958946
-958827
-958717
-958682
-958529
-958397
-958156
-957674
-957602
-957503
-957480
-956770
-956753
-956707
-956322
-956263
-955876
-955800
-955800
-955282
-954998
-954966
-954317
-954317
-954158
-954025
-953654
-953590
-953447
-953020
-952980
-952916
-952558
-951989
-951741
-951584
-951466
-951197
-951121
-950887
-950876
-950189
-950148
-950027
-949876
-949724
-949547
-949124
-949070
-948981
-948908
-948228
-947930
-947456
-947346
-946946
-946716
-946597
-946579
-946354
-946221
-945959
-945888
-945727
-945616
-945491
-945390
-945213
-945115
-944712
-944588
-944446
-944223
-943918
-943908
-943318
-942779
-942767
-942733
-942499
-942498
-942079
-942018
-941889
-941402
-941202
-940932
-940852
-940518
-940115
-939956
-939822
-939751
-939736
-939711
-939553
-939252
-939136
-939039
-939009
-938670
-938647
-938570
-938371
-938144
-938001
-937736
-937668
-937437
-937431
-937087
-936924
-936892
-936661
-936400
-935752
-935513
-935478
-935226
-935091
-934965
-934565
-934549
-934443
-934235
-933899
-933712
-933498
-933434
-933427
-932458
-932159
-931800
-931795
-931649
-931595
-931447
-930787
-930628
-930531
-930478
-930305
-930138
-929695
-929303
-929227
-928605
-928466
-928466
-928257
-928187
-928055
-927976
-927867
-927678
-927554
-927495
-927290
-926880
-926657
-926619
-926398
-926228
-925833
-925562
-925430
-925051
-924938
-924905
-924853
-924820
-924737
-924548
-924240
-923990
-923766
-923663
-923576
-923150
-923068
-922979
-922887
-922760
-922592
-922505
-922488
-922401
-921669
-921648
-921636
-921260
-921080
-921006
-921002
-920866
-920589
-920557
-920347
-920242
-919904
-919681
-919633
-919582
-919133
-919076
-918477
-917953
-917241
-917080
-916830
-916501
-916313
-916175
-915953
-915672
-915560
-915418
-915418
-915189
-914576
-914247
-914180
-913983
-913725
-913316
-913230
-913221
-912944
-912866
-912735
-912591
-912321
-912075
-912040
-911794
-911648
-911518
-911253
-910960
-910900
-910849
-910318
-910318
-910132
-909741
-909740
-909640
-909468
-909403
-909074
-908978
-908722
-908599
-908498
-907803
-907689
-907670
-907231
-907184
-907004
-906919
-906416
-906135
-905679
-905517
-905179
-905155
-905146
-905103
-905061
-905054
-905028
-904139
-904072
-904064
-903884
-903774
-903774
-903563
-903176
-903001
-902980
-902461
-901965
-901941
-901734
-901611
-901160
-901035
-900999
-900268
-900266
-899999
-899811
-899740
-899688
-899646
-899245
-899055
-898844
-898817
-898217
-898203
-898045
-897795
-897680
-897576
-897442
-897005
-896920
-896437
-896286
-895892
-895722
-895702
-895265
-895087
-895006
-894941
-894911
-894824
-894718
-894666
-894646
-894496
-894469
-893718
-893629
-893136
-892387
-892187
-892167
-892009
-891677
-891483
-890783
-890745
-890346
-890288
-889679
-889615
-889545
-889504
-889349
-888982
-888854
-888822
-888641
-888514
-888423
-888161
-888080
-888024
-887973
-887908
-887695
-887609
-887358
-887122
-886755
-886163
-886152
-886104
-885929
-885895
-885774
-885296
-885265
-885119
-884806
-884784
-884706
-884618
-884412
-884351
-884210
-883877
-883620
-883442
-883410
-883172
-883103
-882944
-882870
-882869
-882766
-882623
-882556
-882478
-882120
-881962
-881005
-880844
-880362
-880330
-880202
-880170
-880088
-880016
-879989
-879803
-878932
-878854
-878618
-878434
-878389
-878218
-878140
-878109
-878084
-877818
-877107
-876495
-876493
-876420
-876320
-875725
-875681
-875635
-875105
-875053
-874810
-874665
-874186
-873981
-873976
-873728
-873692
-873669
-873621
-873149
-873071
-872902
-872852
-872478
-872310
-872019
-871779
-871625
-871147
-871067
-870993
-870861
-870756
-870714
-869603
-869224
-868867
-868695
-868367
-868237
-868100
-867960
-867729
-867447
-867394
-867193
-866811
-866660
-866599
-866457
-866053
-866020
-865933
-865919
-865665
-865624
-865447
-865138
-864856
-864565
-864502
-864143
-864046
-863958
-863749
-863644
-863558
-863454
-863306
-863294
-863253
-862742
-862510
-862416
-862407
-862333
-861534
-861232
-860963
-860962
-860473
-860439
-860410
-860287
-860103
-860074
-860025
-859952
-859137
-858933
-858896
-858887
-858853
-858806
-858560
-858488
-858251
-858142
-858127
-857986
-857712
-857661
-857215
-857131
-857118
-856981
-856951
-856894
-856684
-856323
-856077
-855479
-854831
-854791
-854373
-854355
-854241
-854197
-854156
-853967
-853882
-853674
-853568
-853546
-853509
-853505
-852433
-852426
-852374
-852114
-852049
-851868
-851717
-851576
-851562
-851408
-851345
-851290
-851224
-851164
-851132
-850906
-850660
-850611
-850539
-850508
-850463
-850195
-849947
-849803
-849797
-849491
-849256
-848499
-848260
-847817
-847787
-847698
-847606
-847248
-847095
-846901
-846802
-846775
-846600
-846583
-846463
-846085
-845887
-845816
-845653
-845482
-845109
-845028
-844822
-844667
-844629
-844434
-844425
-844355
-844084
-842972
-842860
-842730
-842647
-842330
-842281
-841878
-841689
-841302
-841293
-841165
-840864
-840842
-840541
-840079
-840034
-839922
-839697
-839631
-839516
-839356
-838859
-838753
-838565
-837466
-837105
-836517
-836376
-836089
-835840
-835299
-835074
-835073
-834663
-834447
-834396
-834368
-834299
-833454
-833415
-832675
-832606
-832524
-832256
-832051
-831719
-831610
-831230
-831132
-831008
-830909
-830599
-829973
-829903
-829549
-829537
-829513
-829477
-828974
-828658
-828650
-828511
-828369
-828138
-828074
-827982
-827641
-827236
-827053
-826747
-826741
-826662
-826483
-826394
-826313
-826304
-825849
-825695
-825603
-825482
-825243
-825164
-825037
-824800
-824436
-824409
-824338
-824050
-823975
-823783
-823712
-823317
-823273
-823143
-822770
-822443
-822377
-822189
-822173
-821967
-821894
-821776
-821666
-821337
-820965
-820211
-819287
-819265
-819114
-818913
-818670
-818489
-818149
-818006
-817921
-817750
-817446
-817199
-816037
-816032
-816000
-815745
-815530
-815404
-815114
-815077
-814727
-814430
-814265
-814264
-814058
-813727
-813703
-813519
-813182
-813037
-812955
-812926
-812728
-812523
-812497
-812489
-812477
-812348
-812096
-812007
-811909
-811831
-811697
-811669
-811272
-810799
-810738
-810707
-810217
-810054
-809773
-809051
-808407
-808320
-808184
-808181
-807980
-807842
-807237
-807198
-806911
-806172
-806134
-805886
-805678
-804996
-804805
-804681
-804341
-804181
-803946
-803157
-802791
-802455
-802430
-802335
-802030
-801883
-801542
-801532
-801208
-800787
-800606
-800489
-800463
-800287
-800165
-800121
-799864
-799508
-799016
-798147
-797998
-797943
-797943
-797804
-797800
-797759
-797688
-796957
-796916
-796893
-796830
-796479
-796171
-795441
-795213
-795019
-795001
-794965
-794827
-794822
-794738
-794677
-794529
-794401
-794348
-794335
-794074
-794051
-794034
-793665
-793542
-793523
-793412
-793273
-793245
-793213
-793108
-792916
-792837
-792172
-791805
-791802
-791722
-791676
-791434
-790978
-790728
-790640
-790399
-790388
-790320
-790182
-790015
-789862
-789814
-789719
-789562
-789498
-789270
-789026
-788986
-788914
-788660
-788622
-788459
-788452
-788102
-787739
-787472
-787144
-787046
-786482
-785778
-785756
-785626
-785623
-785542
-785493
-785180
-785128
-785116
-784681
-784432
-784396
-784308
-783773
-783719
-783576
-783546
-783524
-783313
-783268
-783153
-783072
-782903
-782567
-782487
-782416
-782336
-782314
-782102
-782078
-781884
-781671
-781495
-781018
-780808
-780800
-780503
-780081
-779995
-779879
-779642
-779503
-779100
-779016
-778926
-778778
-778689
-778338
-778280
-778068
-777870
-777844
-777838
-777689
-777521
-777443
-777429
-777354
-776924
-776789
-776750
-776718
-776638
-776192
-775881
-775747
-775552
-775478
-775211
-774895
-774841
-774540
-774475
-774184
-774128
-774052
-773949
-773701
-773446
-773229
-772944
-772836
-772680
-772658
-772329
-772316
-772247
-772222
-772191
-772178
-772070
-772048
-772041
-771809
-771703
-771494
-771465
-771426
-771199
-770793
-770511
-769925
-769853
-769737
-769255
-768971
-768758
-768116
-768097
-767876
-767797
-767784
-767110
-766984
-766627
-766484
-766436
-766359
-766278
-766151
-766065
-765730
-765207
-765085
-765054
-765033
-764881
-764452
-764159
-764149
-763832
-763651
-763013
-762451
-762297
-762229
-761807
-761694
-761581
-761240
-761024
-760657
-760514
-760414
-760372
-760241
-759393
-759219
-759125
-759108
-759037
-758778
-758755
-758455
-758279
-757965
-757884
-757154
-756930
-756283
-756105
-755966
-755928
-755917
-755836
-755753
-755752
-755491
-755139
-754946
-754381
-754320
-753981
-753886
-753870
-753231
-753032
-752937
-752806
-752794
-752598
-752181
-752174
-752108
-752061
-751977
-751953
-751952
-751714
-751644
-751459
-751383
-751357
-751356
-751250
-751244
-751055
-750770
-750642
-750609
-750384
-750289
-750028
-749963
-749835
-749730
-749709
-749516
-749166
-749166
-749143
-748939
-748788
-748694
-747871
-747743
-747635
-747538
-747259
-746987
-746929
-746795
-746096
-746012
-745719
-745645
-745370
-745279
-745188
-745054
-744608
-744538
-744516
-744104
-743968
-743810
-743725
-743662
-743628
-743586
-743581
-743538
-743085
-742925
-742840
-742834
-742787
-742672
-742588
-741981
-741952
-741514
-741377
-740960
-740787
-740681
-740382
-740317
-740297
-740184
-739804
-739266
-739053
-738977
-738367
-738331
-738210
-738189
-738089
-737803
-737600
-737556
-737461
-737351
-737234
-737216
-737162
-737060
-736112
-736090
-735708
-735519
-735222
-734665
-734522
-734458
-734355
-734024
-733569
-733301
-733215
-733129
-732820
-732673
-732555
-732382
-732263
-732043
-731862
-731273
-731199
-730691
-730589
-730298
-730293
-730175
-730087
-729987
-729617
-729529
-729519
-729053
-729011
-728962
-728498
-728298
-728136
-728127
-727664
-727627
-727355
-727317
-727288
-727287
-727062
-726985
-726896
-726687
-726594
-726541
-726301
-726170
-725998
-725947
-725700
-725442
-725425
-724910
-724741
-724700
-724688
-724434
-724418
-724401
-724039
-723919
-723856
-723786
-723637
-723150
-723073
-722933
-722853
-722791
-722639
-722604
-722485
-722381
-722246
-722187
-722165
-721938
-721723
-721556
-721503
-720978
-720422
-720418
-720382
-720175
-720114
-719891
-719871
-719860
-719843
-719396
-717855
-717825
-717477
-717292
-717108
-716766
-716661
-716539
-716414
-716283
-715655
-715594
-715416
-715181
-714986
-714534
-714023
-713899
-713780
-713720
-713497
-712868
-712793
-712743
-712733
-712715
-712531
-712494
-712095
-711790
-711651
-711239
-711211
-711077
-710714
-710217
-710075
-709541
-709516
-709043
-709006
-708914
-708905
-708627
-708437
-708425
-708379
-708316
-707820
-707719
-707560
-707364
-707248
-707050
-706846
-706623
-706594
-706565
-706430
-706405
-706402
-705604
-705440
-705231
-704995
-704669
-704445
-704388
-704380
-704336
-704142
-704139
-703607
-703230
-703162
-702781
-702080
-702035
-701836
-701654
-701343
-701320
-701252
-700917
-700774
-700626
-700300
-700106
-700087
-700011
-699972
-699289
-699212
-699164
-698725
-698447
-698303
-698176
-698046
-697646
-697582
-697287
-697256
-697149
-697077
-696827
-696520
-696447
-696404
-695910
-695748
-695562
-695219
-695044
-694803
-694714
-694610
-694140
-693990
-693862
-693468
-693450
-693301
-693275
-693228
-693196
-693102
-693096
-692858
-692853
-692672
-692663
-692596
-692312
-692188
-691728
-691664
-691541
-691508
-691470
-691067
-690629
-690497
-690307
-690127
-690049
-689818
-689649
-689611
-689576
-689468
-689219
-688951
-688854
-688691
-688420
-688191
-687956
-687781
-687645
-687577
-687513
-687497
-687204
-687013
-686878
-686647
-686638
-686527
-685902
-685743
-685645
-685624
-685177
-684517
-684404
-684317
-684157
-684089
-683851
-683752
-683601
-683598
-683265
-683075
-682902
-682456
-682196
-682185
-682118
-682063
-681972
-681593
-680840
-680753
-680681
-680461
-680420
-679843
-679467
-679447
-679031
-678740
-678619
-678618
-678529
-678400
-678385
-678251
-678152
-677956
-677902
-677601
-677376
-677279
-677238
-677089
-676933
-676132
-676032
-675960
-675900
-675804
-675764
-675565
-675084
-674886
-674456
-674448
-674395
-674359
-674227
-674042
-674010
-673982
-673622
-673561
-673181
-672793
-672327
-672274
-672253
-672226
-671332
-671226
-671059
-670993
-670465
-669889
-669685
-669134
-668849
-668576
-668556
-668006
-667438
-667057
-667030
-666786
-666729
-666394
-666200
-665148
-665065
-665026
-664678
-664547
-664426
-663985
-663517
-663457
-662746
-662742
-662497
-662425
-662399
-662233
-662063
-661855
-661798
-661631
-661584
-661532
-661507
-661409
-661396
-661178
-660864
-660802
-660396
-659649
-659588
-659039
-658771
-658420
-658391
-658133
-658098
-658042
-657892
-657686
-657536
-657477
-657113
-656229
-656172
-656146
-655951
-655777
-655642
-655489
-655298
-655246
-655072
-654753
-654206
-653973
-653932
-653862
-653444
-652963
-652373
-651787
-651740
-651681
-651630
-651619
-651099
-650709
-650377
-650374
-650300
-650055
-649880
-649643
-648950
-648757
-648620
-648486
-648304
-648026
-647859
-647621
-647385
-646963
-646606
-646475
-646424
-646052
-645963
-645839
-645415
-645369
-645298
-644454
-644422
-644327
-644120
-643999
-643803
-643777
-643538
-643338
-643171
-643144
-642857
-642834
-642179
-641180
-640580
-640406
-640047
-639637
-639133
-639036
-639015
-638946
-638860
-638572
-638514
-638472
-638447
-638102
-638013
-637827
-637585
-637358
-637046
-636915
-636234
-636201
-636111
-636108
-635907
-635705
-635449
-635268
-635120
-634916
-634854
-634789
-634588
-634300
-634164
-634100
-633989
-633291
-633283
-633053
-632877
-632479
-632305
-632018
-631221
-631088
-630891
-630653
-630613
-630480
-630334
-630275
-630021
-629879
-629724
-629715
-629303
-629144
-629053
-627567
-627561
-627118
-626693
-626625
-626596
-626419
-625835
-625792
-624444
-624204
-624125
-623812
-623600
-623555
-623544
-623497
-623220
-623220
-623131
-623128
-622789
-622324
-622315
-621889
-621579
-620770
-620345
-620294
-620193
-620070
-619980
-619915
-619866
-619848
-618812
-618703
-618483
-618457
-618397
-618155
-617773
-617724
-617544
-616813
-616699
-616455
-616208
-615408
-615372
-615331
-614822
-614693
-614450
-614344
-614277
-614161
-614140
-613598
-613273
-613152
-613045
-612952
-612575
-612454
-612369
-612295
-612164
-611960
-611884
-611405
-611383
-611179
-611000
-610939
-610898
-610776
-610743
-610597
-610545
-610516
-610436
-610324
-610255
-610008
-609767
-609634
-609568
-609384
-608925
-608884
-608661
-608616
-608503
-608417
-608403
-608002
-607874
-607849
-607817
-607776
-607704
-607614
-607594
-607419
-607402
-607192
-606803
-606719
-606480
-606440
-606224
-606060
-605569
-605432
-605413
-605339
-605238
-605202
-605122
-604630
-604494
-604476
-603523
-603479
-603436
-603399
-603101
-603013
-602984
-602573
-602318
-601737
-601659
-600894
-600859
-600798
-600462
-600226
-600225
-600054
-599968
-599949
-599878
-599749
-599520
-599485
-599397
-599384
-599127
-599053
-599020
-598939
-598899
-598702
-598698
-598656
-597776
-597541
-597252
-597161
-597042
-596734
-596595
-596485
-596423
-596384
-596316
-596080
-595703
-595584
-595222
-594903
-594817
-594794
-594623
-594565
-593560
-593465
-593315
-591750
-591627
-591230
-590896
-590625
-590490
-590432
-590111
-589415
-589124
-588882
-588294
-588022
-587850
-586920
-586844
-586810
-586775
-586551
-586399
-586390
-586366
-586125
-586048
-585996
-585679
-585644
-585550
-584960
-584591
-584348
-583993
-583638
-583336
-583247
-583232
-582952
-582437
-582253
-582113
-582076
-581940
-581878
-581738
-581514
-581296
-581286
-580985
-580943
-580919
-580841
-579617
-579416
-579401
-578148
-577803
-577565
-577534
-577529
-577490
-577273
-577083
-577036
-576779
-576749
-576710
-576579
-576496
-576412
-576399
-576180
-576170
-575746
-575731
-575604
-575525
-575411
-574971
-574652
-574464
-574432
-573820
-573658
-573543
-573525
-573259
-573223
-573177
-573165
-572816
-572801
-572763
-572565
-572263
-572252
-571828
-571795
-571785
-571501
-571396
-571065
-570532
-570511
-570347
-570105
-570066
-570010
-569557
-569309
-569228
-569056
-568944
-568920
-568556
-568340
-568335
-568094
-568046
-567798
-567323
-567289
-567257
-567221
-567147
-566951
-566945
-566891
-566888
-566686
-566446
-566378
-565088
-564972
-564931
-564800
-564788
-564559
-564494
-564316
-564215
-564087
-564085
-564046
-563834
-563805
-563657
-562890
-562560
-562539
-562104
-562085
-561730
-561710
-561555
-561122
-560755
-560754
-560663
-560158
-560100
-559437
-559331
-559121
-559015
-558799
-558768
-558719
-558656
-558519
-558110
-557932
-557721
-557516
-557483
-557341
-557108
-557078
-556793
-556792
-556709
-556693
-556222
-555944
-555673
-554998
-554939
-554880
-554615
-554155
-553979
-553929
-553576
-553513
-553390
-553293
-553280
-553111
-553092
-552764
-552589
-552426
-552414
-552161
-552153
-551874
-551737
-551718
-551085
-550738
-550710
-550561
-550476
-550430
-550183
-549977
-549819
-549664
-549095
-549059
-549036
-547941
-547349
-547278
-546899
-546772
-546012
-545751
-545461
-545260
-545252
-545122
-544781
-544215
-544200
-544199
-544050
-543688
-543675
-543659
-543509
-543405
-543398
-543343
-543291
-543139
-542997
-542881
-542838
-542631
-542455
-542444
-542342
-542248
-542062
-541890
-541618
-541403
-540935
-540919
-540749
-540689
-540582
-540582
-540429
-539962
-539900
-539223
-539054
-538970
-538564
-538461
-538205
-537865
-537747
-537695
-537672
-537471
-537337
-537105
-537028
-536878
-536673
-536602
-536311
-536202
-535938
-535741
-535522
-535398
-535298
-533662
-533624
-533294
-533171
-533064
-532892
-532592
-532588
-532548
-532381
-532035
-532002
-531656
-531531
-531455
-531286
-531028
-530452
-530341
-530290
-530143
-530049
-529968
-529563
-529468
-529423
-529164
-528189
-528172
-528127
-528048
-527834
-527765
-527755
-527631
-527339
-526921
-526896
-526830
-526809
-526442
-526408
-526000
-525977
-525758
-525306
-525116
-525056
-524602
-524418
-524283
-524064
-524029
-523999
-523943
-523836
-523817
-523705
-523576
-523568
-523351
-523185
-522684
-522033
-522030
-521813
-521581
-521408
-521392
-520986
-520583
-520548
-520380
-520114
-519683
-519679
-519643
-519600
-518534
-518504
-517496
-517284
-517224
-517066
-516891
-516851
-516567
-516212
-516195
-516181
-515790
-515556
-515455
-514976
-514928
-514928
-514435
-514421
-514309
-514141
-514073
-513952
-513941
-513804
-513426
-513397
-513139
-513021
-512880
-512620
-512603
-512420
-512144
-512108
-512000
-511701
-511590
-511212
-511199
-511032
-510997
-510942
-510643
-510229
-510070
-509891
-509785
-509486
-508798
-508763
-508755
-508569
-508139
-507650
-507570
-507125
-506106
-505919
-505869
-505858
-505712
-505449
-504859
-504772
-504225
-504170
-504050
-504021
-503676
-503422
-503409
-502659
-502504
-502314
-502212
-501763
-501410
-501360
-501351
-501238
-501089
-500812
-500103
-500083
-499943
-499918
-499848
-499806
-499558
-499321
-499296
-499291
-499186
-498911
-498741
-498645
-497705
-497578
-497503
-497431
-497050
-496948
-496898
-496656
-496644
-496586
-496239
-495982
-495981
-495836
-495463
-494977
-494637
-494398
-494264
-494230
-493853
-493780
-493689
-492983
-492607
-492560
-492472
-492200
-492192
-492097
-491928
-491647
-491183
-491140
-490749
-490502
-490255
-490216
-490131
-489916
-489809
-489331
-489199
-489020
-488957
-488750
-488715
-488268
-488242
-488218
-487917
-487193
-487053
-486973
-485921
-485581
-485422
-485279
-485227
-485193
-485131
-484475
-484363
-484321
-484137
-484123
-484082
-483916
-483860
-483730
-483566
-483540
-483173
-483107
-482859
-482833
-482825
-482391
-482106
-481974
-481943
-481941
-481878
-481719
-481647
-481507
-481383
-481244
-480874
-480800
-480514
-479585
-479568
-479271
-479185
-479146
-478723
-478554
-478481
-478266
-477518
-477513
-477129
-477117
-477020
-476848
-476813
-476652
-476414
-476373
-476135
-476102
-475628
-475279
-475016
-475005
-474850
-474284
-474249
-474018
-473883
-473834
-473832
-473677
-473637
-473368
-473347
-473217
-473214
-473001
-472788
-472746
-472584
-472395
-472291
-472117
-471805
-471774
-471700
-471148
-470872
-470808
-470639
-470578
-470563
-470505
-470291
-470245
-470111
-470093
-469707
-469675
-469472
-468646
-468583
-468449
-468047
-468043
-467965
-467954
-467943
-467883
-467627
-467590
-467555
-467470
-467447
-467433
-467304
-466977
-466752
-466445
-466384
-466274
-466095
-466082
-465944
-465847
-465402
-465270
-464944
-464931
-464836
-464833
-464502
-464353
-464140
-463780
-463628
-463464
-463040
-462816
-462716
-462519
-462009
-461682
-461621
-461575
-461400
-461303
-460706
-460501
-459854
-459837
-459747
-459700
-459667
-459636
-459600
-459291
-459189
-459083
-459048
-458842
-458498
-457550
-457158
-457040
-456989
-456975
-456752
-456615
-456587
-456558
-456322
-455981
-455879
-455464
-455126
-455022
-454734
-454593
-454551
-454439
-454395
-454003
-453596
-453365
-453354
-453330
-453012
-452929
-452794
-452767
-452706
-452372
-451936
-451916
-451898
-451741
-451740
-451533
-451419
-451361
-451324
-451229
-451125
-451056
-450926
-450650
-450604
-450464
-450054
-449923
-449823
-449720
-449707
-449565
-449561
-449519
-449051
-448947
-448878
-448010
-447857
-447799
-447353
-446893
-446886
-446608
-446545
-446492
-446479
-446257
-445842
-445228
-445124
-445082
-445055
-444811
-444666
-444629
-444181
-444009
-443955
-443798
-443777
-443389
-442916
-442883
-442678
-442641
-442618
-442508
-442505
-441594
-441480
-441002
-440992
-440031
-439811
-439626
-439435
-438669
-438620
-438440
-437661
-437015
-436993
-436577
-436506
-436469
-436169
-435955
-435462
-435297
-435224
-435158
-435077
-434326
-434179
-434117
-434012
-433860
-433749
-433460
-433387
-433265
-433107
-432962
-432621
-432538
-432444
-432285
-431945
-431624
-431458
-431456
-430932
-430695
-430431
-430295
-430226
-430149
-429982
-429951
-429887
-429600
-429594
-429581
-429569
-429389
-429378
-429197
-429174
-429066
-428825
-428825
-428529
-428493
-427997
-427732
-427610
-427596
-427502
-427402
-427270
-426914
-426586
-426130
-426007
-425742
-425012
-424790
-423654
-423495
-423455
-423445
-423196
-423145
-423011
-422723
-422502
-422464
-422242
-422169
-422128
-421820
-421692
-421632
-421335
-421224
-421075
-420916
-420073
-420058
-419942
-419856
-419601
-419427
-419311
-418823
-418494
-418010
-417928
-417850
-417717
-417699
-417303
-417039
-416690
-415980
-415662
-415534
-415526
-415525
-415460
-415391
-415330
-415306
-415296
-415270
-414772
-414106
-413871
-413472
-413451
-412950
-412732
-412639
-412393
-412347
-411223
-411036
-410921
-410402
-410062
-409999
-409923
-409876
-409801
-409490
-409428
-409224
-408981
-408900
-408778
-408772
-408770
-408612
-408469
-408422
-408347
-408304
-408265
-408239
-407736
-407352
-407237
-407056
-406861
-406707
-406698
-406592
-406512
-406211
-406206
-405921
-405339
-405293
-405118
-405094
-404580
-404137
-403991
-403924
-403817
-403791
-403359
-403209
-402868
-402805
-402663
-402663
-402368
-402218
-401987
-401395
-400957
-400902
-400838
-400678
-400599
-399913
-399628
-399479
-399473
-399450
-399383
-398976
-398817
-398214
-398152
-397869
-397712
-397651
-397644
-397605
-397501
-397369
-397356
-397228
-396364
-396290
-396282
-396070
-395950
-395730
-394980
-394872
-394751
-394409
-394397
-394367
-393592
-393460
-393422
-393282
-393058
-392827
-392691
-392422
-392371
-392335
-392087
-392015
-391995
-391254
-391229
-391030
-390962
-390912
-390746
-390611
-390572
-390138
-390000
-389948
-389234
-389142
-388922
-388724
-388705
-388688
-387899
-387887
-387359
-387347
-387161
-387023
-386812
-386800
-386560
-386519
-386425
-386383
-386294
-386282
-386246
-386219
-385794
-385693
-385646
-385486
-384556
-384374
-384246
-384182
-383404
-383269
-382890
-382847
-382584
-382533
-382497
-382473
-382246
-382110
-381817
-381461
-381380
-381198
-381154
-381095
-380648
-380506
-380054
-379996
-379786
-379720
-379578
-379468
-379451
-379356
-379198
-379134
-378910
-378870
-378691
-378361
-378171
-377965
-377500
-377008
-376935
-376878
-376828
-376588
-376404
-376130
-375991
-375944
-375880
-375843
-375613
-375012
-374228
-374035
-373965
-373668
-373622
-373455
-373356
-372804
-372711
-372268
-372118
-372111
-371982
-371959
-371828
-371680
-371630
-371529
-371285
-371281
-371012
-370829
-370505
-370183
-369790
-369439
-369276
-369213
-368684
-368395
-368170
-367647
-367380
-366947
-366941
-366940
-366852
-366165
-365945
-365824
-365779
-365567
-365565
-365453
-365413
-365368
-364957
-364818
-364645
-363844
-363792
-363774
-363745
-363538
-363159
-363052
-362873
-362849
-362805
-362748
-362312
-362285
-362229
-362166
-362082
-361910
-361709
-361396
-361220
-361106
-360875
-360808
-360697
-360553
-360026
-360001
-359846
-359470
-359384
-359055
-358790
-358693
-358596
-358499
-358347
-358215
-358004
-357809
-357556
-357440
-357068
-356827
-356544
-356386
-356249
-355885
-355512
-355285
-355258
-355107
-354866
-354561
-354384
-354332
-354162
-353925
-353764
-353717
-353680
-353413
-353056
-352131
-352102
-352046
-351666
-351453
-351306
-351227
-351045
-350745
-350317
-350189
-350044
-350022
-349902
-349319
-348846
-348802
-348603
-348404
-348241
-348169
-347570
-347459
-347428
-346641
-346615
-346546
-346216
-345976
-345766
-345739
-345672
-345646
-345426
-345371
-345312
-344922
-344667
-344613
-344455
-344432
-344382
-344089
-344039
-343835
-343253
-343030
-342974
-342894
-342884
-342323
-341615
-341579
-341482
-341201
-341099
-340651
-339861
-339341
-339286
-339272
-338421
-338311
-338214
-337933
-337814
-337565
-337542
-337426
-337197
-337093
-337010
-336649
-336644
-336643
-336317
-336094
-336078
-335690
-335311
-335145
-335002
-334983
-334976
-334934
-334800
-334282
-334072
-333866
-333742
-333742
-333540
-333429
-333383
-332912
-332357
-332266
-331892
-331816
-331717
-331606
-331384
-331045
-330930
-330827
-330789
-330745
-329699
-329532
-329483
-329463
-329370
-329088
-329053
-329043
-328679
-328120
-327998
-327842
-327144
-326937
-326672
-326670
-326443
-326413
-326404
-326391
-326251
-326134
-325883
-325292
-325053
-324446
-323981
-323597
-323285
-323278
-322855
-322372
-322172
-322128
-322106
-321851
-321813
-321751
-321594
-321197
-321130
-320642
-320630
-320624
-320562
-320301
-320220
-320089
-319926
-319747
-319705
-319681
-319666
-319514
-319356
-319054
-318983
-318869
-318755
-318671
-318117
-318070
-317737
-317342
-316962
-316802
-316718
-316381
-316221
-316163
-316017
-315868
-314985
-314522
-314271
-314204
-314004
-313899
-313889
-313806
-313716
-313672
-313660
-313543
-313530
-312898
-312613
-312477
-312415
-312228
-311879
-311768
-311757
-311579
-311332
-311082
-310998
-310764
-310681
-310661
-310606
-310325
-309890
-309585
-309411
-309260
-309209
-308813
-308745
-308365
-308199
-308052
-307768
-307696
-307410
-307160
-307133
-307018
-306826
-306658
-306566
-306508
-306471
-306046
-305943
-305645
-305598
-305550
-305373
-305292
-304810
-304465
-304293
-304209
-303806
-303601
-303488
-303352
-303287
-302666
-302655
-302631
-302571
-302420
-302410
-302364
-302280
-302262
-301963
-301799
-301716
-301538
-301410
-301339
-301153
-300951
-300821
-300567
-300562
-299765
-299712
-299477
-299036
-298967
-298950
-298934
-298835
-298356
-298305
-297836
-297735
-297667
-297392
-297340
-297140
-297107
-296987
-296923
-296831
-296791
-296562
-296546
-296325
-295916
-295800
-295622
-295569
-295567
-295406
-295238
-294944
-294512
-294417
-294083
-293956
-293947
-293799
-293730
-293722
-293605
-293234
-293014
-293013
-292926
-292778
-292593
-292556
-292149
-292143
-292011
-291696
-291373
-291160
-290712
-290584
-290447
-290393
-290220
-289600
-289445
-289106
-288914
-287607
-287571
-286833
-286815
-286417
-286124
-285858
-285784
-285758
-285716
-285252
-284965
-284953
-284863
-284778
-284419
-284122
-283616
-283064
-283061
-282891
-282477
-282468
-282148
-281968
-281884
-281808
-281753
-281425
-281101
-280214
-280134
-280049
-279899
-279837
-279819
-279015
-278863
-278774
-278664
-278189
-277737
-277687
-277499
-277450
-277387
-277113
-276918
-276639
-276629
-276541
-276484
-276348
-275933
-275840
-275529
-275169
-275123
-275023
-274998
-274984
-274774
-274761
-274657
-274654
-274456
-274313
-274053
-273857
-273293
-272824
-272800
-272549
-272055
-271803
-271758
-271618
-271571
-271389
-271100
-270870
-270788
-270521
-270399
-269946
-269829
-269827
-269507
-269294
-269232
-268885
-268442
-268331
-267971
-267902
-267893
-267463
-267210
-266958
-266550
-266031
-265761
-265680
-265641
-265637
-265228
-265059
-264982
-264694
-264607
-264162
-263931
-263917
-263901
-263876
-263713
-263639
-263059
-262988
-262864
-262773
-262682
-262614
-262608
-262435
-262028
-261549
-261542
-261503
-261383
-261261
-261189
-260546
-259844
-259556
-259466
-259325
-259016
-258685
-258642
-258573
-258470
-258071
-258043
-258027
-257932
-257307
-257224
-257131
-257038
-257034
-256725
-256690
-256623
-256514
-256139
-255926
-255895
-255714
-255567
-255505
-255255
-254919
-254817
-254798
-254516
-254498
-254474
-253982
-253750
-253582
-253482
-253334
-253163
-252975
-252676
-252173
-251665
-251414
-250888
-250785
-250753
-250589
-250581
-250481
-250182
-250000
-249786
-249773
-249756
-249652
-249579
-249509
-249504
-249206
-249170
-249161
-248988
-248537
-248386
-247984
-247798
-247682
-247681
-247576
-247365
-247309
-247209
-247066
-246934
-246847
-246837
-246752
-246563
-246552
-246487
-245749
-245498
-245292
-245137
-244821
-244800
-244689
-244520
-244455
-244056
-243837
-243662
-243613
-243437
-243239
-243214
-243058
-243052
-242936
-242892
-242679
-242579
-242533
-242481
-242413
-242309
-242222
-241904
-241839
-241612
-241472
-241196
-240945
-240648
-240635
-240602
-240388
-240177
-239870
-239742
-239725
-239615
-239577
-239485
-239280
-238134
-238070
-237955
-237779
-237600
-237519
-237474
-237336
-237140
-236765
-236486
-236278
-236129
-235682
-235565
-235520
-235480
-235007
-234996
-234794
-233576
-233483
-233272
-233268
-233020
-232863
-232775
-232428
-232100
-231968
-231847
-231630
-231519
-231506
-231436
-231307
-231010
-230806
-229577
-229481
-229027
-228732
-228672
-228457
-228114
-227946
-227813
-227351
-227346
-227300
-227242
-227198
-226994
-226873
-226821
-226591
-226264
-226158
-225982
-225770
-225747
-225695
-225642
-225327
-225235
-225063
-224997
-224982
-224765
-224669
-224208
-223758
-223683
-223668
-223622
-223394
-223363
-223145
-222964
-222931
-222646
-222550
-222256
-222236
-222235
-222172
-221936
-221848
-221760
-221596
-221542
-221526
-221312
-221130
-220839
-220773
-220538
-220469
-220113
-220082
-220015
-219875
-219808
-219432
-219102
-218880
-218810
-218383
-217804
-217775
-217763
-217535
-217017
-216993
-216948
-216890
-216819
-216754
-216733
-216610
-216319
-216011
-215962
-215410
-215049
-214983
-214769
-214410
-214320
-214112
-214090
-214059
-213909
-213313
-213272
-211763
-211730
-211412
-211359
-211341
-211338
-211078
-211017
-210904
-210797
-210702
-210334
-210227
-210201
-210013
-209909
-209870
-209537
-209279
-209246
-208894
-208350
-208230
-207907
-207894
-207646
-207300
-207258
-207123
-207097
-207040
-206988
-206264
-206192
-206178
-206140
-206080
-206027
-206012
-205869
-205402
-205201
-205002
-205002
-204585
-204015
-203816
-203614
-203502
-202728
-202727
-202694
-202623
-202552
-202277
-201557
-201454
-201447
-201436
-201060
-201004
-200800
-200152
-200144
-200044
-199610
-199076
-199058
-198937
-198877
-198564
-198478
-198255
-198218
-197997
-197292
-197290
-197269
-196162
-196128
-196102
-195972
-195924
-195896
-195658
-195658
-195554
-195403
-195372
-195279
-195182
-195121
-195060
-194533
-194342
-194230
-194090
-193775
-193457
-193442
-193345
-193315
-192765
-192515
-192438
-192064
-191716
-191653
-191638
-191597
-191447
-190913
-190829
-190725
-190569
-190554
-190466
-190041
-189970
-189939
-189741
-189736
-189612
-189612
-189492
-189273
-189218
-189196
-189140
-188710
-188636
-188462
-188157
-188116
-187949
-187704
-187621
-187619
-187535
-187401
-187231
-187140
-187029
-186830
-186785
-186325
-186260
-186210
-186203
-186012
-185842
-185667
-185276
-185084
-184961
-184884
-184789
-184713
-184089
-183993
-183851
-183818
-183659
-183586
-183279
-183213
-183013
-182967
-182757
-182570
-182283
-182245
-182205
-182171
-182080
-182032
-181845
-181794
-181560
-181486
-181182
-180176
-180138
-180072
-180017
-179921
-179858
-179787
-179669
-179644
-179452
-179045
-178642
-178321
-178129
-177976
-177817
-177376
-176943
-176842
-176745
-176493
-176296
-175786
-175753
-175589
-175357
-174605
-174555
-174416
-174237
-173788
-173758
-173387
-173332
-173311
-173019
-172900
-172630
-172609
-172503
-172306
-172292
-171796
-171779
-171668
-171422
-171363
-171098
-171045
-170890
-170596
-170593
-170515
-170503
-170424
-170356
-170093
-169964
-169710
-169436
-169384
-169305
-169209
-169181
-168982
-168851
-168811
-168606
-168557
-168487
-168371
-168108
-167187
-167152
-167151
-166867
-166649
-166154
-166022
-165869
-165364
-164736
-164428
-163466
-162972
-162580
-162331
-161930
-161731
-161349
-161129
-161124
-160704
-160597
-160548
-160296
-160210
-159913
-159733
-159588
-159192
-158900
-158540
-158270
-158214
-157930
-157373
-157104
-157043
-156585
-156150
-155731
-155595
-155463
-155342
-155065
-155026
-154598
-154296
-154267
-153903
-153217
-153152
-152959
-152939
-152919
-152894
-152878
-152871
-152839
-152257
-151985
-151912
-151813
-151307
-150888
-150738
-150675
-150158
-149939
-149875
-149823
-149604
-149110
-148706
-148585
-148414
-148293
-148145
-147742
-147321
-147212
-147202
-147201
-147161
-146816
-146806
-146571
-146431
-146205
-146033
-145918
-145914
-145909
-145762
-145673
-145517
-145486
-145187
-144945
-144863
-144759
-144476
-143903
-143342
-143230
-143141
-142564
-142347
-142244
-142070
-141889
-141621
-141523
-141291
-141068
-141045
-140902
-140577
-140515
-140157
-140080
-139408
-138955
-138888
-138864
-138833
-138828
-138684
-138660
-138576
-138544
-138246
-138142
-137942
-137290
-137244
-137237
-136620
-136453
-136382
-136362
-136011
-134807
-134495
-134045
-134010
-133892
-133884
-133832
-133662
-133513
-133320
-133194
-133150
-133017
-132704
-132652
-132111
-132107
-132078
-132026
-131714
-131493
-131262
-131138
-131026
-130888
-130655
-130426
-130233
-130055
-130010
-130004
-129876
-129726
-129629
-129479
-129343
-129268
-129134
-128931
-128687
-128672
-127778
-127722
-127696
-127405
-127341
-127070
-127000
-126963
-126728
-125835
-125772
-125770
-125769
-125686
-125542
-125340
-125131
-124858
-124856
-124707
-124538
-124378
-124265
-124097
-123986
-123809
-123691
-123351
-123318
-123193
-123126
-123069
-123067
-122426
-122367
-122330
-122320
-122072
-121915
-121650
-121400
-120858
-120858
-120787
-120419
-120282
-119664
-119648
-119469
-119335
-119118
-119035
-118826
-118576
-117964
-117423
-117304
-116642
-116449
-116293
-116151
-116033
-115773
-115749
-115213
-115033
-114656
-114397
-114313
-114119
-114080
-114052
-113838
-113827
-113758
-113554
-113553
-113354
-113300
-113024
-112669
-112517
-112504
-112345
-112271
-111845
-111643
-111231
-111209
-111194
-111007
-110990
-110925
-110871
-110633
-110530
-110258
-110161
-110123
-109624
-109252
-109245
-109238
-109224
-109100
-108812
-108429
-108357
-108288
-108023
-107750
-107429
-107422
-107296
-107027
-106645
-106590
-106519
-106397
-106192
-106061
-106053
-106030
-105792
-105691
-105542
-105467
-104848
-104588
-104456
-104374
-104315
-104134
-104078
-103727
-103525
-103183
-102917
-102902
-102736
-102607
-102531
-102294
-101781
-101743
-101605
-101561
-101542
-101275
-101209
-101049
-100762
-100153
-100133
-100070
-99897
-99787
-99140
-99039
-98925
-98586
-98389
-98010
-97662
-97540
-97521
-97460
-97378
-97291
-96743
-96689
-96398
-96120
-95960
-95571
-95488
-95379
-95344
-95222
-95219
-95191
-95099
-94794
-94332
-94039
-93999
-93863
-93218
-92846
-92654
-92163
-91800
-91689
-91644
-91543
-90860
-90582
-90557
-90260
-90199
-89564
-89563
-89242
-89214
-89189
-89111
-88968
-88883
-88816
-88766
-88554
-88537
-87859
-87515
-87271
-87197
-87161
-87112
-86349
-86316
-86300
-85948
-85792
-85753
-85383
-85338
-85310
-84960
-84908
-84686
-84586
-84435
-84145
-84116
-84085
-83911
-83885
-83660
-83300
-83101
-82967
-82914
-82294
-82083
-82012
-81880
-81847
-81752
-81520
-81502
-81290
-80938
-80651
-79907
-79764
-79535
-79179
-78778
-78658
-78526
-78432
-78120
-77966
-77714
-77563
-77520
-77488
-77479
-77372
-77090
-77062
-76846
-76775
-76653
-76346
-76235
-75784
-75775
-75767
-75450
-75316
-75242
-74992
-74723
-74649
-74458
-74129
-73702
-73669
-73078
-73054
-72894
-72742
-72704
-72392
-71934
-71923
-71743
-71548
-71400
-71180
-70520
-70396
-70232
-69960
-69352
-69279
-69203
-69148
-68848
-68821
-68238
-68175
-67897
-67764
-67412
-67350
-67090
-67063
-66946
-66309
-65846
-65829
-65755
-65696
-65594
-65581
-65393
-64922
-64504
-64359
-64210
-64118
-63882
-63302
-63085
-63029
-62896
-62857
-62495
-62354
-61782
-61698
-60838
-60600
-60437
-60433
-60321
-60152
-59988
-59951
-59637
-59527
-59486
-59067
-59058
-58770
-57909
-57732
-57625
-57444
-57353
-57353
-57302
-56990
-56641
-56323
-56273
-55732
-54699
-54695
-54480
-54385
-54231
-54146
-54041
-53925
-53709
-53575
-53567
-53509
-53284
-52951
-52345
-52284
-52032
-51444
-50804
-50467
-50215
-50139
-50105
-49938
-49710
-49673
-49218
-48939
-48911
-48780
-48749
-48585
-48007
-47564
-47518
-47507
-47415
-47172
-46998
-46835
-46761
-46716
-46655
-46568
-46478
-46435
-46333
-46292
-46053
-46049
-46017
-45817
-45579
-45535
-45512
-45505
-45382
-44909
-44110
-44055
-43799
-43782
-43538
-42894
-42810
-42802
-42731
-42491
-42434
-42342
-42157
-42128
-42025
-41978
-41962
-41740
-40967
-40687
-39803
-39615
-39589
-39519
-39032
-38895
-38893
-38778
-38262
-37114
-37097
-37096
-36879
-36533
-36342
-36314
-36215
-36038
-35118
-35045
-34922
-34831
-34646
-34609
-34453
-34381
-34359
-33996
-33980
-33894
-33808
-33627
-33609
-33539
-33502
-33487
-33295
-33011
-32835
-32752
-32061
-31597
-31580
-31440
-31137
-31051
-30959
-30864
-30602
-30141
-30002
-29341
-29300
-29054
-28998
-28988
-28943
-28251
-27975
-27545
-27446
-27414
-27064
-26853
-26835
-26794
-26618
-25880
-25748
-25611
-25336
-25066
-24999
-24921
-24673
-24205
-24129
-24024
-23744
-23494
-23369
-23173
-23161
-23034
-22973
-22967
-22839
-22816
-22543
-22459
-22247
-22006
-21797
-21704
-21659
-21407
-21393
-21320
-21303
-21259
-21074
-21009
-20850
-20557
-20321
-20109
-20107
-19962
-19936
-19930
-19830
-19771
-19553
-19346
-19117
-19091
-18947
-18831
-18807
-18706
-18546
-18475
-18434
-18239
-18117
-18035
-17487
-17378
-17083
-16994
-16967
-16923
-16894
-16768
-16570
-16338
-16278
-16255
-16242
-16141
-15875
-15703
-15510
-15262
-15203
-15005
-14727
-14653
-14606
-14595
-14425
-13919
-13918
-13300
-12930
-12781
-12752
-12707
-11958
-11692
-11606
-11235
-10839
-10512
-9628
-9287
-8733
-8656
-8183
-8110
-7727
-7651
-7474
-7338
-6930
-6734
-6664
-6617
-6156
-5565
-5507
-5413
-5395
-5372
-4998
-4947
-4945
-4829
-4668
-4091
-3906
-3667
-3570
-3530
-3188
-2843
-2838
-2592
-2390
-2359
-2233
-2021
-1802
-1060
-920
-577
-28
83
262
352
358
440
542
779
816
842
1076
1199
1344
1375
1706
1755
1794
2154
3511
3886
3899
4355
4564
4956
5287
5544
5643
5739
6172
6332
6592
6745
7762
8460
8659
8667
8817
9063
9393
9721
9767
9824
10052
10345
10383
10457
10884
11311
11376
11479
11606
11697
11764
12074
12315
12643
12695
12781
12880
12951
13165
13634
13841
13937
14223
14246
14761
14801
14997
15371
15485
15514
15612
15671
15691
16062
16180
16685
16847
17046
17140
17570
18031
18034
18065
18205
18288
18309
18342
18409
18502
18617
18710
18806
19080
19148
19203
19340
19345
19483
19715
19752
19991
20342
20636
20784
21282
21498
21896
21950
22431
22821
23252
24041
24057
24372
24472
24514
24563
25089
25170
25624
25749
25782
25838
25928
25932
26261
26484
26511
26552
26597
26800
27812
27928
28023
28069
28092
28540
28896
29030
29266
29427
29609
30038
30174
30237
30516
30629
31086
31179
31252
31289
31437
31768
31791
31799
32307
32325
32680
32727
32954
32970
33317
33630
34374
34556
34688
34940
35836
35869
36132
36222
36937
36984
37228
37325
37503
37642
37672
37842
37959
38271
38681
38722
39355
39436
40360
40421
40441
40525
40545
41445
41564
41703
41744
41863
41874
42022
42119
42354
42618
42646
42743
42840
42845
43063
43627
43653
43718
44105
44451
44891
45023
45125
45160
45170
45245
45282
45447
45570
45637
45707
46198
46423
46668
46804
47572
47662
47700
48082
48287
48334
48380
48560
48579
48657
48890
49197
49212
49356
49455
49495
49751
49751
49863
49866
50300
50763
50769
50902
50943
51349
51359
51592
52166
52176
52183
52704
52799
52891
52966
53018
53088
53141
53182
53363
53644
54436
54452
54467
54469
54616
54842
55167
55317
55652
55716
55869
55920
56028
56052
56116
56138
56279
56542
56727
56823
56946
57044
57054
57635
57737
58179
58979
59369
59479
59609
59952
60185
60272
60632
60801
61636
61851
61998
62495
62499
62637
62792
63136
63199
63241
63316
63546
63611
63665
63679
64344
64553
64648
64858
64887
65238
65468
65608
66549
66643
66999
67143
67281
67427
68013
68056
68232
68322
68366
68869
68979
68984
69291
69604
70044
70330
70498
70969
71069
71279
71601
71605
72114
72200
72328
72719
73073
73198
73219
74120
74290
74447
74528
74554
74906
75275
75579
75667
75976
76050
76086
76135
76151
76261
76279
76863
76970
76975
77185
77466
77471
78045
78183
78275
78305
78362
78630
78683
78915
79015
79029
79662
79683
79717
79779
80020
80279
80583
80976
81443
81705
82469
82634
82765
82827
83071
83495
83803
83887
83967
84108
84290
84392
84615
84772
85033
85083
85105
85812
85858
85939
86030
86052
86221
86344
86502
86824
87351
87657
87705
87834
88089
88357
88470
88989
89473
89718
89882
89893
90349
90532
90577
90696
90865
91124
91207
91826
92077
92253
92827
93155
93300
93902
94288
94298
94364
94432
95466
95597
95679
95874
95881
95969
96876
96985
97090
97129
97218
97229
97278
97370
97648
97797
97965
98029
98164
98175
98208
98308
98427
98457
98502
98623
98678
98703
98958
99468
99554
99849
100456
100615
100958
100976
101025
101426
101479
101728
101748
101905
101909
102041
102250
102394
102737
103113
103355
103715
103723
103956
104759
105226
105322
105847
105985
106072
106092
106525
106615
106750
107293
108010
108177
108376
108425
108485
108659
108674
109230
109483
109942
110096
110299
110371
110525
110554
110668
110830
111146
111249
111303
111451
111996
112035
112352
112421
112496
112859
113014
113300
113398
113527
113541
114011
114140
114713
114829
115427
115502
115913
116559
116584
116779
116867
117134
117139
117173
117409
117413
117438
117630
117805
117808
117825
117921
117971
118071
118171
118207
118290
118399
118618
118667
118845
119185
119490
119765
119837
119837
119860
120069
120160
120435
120777
120810
120905
120941
121008
121053
121296
121333
121444
121874
122280
122585
122823
123054
123251
123379
123434
123458
123809
123864
124026
124310
124330
124763
124772
124837
124872
124905
124996
125048
125760
125808
126118
126246
126502
126552
126686
127090
127707
127753
127938
127958
128329
128741
128864
129193
129211
129225
129249
130217
130309
130354
130754
130888
130924
130928
131255
131457
131718
131862
132562
132594
132854
133444
133445
133523
133703
133912
133919
134205
134658
134700
134953
135061
135483
135727
135907
136014
136034
136243
136580
136656
136810
136901
136934
137048
137558
137882
137961
138055
138512
138573
138660
138663
139311
139728
140478
140652
140656
140679
140907
141001
141110
141188
141330
142060
142090
142383
142549
142668
142837
143103
143236
144049
144151
144898
144948
145126
145338
145545
145752
146288
146676
147732
148061
148528
149211
149298
149299
149510
149618
150253
150377
150655
150741
150745
150855
151015
151231
151485
151698
151809
151835
151994
152498
152558
152799
153173
153301
153309
153526
153816
153967
154490
154602
154618
154640
154913
155459
155495
155824
156064
156135
156671
156760
156848
156900
156915
157155
157419
157827
157998
158417
158800
158868
158887
159230
159658
159696
159766
160023
160142
160269
160546
160592
160659
160838
161232
161404
162026
162125
163009
163810
164104
164273
164313
164589
164598
164958
165093
165163
165212
165500
165609
165617
165743
165772
165830
166150
166272
166383
166514
166546
166672
166749
167636
167833
167973
168970
169220
169267
169272
169338
169427
169576
170361
170582
170666
171235
171273
171796
171866
171982
172048
172388
172394
172643
172682
172996
174229
174275
174305
174359
174614
174833
174835
175257
175315
175373
175398
175496
175568
175577
175773
175967
176283
176480
176505
176684
177044
177110
177171
177266
177565
177958
178114
178182
178214
178219
179290
179429
179490
179539
179717
179879
179944
179961
180054
180183
180244
180248
180350
180545
180870
181130
181155
181287
181452
181825
181856
181937
182483
182522
182788
182863
183120
183129
183188
183203
183377
183517
183520
183553
183571
183640
184041
184058
184076
184341
184545
184561
184568
184679
184711
184961
185477
185681
185740
186027
186042
186337
186442
186607
186955
187143
187418
187513
187678
187711
187896
188098
188664
188721
189039
189308
189401
189551
189753
189763
189806
189879
190002
190074
190087
190461
190473
190556
190658
190770
191144
191477
191611
191624
191707
191866
191891
192026
192207
192279
192529
192570
192827
192849
192874
192900
193119
193227
193240
193322
193369
193677
193772
193874
194121
194146
194188
194328
194977
195119
195257
195524
195552
195714
195859
196036
196730
197199
197588
197690
197805
198170
198328
198368
198664
199080
199301
199807
200152
200547
200625
200635
200754
201211
201262
201584
201714
201770
201781
201830
201839
202094
202130
202197
202319
202331
202769
202991
203097
203106
203253
203265
203431
203555
203601
204161
204412
204556
204729
204773
204817
204869
204890
204920
205187
205219
205421
205459
205562
205922
205979
206038
206301
207011
207238
207362
207609
208054
208435
208611
208624
208649
208661
209470
209747
209906
210377
210581
210721
210962
211371
211488
211546
211982
212333
212671
212859
213300
213659
213976
214695
214710
214899
215046
215164
215482
215503
215572
215617
216115
216221
216879
216933
216998
217581
217798
217940
218051
218202
218229
218366
218770
218808
218828
219041
219195
219209
219260
219658
219881
220398
220515
220613
220707
220851
221165
221404
221460
221812
222003
222619
222720
223081
223129
223442
223723
223970
224531
225103
225258
225379
225739
226104
226835
227723
227727
228059
228165
228467
228602
228641
228961
229011
229266
229390
229597
229649
229683
229995
230054
230277
230313
230635
230724
230845
231218
231234
231308
231414
231501
231535
231664
232165
232186
232189
232474
232500
232630
233018
233110
233193
233271
233271
233350
233445
233637
233820
233853
234289
234419
234492
234518
234578
235273
235380
235808
235956
236116
236237
236506
236782
237024
237032
237067
237181
237219
237464
237714
238019
238023
238275
238448
238616
238621
238683
239002
239089
240153
240395
240396
240677
240725
240772
240842
241089
241334
241390
241638
241669
241848
242086
242342
242408
242765
242795
242974
243190
243982
244137
244685
245658
245912
246025
246102
246412
246546
247161
247193
247349
247456
247776
247845
247894
248165
248268
248407
248439
248660
248834
248840
249034
249040
249089
249135
249257
249403
249808
250255
250547
250615
250801
251134
251195
251300
251381
251593
251630
252353
252458
252561
252747
253038
253795
253867
254093
254485
254560
254641
254703
255267
255365
255665
255672
255891
256250
256268
256361
256368
256711
256840
256898
257019
257061
257658
257745
258195
258417
258536
258721
258775
258936
259257
259812
259816
259975
260362
260951
261062
261076
261740
262177
262249
262515
262578
262684
262739
263055
263248
263861
263947
264030
264534
264610
264652
264842
264946
265139
265603
265762
266889
267015
267047
267057
267375
267484
267653
267810
268111
268132
268470
268522
268695
268759
268914
269046
269095
269236
269311
269458
269505
269654
269764
270086
270957
271011
271074
271217
271235
271454
271714
272015
272521
272685
272764
272838
272862
272889
273233
273412
273471
273473
273532
273612
273967
274240
274398
274821
274847
275085
275599
275672
275945
276123
276170
276178
276242
276308
276909
277014
277049
277741
277864
277887
278061
278261
278388
278710
278791
279194
279305
279448
279467
279549
279801
279900
280256
280488
280551
280969
281187
281219
281317
281388
281605
281837
281985
282023
282147
282374
282680
282687
282748
282939
283113
283321
283492
284133
284373
284549
284699
285018
285136
285236
285252
285405
285603
285809
285831
285878
285990
286023
286380
286437
286673
286895
287014
287269
287290
287461
287532
287564
287909
288002
288757
289881
290065
290925
290980
290982
291206
291325
291641
291960
292087
292088
292389
292411
293179
293232
293503
293796
293907
294028
294086
294127
294218
294288
294337
294517
294730
294737
294804
295285
295546
295679
295691
295734
295818
295937
296015
296142
296295
296486
296681
296781
296921
296940
297226
297245
297353
297556
297910
298210
298500
298538
298887
298938
298984
298994
299261
299290
299523
300320
300363
300550
301105
301291
301401
301475
301593
301661
301838
302680
302769
302843
303059
303513
303615
304174
304352
304710
304799
304861
304870
305244
305378
305668
305873
306062
306145
306890
307179
307199
307263
307602
307884
307898
307929
308368
308527
308637
308710
308875
309319
309373
309489
309509
309599
309724
309930
310362
310428
310604
311071
311446
311596
311667
311715
311817
311905
312049
312456
312571
312791
312916
313037
313629
313874
314151
314263
314746
314905
315269
315283
315443
315651
315705
315841
315922
315964
316053
316268
317090
317143
317488
318040
318143
318175
318371
318698
318801
319205
319487
319568
319625
319855
319931
320799
320890
320943
321430
321540
321788
322179
322282
322618
322803
322818
323181
323309
323823
324006
324019
324115
324329
324594
324731
324802
324830
324874
325097
325733
326492
326874
326902
326937
327292
327369
327856
327882
327936
327964
328514
329005
329171
329184
329255
329701
329857
330000
330149
330281
330356
330409
330613
330630
330783
330852
330857
330962
331385
331397
331577
331583
331849
332058
332462
332731
332769
332772
332836
332969
333027
333442
333671
333975
334129
334162
334190
334298
334420
334887
335196
335378
335451
335784
335837
335920
336553
336982
337175
338193
338234
338753
339100
339244
339296
339518
339608
339907
340385
340421
340703
341282
341288
342233
342298
342909
342998
343153
343763
344013
344023
344200
344530
344530
344775
344798
345116
345181
345315
345325
345652
345798
345943
346251
346487
346687
346713
346882
347277
347301
347333
347678
347729
348171
348868
349331
349362
349837
349918
350129
350602
350854
351199
351247
351264
351351
351496
351614
351707
351916
352595
352754
352780
352859
352881
353142
353293
353423
353451
353500
353745
354137
354240
354581
354643
354858
355292
355648
355700
355771
355786
355900
355905
355988
356133
356174
356616
356909
356956
357038
357080
357113
357198
357252
357261
357402
357558
357600
357606
357633
358349
358500
358738
358747
358840
359035
359198
359242
359506
359581
359849
359887
359925
360108
360147
360163
360619
360644
360688
360869
361024
361207
361446
361677
361751
361788
362284
362315
362341
362899
363156
363301
363764
364371
364814
364857
365119
365163
365598
365606
365611
366162
366335
366346
366727
366876
367546
367615
367756
367930
368048
368105
368739
368853
369463
369860
369896
369989
370229
370231
370328
370364
371283
371407
371864
372064
372074
372173
372545
373542
373695
374005
374051
374117
374579
374775
375199
375222
375242
375547
375552
375706
375791
375968
376408
376549
376718
377066
377233
377719
377775
377925
377952
378038
378245
378289
378587
378786
379297
379399
379485
379491
379551
379636
379662
379848
380467
380558
380598
380812
380881
381092
382191
382274
382493
382687
382848
382856
382862
383130
383298
383591
383836
384189
384256
384602
384603
384685
384960
385091
385319
385350
385516
385524
386375
386711
386857
386968
387031
387375
387481
387621
387810
387832
387844
387859
387863
388013
388133
388659
388674
389117
389238
389860
390055
390300
390510
390997
391043
391104
391116
391271
391283
391292
391585
391846
391988
392286
392465
392467
392704
392740
393030
393037
393182
393195
393322
393424
393535
393637
393637
393778
393934
394289
394545
395129
395142
395332
395457
395564
395624
395683
395794
396014
396367
396378
396739
397027
397092
397153
397312
397331
397467
397573
397917
398138
399354
399512
399970
400129
400191
400381
400459
400543
401177
401552
401634
401728
401786
402619
402715
403494
403705
403838
404233
404246
404265
404316
404344
404355
404408
404561
404580
404723
404912
405195
405604
405711
406314
406802
406870
407269
407394
407587
407589
407994
408057
408236
408314
408419
408515
408524
408844
409465
410473
410980
411693
411778
411929
412192
412390
412428
412537
412656
412748
412805
413020
413155
413168
413587
414265
414424
415053
415230
415418
415461
415564
415682
416010
416129
416200
416468
416509
416811
417105
417388
417501
417513
418000
418125
418516
418545
419337
419386
419506
419632
420095
420225
420233
420493
420557
420657
420714
420957
420967
421011
421036
421261
421421
421673
421796
421869
422124
422462
422627
422826
423208
423337
423479
423736
423755
423825
424339
424498
424558
424878
425105
425191
425261
425273
425391
425435
425970
426467
427196
427365
427720
427812
428003
428004
428506
428917
429386
429509
429833
430213
430392
430599
431158
431214
431302
431717
431777
431826
432163
432541
432567
432696
433044
433472
433671
433968
434206
434500
434502
434723
435173
435255
435388
435655
435845
436007
436136
436446
436457
436472
436483
436610
436628
436914
436926
437292
437395
437664
437885
437888
438008
438090
438255
438415
438420
438573
438638
438721
438772
439260
439267
439312
439406
439711
439839
439983
440323
440739
440928
441162
441232
441574
441717
441726
442081
442170
442796
443259
443557
443952
444074
444175
444320
444686
445157
445245
445385
445719
445748
446012
446065
446591
446662
447044
447073
447297
447641
447886
447907
447908
448124
448196
448555
448557
448574
448600
448722
448792
448844
449090
449500
450241
450497
450986
451442
451565
451665
451808
451915
451922
452068
452464
452626
453206
453232
453277
453373
453431
453591
453659
453737
453879
454073
454345
454491
454584
454817
455636
456058
456065
456270
456288
456427
456551
456612
456805
457191
457302
457315
457339
457368
457384
457440
457565
457688
458219
458263
458387
458435
458547
459111
459142
459317
459652
459716
460070
460147
460172
460173
460321
461011
461234
461416
461747
461807
461819
461900
461969
462501
462631
463080
463415
463500
463530
464087
464109
464216
464299
464629
465003
465469
465521
465968
466240
466663
467096
467331
467331
467581
467590
467602
467953
468373
468406
468453
468548
468896
468923
469104
469221
470055
470157
470267
471159
471484
471493
471798
472883
472924
473309
473599
473614
473645
473713
473810
474058
474687
474720
474885
475153
475466
475583
475763
475800
475884
476164
476492
476506
476532
476782
477292
477363
477708
477783
477815
477858
477987
478293
479033
479135
479185
479418
479430
479483
480076
480262
480288
480461
480687
480817
481150
481326
481385
481507
481651
481872
481936
482149
482240
483171
483473
483572
483618
483645
483658
483987
484032
484474
484642
484868
485016
485836
486002
486012
486054
486549
486761
486819
487453
487577
487814
488135
488426
488455
488570
489250
489480
489753
489938
490234
490602
491592
492207
492222
492663
492845
493334
493489
493502
493509
493613
493636
493730
493781
493881
494238
494453
494541
494575
495146
495148
495384
495496
496028
496568
497359
497898
498617
498638
499090
499148
499221
499301
499544
499807
499897
499940
500071
500379
500588
500934
501154
501354
501467
501519
501778
502043
502447
502767
502790
503042
503172
503257
503289
503338
503349
503364
503388
503488
503704
504075
504231
504281
504368
504595
504931
505125
505333
505501
506032
506335
506476
506889
507102
507149
507270
507530
507547
508090
508339
509205
509480
509965
510120
510221
510456
510769
510991
510994
511031
511256
511658
511671
511680
511832
512157
512251
512379
512554
512576
513365
513495
513527
513780
513856
513969
514050
514077
514086
514124
514550
514584
514888
515557
515935
515961
516322
517669
517870
517920
518027
518042
518242
518307
518761
519081
519302
519309
519538
519938
520098
520466
520499
520766
520773
520874
521017
521543
521656
521951
521964
522249
522469
522913
523302
523353
523586
523656
523742
523921
524108
524171
524263
524277
524627
524641
524665
524995
525139
525205
525244
525326
525530
525587
525630
525806
525847
526028
526080
526110
526276
526816
527044
527159
527396
527462
527612
528118
528505
528587
529279
529425
529672
529695
530297
530579
530630
530786
531029
531217
531366
531567
532240
532528
532560
532706
532779
532841
533005
533286
534132
534162
535116
535140
535252
535284
535406
535623
535663
536006
536484
536602
536616
536726
536998
537475
537795
537922
537949
537985
538315
538407
538585
538660
538880
538948
539719
539972
540054
540186
540273
540825
540988
541158
541328
541657
541764
541844
541885
542039
542040
542147
542577
542709
542808
543128
543136
543180
543260
543349
543471
543887
543890
544222
544344
544377
544434
544541
545161
545191
545286
545403
545406
546115
546121
546280
546407
546472
547281
547456
547890
547890
548563
548872
549483
549734
549813
549977
550087
550172
550283
550384
550425
550875
551023
551083
551164
551498
551752
551847
552082
552198
552308
552576
552639
552692
552699
552733
552881
552911
553246
553386
553909
553968
554915
555365
555469
555513
556140
556310
556408
556431
556902
556974
557178
557216
557249
557516
557745
558018
558115
558181
558569
558664
558865
559045
559798
560262
560342
560825
560827
561258
561312
561441
561711
562007
562069
562237
562710
562731
562860
562990
563194
563741
563859
564070
564127
564164
564758
565270
565493
565822
566275
566547
567247
567480
567642
568003
568733
568759
568768
568965
569300
569353
569380
569519
569651
570049
570409
570575
570729
571024
571259
571283
571289
571480
571689
571868
571998
572037
572275
572333
572412
572488
572498
572639
572955
573091
573367
573445
573754
574229
574419
574598
574604
574958
574993
575364
575494
575534
575628
576046
576688
577193
577325
577338
577620
577936
578105
578470
578489
578569
578968
579518
579666
579677
579840
580094
580225
580258
580400
580844
580955
581190
581284
581291
581428
581437
581721
582007
582169
582204
582456
582989
583161
583559
583583
583623
583633
583813
584035
584173
584189
584354
584482
584902
584911
584982
584989
585118
585447
585532
585643
586357
586566
586815
587037
587213
587235
587484
587484
587676
587688
587811
588418
588563
588816
588881
588908
589257
589331
589350
589514
590158
590423
590713
590748
590882
591079
591486
591514
591673
591689
591784
591966
592194
592223
592397
592770
593089
593448
593780
593790
593987
594056
594227
594241
594394
594443
594814
595038
595266
595616
595934
596091
596147
596250
596374
596604
596669
596705
596787
596869
596974
596979
597182
597462
597733
597812
598306
598535
598736
598958
599116
599170
599325
599591
599984
600253
600357
600503
600574
600699
600701
600993
601204
601493
601576
601638
601841
602907
603333
603983
604261
604355
604728
604885
605111
605182
605199
605376
605515
605640
605698
605725
605891
606603
606698
606708
606715
606966
607094
607128
607340
607572
608000
608087
608345
608355
608465
608774
608988
609321
609350
609556
609675
610487
610869
610879
610950
611015
611024
611042
611102
611554
611645
611680
611735
611996
612082
612177
612355
612549
612924
612989
613020
613267
613414
613778
614138
614196
614352
614526
614726
614972
615100
615143
615574
615584
615637
615652
615738
615942
615961
616113
616390
616498
616641
616793
616845
616948
616979
617023
617342
617667
617734
617945
618037
618120
618488
618644
619369
619441
619674
619778
619916
620150
620231
620313
620534
620744
620875
621078
621082
621136
621216
621394
621893
621966
623153
623198
623811
623968
624048
624335
624633
624889
624928
625449
625468
625474
625513
625586
625725
625945
626231
626496
626711
626718
627093
627440
627498
627514
627761
628482
628535
628571
628728
629336
629433
629447
629468
629720
629871
629909
630161
630179
630232
630241
630441
630474
630475
630577
630926
631484
631510
631556
632098
632115
632162
632420
632522
632932
633147
633254
633410
633764
633833
634433
634474
635330
635372
635401
635459
635518
635549
635730
637575
638057
638412
638531
638730
638819
638984
639056
639503
639852
640579
640604
640765
640918
640983
641196
641836
642218
642320
642691
643503
643577
643696
643731
643917
644419
644697
645192
645397
645604
645648
646216
646280
646301
646676
647048
647273
647404
647550
647715
648046
648228
648320
648361
648505
648702
648719
648894
649484
649628
649658
649915
650074
650347
650546
650677
650713
650765
650885
651006
651132
651506
651553
651623
651920
651933
652099
652842
653025
653200
653749
654400
654730
654735
654788
654970
654982
655037
655186
656010
656063
656085
656110
656482
656523
656983
657105
657156
657324
657469
657481
657556
657697
657886
657907
658125
658130
658224
658237
658348
659144
659225
659580
659693
659850
659902
660121
660284
660337
660356
660785
662042
662062
662235
662325
662513
662969
663082
663212
663296
663409
663414
663433
663583
663831
663874
664645
664742
664997
665020
665145
665153
665200
665361
665438
665639
666127
666216
666259
666504
666614
666721
666812
666846
667106
667160
667411
667961
668022
668272
668606
668698
669158
669336
669521
669618
669706
669721
669750
670065
670146
670200
670384
671195
671301
671538
671764
671780
671793
671943
672036
672256
672845
672893
673034
673083
673137
673161
673676
674050
674066
674818
675059
675072
675288
675581
676060
676261
676659
676926
677149
677485
678124
678624
678632
678668
678725
678825
679104
679130
679508
679560
679615
680131
680205
680326
680569
680604
680619
680654
680658
680957
681049
681135
681283
681591
681691
681699
681963
682185
682194
682352
682603
682682
682758
682814
682828
682868
683122
683284
683341
683429
683431
683797
683803
684152
684178
684296
684325
684438
684474
684607
684671
684700
684725
685676
685709
685874
686256
686270
686391
686572
686767
686934
686956
687548
687608
687819
687986
688626
688846
689349
689409
689546
689581
689602
689768
689772
689878
690089
690099
690368
690399
690552
690719
691358
691559
691683
691756
691944
692070
692409
692786
693143
693298
693360
693609
693934
694043
694134
694208
694713
695007
695179
695283
695394
695451
696346
696348
696457
696517
696658
696909
696926
696998
697384
697402
698030
698099
698202
698395
698581
698705
698825
699010
699100
699153
699397
699452
699590
699621
699772
699873
700363
700625
700654
700701
700890
701563
701573
701804
702191
702296
702530
702660
702738
702855
703057
703265
703387
703406
703777
703970
704084
704481
704802
705013
705045
705507
705657
705690
705740
706003
706208
706636
706771
706801
706897
707175
707231
707237
707427
707592
707597
707644
707728
707921
707998
708018
708019
708552
708879
709015
709057
709076
709456
709725
709734
709769
710222
710357
710393
710506
711020
711115
711116
711236
711354
711550
711557
711590
711884
711908
712083
712398
712508
712547
712683
712940
712945
713038
713480
714026
714115
714181
714251
714277
714581
714832
714978
715000
715075
715254
715490
715722
715894
715902
715937
716196
716219
716241
716260
716523
716739
716760
716785
716924
716956
717445
717482
717540
717574
717637
717727
718287
718388
718402
718615
718679
718702
718744
718813
718997
719190
719363
719386
719445
720415
720429
720835
720868
720913
721488
721916
722023
722412
722480
722509
722548
722654
722754
722810
722944
723009
723552
724073
724365
724624
724630
724957
725190
725279
725981
726433
726863
726936
727084
727177
727421
727618
728020
728591
728941
728979
729568
729638
729639
729677
729680
729841
729863
729878
730011
730204
730211
730261
730352
730374
730484
730501
730540
731115
731187
731341
731425
731436
731666
731669
731724
731849
731904
732011
732054
732229
732601
732846
733171
733247
733276
733414
733526
733922
734141
734189
734272
734649
734718
735015
735214
735279
735307
735470
735763
736229
736502
736842
736955
737167
737600
737725
738018
738777
738794
738915
739023
739110
739148
739660
739719
740010
740054
740175
740253
740364
740411
740643
740660
740826
741002
741019
741095
741510
741751
741794
741837
741903
741995
742031
742155
742186
742330
742531
742569
742746
742849
743115
743156
743392
743882
743977
744026
744038
744234
744385
744417
744523
744703
744743
745479
745572
745856
745940
746031
746217
746940
747019
747260
747376
747439
747540
747785
747976
748006
748207
748266
748388
748531
748768
749032
749190
749223
749281
749537
749585
749624
749987
750348
750459
750462
750702
750741
751214
751651
751807
751835
752096
752334
752949
753376
753798
753890
753990
754043
754336
754688
755503
755690
755881
756045
756505
756628
756650
756793
757081
757159
757178
757571
757643
757675
757753
757916
758699
759146
759458
760073
760101
760398
760974
761208
761243
761320
761348
761851
761863
761912
762713
763035
763286
763626
763676
764116
764596
764710
764989
765007
765192
765211
765224
765255
765706
765922
766208
766279
766315
766390
766408
766410
766908
766915
766936
767087
767168
767582
767813
767848
767874
768372
768382
768812
769352
769726
769733
770356
770511
770622
770862
770875
771325
771450
771586
772157
772251
772345
772517
772879
773051
773327
773407
773750
773794
773822
774136
774403
774640
774763
774913
775422
775468
775565
775682
775756
776034
776390
776435
776486
776664
776836
777089
777784
777967
778402
778444
778605
778789
778893
778960
779240
779245
779273
779626
780290
780311
780965
781637
781948
782913
782974
783332
783365
783381
783803
783848
783918
784290
784324
784492
784572
784589
784940
785208
785300
785354
785905
786085
786115
786145
786343
786374
786383
786748
786957
787799
787804
788065
788112
788176
788500
788825
788839
788973
789004
789456
789800
789959
790110
790567
790699
790836
790850
790856
791420
791965
792133
792313
792351
792668
792827
792877
793187
793591
794533
794573
794693
794735
795203
795483
795926
796337
796742
796789
797076
797660
797919
797933
798039
798145
798312
798470
798995
799128
799577
799660
799702
799756
800113
800948
801264
801487
801504
801535
801537
801672
801766
801790
801884
801896
801927
802092
802178
802964
803014
803302
803323
803485
803564
804216
804290
804380
804532
804556
804585
804792
804805
804873
805475
805880
806328
806401
806970
807188
807195
807207
807270
807391
807514
808255
808327
808655
809017
809366
809779
809908
810210
810264
810525
810675
810832
810872
810990
811291
811366
811493
811498
811816
812049
812322
812433
812444
812955
813360
813545
813718
813752
813787
813862
814359
814570
814645
814747
814803
815039
815596
815735
815738
815931
816216
816317
816382
816397
816720
817222
817247
817345
817861
817908
818023
818177
818418
818469
818521
819147
819219
819362
819368
819380
819643
819733
820336
820604
821108
821473
821519
821598
821727
821946
822187
822196
822383
822410
822475
822612
822918
822997
823040
823197
823275
823374
823669
823843
824294
824370
824498
824794
825220
825369
825496
825905
825937
825943
826120
827381
828206
828426
828769
828781
828909
829021
829199
829296
829644
829802
829987
830666
830707
831363
831941
831968
832077
832096
832219
832479
832591
832688
832883
833082
833111
833125
833527
834230
834258
834275
834300
834330
834488
834743
834850
834859
835427
835457
835497
836080
836139
836568
836569
836605
837011
837879
838671
838700
838707
839065
839441
839580
839729
839778
840029
840083
840222
840492
840582
840960
841033
841324
841542
841831
841955
841966
842018
842075
842338
842746
842860
843024
843156
843205
843488
843608
843995
844456
844545
844771
844796
845534
845631
846176
846648
846740
847200
847226
847309
847360
847539
847899
848200
848208
848209
849141
849358
849366
849673
849705
849885
849894
850020
850128
850374
850433
850624
850769
850880
851102
851139
851352
851427
851699
851762
852201
852651
853028
853196
853234
853497
854242
854245
854276
854303
854774
855296
855396
855401
855479
855780
855963
856166
856224
856897
857731
857804
857918
858073
858239
858315
858375
859149
859245
859273
859654
859801
859889
859981
860101
860111
860332
860686
860949
861333
861751
861761
862029
862098
862332
862708
863318
863356
863430
864198
864363
864555
864822
864842
865472
865574
865636
865924
865953
866000
866071
866436
866659
866806
867289
867549
867582
867691
867752
867837
868327
869348
870053
870125
870282
870406
870527
870662
870757
870770
870783
870817
871363
871631
871682
871797
871821
871990
872031
872205
872334
872680
873018
873312
873346
873425
873539
873589
873620
873821
873954
873975
874094
874110
874279
874377
874608
875153
875268
875595
875656
875960
876194
876204
876297
877111
877138
877161
877367
877552
877839
877846
877849
878251
878788
878789
878851
879362
879368
879452
879459
879657
879746
880036
880264
880346
880349
880375
880515
880532
880601
880924
881268
881389
881591
882137
882180
882256
882824
882830
883079
883181
883348
883629
883681
883848
883866
883938
883960
883986
884545
884568
884622
884741
885047
885179
885566
885679
886155
886179
886193
886304
886403
886518
886803
886894
887133
887257
887908
887919
888090
888198
888566
888898
889522
889840
889895
890027
890148
890325
890547
890599
890667
890780
891027
891218
891325
891720
891901
892024
892121
892192
892231
892465
893110
893167
893254
893380
893508
893643
893869
893928
894390
894852
894896
895006
895019
895128
895326
895408
895665
895665
895838
895845
896315
896320
896968
897193
897222
897392
897673
898189
898210
898261
898272
898387
898885
898942
899285
899319
899633
899799
899811
900182
900465
900469
900627
900828
901271
901272
901314
901788
901997
902304
902475
903145
903353
903742
903951
904046
904356
904364
904452
904619
904734
904820
904906
905120
905527
906798
906860
907168
907449
907606
907677
908799
909043
909146
909168
909345
909372
909596
909611
909819
909864
910905
911057
911216
911301
911443
911533
911809
911929
912464
912543
912561
912563
912694
912899
912905
913142
913208
913731
913761
913946
914210
914575
914835
914867
915171
915242
915464
915767
915816
915867
916058
916200
916404
916533
916880
917041
917261
917594
917657
917689
917851
917956
918159
918167
918172
918827
919245
919292
919376
919721
919859
920002
920386
920703
920918
921005
921778
921784
921797
921823
921830
922021
922081
922249
922315
922680
922684
922697
922729
922777
922857
922908
922912
922973
923086
923110
923120
923151
923200
923238
923297
923385
923420
923436
923968
924130
924223
924466
925301
925411
925561
925706
925754
925965
926137
926176
926728
926763
926814
926986
927107
927107
927376
927546
927606
927723
928114
928689
928733
928778
929048
929075
929103
929212
929366
930352
930548
930692
930695
930883
931782
931843
932178
932209
932268
932389
932426
932653
932798
932860
933379
933395
933471
933699
933728
934952
935032
935246
935255
935548
935629
935746
935750
935816
935940
936967
937275
937667
938136
938168
938368
938443
938516
938804
938857
938867
939116
939153
939597
939791
940004
940258
940415
940627
940753
940762
940907
941610
942666
942847
943009
943318
943378
943495
944105
944457
944490
944506
944778
944876
945059
945245
945272
945536
945599
945600
945961
946329
946410
946425
946449
946668
947633
947990
948787
948863
949106
949678
949696
949814
949966
950502
950860
950862
950942
951090
951216
951610
951651
952438
952759
952782
953279
953295
953335
953404
953807
953939
954044
954340
954468
954858
955117
955375
955438
955497
955969
956977
957130
957255
957558
957581
957651
957886
958068
958580
958616
958619
958787
959367
959772
959811
960227
960295
960451
960539
960860
961284
961354
961835
961892
961940
962131
962191
962605
963426
963727
963828
964184
964417
964570
964593
964738
964768
964900
965037
965584
965697
965973
966001
966150
966528
966662
966858
967018
967298
967351
967363
967557
967676
968251
968946
968947
969033
969172
969186
969328
969377
969381
969435
969579
969640
970074
970539
970569
970707
970872
971034
971577
971785
971855
972012
972125
972857
973007
973209
973270
973406
973572
974481
974852
974980
975115
975293
975303
975353
975364
975519
975744
975773
976144
976228
976237
976547
976665
977426
977992
978004
978033
978057
978091
978164
978278
978647
978843
979504
979857
979957
980171
980258
980553
981486
981667
982033
982268
982467
983659
983773
983877
983886
983904
984230
984343
984345
984484
984539
984729
984956
984963
985007
985522
985890
986209
986342
986367
986370
986551
986782
986793
986847
987744
988161
988413
988569
988739
989402
989422
989462
989478
989724
990199
990500
990909
991030
991204
991640
991670
991997
992050
992155
992761
993176
993470
993518
993540
993580
993627
994238
994732
994779
994991
995396
996219
996324
996597
996663
996785
996975
997185
997368
997771
998368
998466
998601
998837
999152
999176
999180
999263
999322
999416
999726
999855
999931
