100
-983605
-959872
-890364
-887051
-873084
-848886
-843636
-841188
-839203
-807501
-796238
-783829
-780167
-762735
-749634
-747908
-738487
-673521
-663524
-625453
-606962
-586069
-578066
-577629
-438501
-427804
-417578
-396666
-393337
-354610
-334197
-332393
-330890
-322137
-292336
-275300
-248223
-223652
-200431
-190132
-188973
-162412
-159286
-146804
-145331
-120742
-111250
-81518
-48052
-47762
-46333
-41661
-16268
13162
49249
100592
103515
124395
147639
191743
291277
295608
311202
321169
330416
352401
354960
370200
414686
418732
422371
438189
449058
450856
451592
499921
583185
592287
592701
602011
678620
688492
691014
699291
707078
710342
728731
736001
743919
762480
784258
786742
848694
859384
888823
899883
933445
944247
948318
993852
