10000
258146
768297
465754
444141
279038
652930
438352
190083
969293
145862
854949
837217
435116
793010
921849
252575
706172
478455
531490
609698
464428
375392
319395
518531
338521
175990
36981
913186
296840
134890
228246
660914
74465
837264
727269
212648
722390
103967
471190
301394
136229
981443
213184
382038
887135
265026
280818
938702
955963
810840
242852
6536
319201
23726
88220
136078
673522
864815
921688
78883
371492
998570
789975
996396
894792
322212
352065
678093
977664
136329
477512
754307
19968
634870
924574
282453
263376
861274
542972
194092
571818
986827
27124
698057
432151
861395
488662
36064
74509
184310
247588
870276
121804
78568
798148
265341
853111
677039
793661
519141
62774
478733
263613
774368
522339
360708
803018
198295
950375
385243
735106
785143
266541
202938
530134
305128
47894
788467
660506
31357
754809
167833
183273
557443
310180
798153
468012
778535
383006
810675
370828
659965
157779
514705
349887
224525
85735
655439
798722
254344
151166
766442
321353
889594
630292
967102
288689
927726
817671
667142
757582
621112
1717
967583
286556
883658
571062
370022
614431
724532
888563
271918
933993
391708
508051
238079
884536
239438
755009
339905
705682
674255
263850
110330
580172
117183
699911
841802
721257
484930
546931
623722
94376
562745
909160
15797
44616
216356
146216
66445
30969
151863
767034
922214
274893
929097
342880
128150
731011
455806
996231
376606
446457
65819
312538
737871
737475
465887
615856
173252
231647
675976
47066
719449
795009
110933
354475
373736
359894
946972
663102
905945
765068
949631
130122
190925
497991
972571
730159
438747
217869
839396
502249
503110
782400
868973
659158
56453
75141
24503
284322
743513
689770
411731
755942
715756
108519
583855
225994
546248
644619
764248
236248
337877
487415
752716
684753
871230
358205
429863
768761
259372
748789
229576
144548
309630
61116
972870
954444
40518
387672
592489
544561
456352
638111
934257
6431
43149
582786
798515
215404
335823
111597
965693
844343
691176
352527
587720
945170
323490
224611
854244
171075
550439
54431
45891
410387
10474
356902
574098
704891
515184
946704
398221
413852
135353
637614
895088
643134
361428
233474
612598
153178
522704
297594
343040
875512
574547
262337
683434
902374
229864
203696
270379
158044
597968
822644
936421
28003
566328
571147
924854
62778
423774
351667
651128
537668
780294
247226
269351
402522
349814
779910
552527
470436
274641
168227
558079
324968
272758
584972
629371
411271
850413
799243
571561
701711
948459
731207
475578
392691
45365
244458
356983
620624
547125
33476
217953
861661
887124
136173
414080
353269
910785
808738
746590
687734
67817
922626
731697
61287
51831
319869
888689
383846
948433
615243
218002
95135
592801
583615
667065
477936
989430
445024
988949
537590
638863
121504
483236
717658
502473
278461
583876
369817
358271
955851
808515
779242
613723
79864
635057
794418
72975
851459
324792
913419
388916
433007
320566
580435
306602
221103
604086
477439
310911
875660
646067
687850
357612
847483
134315
414261
276952
513494
312951
226618
875491
780340
270491
368594
858044
610531
182168
456423
188499
716686
971823
865066
844165
148720
174358
206431
997432
308419
521865
210426
96341
41334
878222
715562
745486
714231
110887
195034
655467
960419
216977
974159
325210
345244
103899
987981
234792
44219
3435
116022
38680
802921
153102
712702
343160
489982
320875
247394
985622
613929
733468
655936
388736
179493
406081
828555
22813
16581
792621
288239
65107
217069
306648
991882
722924
41746
151381
513851
648109
774763
202348
561655
211469
566742
891099
595862
135905
892360
525225
445894
235671
418367
161990
985087
369655
580809
537152
988496
744682
57694
629203
299875
71995
63513
946799
682762
775305
481309
985111
424129
599109
44348
722413
307499
826385
604400
183325
47849
975546
357114
756134
613364
637794
288610
989026
150922
161387
514357
736506
983369
459560
426670
746332
809415
650822
534510
399100
965977
422804
704234
95498
403600
637865
209903
276858
87595
962495
873041
150522
291604
347265
798769
545352
857203
878130
187546
199075
455240
122200
91955
595077
207267
934552
625965
411180
719528
674551
949518
963618
974402
678114
555277
11115
656315
155062
581104
891582
164553
464181
710048
912844
506242
339373
68375
914776
825273
948504
863728
961384
126675
89229
631485
703940
931273
420901
803055
548846
989768
263404
978242
128398
558863
444773
604641
137797
112962
817748
722546
693392
776295
153658
876840
95164
618751
515019
352098
71200
79505
566030
352694
485405
648616
283639
454418
323708
593063
369527
11925
88234
565077
331103
874425
101229
592751
12500
990383
659476
522971
355499
279297
522834
703286
595247
85744
4459
498859
334474
122607
981070
534841
520052
715601
657585
940032
481109
15666
308110
680608
174507
1440
523911
42438
970451
969359
91665
448489
69651
692234
652254
633626
738687
933060
764018
679828
874905
463941
876870
198327
523083
618374
783913
513780
219574
112986
996021
239941
994100
603234
129602
637667
168971
35541
44049
133633
629875
683997
905572
164763
286056
723063
320810
138952
320217
683599
941381
368329
532435
445690
61536
193385
586086
773391
598848
998507
7869
865657
361244
30397
500085
815912
943720
172400
435403
971572
723772
479332
251962
483169
506664
336938
302463
439302
669257
25979
670832
365302
729436
678490
607860
559769
93774
267828
930980
15830
628175
829671
586263
227139
87800
301890
261456
235513
325845
793142
238610
667142
784665
378181
192873
218920
836208
169723
793123
149638
634350
865448
753695
936465
560250
754969
815550
34559
783138
986409
636883
427315
251411
179683
135031
414686
959594
396310
817453
97159
917535
554703
556025
504420
79673
37544
295312
77906
394609
416073
208440
161393
440678
791312
877182
194546
915233
441156
549471
281311
464391
613386
240351
236090
240236
653382
666570
501286
92988
700650
296739
480249
275422
55252
730734
230103
309453
305190
628699
336690
314956
763473
497056
303961
498016
959549
152190
929816
233882
98946
581993
76592
2160
977080
158065
43037
888159
893507
459352
351805
444669
954283
566144
350490
689649
186425
895446
549668
614632
806958
891129
111871
986653
105549
112008
427851
854241
368254
503782
241096
919532
201770
117336
226769
984698
945001
488435
671120
521644
396739
68629
154871
28855
537143
508610
740155
288774
653911
267576
842851
560258
622743
505048
720267
612029
742037
108515
372156
215994
970350
829580
729631
780926
178766
839674
319850
973122
161451
995172
364747
546612
572288
701702
419980
190249
14387
398127
836422
657350
723548
805727
310617
509481
9212
204874
590077
916285
674187
590579
445349
438176
610155
396497
547238
636505
52788
984753
928792
61747
401354
803468
350548
54729
860592
312691
401319
956589
83271
772956
381788
580267
204242
438210
421869
614628
687006
648530
507082
130731
828276
242797
343021
963993
853662
931356
750503
299410
388245
790164
757818
787853
758991
252390
714304
634120
612596
761330
584347
435740
117293
536888
651554
860921
39896
303123
114194
919946
623842
647844
511708
492891
956954
142918
251007
75495
404605
821039
524355
597217
971674
604554
353673
569147
143921
941777
71155
158195
610658
361574
500670
126446
690853
585045
658691
155657
459679
783435
236270
367753
838241
225523
634570
83178
611680
912391
823097
114561
59349
170560
506895
887504
742228
97855
866206
285472
403367
902060
137959
269425
748883
523428
568455
428449
825382
558571
598975
273525
773806
324869
546216
693841
296507
507717
956076
810391
677129
860495
923033
785979
932240
733070
534947
639242
802882
343168
742480
798413
553431
752442
100819
853980
545558
454628
378921
764417
350194
193518
857141
170633
169964
328686
28083
22592
114484
512029
961227
612989
730
758210
696550
693866
968601
465296
734291
285913
950738
84837
645243
513408
244170
17555
653401
857314
85230
428591
438140
42994
523744
510748
675062
670360
331715
922801
976002
468860
175565
156409
987997
100088
791444
563741
199053
300689
935515
508114
127344
65145
141648
452296
344297
383868
631151
654517
913363
595496
159917
289763
645069
757269
113584
958684
100057
625492
238000
383301
4727
194164
306881
244682
413251
613997
331517
914085
503011
21356
317718
437090
285818
877206
705055
617867
416689
494537
431471
242999
111813
871577
821346
737102
488911
66378
14642
329690
56822
820807
261873
984833
875271
472774
878929
994321
736787
31867
217703
505982
784997
164172
486585
421318
677571
742904
70077
718723
911881
956032
997427
287831
167205
368889
320088
874146
893954
406120
681403
718393
129267
848342
639948
852524
967184
902508
347948
716257
38959
831075
823648
273181
619938
547894
950999
728159
196509
206558
199875
939763
150664
387166
456835
895514
947358
132300
545566
950057
297723
663755
662688
624576
324639
481161
42458
980466
204727
32790
379444
667128
884476
989953
441160
589083
148637
63827
852138
168556
851658
786040
620765
337100
738223
274165
474770
554686
307312
498746
774935
645103
726897
697968
986940
468290
902661
653774
271478
258194
649601
975002
722238
921282
799470
47154
952573
421036
741614
685722
717416
753928
393514
357422
259305
419053
784382
805291
922398
467555
907306
14889
367669
250576
628855
730971
71892
238524
695306
795654
938947
845180
862294
435594
629478
897316
710837
217553
946639
813170
419837
498593
188135
660101
81439
220704
994329
781792
151737
5977
117579
596289
851345
331701
105554
773564
827855
384176
472850
389065
467369
424078
255250
910423
545596
151008
535540
725259
154025
8673
897410
979704
826444
947073
872049
759671
243981
211903
379939
193401
945537
160381
996249
53465
960106
913676
406994
552803
327857
942112
807626
92535
89758
623388
877872
211039
696209
278612
707308
321936
682428
179646
399771
95489
685602
844611
442563
970840
914410
443214
900457
632726
764602
305089
618883
649499
217673
667617
57595
915893
479662
541947
250361
381351
211380
928496
21324
64982
429682
470665
861206
361876
740035
25898
756471
948793
648409
64058
567859
667876
931742
234890
378372
250815
767983
374900
505973
782992
256917
931633
43462
117404
860032
778878
880011
133636
821893
984914
452212
456138
331856
567629
264644
182530
376043
91149
604252
125743
425568
908762
551870
549096
465886
135489
684502
52143
98115
385554
226454
804526
184681
163391
528030
740371
130658
869183
650783
923794
930873
546714
648612
451427
332005
527614
709778
341883
302697
851023
993649
406371
572362
863092
642708
857680
218205
347538
956187
272076
53736
492259
781584
533013
200623
109974
272807
50454
267366
580616
723361
437346
484035
224276
65375
713282
481801
998579
868206
993687
4829
917726
354419
699547
477535
30086
322837
310195
286434
998930
291091
999865
275591
160354
224760
746902
10787
842112
769153
662686
172768
156431
714803
396172
304477
433556
133681
638774
742958
587196
466428
486135
682883
515138
276051
848573
410060
709827
318119
47365
131637
295570
288670
774689
385890
892673
578957
424753
143941
364912
213127
520873
994757
498146
491518
99807
832442
451628
353981
401869
841720
818466
315283
935059
628397
167294
857833
943345
852660
266408
42759
346029
864610
548960
599129
936272
572666
845713
223353
204806
406254
203425
795788
305349
696325
504141
672478
473076
124955
767546
633468
836512
370588
73631
572127
835405
406397
220926
420473
498465
647582
801374
708674
159661
642362
208483
87559
967936
194958
890692
214161
690576
493895
913719
10068
736923
419444
960360
824611
114959
335979
24256
403636
480803
792350
6516
978052
365132
840021
499392
16311
175003
811336
49946
972539
182517
425816
65636
428111
300894
382595
960306
826000
834802
100186
183139
899247
417203
698975
365824
958010
559844
772641
574598
587657
707130
701514
267816
131831
253900
612236
227600
202148
909501
881399
617847
747456
843635
970667
580498
383140
300606
712785
26748
121709
59095
55900
866565
888930
808718
684868
854862
486737
416473
763728
657001
380169
460255
79802
793385
675091
498034
702402
661971
913336
275210
203519
944524
208586
270797
751701
769733
668353
119546
646199
307304
572285
20258
941620
214635
886257
874137
285016
459298
13322
638883
950391
702166
372893
605852
941869
454628
158940
331384
640233
900456
305934
315773
85420
222386
128754
176403
484613
371471
572910
922676
95008
693792
88897
885112
609405
919298
238591
241687
372811
807194
811532
850428
185665
767826
538658
755954
798760
583925
109381
422791
835502
360207
332911
14810
809728
424527
952884
304501
116886
532571
357907
533149
303155
317642
173376
280133
891369
52241
246810
69802
613467
43799
866532
926012
182392
665760
928727
796769
767422
689955
902891
454375
371350
380702
454166
823345
242794
836038
412814
694615
921446
982252
699680
553622
995064
785783
342877
909804
480389
333778
330876
521685
16311
486845
67605
734944
965589
275430
54403
226724
120476
212112
403841
712218
870606
207822
70777
897369
94707
196162
909570
771886
620587
218045
35068
512953
811462
738997
326800
56458
355955
332628
179432
852169
117153
608803
384806
932506
120680
808796
186146
629105
226031
114192
176071
991715
410384
710376
283581
484572
428158
396814
717278
543681
125120
116714
391661
684375
860022
516262
746252
497208
494699
881795
516854
335411
585824
656566
909372
955578
376365
477672
16076
660465
707043
386526
112173
536360
354332
950285
441626
829806
859902
193476
363229
787746
417107
970289
479479
158342
628049
535046
858769
669927
185358
930460
620652
539044
201428
759153
925394
628494
284328
129972
394997
437859
306684
371246
667283
956772
789240
654072
110135
834072
255484
948199
321257
863235
204014
382718
381127
959945
643877
715059
297919
482879
302525
506651
129315
678209
312203
470923
817183
757435
348013
352942
294526
95995
774110
146786
589882
171247
398072
238855
380634
336346
142727
734411
652040
587334
543853
274171
850624
878810
658347
563262
772703
813086
922728
313610
736306
18317
62838
706067
274496
331115
624531
198767
218577
857806
53074
741124
531776
394632
462819
738261
459829
357790
6996
517510
162015
202548
750797
40520
751625
459335
569639
185968
393913
206263
680859
511532
648926
874817
14899
543764
217330
362976
911109
784932
991528
621279
751858
248337
550565
391049
739765
771185
747372
229194
200561
979259
471941
798798
775111
701422
22384
448660
783748
958744
203596
736017
418394
928976
342390
8989
123966
200395
526198
409937
915432
861357
431917
426244
935726
859640
310045
395556
8119
512677
524812
179196
615336
728468
351940
43390
502930
205694
452818
414904
563623
882180
373808
231376
932223
479680
199280
924315
47197
8456
162529
653746
38154
867626
623869
946581
861917
354948
174667
557342
205021
931349
806937
634698
779968
903242
37181
904778
635827
592772
728956
496646
129856
183347
838761
523360
972243
156651
486825
811972
899534
223245
482967
562321
762279
246432
419456
929270
60391
148702
397077
446460
788577
179674
421660
376016
792651
477269
907357
934570
896073
740659
975666
967368
632163
263761
578599
74642
63600
166383
556060
995195
83863
789235
282011
103836
422313
81388
180461
287041
804568
987571
61639
632467
582071
41641
364201
828512
417068
202342
527446
121417
55410
375744
229095
155570
244283
40463
924785
706582
369138
943846
900295
687694
403055
482659
69082
762382
686756
321694
992017
66334
837106
22919
242949
511063
986863
432527
205676
413703
974532
766182
595954
56169
583011
459130
982314
479052
981773
879265
340163
490670
632887
592314
518009
802058
493621
602196
704167
151584
448053
235008
679712
175923
833567
849275
632645
427534
670457
991838
365542
191061
331532
331365
117969
129967
916349
3170
500813
689358
691836
641602
172823
565848
418409
83013
690664
435894
232662
989764
615609
992941
424397
29558
931181
784416
299685
45409
204201
467442
876586
255786
405117
602873
85429
126721
703640
641397
429372
388353
12651
630396
111797
181041
986062
888656
247662
92385
204256
789935
572718
789643
688290
150535
206168
191101
962339
319113
39328
116071
354960
515299
670136
285946
964526
105265
769543
703744
244396
719710
254491
723205
961624
722716
435225
559446
892488
278085
982149
690788
311928
448425
549119
15845
169748
761326
493164
509607
301573
660325
601882
850515
806039
695158
205190
103358
65384
868087
108113
759962
917580
348980
814073
319223
356023
205970
474270
541128
201864
258223
66608
857095
986585
123495
972729
455685
267501
177103
14785
70759
967279
808970
681277
670705
730323
65267
753282
250009
5242
517091
575566
131984
182347
160001
95772
105853
479832
272561
868390
437198
426152
666191
16680
635334
428825
520083
90428
765499
943818
32823
740403
466112
201371
687989
14774
651627
96078
6423
381295
377843
359307
289568
55782
404850
908007
281056
902281
374193
97622
105824
725874
397427
216425
951991
967983
515889
851054
821435
877266
386015
525482
223986
680021
634569
867894
985141
781407
173048
403299
490498
121754
400760
778409
413733
834586
563381
396013
587588
652967
488860
241280
180065
691389
809327
835004
62137
684286
209066
886356
429773
630938
592827
202260
815547
635255
706252
397645
358072
243176
353719
794804
92890
360770
868613
245567
618753
601071
694154
135846
527745
594335
797946
566339
423587
288732
944700
524427
137849
677670
764075
528395
774696
27453
242909
452205
295091
774628
66905
83159
822206
112709
972062
450417
162855
569841
862807
108903
496943
55664
227001
415871
880205
803365
625169
504468
286172
664258
205375
949494
131069
204502
970683
665052
464400
939033
771806
879017
215580
502449
68321
406019
830152
7812
641568
888487
198327
858468
416001
311475
774036
988723
288259
307154
527759
628770
589419
876182
758920
350181
561480
33079
65850
728007
770433
332966
599395
575169
284768
890379
209097
877161
135916
763987
259569
526799
614123
927798
654045
550383
536980
94092
46446
865848
286270
339853
798436
114580
236148
191919
769031
469150
933497
547548
853142
63656
158333
450756
24423
663217
577211
923318
628549
541451
924729
384829
11314
96038
123573
312058
148884
770545
12006
156342
329212
765134
908742
131775
53423
990892
344694
293839
19858
763059
804115
826187
162368
472204
977328
363771
700648
779429
508825
691293
464733
148503
565045
560565
282493
199414
943750
952581
420105
338708
550023
708101
211893
883615
516753
235951
436967
208331
853946
127980
246128
148725
159592
254492
839955
28026
322252
99687
875796
848436
523083
486096
627336
682109
981470
970803
201471
67729
230267
671696
686442
275778
119693
833758
795569
374234
884292
375101
665648
869673
846959
567529
731312
564998
499410
526340
237974
157161
619938
388165
239391
875289
625846
719870
580535
112960
661477
588789
65436
40326
438680
711640
58823
854158
745071
470349
259703
191247
742793
653433
673152
177477
834615
153600
245119
827870
126969
560038
783775
225688
86296
342652
16720
966687
539440
188612
639417
940855
704494
987796
685703
835071
680887
893134
486044
973311
274940
269854
480489
548126
714875
930320
429466
784980
895642
239859
164339
239955
222738
493089
769413
649305
669575
365460
843497
800116
911546
783140
216515
438785
204367
634137
19490
987733
629034
322441
784616
673301
85649
823250
971066
280723
471178
743925
367539
886644
528845
904532
995826
701765
174177
242700
394360
554070
917223
709814
865649
239055
421859
367093
224882
246530
804398
659288
373074
151982
95291
908863
847569
274004
60905
633187
901417
774976
42103
639177
517558
634104
532249
842079
330387
535021
486984
291855
454948
151170
885974
976327
792868
620164
219129
284623
21107
126782
191854
758972
209553
295288
956309
590133
431711
952536
224464
571798
334457
278432
185716
591536
551055
270004
239092
208599
77472
397431
141978
620535
178627
400214
409923
766630
208678
309284
30617
908564
732177
488407
761007
843428
446687
574054
444441
319890
18226
825289
864969
313987
367716
52159
362272
853127
112326
455090
462441
233628
283482
938273
844199
132367
846477
981916
340570
936616
883712
213847
516275
660063
77027
85916
633308
76068
153206
932589
779974
277638
226872
795244
393819
349067
187870
977900
16950
353488
587998
436332
586936
922464
655411
603602
116286
108457
436996
593091
494666
684412
663808
464067
805838
554816
439057
512204
439544
453344
551570
163702
350881
355741
347727
968012
700740
318808
530211
110898
34750
57814
616591
500854
621765
762157
486124
816492
649795
492367
398476
407977
843070
681129
715144
347750
685419
199742
759566
354365
300569
347762
961218
168659
320200
687638
115928
793701
892737
326128
880894
381166
701661
26265
268984
524562
908513
271706
682441
12409
855099
693196
747322
451524
6671
204198
124591
735816
70151
630625
272354
82532
483992
396555
624585
393934
543801
85891
701295
108362
920392
799828
173796
405279
191062
804722
842890
874710
861177
173521
620732
956026
497718
295769
402261
218078
992482
686278
185706
436012
148551
666207
147468
820604
931075
440124
828666
800882
890243
404239
44101
196179
483560
405162
106171
125655
856031
942087
897213
373515
535024
727217
905818
134932
883468
491956
560105
668070
463452
764228
626706
841144
16556
441269
48044
1594
437579
786360
865590
936948
934576
175726
877509
629619
195826
913895
491656
153042
933668
694827
980652
852643
680012
425488
969906
96626
902603
435544
347966
233040
995746
193755
511404
450238
342090
581147
180402
499021
499075
572789
434325
84037
763837
257873
118858
635879
600986
933314
480504
913571
681040
292727
659603
39156
384274
438624
147484
828569
315425
471174
66948
997070
986518
359076
337362
729827
294558
668026
552488
338269
164431
615096
250404
989014
270542
162921
236930
940100
468704
388975
173046
612129
691844
705292
157307
655739
51924
558144
849572
207481
700603
182036
484943
997380
214422
220459
81686
103879
890155
656722
179963
566600
108364
60778
719139
559025
249863
217085
754781
458813
270313
849664
957427
218734
216485
792286
198446
405413
461884
584798
267979
422383
335000
409393
79069
348313
896132
786710
431371
968389
836004
665779
690279
540129
621901
621312
318957
358490
416131
837461
749911
855098
709066
861144
145041
931725
375554
315244
458582
197382
117735
150020
56229
34354
857072
755733
303245
43251
463421
511165
815187
300067
140038
108682
507512
296977
46377
100093
621164
136104
290638
977357
656871
867871
989744
781341
885411
977416
692836
3744
227715
432797
692425
253406
641282
92573
42022
624483
906015
305993
367031
339190
54412
582775
65554
91604
303331
94545
413535
827015
457179
402121
712677
566457
478839
991354
409344
640632
943095
716377
191083
893683
656820
487994
98765
192256
682940
553741
285035
531396
158614
443617
95701
197450
411035
722323
772788
698012
866927
38048
576135
851772
28995
761172
496541
233675
199570
336984
758406
782792
646061
787529
565274
818466
480229
971187
384960
570855
406236
734464
270106
649517
716565
588307
842097
731976
862524
8309
170752
406608
515533
579740
945279
770058
118483
190576
637323
261077
170022
752968
494019
377309
984619
543348
271053
895669
290353
345098
794333
472324
836523
256985
565251
797958
662834
243565
719772
536171
571425
392383
208867
86971
358398
743911
615157
403838
812607
974045
948217
364165
727174
208076
761336
851627
879770
92882
586927
507388
656973
689209
845096
255017
35035
520853
411204
316658
679197
103609
592117
80340
446812
596206
348743
703887
148056
7337
381484
191360
387756
900496
354331
144387
528922
876779
449128
490340
623914
402471
162150
12876
209553
84969
571830
445550
721690
300778
90530
705667
872042
287050
620785
510427
744546
339063
167744
487192
376325
646206
688458
683264
735082
100000
197338
760528
733860
686809
326050
619875
124124
976554
144727
925507
216392
839701
753631
975087
964222
4357
807984
684105
952282
487343
50114
412782
889488
374904
963456
106582
183783
481008
462067
197772
378799
19257
373992
214789
779534
508177
118509
813476
754710
51733
105314
185593
78165
20980
733142
881514
271553
520318
513978
739951
505872
657527
834964
514712
543842
419556
234736
383008
307451
282821
305166
328155
153505
860605
908016
195148
879208
129171
336571
795731
79543
652231
166108
504106
638
770191
529134
668911
45842
73058
594397
417317
367803
325431
350701
430120
148892
538979
807904
493784
684724
391102
132158
183136
350423
504423
320713
311110
464306
378763
237635
360103
127176
693677
960393
688160
546192
221749
233998
897547
559627
901191
793238
133543
782020
80625
248142
455602
243613
646838
226944
179379
466375
746513
607268
896782
752209
272573
737467
700996
81971
861377
706696
804416
844905
38359
959941
338743
798841
269732
129521
515055
265878
820311
345005
996683
199476
438534
983429
476134
608491
456865
708358
209142
629070
749150
897202
371144
533408
930858
103860
306107
853560
430760
498184
584405
786743
648728
784700
256169
819959
401598
681580
423164
378927
332683
45841
817048
711277
444859
370918
838798
128523
524015
987551
957105
323877
455067
399564
47284
872869
787348
315801
137347
715033
304874
500526
569540
879876
179829
634736
657331
838708
458689
642171
381828
150674
623919
237071
444577
260772
830868
439040
105276
279407
863104
820099
612892
407944
984951
814666
914110
404139
924221
912137
92748
678964
518861
201198
565568
861137
849792
342968
222360
560060
489027
34958
385769
304794
32616
845518
108887
834080
152581
820137
809586
434427
689754
216883
992430
792080
874904
836233
683620
612397
142656
725108
500157
961959
499824
754852
942049
217020
274142
421225
955076
939010
750861
541729
762940
829148
837111
676041
290623
626696
935703
756818
61806
477159
814844
390194
308816
592442
720963
560204
30433
569259
297652
888569
354208
400886
119934
630895
856517
356213
634450
291607
261456
102395
695307
295123
898460
543809
423111
612638
164961
304106
952182
285764
206956
909301
518523
542004
412009
948608
351447
480093
158848
922031
563848
264092
318387
363161
812756
768587
376972
400763
46251
247727
138292
505556
540525
582635
688279
396305
662178
982039
754558
991207
153423
678467
950842
366224
940109
202419
690207
575570
912309
88188
656439
156265
800525
72582
216966
321718
986025
81568
420438
668636
513748
598182
52788
92501
869348
246456
332320
506686
832897
149689
507695
16583
369919
944208
930557
140787
538002
996141
801164
105304
302405
274440
944350
245585
392354
483643
502345
350032
603341
632214
723968
492410
205576
176122
914826
463369
721246
394817
34593
931504
191943
259914
259941
404851
670198
690094
724802
727023
208173
793060
720006
308153
231552
13289
834858
952359
225372
81618
257996
32644
235077
430519
312720
946029
167691
826877
967492
191985
424501
106451
795018
333262
529312
371414
348636
484542
120535
553652
607807
869704
722896
333668
138055
234811
442600
266702
159476
155994
16914
652591
545806
658938
687948
222195
875327
150843
331449
446751
19152
314893
783506
484556
929550
403461
447793
719312
400439
917376
368308
718762
796978
862958
299081
149703
812749
106912
141994
916422
166706
818785
745984
18989
504326
965212
920592
860756
966818
418616
172698
207404
278601
8702
326771
44742
274707
416382
290700
400512
410368
944599
584815
684432
970936
209011
729865
655562
925786
437796
305820
610135
225952
713833
856486
557411
216154
556518
281626
574777
709403
977106
737234
130150
802920
234660
201579
827053
421786
938950
537262
119266
858397
104737
400662
547970
327727
501606
971643
83358
336900
874674
867649
762556
8207
962838
648351
423934
205282
655917
388918
761106
475328
101984
950812
888801
833253
983445
8913
654306
635395
55309
43706
484544
702483
872608
51605
506932
795492
469393
953906
952017
384583
946383
561107
745466
104342
595903
938540
718068
266167
949240
830645
914186
6306
530815
279034
118389
854870
458942
87614
389277
384131
169355
658766
491666
156959
272022
147391
737842
902395
90429
309326
928202
895335
582552
677476
538491
218384
47080
909571
666126
917554
63033
72452
779116
441537
133300
376508
266258
33337
21601
267646
463001
421247
609637
469574
777866
975760
930853
736200
745756
899257
756844
525658
475028
53634
57704
282371
766919
728791
626855
219494
596931
452522
723299
599189
199945
634679
550568
455293
990285
788188
83737
238106
956438
184461
916100
629883
310859
697179
969307
323207
167538
690213
669793
586509
359376
422668
928168
264030
642732
666040
907313
498824
111758
774909
312619
22873
996133
132264
205949
478120
226377
339450
622299
980715
772319
199808
924768
904897
489538
357930
349524
479141
603206
845056
143933
472999
824611
852885
98814
490697
653069
250491
582182
958293
438400
739583
85303
957883
326426
599391
727604
510442
701528
237546
493600
488113
891062
850366
703995
537635
207441
964247
428697
108158
891936
121043
641593
122579
710070
904320
666536
570100
484173
568265
908947
418435
12853
852597
183787
776819
731247
884776
263477
92626
899266
664833
5784
324243
965029
255093
510987
429897
867154
654501
512897
992806
319179
55031
159052
767058
119504
154243
96077
879349
157121
565822
381170
934532
220980
950950
330074
389038
846413
265509
939230
883932
798781
541187
701865
547984
468140
555244
729826
944311
74972
761862
317271
68913
710834
118
253077
713101
570879
811026
799402
50387
941100
345598
33190
671532
218773
795755
969762
179108
505568
274090
260998
210477
388551
370075
353776
140855
551342
445950
354490
685522
770798
424819
18904
841761
520054
912657
399497
230486
995179
920061
99572
923609
275703
856748
958927
115889
736256
981304
219560
193233
634039
647201
411080
288601
995906
280833
73739
549282
796215
16939
362286
329953
312342
85166
75738
679826
866299
603032
614982
862888
964980
815799
533216
101303
524960
36353
339371
281997
892636
196378
818676
76531
923499
540410
392475
190420
719185
168664
883067
170639
971825
346633
787618
187583
545984
977047
820115
81090
835798
270726
504180
685184
927419
529210
779536
89886
479808
598631
733065
847931
817850
290191
27774
516991
474623
565171
942009
373108
794202
652413
569844
480373
652289
774163
669305
657060
839968
500432
291827
645178
594810
225388
465643
243275
924543
351820
206835
315512
824486
618474
202905
135086
997124
363874
728522
410005
937507
206331
987499
436412
586380
833012
505143
715205
319248
571291
982276
640132
882428
390474
924592
468212
942746
955344
143945
94774
652600
955300
283472
767833
695166
402867
28337
362313
663407
261856
973157
918655
812511
24314
1779
381101
765007
707393
274163
461398
380651
370226
236712
863108
404285
639
949280
236563
43587
739006
66470
61090
200533
486414
552252
160566
348709
182402
219630
460635
704100
465610
110099
609901
737106
14858
229
836578
69261
733830
631921
369366
836095
531021
123518
531711
3738
230246
23274
801127
958564
991913
934097
854393
752532
236721
275013
948620
228640
393376
893691
929777
689892
453913
815218
802035
210512
548380
323321
652383
85340
942205
557190
219076
245425
652077
171014
529396
375376
983164
396840
275700
202790
857932
560216
799040
558083
12135
488973
273129
541781
516053
675778
357385
111383
731120
483910
670396
505926
717174
371950
964617
450127
33371
604766
955676
403830
646612
128520
258629
802481
85019
3659
37388
176169
652530
985333
731563
448192
279875
948476
74562
479177
944962
245221
664532
177161
148456
483762
871797
746497
336298
142463
380443
814981
260388
700730
124330
91267
601026
120624
949590
584325
148268
405049
33240
232854
124639
635832
972095
538217
439378
488891
270943
241591
550226
332208
795439
782287
257096
374455
260673
301203
554932
686392
476809
358625
563649
698844
643551
701797
245452
361272
732075
310499
720044
658898
319265
611189
477903
804239
713913
121963
954464
305426
486182
111018
269024
509500
703157
434380
28920
602149
304202
992259
330019
718057
19040
757267
333442
538179
113430
63791
728445
876841
876943
571756
321765
923751
251604
511225
160038
726506
121720
501652
644849
126867
759636
91722
239536
6257
139742
763295
483843
952283
706392
898260
717876
671283
935105
261721
17094
903925
508348
59684
485555
371935
832055
740621
469114
622
720962
939958
874038
704664
116391
909854
941370
647143
681748
792071
541758
839484
569011
598994
115220
896366
740141
500450
234375
131199
574616
78764
830050
605580
445886
654799
199822
369544
480278
997532
700545
111010
907733
414097
520961
574891
891509
322918
71189
157652
966681
601614
101415
522738
765246
922333
628094
690051
560391
52235
883477
370959
120706
174104
660967
38447
704974
209080
77318
60142
332501
931786
402606
320577
269914
71210
298803
605416
259705
695900
154380
702103
385286
494328
951062
572578
295807
176726
583503
303798
760436
348681
807664
493153
330980
565641
5672
619409
692323
895020
907436
441919
157890
546834
574155
81720
71601
266660
695414
756206
888668
729317
562091
924851
848273
451307
860903
562809
222955
408051
600462
669921
623181
429019
81845
957965
134449
209837
472694
56793
534182
463285
367342
357896
484808
496111
968040
876449
229609
780899
391324
210375
215690
24943
525874
24168
132091
692173
112861
311648
87163
266909
867833
859877
801550
929491
66892
454814
802706
538161
329743
999934
239488
550638
572877
369065
975662
533157
321390
307866
885568
181784
381827
338324
254076
451476
576030
619211
902256
782439
621162
663062
293605
406254
986311
449453
445551
327975
591096
115564
705541
870760
647552
990754
189863
942303
103353
214193
886063
970202
408107
527552
174880
527906
266224
927891
21165
38803
212415
184451
593646
391401
58988
338783
307474
643737
895256
57995
105254
205236
766139
499022
919225
537279
260494
175416
479872
522632
428637
68132
724677
833835
186983
432256
600233
415196
799155
151057
672447
631537
858716
210184
549480
498027
829512
687923
41351
895209
201323
755848
102808
356651
276812
965482
1523
370691
279303
446653
681828
882635
532115
361712
433271
308972
986887
500850
17369
44341
319001
833258
730946
578844
479244
20652
649944
633386
945730
495727
461032
609493
665254
172825
500434
409966
710339
155209
626002
226236
589604
87015
773599
168369
346533
180818
177817
339780
372159
616556
58864
484744
751749
147535
41616
330561
560076
538973
74912
218841
126679
162697
632754
283663
354546
628540
909582
664650
463891
742992
467319
438232
664925
125497
734974
345172
701949
55547
645785
407426
638140
140183
250997
610906
250808
287047
78314
327294
790759
903995
405325
269603
842717
412478
201892
770296
445570
688609
398662
172984
344260
315946
802542
162096
647076
804450
243487
380167
371702
746878
20884
860827
535289
776784
924039
155987
770916
597854
443030
516332
78459
871687
76713
803873
442486
782729
351180
401191
670922
467945
246746
345796
349680
160630
619563
464001
840232
19593
638612
876284
336752
183947
494412
852098
511310
532327
538781
229965
571037
766601
537823
729732
205156
913927
85340
493479
813533
903039
289994
796159
428817
827442
754891
340612
841348
550562
382872
360513
314775
56905
950939
866338
365759
693379
144892
893951
31320
992521
242354
720488
319110
550141
761090
256490
76373
388059
837698
971354
624003
717130
993216
390962
41239
288461
641994
860689
15065
103731
507683
428934
415864
896065
529940
375372
729356
842381
688134
506261
455966
977459
519737
252329
454042
941054
734506
57381
892415
858280
7248
222291
332665
114459
990328
882503
821350
344697
201275
369322
913709
833163
66328
432555
931359
584928
86800
236865
499527
230904
156471
398949
401509
493436
120435
532588
970353
137783
579717
357697
662512
236827
172623
202395
348826
192323
764476
115881
923235
934908
73598
243128
640683
550943
519119
318907
819060
870607
504334
976625
408486
989765
707811
634217
605544
457019
241052
873648
83955
674118
778226
584901
10271
388681
809680
432573
591523
211941
785097
633514
386030
193222
306003
864193
60074
62880
723109
136549
449341
206965
208896
795108
765533
400659
582643
547032
74611
412686
867011
132807
345526
359437
629992
325558
653696
681898
194766
742960
220420
196395
925092
256702
806741
725049
916840
266274
436188
333788
731807
736948
498395
385396
624995
835622
482215
161693
175935
730625
350054
170999
128280
591988
430311
522259
581885
813450
450679
510952
515839
249314
875162
179791
730922
776205
659450
691244
982324
222344
777869
305567
619675
785445
167361
507644
507508
580306
223624
20664
38103
740690
86880
347034
388193
362385
123444
415583
430321
968574
981480
846573
184123
905058
85366
932427
544110
465973
886008
977390
27341
103870
566788
142060
520190
897415
626975
653503
489627
469951
140865
965834
703047
249357
772202
331455
566364
476728
955984
906482
805046
545831
960467
483441
412606
395861
420389
903739
261845
935683
947170
448141
787535
273891
98028
248000
325858
350944
594769
227603
431018
445173
183687
733538
399526
888442
934125
990398
202399
53742
401101
332070
50864
770827
652635
594425
779560
351955
918913
15135
918206
442330
767421
85527
685098
703508
231965
883407
941297
363339
651556
364995
688938
671428
374727
245642
529311
850316
255459
909390
555769
178804
109199
32597
549778
690380
594480
20820
150136
69822
375094
511510
844710
881591
389143
414035
158667
551366
684847
77460
445556
449727
611757
222552
419775
530062
963090
771790
811967
178746
851848
192947
319384
45229
693330
755250
938056
103053
97343
735020
546231
279453
607258
804657
508446
374565
823097
530008
946013
500931
539285
899583
642565
378774
88556
556534
823515
65447
469788
263455
914170
586402
988422
637602
602653
678900
885872
270242
422513
956764
260763
533320
220750
354703
894550
214350
287784
607899
38111
261331
333251
589910
592982
623302
8416
734234
563569
757088
335175
208862
957207
423062
799594
709806
948162
738036
10730
711218
944555
345063
664700
292876
646370
677446
793389
408237
172492
366579
943133
788780
159719
243642
339845
882882
637027
100287
58795
833437
527445
951578
187172
664150
943001
922034
600087
711735
605766
397771
683010
174972
264116
15332
378331
994202
944583
585457
478735
11320
338011
143092
270266
233823
585490
139170
938983
327097
22224
769037
569701
572641
538168
336685
389266
7208
756213
158981
827338
923388
12069
465944
671496
482328
571331
564464
610739
751628
142680
553896
624616
21844
599842
768059
532631
270203
334091
190245
399048
221861
40865
645907
246504
556233
229318
982116
760181
270383
507083
964569
149062
677303
833266
81644
898593
906495
206197
38687
59900
540354
965247
729229
326257
909762
872178
237690
575905
644844
722549
931534
998315
787008
887602
577978
733575
991297
913367
939311
850569
224086
486276
971931
95747
390568
41530
166687
493548
911055
869385
824935
177642
388278
603216
963374
729660
162507
673737
406688
531019
900589
134961
537205
70831
271915
56844
423459
717925
178610
577401
813694
501174
868812
713053
201729
859117
285517
953954
262662
699771
345110
600569
859468
84631
575754
294655
204978
740383
796294
986667
398473
48377
235141
52927
709318
273356
884146
758031
225813
236966
36156
619926
813423
392677
298510
388761
614978
714898
366564
603463
897655
598143
118987
468370
103338
759611
503503
201674
674363
297948
55959
26917
876753
739940
697272
922141
353201
709037
218243
307341
687323
882328
262618
119633
680343
346664
527421
996000
77811
730046
177452
429967
383614
745222
568324
398991
377745
275869
996093
7524
893569
230375
988234
497525
420291
80219
762764
295577
239605
383680
910908
591775
164765
171220
776405
989318
696486
224548
672020
965888
238788
545589
543315
599197
842617
509728
811148
423097
497545
138766
216554
316976
577949
567032
244514
863104
229346
1138
91170
757844
708882
457247
203664
199941
544695
580618
569071
118297
627041
833513
841849
437564
734892
928948
781727
903001
962078
40799
762034
611542
982775
978108
162722
521926
480172
475342
44016
785406
298832
827079
477941
719939
395559
581107
748416
236372
101746
604515
760940
396266
725355
964756
376686
309908
651984
362312
453899
736828
130433
347506
711530
289755
27320
576856
311102
317465
69067
680303
839705
176233
252999
462147
799835
17192
90047
639482
989741
458783
452060
819938
216390
699605
446713
406212
519531
568125
63014
119794
935924
551657
435685
230863
664030
180450
796808
379717
509722
771237
152262
100951
582714
195025
128666
830994
754734
673315
907348
484923
441593
59057
597125
450868
104706
570666
224083
207646
640306
631934
364810
328931
778437
389882
271601
147659
77366
1635
313219
24568
839753
645641
118897
346884
689644
858957
112941
350703
891873
133125
65116
290711
578177
169263
125391
682304
377615
266260
735213
517605
305193
931776
107450
1812
480788
234456
997771
99011
146396
884097
3119
929035
970311
271778
44358
77256
118806
840209
811152
295414
158584
639251
701672
512950
399009
244174
17127
630389
536505
692926
330467
437353
688104
507300
67862
456146
561024
894400
16930
680868
912619
93702
788043
907646
200876
393359
870343
871060
723424
183345
444885
642741
254568
852967
124293
301135
345111
852555
901676
241243
449976
744332
209236
990356
626601
858351
375118
688984
795365
572480
746626
169881
683373
883418
910158
105129
613056
321904
816255
245814
125718
407097
536006
511408
472124
57618
302385
896486
37086
650465
632152
453352
38164
635130
684690
439780
449689
453261
292956
801442
546981
363687
799963
458353
922318
369841
621946
432401
11629
433979
456471
193501
759447
527211
217938
966045
70655
752897
528751
440487
789572
351824
750585
245506
180453
438962
820513
575542
786074
97598
156121
925562
747276
516600
331698
577001
854608
589742
209722
979447
935907
351087
692419
173211
490078
176841
466478
744974
385509
424958
383586
905946
311208
913689
225987
820941
298317
111492
698278
636546
215825
165979
843421
526844
761243
230953
314732
174817
827136
551449
674886
669526
810438
568184
1644
855015
598461
324439
10307
768432
191877
374317
577805
228546
309973
366701
364519
930891
760956
144542
644342
318237
694955
420659
484223
758657
883707
421
309865
752480
437722
880985
447789
978256
491642
539471
996965
44118
378705
161657
587620
913871
461214
642606
557962
196104
853120
77002
744997
888870
345472
663234
947207
863224
561919
687562
994988
305057
499796
261980
6165
307771
545801
519910
437091
868565
226616
767661
607732
509020
178955
367388
594714
203995
875698
19103
203003
646030
860854
105887
583763
598437
316087
602367
512109
173486
596110
405406
88463
468130
108631
440062
557861
849710
216971
993769
192636
480488
194467
195639
773420
952405
640340
817788
792770
169304
97433
649471
869703
51540
948832
908079
715895
37712
651072
568081
876943
411479
620585
438324
374175
495963
986245
372104
274106
43794
255838
218212
628299
633358
472520
457523
448058
364333
807430
280786
1838
205499
953089
628878
198064
704353
516961
543665
848617
161760
828882
855258
816405
74071
2525
201738
106939
330146
812906
369056
878761
980513
339256
69895
685800
266283
466112
725950
690050
645864
667620
559256
197434
850079
117265
511920
913631
109356
477408
547077
572007
288659
965487
308120
671548
73799
154373
564369
216379
765760
202936
358282
469537
369535
101153
938886
359760
779552
982180
537401
230277
966397
995362
633949
267442
153191
660
161707
982315
879577
433286
494906
84160
176388
664405
63010
203167
394414
851921
518102
891981
274996
305491
266921
837223
872224
282845
294387
412510
968528
131455
460348
478963
47296
12274
56960
265623
83680
942429
311493
895357
827890
95695
623150
392273
422715
719076
877648
157835
192149
598479
383630
837392
285406
171042
771041
752504
32333
671189
679215
237992
913975
506207
185432
126934
200411
210618
107258
500525
827206
768046
647098
426019
322777
219747
37353
733589
187748
64344
289041
781284
247951
73961
690492
798976
281760
390425
325157
483150
864808
635521
562738
560307
746304
625791
957964
501493
915151
24196
806246
608946
391852
331627
98690
201985
558290
275049
832919
410714
551201
442560
222793
169165
415171
242451
853531
267990
806861
429949
194789
370073
712906
467803
257124
875965
136201
395636
238964
516078
691748
902192
844524
248255
331708
7377
876449
304773
796767
399283
297586
407060
1153
60237
840199
131366
456123
356903
257888
790912
135211
124160
408868
690277
73281
388731
384269
967635
766717
277795
230329
804347
830982
792615
912658
90626
51444
294396
728196
69353
681059
404949
531713
391487
760640
413658
891961
167543
323919
874086
5142
600569
677654
444232
660267
845329
102379
613512
699482
823503
237902
101343
501104
300732
771685
813900
277392
650223
925807
366039
338915
672915
114897
30521
41910
680598
202260
139730
780171
975116
27067
891664
845631
716973
302148
405818
289441
210021
629138
435472
457526
882023
98367
723400
631505
830173
228892
229853
560855
577800
334391
408065
513972
734903
845807
197155
975387
954653
372205
779362
980847
363585
462812
132161
195958
184425
749709
73658
690873
954155
102009
137045
86776
272992
913726
876076
632909
750661
992519
202106
815368
481346
514119
1517
949249
893218
567125
548875
377042
62369
67497
561100
455977
12051
407195
345167
143090
276502
210042
38246
748784
367701
271739
380885
293392
65814
575501
918479
231718
61739
891619
595574
154779
418207
564640
653091
225207
790773
840818
901816
49957
901920
112899
537772
776071
517246
988678
643818
382097
568857
816306
773241
271933
600223
727086
197889
269582
616740
903484
212946
329649
735026
30940
448619
369200
968271
839156
72415
627510
640200
994011
742530
983639
487716
967149
909440
214645
636948
166659
199707
348151
21410
856462
379523
16469
232550
226377
458188
794483
844042
390629
875304
722205
140473
230115
178162
501578
769124
934258
726009
341812
143363
595996
87775
491970
928895
485261
344589
902773
763381
842607
735281
930720
942952
230486
297535
9630
998429
982626
344249
279740
694450
722287
959460
79685
407028
229712
656931
713172
434738
340274
699379
123609
142968
480238
63688
759917
921567
363240
413965
668974
745531
892995
888840
596446
497078
418200
700453
195104
377760
783128
369551
966957
416611
274870
624181
357626
610998
588460
872453
741479
257282
49248
678346
620245
580051
732882
723182
138429
32859
923740
714777
643202
315917
62093
100773
207955
309251
569994
273723
832915
559185
255626
973693
281261
466229
104828
154054
211631
179149
230886
917345
663668
899119
649620
943011
124834
800160
563711
748094
67954
239544
737818
950245
328474
744898
784896
866951
714044
300490
167077
987247
367520
541076
381850
101414
598437
501751
987746
896938
2085
787857
774923
297381
45575
957474
810981
235219
135108
611505
446524
834440
698314
27889
451647
942926
591377
439828
395602
608281
259565
983655
796095
88448
555004
670325
146429
740706
530153
702841
448486
253180
625253
573798
947818
861416
531254
898772
834240
266148
33494
441136
376655
651948
367932
192227
145509
909436
958614
612875
606765
864337
942123
713773
871677
273445
835886
538012
6005
181778
191338
920398
473849
639571
75093
148300
777459
384478
779547
270331
181465
78937
120450
541716
545195
177532
809170
59744
38543
205075
857478
803221
542363
570512
935627
100557
502273
611776
80590
861873
497163
2361
47068
403129
334146
708705
914298
410068
460489
794656
610249
20955
808102
68912
589625
543455
203167
292879
462268
463669
606927
55706
609059
285412
346572
479296
490738
928246
327288
739420
823688
254456
240597
311084
819940
983404
834493
396163
631793
179208
591976
483463
323626
372036
590046
967128
380689
484000
67916
63673
65965
779045
522745
935391
694928
324026
824092
408216
307800
977908
232923
636269
388367
691211
471318
462007
842336
745318
838432
555573
946985
924567
444539
667718
271049
591526
95773
300642
135073
703600
400293
772473
143031
609705
351474
846018
234403
126560
37588
782460
962443
837011
132077
369158
786400
195251
288824
135380
600438
782851
455853
602463
151505
534484
836810
909719
339396
484581
623028
422051
239393
444897
651782
208341
836826
202178
94645
250836
310233
990008
845597
489297
513693
901125
877282
834418
875284
119510
453525
913449
713105
664619
102883
517412
756693
576857
399598
38994
712260
301066
290191
590793
569149
32242
349977
12602
228751
742252
628888
288628
436703
65997
845248
758510
539516
833758
952510
584925
807932
44964
152318
374122
68673
569800
700773
933596
618569
595582
993395
50793
992766
892959
85730
880994
124159
370681
376755
67820
936021
400298
940993
321032
411686
507504
512356
660311
321238
430115
729725
921690
350940
633756
414974
668685
39936
824217
449818
732703
882297
204169
392713
947223
512163
583423
706351
394815
568666
450246
601182
368561
499552
597828
705818
142522
231936
956099
887802
788333
890338
622642
551529
677532
504069
787861
228534
815371
41148
50570
421564
468405
824877
126880
790620
139021
436360
657902
824492
688488
300608
715711
324182
163511
159163
896888
835335
175607
54113
740268
392238
118347
479132
415347
237208
821175
651435
502310
800428
483456
262992
447250
315965
901560
27317
166305
539337
527888
640417
462590
31286
672100
973939
83934
154233
160105
397761
810312
798206
580783
401345
930390
516810
215818
126159
18365
184172
58814
688382
442898
589564
770973
532296
247976
950684
788649
79945
200273
63174
174934
745581
506469
464274
539288
620985
950469
893032
511837
350248
186600
193053
712733
24059
616159
182280
630339
932169
980829
397380
41631
891841
932885
913260
742625
414106
601285
487439
209802
335239
539253
168126
351686
460748
480797
934140
564204
626286
568723
806694
527695
844157
628670
351020
31345
577633
840215
851518
783314
284767
498200
477726
562042
16731
106887
368976
937578
626631
868816
576234
992212
942274
662266
979086
682476
617051
498616
618057
968391
285984
150762
83027
528351
219928
774727
315644
20165
539133
423454
793017
201551
420530
460967
513569
986804
888015
131299
325800
760837
279128
729396
870952
95756
967413
874187
286222
75245
175903
741301
120753
969328
354876
746939
568111
340435
75042
152175
131155
629215
769894
940761
349885
880802
96499
146088
998481
995970
778114
5752
319942
617992
498651
480656
249326
963721
778533
635218
551690
781225
842085
240767
711830
454262
378043
199413
575635
605771
260209
870108
69478
182635
405285
219579
399933
408585
872210
864370
364393
315011
987555
216391
239567
228759
742001
426702
433820
561963
150961
548692
293376
866043
252876
732532
385836
808832
572351
795793
477114
450089
736617
816463
602421
658746
588725
628290
985540
468068
325418
443870
310580
115297
447941
27050
665314
181507
871924
856105
169998
827694
630522
699132
883523
43533
452897
490009
112038
544796
518219
111036
427465
989795
450376
131499
35131
57670
158852
940710
505642
715836
374874
831140
475924
293559
174265
866168
714542
906463
550178
629497
638458
168554
487581
376151
684811
306352
310246
558606
860949
929626
703602
821286
585515
786682
375033
728816
367115
215384
8106
142091
812265
138653
763810
856153
835740
647526
166419
338784
113752
308245
441032
951320
646228
645848
777946
138550
670197
203434
403356
998740
182506
498168
354455
868843
727014
270352
884279
906825
582509
355429
323835
387634
264808
61897
721742
164661
447945
776450
203361
892620
876354
494123
941045
832635
640626
117480
609638
30639
545887
279620
704013
597776
267248
225402
434363
943296
905837
635660
13145
414481
190268
598029
289737
125737
98408
47918
525460
556126
333002
144571
945124
653432
343692
55489
165389
742097
194248
786520
350150
322549
482494
851621
940888
694372
196116
409282
827218
436184
72630
469767
478762
605335
306320
81906
391930
746154
988016
692678
463006
302515
701493
829946
199024
708958
346914
650167
574068
76095
195152
302153
724195
481283
582259
853762
434897
205186
667579
515895
164500
114606
414681
599818
333820
865985
700939
399260
664253
351718
18824
691012
378768
620588
857084
889989
388862
285897
886071
655631
839901
876437
384419
269346
993487
882934
262855
805081
698372
165469
997742
906669
525885
426556
371785
458398
788522
641060
370903
151890
505927
532002
684498
966333
305195
244609
60815
206318
903073
434226
700492
521393
217674
415370
894920
980804
897888
696118
264127
814396
525016
243780
632144
911725
1673
336013
89661
847348
193546
399992
815230
761799
267158
189091
633880
870520
264382
787189
148745
717672
688140
929675
240908
390295
825253
552806
532135
804719
918534
109254
449683
52199
437793
330408
468324
696254
162011
773169
668760
733085
483752
590259
547767
56202
860605
88885
465996
549820
397212
650111
142179
662655
838315
820808
417714
497985
386724
66051
116891
620366
171693
569490
404218
907425
429967
249642
767386
819971
149391
948046
113499
174897
624707
779108
694028
967382
313628
562005
635297
385532
948369
32604
995016
844789
692709
37379
52446
714038
953655
662524
30752
20055
774770
177283
607738
26866
622042
72076
903418
686255
701613
827453
163888
279955
517595
205248
276106
916321
782382
648542
319597
937238
329385
345145
777546
946942
19485
905789
880590
494820
876876
595193
473098
974806
250507
878915
856899
21004
5066
511230
686712
718891
205615
971398
155607
866012
626809
416794
313240
311245
195340
750230
709411
704544
3068
848487
324453
377435
321418
223663
120654
395234
494275
688208
626926
918196
81655
575268
723384
977457
319334
570261
384846
751103
149530
174384
357598
563572
588409
95721
854837
245353
365902
65760
336720
868867
681595
541385
146696
644997
528576
473745
197971
138731
859513
579057
769298
447372
585314
461495
837060
907994
370199
49325
259336
865803
608764
606649
635828
372445
847637
41143
196274
743415
311303
472626
612388
460426
290614
860971
996078
821336
595883
958252
250127
944511
630485
427012
963792
141122
979719
11143
980799
716476
50410
440149
480641
885295
758878
609455
721573
931630
902678
853886
362514
414135
819358
361983
799436
185852
385187
817340
414502
832431
275228
990248
304073
64058
726004
957143
648360
878449
802414
933221
590291
427868
644474
77711
453399
423117
810271
799084
908325
16222
606970
706222
716101
348333
828570
461958
892087
508303
461114
578179
156242
830241
692712
82133
852906
999713
666347
162242
937999
752042
982910
435310
568520
407946
969060
928931
264534
785114
696637
511946
742746
336661
328600
209551
159213
697317
862307
656730
665396
824985
591267
257163
257017
10359
386682
409678
599664
430395
555808
754785
704867
905712
684404
442761
253008
895510
264612
41996
631512
435519
360647
330997
473017
528329
935600
821360
565274
619143
861797
173672
95600
413757
510747
183102
411860
444553
762080
473843
832541
428431
514371
319237
711711
607934
202376
721414
12542
421627
92569
671959
461773
490146
453614
78858
93905
611340
999212
793307
313256
50153
529500
435392
763241
777334
840952
534078
281541
692872
919637
354501
934303
654112
914179
290690
81536
979648
8701
555268
552006
686082
99161
674397
214670
457693
347860
549513
178848
210605
23491
161510
158879
866205
14153
612826
138409
411015
875370
221761
770308
979027
725207
289725
90119
561657
811751
907167
381347
864773
57944
875614
579029
814661
253185
607223
845630
495488
586980
640520
67111
702984
344164
975173
293757
831899
496719
487995
848831
284872
958763
324669
192577
265725
445737
980894
2259
706184
789213
754495
416883
571720
336331
888985
91775
21244
252804
691840
236257
241932
205705
590109
833840
578536
768076
812484
580635
480653
100090
329546
494512
277596
446281
773667
64167
496743
161667
633152
389202
428524
244496
6762
630761
948912
213950
780363
180065
246852
678967
530759
99251
365910
936295
945737
664274
647667
188351
75763
604531
893146
723460
757083
155712
590081
403977
947251
787848
425102
644148
452366
677844
495790
981120
138381
166224
21271
627358
284872
391603
335692
701744
828270
895193
901572
635052
271196
851462
74498
136203
566261
357463
292515
629871
8167
9424
476317
478429
354888
553027
17735
474315
832768
322912
893996
972454
277916
750130
487537
260375
334633
504409
273098
975151
488720
599757
132230
111503
255087
688747
907588
185373
1323
36659
785817
15234
490887
852216
445187
566117
782789
559233
585541
701775
312804
72635
40679
147128
620669
972942
111013
890323
368485
253221
869479
729864
222153
363989
732576
443519
103784
250103
740952
367871
502966
855128
909204
264520
539792
872266
931366
804537
369050
234617
216612
965053
272993
453308
415707
502452
930331
710220
668430
592964
344477
391441
153470
479572
510706
817312
509752
614545
259800
656623
238817
448380
395679
802752
384979
837336
204296
25243
549966
851603
730657
26223
633437
433248
589963
140791
279357
407387
190893
683406
867754
207094
713135
139448
498291
106158
833438
274109
184584
416152
957976
622800
624944
177221
706838
785458
219177
107668
141459
865641
418284
203757
759403
406111
939998
836532
622040
755036
370390
693890
584665
932213
837034
619869
555002
298427
505408
120608
258426
797373
153214
80291
557966
897169
467206
692112
841962
903620
770899
599462
503473
471752
231713
711497
162768
813196
760063
112655
721568
244195
73563
288306
171159
132579
106125
405620
292322
646419
819617
385236
218246
574976
304441
456664
768863
965022
351118
766681
443937
561388
286619
201072
768500
385060
867736
304174
762260
435070
896796
990679
440396
788345
724921
261311
850830
43791
157875
984592
268274
366662
788290
965621
840702
683048
733982
900113
567708
502306
529200
767644
378350
594189
962789
782585
804560
288004
77293
700673
26146
689903
18304
353735
251736
810271
84910
144791
572217
628341
128653
902238
919706
903931
830265
451
886457
487222
108664
477415
207448
241603
464959
45234
816734
617538
127062
255712
363219
959124
1240
797653
805756
79498
118955
589437
482797
438162
830888
357956
84388
92229
429651
244035
499655
646253
480248
251725
569999
340698
140465
535044
222003
560909
787763
834431
125590
889933
704729
249681
71910
965392
914850
69491
7842
801802
169131
532640
545072
294237
896455
760237
399019
601258
334985
257126
987174
31528
350327
32190
117271
635027
472912
417133
592768
980480
149921
491480
27205
460342
869351
795676
322558
827481
351293
946493
593279
236312
987151
650360
714604
906518
413673
680557
251620
128853
898802
470144
66402
353898
196108
81605
185215
616242
89392
760120
690603
609452
557633
997928
696425
832756
796907
561325
814792
365641
534472
571106
477613
139508
926443
257577
970678
358687
156932
414034
319637
865618
396372
635001
737370
288305
308254
273451
350446
191827
941965
519526
126842
47622
278727
78697
809694
460044
161892
211313
403900
338248
395789
870481
869587
174009
2618
543312
345243
952002
315346
496477
10685
260788
931767
579831
810882
856099
863265
173928
234438
118410
655720
715553
840004
155309
308366
758372
879597
700786
465383
108003
989918
62249
520921
449428
996699
431454
93943
389144
212148
483073
904859
870280
151708
337610
397272
441878
353756
133100
272458
381480
967003
951361
588527
772179
653854
432467
248354
730775
407396
286099
850679
471732
737586
459815
105576
499166
426864
646628
47261
781480
767772
780714
40545
605675
445910
298140
264433
143176
406295
774597
510634
829059
163682
362576
391245
878218
275315
706571
767685
924827
606325
637534
487878
690585
900738
864036
496986
789702
755166
770959
913274
962482
908105
423107
292039
153043
436491
452482
242995
16259
643941
418517
720177
687703
355572
17100
348461
598094
478113
379331
38782
586298
887114
815399
70742
431075
428691
678788
3041
564085
651736
283060
288088
262755
590452
256541
69197
838445
435394
743324
79526
48517
888130
429109
953928
71679
733969
498580
811724
148706
800085
49303
388777
464355
116522
964861
497613
134768
981768
494553
653895
641454
668596
942462
69536
916205
231505
796651
199796
504588
427938
421608
800970
798382
115427
458531
270637
73664
184499
978306
607431
195433
363162
408961
611756
202359
693781
476621
785116
93019
505099
222827
779431
595823
269560
162319
370525
164565
190354
623254
339110
651593
362702
425564
577678
80694
293388
561197
636798
156427
484410
905513
688255
317979
530088
421043
273895
45189
892558
251124
878229
930476
70210
375601
423324
536331
433860
569801
406429
458476
14829
488318
671857
943254
414227
343467
174655
574826
933161
285523
517337
71483
67961
57621
790188
598291
448841
463949
575478
252270
293990
987444
969648
131728
354272
579530
495004
394830
727311
641649
65116
901500
979774
258848
428958
703050
540805
978285
420225
763106
65941
120284
468614
140688
318034
466093
780260
661692
935776
155600
170824
902178
412299
572228
512813
471246
208799
373024
32653
223316
440461
847380
457816
7313
648642
803119
702303
946332
900998
707481
403230
908570
107759
196413
69781
684125
676491
200722
481603
844816
853109
134859
680184
103806
198129
303462
582299
816141
340839
994420
254725
440962
458357
612548
65811
130361
225498
495556
235365
442296
866915
950352
366335
809621
113725
562297
619873
194467
436647
146891
723130
682402
773820
211350
295903
934047
348635
870623
468215
51360
451728
621576
400219
540788
399394
157738
502225
545237
977520
778274
832482
601612
176883
335415
368821
84106
219139
473528
463183
180567
643203
352764
278921
306369
641568
2268
903812
212699
337803
9440
614226
695191
685436
607180
510856
55465
212320
334018
468356
509683
491033
230756
240006
657515
410171
873573
581116
823025
556193
379879
47465
913754
578186
616134
856873
654973
304702
432882
195288
674390
872883
496530
188707
715254
481406
484437
101778
281784
564398
71926
301312
224518
88543
552306
565843
930783
861505
190050
711337
737592
3784
154609
886465
73229
328926
923263
704965
355769
663151
848355
107174
913246
218293
160057
8965
441055
647278
29840
416594
503388
793666
149526
177681
918116
819566
85141
657746
588979
620523
92600
890519
515188
35360
596377
715496
135020
453047
954822
462488
932417
923230
544779
510634
471686
764392
849241
376728
505583
734706
678198
558290
399308
898181
47864
551591
164720
337481
727729
246445
766858
588105
969216
164639
447079
154554
100819
327955
356267
210542
129365
42076
632861
389837
185838
999522
39352
797228
771112
12881
199019
439394
44559
554190
993297
820213
581770
305526
107129
64395
281996
458492
565187
661138
560764
206144
662274
893677
246411
28179
266801
662836
366813
173418
107139
53937
85881
922929
46492
404492
203642
679290
392967
505898
558976
220426
142799
708543
701259
496642
727332
792266
135874
53
563920
474444
921992
455672
622924
667043
679023
615268
819566
559126
238650
197541
711195
54347
212506
800323
985343
545418
68682
990523
662917
468711
84071
243281
734700
807242
911147
20105
114492
563647
929366
779915
445362
305378
773534
724959
946749
404962
782991
772471
758682
376339
544451
226260
893535
687274
493037
276319
164205
959412
526656
179055
90848
945061
254254
871279
395982
577163
832119
100293
312474
127008
198698
219537
940095
267796
709026
113996
307302
370564
737373
838774
582199
200158
491805
549618
803723
729171
553279
533681
453780
697152
179313
128642
404531
11966
518461
727797
955704
747118
623169
977656
433761
675178
271532
340579
816132
366080
687760
285648
857776
757904
291053
295494
934458
689038
697868
348979
756373
403602
634386
437086
220203
798645
699174
952813
663448
621380
637631
38901
578159
864991
89596
16407
462377
125165
827774
178805
432388
66262
782241
350664
750468
471170
29081
790678
559247
558248
191014
849767
757312
721066
993878
191304
296129
928917
994523
651616
220737
46413
487534
129688
988764
277972
2982
421562
68958
519671
445859
412730
988891
455723
936344
666739
135345
542238
916970
613810
390650
599076
554098
433206
743789
692999
180334
856392
363843
134266
913545
778819
357188
823159
16374
911454
163942
199365
192719
588241
431578
147780
646082
126025
848147
691483
620643
822831
102328
805938
246513
545991
914271
589365
226950
419125
250032
930938
563789
654575
854502
78225
631171
115932
164708
462220
323070
80059
908974
796684
799741
955388
727985
732165
680900
751425
268927
356223
331488
507064
132032
706628
266114
169279
833889
950494
851181
860334
738073
716169
802715
205603
171480
605851
39178
477281
599532
698611
346102
41860
638879
140765
124787
987053
948716
703975
672550
51579
814521
655708
843130
670430
640694
506130
771965
268397
645244
167858
13565
726216
587280
267455
289507
659351
459692
287045
533558
238000
487609
715613
217261
884402
834849
188315
94038
948241
807695
835790
149727
833303
209253
774049
196971
831223
454577
349022
645400
203287
174762
744048
263666
477673
633407
891497
242775
200261
670052
989024
485146
575401
336759
546935
847360
157590
152801
495391
380746
850258
942098
274815
910700
399921
984313
588729
292423
842378
721515
258482
416648
7508
998508
734015
86837
733732
387371
241158
507617
297600
875595
567022
613642
764890
608560
994337
269397
808485
922021
139712
272135
482171
350108
17081
692927
710314
355537
434968
246786
92398
939312
712137
139804
23775
307482
988452
163526
487560
321249
173305
650729
676674
961461
796162
776984
385683
401601
711254
958724
441231
718016
485913
160725
134539
964083
777959
498447
428349
636529
927558
494460
527217
853767
670194
898878
191897
276004
983905
79651
260327
193921
886370
220144
735071
958803
724878
626524
251993
922766
972159
539411
321735
703455
496339
45353
650243
824237
794532
420798
641951
34704
903234
357329
44837
149490
544114
714269
51247
347564
79510
580872
131466
57297
72000
745413
583010
328876
866622
194706
901079
859157
516584
423799
923409
296685
397923
392832
81695
884757
996175
198726
506500
103480
522239
525476
393761
427672
385828
893809
697243
660336
999768
52383
835007
213146
168006
760673
838835
376654
179354
664048
438705
513670
272699
689612
880631
899215
721881
113405
737366
553570
306418
184110
294518
221519
274549
914963
194982
826223
544580
840012
276840
83848
7931
687454
858800
450423
310645
822093
363874
646112
297075
909649
220156
956758
474667
382957
908073
825213
433150
534509
772358
866244
982005
17981
552489
77428
979627
912427
334622
691107
417356
234473
751433
927851
55825
869212
955630
825142
505966
617494
122384
980574
535122
418565
414265
706287
175552
451553
9102
848645
167351
143081
183735
725477
481246
17375
462466
716445
788497
133923
840340
976325
872432
400297
678510
951416
246836
949056
76079
863034
159878
427641
508615
607299
945002
987346
919943
927245
413586
827169
564626
102557
876892
940392
665475
969289
641311
992015
534847
730026
310338
601347
676282
871340
61664
698374
79757
830858
633048
486854
870863
208482
876999
427040
61416
954456
793654
645624
436639
771745
124079
652785
776428
798723
191651
615366
546791
792608
434478
190450
429974
922694
969014
361776
118095
472121
916166
489571
668550
323487
87293
306815
681281
368399
784696
364870
377035
68110
451505
818677
337458
927552
444486
93378
786924
187196
442216
460817
861184
461996
914983
126858
465793
500667
212325
62541
111193
732194
853251
322037
410124
979519
946096
361808
6367
270796
510422
600655
710948
957154
175920
699909
544371
437119
319854
724567
258759
923029
711595
452113
977842
344234
203858
26426
392981
940709
138831
930977
722863
172020
243382
978995
531334
798061
526684
544846
902995
304561
458594
89471
909000
181147
731185
347513
79322
472983
708642
388225
307113
548085
101573
550982
490326
439442
979832
379908
276130
691640
646939
145007
392909
315138
920157
209198
26601
229980
496135
869306
162321
793990
746866
372165
344275
515887
949376
999525
738363
239959
395125
913324
782567
678887
893615
616267
411003
826614
586290
729704
152463
66288
303405
367497
948592
357414
755926
342526
849987
104863
170465
625070
839251
400903
540532
828674
920310
127186
546260
15446
53843
923767
119272
661453
415344
40791
688520
235483
788203
707496
179822
183110
881885
476922
530942
764206
54857
494795
496639
367041
9914
692302
173751
928270
574780
46164
996413
684313
321822
984782
312779
748389
950931
897927
218841
15776
666564
127347
644939
558058
840657
216962
554330
990723
870609
338120
837467
654975
745106
715129
134669
757255
572985
289200
147758
150633
426663
65632
582671
488046
373215
328600
171502
25989
683411
624631
523856
818953
279427
449358
219381
416765
68610
342901
715904
516422
178821
855565
288356
180826
76505
700717
912418
948284
301648
192300
221834
627029
219853
70927
278411
258071
212515
252769
569258
428803
395831
249039
511301
943436
331709
203901
249752
689493
135051
860812
584051
187008
8027
403463
381256
628830
435578
630111
470955
602448
936615
245694
822275
126741
225692
792418
891366
86811
914748
18926
176747
741688
571382
68550
89362
566535
564621
653905
169558
129905
547527
389963
601724
639120
839635
607641
474521
957384
990232
364540
119271
970292
144262
354433
78223
516027
311368
120341
274907
577632
325675
982861
304180
423688
44380
83004
478020
982297
323259
526653
531530
510331
503709
140932
512313
601260
888198
496324
650447
731255
969054
269828
910692
131102
72793
30817
333394
391037
399308
946480
207834
240586
294578
583406
956737
794252
520259
849863
585655
289210
93681
520676
77404
106020
830335
84265
822259
889037
929291
949539
176753
486556
207793
73987
723518
779841
301770
199569
648471
793984
383272
810048
303551
363246
453686
93074
937663
807550
839135
161476
738534
433402
633205
221210
336523
582560
684768
434177
328144
687522
276342
51345
832046
634198
85009
135344
157214
840643
143419
307684
616417
292834
78766
945423
449178
25136
41505
153671
308811
630264
504298
592540
305291
394518
703527
988398
599797
444822
972491
169636
142045
689084
678257
146706
114996
363033
738605
57890
380664
972131
71655
726195
604322
834331
638517
790269
959971
350582
577163
706364
830414
125944
72553
591475
999709
976280
170260
97892
463256
732005
352529
929834
219187
643731
450886
532779
615091
870158
257215
897219
520755
349805
436708
170262
548256
352023
279420
378134
87995
854858
932686
182328
908324
16642
609644
364422
584662
376645
86001
120654
674894
104459
321561
666045
249037
992608
606924
29697
102470
768173
820953
598515
109025
967580
515574
803108
42270
536302
781761
