1000
540914
719783
951380
514345
522213
45292
658367
278126
827162
66893
884234
952291
922783
235704
228976
823544
767014
781418
500039
982932
365892
291236
362992
11189
803134
821873
916443
361072
55299
379885
490868
42758
172300
537158
118977
992196
991760
983177
573693
716395
811272
676431
912953
8681
78734
831229
226633
565200
852407
28299
707717
47179
543379
685368
975301
621768
335788
264811
589506
809586
474816
452324
641214
424734
901910
2633
503832
539594
138707
7851
951826
528476
624781
981509
159549
486196
331866
233229
177862
242524
793284
135464
869790
446288
43202
412332
64698
239385
870932
560308
849045
689835
607739
998097
469213
913833
491108
266806
898217
777982
61386
16921
403740
860684
192405
250553
70437
116182
443106
33708
257123
803943
162382
207482
355186
252723
649499
873578
274131
701406
181407
714916
136336
266452
238765
396049
399317
181375
812415
316453
612233
636010
676970
275089
342134
193932
445314
726075
394067
597174
360111
401932
472095
342480
565118
371785
567325
8019
656780
157538
323571
113985
325378
509176
577207
965913
356375
343738
750098
259757
178325
689930
614928
974947
525511
923544
739393
989911
342228
83953
419969
562923
88118
673585
139681
197704
215597
421746
547249
383901
101396
849309
944686
412049
47823
284452
490224
337087
503089
280034
294039
279823
169890
574727
235515
197459
497532
732417
768429
758357
984411
736809
142375
533467
688263
688551
329804
932175
644619
882545
314511
819572
548025
671628
697709
315183
965231
876695
965279
392256
249437
32164
358869
993573
163143
773116
756803
337385
3807
205813
118042
663857
389733
533315
93416
881671
200859
415108
783698
649167
115641
116600
145469
693962
685896
720757
322709
394837
843991
339033
19277
884311
315197
720786
348976
537493
947008
322273
422294
142207
547069
819769
27878
162476
888410
222294
153959
839688
581932
494052
854582
673628
534094
463474
454807
289574
629545
865493
132539
650884
991434
942923
667511
847078
638600
245851
945037
43271
141016
153647
351178
51662
777896
104949
737778
928487
218950
400727
163759
222877
601473
810414
947416
483677
78454
103549
511044
794485
495812
894436
632874
159640
976469
204834
874874
102635
955848
389832
976237
425090
824185
615170
263929
125220
138647
103016
228323
784108
546102
786694
399188
405227
935250
608125
742424
577405
292386
554943
412453
72339
689845
841586
449319
557925
216877
980735
101177
660846
399303
951374
40164
838310
649269
679491
168235
178111
869160
3858
93534
260688
17368
241985
160022
395428
310804
358328
513127
38830
763233
752417
514845
755667
11961
632096
149385
603460
539372
787783
345364
165511
900442
176858
520114
705372
747666
309368
66669
397607
372281
631902
515269
707414
778551
431854
803812
209946
927315
990611
937999
555125
349813
488231
516999
851086
887203
667820
513164
114026
671286
360226
581654
261967
429388
774343
13949
122817
958529
11671
546550
511017
650679
137217
460420
963232
534511
85489
895802
275360
21976
418322
143257
219762
112179
268796
863708
832955
746733
966551
372929
678308
403251
333284
497669
415544
866343
709189
638851
614700
279643
396430
475477
269519
706726
597041
355390
165409
53763
508182
516103
759256
775456
830436
421395
808070
972931
167901
551144
264314
177311
452790
111740
425624
444543
337562
112440
431578
934878
61138
760115
130132
642714
833817
829190
634721
690228
893512
910270
630031
645683
399128
960683
335945
756057
167475
661283
465945
529029
146914
237308
85744
293942
670357
533428
385379
108909
108302
856511
373042
162854
962941
653263
895940
63072
733479
2262
751161
25388
126234
910422
493190
172918
800322
932697
159056
461340
286384
298164
704190
938358
199520
498906
250471
403045
546380
317942
907966
545798
563724
422646
189612
586234
609658
980242
143529
918037
650330
916736
467500
260041
89762
611269
482552
319631
854707
968709
665417
927105
399300
670236
639989
763159
902016
312956
132736
368151
297488
656143
854638
927923
922777
420341
337488
645413
20429
922822
18957
766054
652410
204672
767606
508369
740826
178589
509009
487205
260062
680333
730572
281373
766198
917926
738479
36408
646248
967497
567907
546402
987582
831473
220978
246776
631318
980554
621278
954194
244708
55347
601958
216050
779617
783290
292938
4888
348867
671146
166760
35207
919318
503690
470275
405805
63660
31004
7678
935539
295187
130500
597827
173824
754776
627580
886150
751013
642368
445324
442305
526083
972225
453586
494903
434013
147518
695511
589310
328990
475983
319558
833380
608667
940449
649364
462089
81854
139003
644806
574931
871657
399102
964429
454677
926033
193740
319315
423636
683353
55094
891760
235324
686595
278400
217525
299605
768682
538318
777796
348911
270929
538970
910787
805228
126652
602962
302255
27706
732388
70024
334890
232003
400159
109329
563047
928060
748358
334846
664228
79489
803218
52729
840152
426908
641645
441720
992607
35491
84754
223095
259172
1017
634252
507010
486123
584127
283798
272282
635904
426628
683203
426806
739450
516498
242765
699614
236337
809417
992630
121736
746059
119496
419716
48943
622677
668614
460578
370085
201214
132546
786832
366501
348356
769208
629240
906111
170844
291384
945757
689896
325778
673290
33799
296338
768561
331191
389366
626327
296385
154920
133
938730
252152
350898
455939
864122
90469
714344
426904
854097
758486
225339
281872
132533
242387
212060
737111
206859
129587
107648
962584
768470
657948
587007
381538
5406
990666
557513
306195
621195
530172
539767
314715
828142
427964
923878
208742
125889
966960
91376
711903
825063
280447
546633
614509
532579
989103
388823
430781
84758
132192
417833
662375
567032
872682
968335
996100
155620
561404
573668
442640
323130
843449
939195
63549
585955
261257
63786
185569
243582
635021
56615
654823
801257
903913
680762
306764
138077
228681
102833
596851
682576
104124
500947
548660
749053
114831
858145
202890
82966
159084
392435
598847
872411
817705
340742
866691
85295
924112
298123
738056
194673
465140
469680
251996
593023
644198
746489
627011
562435
413427
134413
205021
909326
768171
829247
472330
945974
485777
35632
952281
893181
44007
513391
486597
789718
764015
159459
831827
226910
573531
891348
801225
881984
243588
970009
425304
188186
389273
855290
405596
753561
324583
187526
318476
639058
863683
269616
850589
543028
298015
213460
124390
770077
462652
300484
145735
341137
141293
287778
84933
599277
372937
134588
441533
153630
958213
573037
475687
665449
623298
887346
944775
765784
480763
839926
472314
585611
474653
687238
98355
866712
744608
575631
638145
515027
8922
289078
179523
208512
389531
452246
59242
279722
992675
610453
634060
288773
652604
746596
788186
563613
51268
363259
443860
83945
990690
476842
585090
784110
127693
254525
531974
961514
560565
132211
187185
321275
107309
592377
204600
337521
276798
532032
919140
776988
588758
701609
722990
434326
612889
705459
339858
381567
324545
418037
900132
375025
622726
618639
433236
536864
545585
991568
