100
710087
724613
491978
11623
942633
304599
187354
576197
684932
331546
818027
846231
368099
515021
86803
23921
815855
357086
705437
410957
379164
91380
27157
595132
650198
177600
911712
442846
443849
751851
500824
201960
269903
963134
206219
218908
831688
259368
971947
591801
434805
884175
409792
507868
125698
757526
207252
329110
637300
386807
325467
228105
340403
813128
817940
383023
208362
799128
612454
154431
594815
377341
62061
948457
425939
748053
386530
767379
801852
697113
394186
353408
923800
481124
759938
508880
56492
702762
643930
668983
374649
815835
952272
79725
891567
699393
879891
155265
582901
35622
617778
779792
378881
654147
230718
894670
264987
390657
309991
381101
