10000
717804
254810
722045
658186
566893
247660
890241
42663
6185
225132
422626
815985
64732
626978
6466
771825
390838
747652
793719
36380
613496
124591
911596
303737
634863
331718
859920
475662
553145
393017
313277
821375
133824
721900
861885
389079
134651
365066
454484
53644
970671
302219
573338
621557
795161
367788
538893
819847
695757
408825
385643
424329
871380
816078
714478
850784
491144
315097
594820
11693
780566
119286
730869
182728
244689
607233
471340
115882
667077
60132
64372
31196
315690
778948
952900
289272
993320
851512
918741
74137
76939
106755
68806
842132
412876
293461
492987
179364
119020
46290
998526
399640
639405
453428
178741
734218
761798
793553
539848
370409
686784
969670
99039
547208
59346
68328
409646
152549
547232
437520
46112
423277
743028
733828
516721
228721
131111
846066
704084
19706
159852
240533
147329
444178
238555
988502
819717
172379
262652
390851
438995
922645
28880
685605
935426
56198
227069
11311
425417
611138
784732
353780
627103
420432
660373
932861
678710
752921
645406
148379
133528
639608
671162
452533
877746
5417
594899
15244
585532
51424
966336
463395
954669
585182
166099
350601
961074
105586
552697
400562
54219
725831
895639
465230
593657
128944
135212
394129
931632
369249
678266
268414
259509
487505
969165
352479
42382
822997
907903
856622
735674
958606
284790
471451
199107
329514
283185
438626
254199
868295
355939
930296
630762
451380
594488
624810
169825
602090
977444
502061
923158
957673
756078
900249
117561
439935
705672
632250
272732
396577
707590
361091
661503
357536
778907
841638
623696
158664
212881
621557
616323
746800
980086
491310
43023
805706
973987
590849
717547
132334
228383
319144
122251
786713
541949
44347
36458
529818
992712
629756
828380
912366
607423
598872
134120
652644
150693
656512
21605
298292
89058
397753
432348
158456
650921
605703
584927
560732
954778
801679
825337
900865
591815
429386
770662
407038
812154
658268
284556
596308
631354
315065
114409
701907
485379
685682
195209
544772
800187
48349
37755
389654
121180
96873
520922
124437
820228
708435
642207
28737
411326
921240
158096
918465
93143
868983
1522
78743
129704
409191
763849
222915
637401
196909
742571
169953
114581
388592
868377
436334
991388
797851
14310
161403
508898
253970
981473
135924
80555
634447
349518
548436
686835
976164
499300
468815
225658
401651
918947
151848
4794
442058
821046
340855
756872
247448
13010
675870
955242
260289
806098
151678
97530
584791
841312
128114
225763
644365
115637
53894
941396
500511
887332
144681
227057
158916
628075
706770
939463
560097
624614
81344
580186
866955
693598
235048
350935
941825
408202
853653
645085
480058
485052
500069
214874
795440
215720
473370
927318
674350
177639
601196
63426
349208
372871
216242
799436
718083
856298
668112
983161
354388
933023
246571
474091
616283
824174
592059
994412
161174
39868
406867
429613
748310
816562
490918
989425
411943
619096
767016
136998
357530
773814
623945
181517
952891
384483
367182
973963
585807
414258
842678
782934
343879
396159
779660
538257
268231
718297
214743
65686
284587
849938
309938
495456
774032
555083
38658
883449
65117
423086
393686
843557
59882
155904
578926
343489
100240
633942
59438
781096
997777
119617
806336
223202
91992
298356
443765
296315
816548
547658
626354
352031
430218
853554
330341
46853
89815
395012
895957
207894
971959
708583
77313
785038
768406
363386
680227
11164
891083
994165
203457
329854
33933
885132
189695
692117
799623
849700
505750
638779
289825
194140
246
102938
357367
716653
98736
128179
567420
836643
518379
121128
582482
116428
923624
581130
641030
96092
516921
234518
709474
441402
757900
984524
969819
157768
864725
277511
565007
112739
294329
578661
913385
716315
316654
800653
294029
64244
445664
462305
673152
79054
712522
90361
635468
54818
506564
584366
818145
462760
803486
555644
643434
334767
28
375660
340274
86509
641043
909046
711475
515525
192455
663539
406641
555601
420910
741581
736029
863331
509205
616706
234532
547389
777526
988474
108221
406989
695408
352129
96011
48451
580961
317631
487415
267380
77150
336614
338074
666913
50125
977297
433886
330501
541815
41131
616139
470179
510996
926554
662082
628075
648316
748723
474700
16264
514346
748850
703755
455210
324219
133910
320974
411138
62627
643777
760139
17921
284238
263488
472584
897428
589015
8719
925862
189142
992016
69053
9223
565409
527945
434043
939599
211146
666553
889631
290604
946217
588576
772817
273549
835100
574685
103805
514263
162703
584766
157420
973187
222458
824598
503645
659751
943039
9205
989995
177696
38537
75623
114163
783810
978392
598497
241834
881103
356423
63872
251775
354145
991405
831665
793194
459408
495054
426781
71592
358271
1143
590321
960867
813495
145519
320689
506769
706915
850766
572350
711389
873303
840452
931093
559214
673564
862693
955963
969470
255870
238985
686899
37259
651364
446017
803034
50209
981393
719106
922377
132430
373325
616129
520638
670814
499862
576938
424124
280942
614869
846741
335521
923856
938833
790989
157558
304792
116037
264659
279190
279279
239945
761179
389953
919233
998140
192455
585803
349041
331754
219699
123465
733647
772136
784757
753157
209241
433314
440095
237254
775514
914535
624538
987326
913133
786133
308691
124324
390630
641977
694121
166015
983798
998849
807083
468014
790765
606485
171675
661264
848175
976318
156518
81562
934573
179513
639747
516169
263147
971115
644822
496212
872030
17631
454067
625083
13180
802682
577865
269783
565225
355397
50952
719733
702595
170016
423660
243365
441744
397168
209012
993533
453009
148492
21385
558619
518461
587667
557252
758186
793438
237675
597013
257186
310291
486762
634632
674589
14849
878719
289355
49275
379756
783970
993281
987961
130473
500283
92067
253468
381733
854940
352054
744689
414770
890931
267103
619517
529452
14890
130238
466751
14806
120035
853817
426861
236294
15650
790062
341889
29498
442767
936331
171867
412168
672641
317648
654282
493657
282545
480843
485728
916455
926555
992238
928983
618087
147084
632380
826749
281971
959326
998664
802951
602060
726692
11028
342770
226611
940352
891349
607814
741986
59028
740320
121354
381390
308897
776716
616390
21294
400371
834718
471551
251542
10443
918792
395508
899496
922217
754204
133909
271273
117968
291840
8137
962039
319107
837216
371689
469154
695055
566707
37863
402370
309376
483157
195751
461338
857398
490168
785027
37745
367256
147403
65268
476977
969153
844726
747202
721458
571397
696274
69810
175403
922942
60866
139009
132448
353188
722405
971501
540436
428878
881102
869482
801745
472550
54212
84314
717240
351102
210287
886850
584772
635829
936745
7717
571111
909159
494699
440653
606465
900771
32256
146897
105488
362651
82359
510076
607205
145810
690993
205908
212613
663992
434253
335270
897701
322714
124802
606661
171579
731843
870990
219073
990829
698899
87200
636644
706533
847698
899520
537250
945919
568951
988442
695130
63867
750476
302000
127801
34164
516429
662497
401791
409211
425643
781447
297596
258269
665614
172810
796293
61610
911642
398352
688249
993418
800407
151385
592652
982118
565679
60050
872737
165185
279124
561986
874122
810046
476116
601785
455524
682403
988778
218060
642231
101001
12132
745957
933855
384073
74660
2119
191092
544351
399906
90952
724072
21926
751728
349390
668253
60938
902898
52105
486476
816860
844591
476761
475209
927680
604026
690452
729371
510962
565822
113396
101732
165417
961831
202606
524601
313290
715846
386780
783751
384501
255809
534424
139891
525738
442228
796576
746033
144185
293546
561515
166674
680058
907052
225371
450673
715280
759178
675139
646374
376578
768792
907838
71453
674567
713644
311336
644049
579144
464062
567175
454409
672330
393413
358775
917719
577250
142480
522056
840446
507822
260746
713485
743640
999030
361032
13782
888519
580056
80589
675573
193516
433909
641625
607118
60461
63272
693106
609775
216487
94810
854966
53022
501354
712674
213298
729265
170110
981244
543423
305457
599162
159647
835481
347069
376728
363939
999748
219723
736717
325615
916400
691232
357405
323616
685930
772737
568334
488085
75515
700251
863517
277932
963984
492852
232769
11267
831933
674722
557428
80184
225365
964338
621878
595981
495472
687899
207585
541534
614293
472236
426155
528042
938521
446687
772711
768152
636858
669304
945850
225280
466501
222725
267214
213241
623896
544243
130459
140863
132222
101806
477584
338740
36407
297117
707674
653015
855113
545443
20507
817970
16810
143302
260331
65542
663229
74747
392736
343919
449799
265188
839487
191076
10800
900990
65621
694523
814040
224660
550691
538087
110867
238940
195932
179344
406680
749690
420953
362200
18894
558982
147258
768055
966056
945312
163622
808260
381101
591130
385126
333219
891513
304762
210599
985099
793205
681322
346295
77361
87778
900711
782030
997375
377591
764077
492821
989249
664670
328980
144788
392547
996305
73706
542455
907351
307193
141123
732234
184958
3206
346567
563857
951198
733268
899008
577319
190325
211903
330531
795475
730640
107298
537499
779482
979929
548803
105015
365961
457093
312271
156202
594644
479803
942963
398119
11349
224140
66962
481657
373015
144513
629968
453641
675178
926829
246862
163006
867896
297706
882176
732614
653782
968184
946646
235625
293999
378903
169654
999975
224438
215974
770875
630852
773411
724476
913914
269338
653142
959398
935389
646347
465324
493120
376486
354776
164548
121353
559121
190275
832349
247341
547756
548958
737693
567272
726821
383577
711583
892752
338522
596215
644327
278624
663342
555615
803394
894206
144024
792615
817879
156988
802980
261910
34909
5750
641932
139618
611745
614019
78032
346923
558144
486395
41891
706976
814175
258949
85986
742867
16150
801296
91796
239792
516006
9798
390125
276705
198513
510084
276995
780920
272304
132922
245772
130092
703672
291361
772652
902328
522143
736051
704714
432445
578466
969324
939054
299968
361206
329355
371313
17539
824828
430876
9022
959263
14563
105952
85841
442535
195840
492781
94299
295975
211836
957663
108099
830352
732712
463953
356623
549797
661360
957034
641750
706012
508215
763827
64791
987910
152168
260144
631355
994761
530184
406185
454764
272100
325845
148009
862486
501975
629834
77655
573599
259311
603609
59394
775880
19259
129248
719998
385842
363265
269576
326806
410289
776687
434655
900521
238240
647903
203426
401125
897590
766789
456479
632402
927072
238091
667895
385297
839637
358703
934820
623760
450624
874473
701343
574313
695358
124271
677789
672858
424706
721602
292335
728653
929881
15987
58275
168377
551470
643106
661079
343542
613738
987660
376518
855092
82763
351051
559344
832644
278486
63840
240075
768687
239543
571053
923505
642997
960235
833069
979223
162443
660833
281597
981113
553734
66307
65621
769183
542042
706570
650006
470009
719329
390299
803275
853457
524577
951425
613476
773318
339854
387848
526892
769111
903906
580173
470295
303317
5889
784326
779510
860303
606015
233635
712676
601985
303001
638068
571485
836852
592171
532900
409723
672394
580236
17457
840256
990376
674286
279413
350228
315876
667830
623533
69950
234565
18619
607394
485155
977535
948381
361234
80056
429804
240531
580395
825360
120353
233628
371173
459154
85815
253582
129373
296300
176694
19906
167192
346160
653320
514526
304952
961614
701077
824227
237116
515974
917306
981447
651496
100692
925249
570822
104566
956963
553399
818402
202354
920957
733992
437899
684219
359279
30181
146752
312666
667978
187483
696204
132627
593262
850568
182688
275020
432095
663126
843327
81818
644990
863201
790552
316010
390354
127440
417098
5039
682655
355175
52393
986427
345774
480663
328560
938116
865423
542200
953094
725577
238778
477049
446648
495567
288928
91876
82339
744768
474042
324763
727685
354396
791399
616926
302395
511436
226897
365555
686805
291933
510941
524662
985039
267951
700524
654888
653948
782861
255333
10086
315390
398242
954935
938950
753235
604154
580988
150844
929226
178014
420289
949370
982004
909162
266193
478834
161012
109333
598267
314521
464953
680199
157867
425433
648285
272247
781379
772626
689268
731664
967817
987925
845704
873362
618707
787536
33989
599576
642232
423920
338957
816405
899207
554593
787822
45258
149878
970620
554274
616422
265671
428500
500439
69782
886865
600708
597447
377510
384024
802354
310019
445908
846476
499205
645435
475436
975122
537052
20186
899197
935892
625664
247434
926926
304857
521253
856328
996005
75281
315022
949298
19777
499876
20740
396377
116757
413514
288488
856273
121683
367852
135097
105663
852222
75182
15226
131404
151849
347860
655854
370173
991546
269500
915146
79509
893862
76351
471837
682646
771223
52104
580861
574676
752837
558014
855236
600255
267163
644065
938750
984041
998829
637714
819581
585971
776312
557761
102676
789536
124440
262675
326762
570713
265478
221294
445905
457666
624872
952601
143874
7044
896386
884787
877502
193336
673415
737364
474544
79155
318638
632335
726860
299485
447648
233591
888569
601339
752066
476942
828096
609323
294711
501420
417661
270296
605315
749715
222522
97816
339937
49725
286564
911929
723762
89845
878967
171806
683643
772158
208902
690660
148940
644464
871669
796300
474721
602736
408562
873031
927158
542325
314026
993752
395951
35808
287749
445163
426023
34436
35275
905384
468648
77169
360980
292037
75629
750462
522977
419073
108867
574808
962405
9234
676677
892635
919601
447461
258670
184323
375179
836879
282898
180097
119653
303563
965014
313430
880749
85325
119121
832755
790762
659851
131429
907216
33186
950575
703627
79182
277695
112545
969706
529474
249445
440879
516539
756024
329502
609661
655489
610065
954534
637236
166887
948164
499815
252960
736767
640862
517310
521289
49244
445028
891430
544360
305522
794623
982917
325686
294125
607
939333
901849
230328
227389
625241
101448
539054
708469
750594
954520
660866
887449
699434
539144
211549
601462
984210
3602
682036
500164
699678
288843
292396
571797
527713
508608
813313
60441
368317
292059
860505
231890
797031
941988
609780
525139
895339
150258
964999
990349
712171
684369
116376
409444
920380
395264
8716
853750
637571
724900
737942
520239
256682
652938
201534
785381
112336
461744
397035
790056
677158
703685
189676
2923
602596
628488
54963
890910
527754
69010
196144
149026
667949
60813
368603
758891
856982
124622
266057
495081
570024
745626
409139
227639
413431
875171
847313
145919
248769
771397
395286
918939
929784
108341
542152
549136
924297
851056
834004
340659
273430
595263
4974
671914
689153
694050
781396
145700
401651
245788
963535
556258
365513
964726
596785
652608
214416
227633
179172
777421
947709
568761
292719
21534
376922
363855
864813
771065
691851
529110
544783
89391
868519
904533
94177
907464
690814
223301
74106
47967
953404
277174
596373
765634
935423
848580
387564
423585
939558
687292
744855
780961
413440
87816
351940
73588
323702
972973
112962
92632
47944
825108
656931
359710
222254
651590
981304
150769
366528
138808
496920
80415
465998
958060
777724
458113
670353
80915
101353
873538
66199
980869
841020
520601
659910
907993
276160
455396
18547
17307
147241
263711
511048
151377
499579
768663
493621
838276
377670
584361
349852
39295
459724
168150
986903
766339
835070
138123
643649
855885
118040
938846
107890
604408
420932
395099
938626
537098
732134
502961
194772
720733
387517
346027
515202
505016
209291
450590
583447
730057
523720
786789
334431
484729
858174
638172
90941
430277
10950
778160
798055
697610
78485
753836
603019
741125
762029
982690
228706
139151
611434
746803
772037
533039
754180
867353
76132
561918
682202
384652
815477
812174
235513
919237
185564
612567
845274
432803
334819
681807
519529
643035
380490
664674
747727
189258
150400
836061
686350
825434
125577
929198
817689
200403
5025
587540
321061
578354
815293
477899
926477
303564
692591
22649
948038
930767
470126
749269
322226
825871
356495
397227
458203
38622
339043
975106
488624
923364
143064
883786
335004
213509
488958
625301
722840
96277
2892
685694
276651
70419
230706
703569
245384
570068
707384
473183
313471
586961
841076
517750
214632
833171
158319
493429
62327
550210
408985
324895
170562
621064
681810
270861
426023
678867
744010
573677
794743
13041
898377
427321
577063
924224
790000
771518
439759
315315
191539
994855
134701
19370
495259
896885
929596
319724
424107
437637
326461
856939
385468
516545
912293
369063
90186
498996
28804
100547
193592
26361
855431
512527
170785
328149
241849
842775
886218
573024
183070
23058
261559
686103
362852
510673
628068
883572
934795
24049
323527
702236
321716
284010
573476
69199
786225
438365
470358
619909
38729
809206
614392
142726
659465
966923
944943
986328
564899
911879
456102
983243
282290
157294
180228
80820
57115
273723
94943
38303
335660
796128
626174
999979
290188
159719
174230
813570
275176
258430
297497
333993
887555
854474
335691
447247
148944
187194
844292
325669
174909
347650
358573
289481
693110
477822
309782
465615
76807
691730
424808
995836
718487
566559
856106
830603
589689
24992
616472
278269
71528
41912
431583
948845
80520
706423
897372
917364
307508
898972
699775
21088
167271
804635
397256
826690
308174
43570
444809
618260
913756
838067
63753
586503
59346
285180
58247
797393
969918
665609
828585
864430
388233
851871
392508
6889
307758
741605
54830
848719
661594
490390
29319
501547
848462
170484
139375
954912
201941
476942
438735
305528
127977
36055
599610
329560
580805
348992
345612
446422
351726
845361
450833
280175
370682
198617
384765
799483
712644
155439
240389
565798
405714
999740
425720
862355
400500
729324
595561
298683
800401
481103
137059
813886
597657
691770
592491
60596
359126
606709
632629
805548
425762
8166
141733
930653
164277
380536
963899
243778
175679
833555
816250
610913
107302
559404
695063
824634
970944
951795
536573
422903
369653
969661
828574
408354
773352
662464
754675
964193
370698
756178
481510
793860
825630
66372
305969
692392
209707
236150
127005
187202
828674
771267
814523
552455
310079
648230
925333
19393
850369
453227
762606
540547
683016
480098
371051
759407
145181
104807
715535
919689
420850
337540
686352
95663
404841
155678
802649
375832
555722
196944
393718
157854
828443
62585
925621
345255
687415
804677
309629
555091
834340
917047
204694
991892
422427
395272
560634
338096
109475
123353
527971
718149
165801
49505
751198
689344
905690
654323
45603
204810
170615
364504
652485
947470
169796
24484
538
328336
944969
533088
394549
258414
360892
629535
656071
959519
618836
707058
804055
489309
42669
488679
82427
193880
806298
220697
195525
652490
124677
166597
185628
24731
299664
930719
878651
659892
709923
817119
509560
282674
899584
727501
673393
194226
138420
778934
598825
245721
34200
915149
735481
495812
773484
527624
118789
918626
13040
624426
159003
854177
158774
388398
202012
802070
201714
507660
599580
528965
874352
943908
369404
237318
354467
43529
862658
180951
836381
124464
432356
735800
703299
185823
603629
813547
36390
599836
939002
871460
183855
881865
473103
63932
215149
410284
906591
86379
455305
824400
963153
164100
201945
933456
886684
74337
755993
213040
828745
136751
897094
492373
249504
941403
76413
77569
496477
88911
239685
163516
28700
690701
247165
314042
397655
943108
890877
643942
701458
237456
298197
190567
965559
543980
33805
6879
44015
816032
49940
1841
451614
476744
876256
283713
182297
169465
777510
486285
627037
316975
883221
343714
767105
718030
463233
159209
660390
9198
804366
149201
540635
526035
526223
775695
981269
793562
716396
385205
782567
674163
371665
981232
41893
517625
494475
531523
77728
214032
868160
576368
435175
253465
666027
806306
547071
276723
863024
709826
315546
170138
662953
176924
445675
485865
161117
176145
555750
952207
624237
384498
298869
609583
217756
881755
770298
384539
311495
809541
916466
201588
397840
974693
368338
222645
720933
896847
697627
909708
58756
132449
653423
212629
574530
713139
282851
274764
298964
235733
788494
237024
465633
261949
740415
473280
268775
987665
759990
837929
208829
465966
542645
199169
871481
928256
187864
681389
76443
773452
594386
96369
963956
560546
291181
501912
279173
411462
187737
788726
525453
341658
481325
480785
520209
86610
759002
353232
588865
975399
267920
828779
215666
364504
240510
528268
881247
729982
6023
513501
764535
580251
177161
880672
594231
35841
612682
154846
445080
912731
826583
522092
912465
65672
414451
851659
571740
649841
586720
304396
998245
230032
968051
868593
57839
423091
865225
211915
569983
585427
384501
356133
465539
133463
443838
807367
546154
187029
895112
680500
463324
140518
571542
89122
953560
737275
944149
258229
788724
569512
778967
900462
966961
925192
168968
678005
772040
723405
38314
821604
326390
138758
497712
806162
627852
587828
99229
883167
98147
945488
49074
717301
430202
75470
149225
947285
292125
388333
670203
411071
464123
26592
829938
59766
824454
857464
229954
880758
774072
651336
150075
563493
442375
75945
731471
300314
824259
774714
849917
867251
892933
451548
398535
757487
721657
184832
489067
886475
789770
686308
585575
584603
343901
210881
105970
777939
83036
165745
887458
598280
998892
900565
337665
865121
623536
813503
207623
63853
251785
405678
906700
568217
368741
33957
932052
299102
53028
771733
993299
841914
771364
523525
59750
132170
22233
475223
385432
517691
867220
696434
963787
646050
365060
978218
984720
663836
244342
122997
492212
126994
888935
360262
181589
747051
687885
772603
906405
682082
103818
889527
524011
65910
49249
907369
905222
372649
441423
71236
131151
546936
103631
989532
590623
415753
579908
628742
122728
884538
172590
817401
221854
866930
277459
327159
176555
586354
436561
908878
970818
954374
194106
824790
647297
32148
674960
272055
639905
848109
394093
484569
269082
851612
496037
8515
951365
343357
368069
598751
745182
606348
667322
591444
255175
290694
926925
409906
47849
362353
759489
606557
667134
967667
95782
849546
43
971950
977801
893258
492502
462950
928945
918998
751282
776148
481215
372505
532169
209493
115153
765230
967400
446638
233019
729926
822509
396829
193082
608457
444520
296050
707650
820809
614194
974586
494067
660132
582871
970037
295997
180710
118204
968151
183100
852297
108474
557618
431273
863239
384022
500194
11013
366981
516094
147135
368704
919130
758824
662189
620025
981510
763472
19390
970332
905708
976804
582278
606226
190339
895537
1944
903508
912521
327897
300140
410096
304399
894630
657514
296056
292644
207307
215037
65579
319175
870379
356399
624397
375317
549363
4957
123633
2130
96845
824626
791181
303673
39957
725797
855477
510503
316026
626246
877030
273860
633647
213795
561615
42821
694689
939926
933976
575018
2595
292368
67023
292149
57629
55000
804425
63864
255255
486475
538686
145796
72778
16978
59864
797981
921946
966672
456101
409994
538074
770492
539331
918335
610990
754337
243310
467351
939742
657203
499363
602550
574748
880436
139989
749353
1869
571503
632154
695076
772852
747188
441799
926323
465788
896463
343065
216546
804781
266319
861042
382359
997895
565344
604676
513932
407424
161484
288386
200984
889662
24706
487814
475130
265924
144756
34977
317849
295225
103846
683457
700690
499246
502416
804459
873947
42790
304953
438715
604965
976821
783024
297531
596932
828265
827465
994960
423309
534004
836596
429730
437120
400601
751305
761099
516273
188621
160923
629238
142949
445152
83684
910645
431266
410680
321597
589354
615693
320634
5692
267419
183121
51460
414055
500278
115752
519032
651865
170059
223342
453308
5318
773047
451277
542381
682456
261732
332067
58325
991319
951948
10711
108825
389464
272635
63236
434066
185975
80192
369341
785847
579084
366875
891667
254493
555225
700345
613967
722564
603605
880511
32392
75507
433313
741634
719174
420415
882576
364439
236355
389213
807025
470192
862878
397778
161086
69526
172837
947224
279320
476128
786235
443181
919456
934403
786228
663249
995967
883518
764973
782927
249059
386350
279809
572412
780424
527074
392159
95003
816555
214782
971908
369981
52115
949555
391482
464685
521505
788965
145218
787596
917574
488572
756646
435560
64127
851267
69483
431079
442677
448465
553983
494238
457003
195029
191193
101864
275175
838634
201618
860049
189387
431079
853792
342106
616327
38818
794260
785181
824941
954898
620177
113942
336743
211012
452674
439386
892006
553986
88394
648867
682478
151621
434484
803975
932164
555295
670670
656339
259732
773089
561715
589354
908823
785818
639990
360070
530206
478919
230646
7877
20211
231356
596524
991293
500696
257266
589649
738866
620516
611911
365293
878956
558584
705763
638617
678035
891467
201712
183120
539537
292962
236868
420783
366446
639019
952896
520592
976335
135176
179575
564082
686304
157690
253577
310402
172096
912139
591697
776365
169343
753625
212555
431472
886426
968323
129867
853590
200700
357660
539954
505289
231716
64800
794699
997976
523326
19070
512861
523686
751964
888412
863235
804866
755317
909169
292185
445761
886563
907426
665462
725749
426397
652393
20667
683452
91788
138428
69801
880639
927296
38129
35372
742993
770407
103011
396477
271708
808586
598975
246295
499955
736674
356069
557997
92714
185124
503596
354812
390916
879578
978387
648922
825245
443402
560924
763688
537843
104248
425885
94140
308813
935936
354061
533330
39479
458221
640377
17041
978522
56138
127590
947342
26549
501656
285377
179622
633906
365847
765036
485368
959509
364309
472054
152719
788469
699172
153572
60181
812635
368986
103020
827666
89341
556799
867859
489981
669171
393038
436095
792933
917881
741254
914201
502896
105227
49937
451168
678668
948324
900452
337624
708921
485485
310840
899922
31761
887147
773366
652151
887100
90571
382791
344202
571067
55389
962226
650064
308183
248023
942250
777463
11650
803089
167286
939672
560028
796576
760956
63617
933841
150848
423296
506707
405251
685508
294964
409712
622257
649149
729069
187798
889928
451068
814081
347929
761407
876305
593856
504801
331222
42502
147958
960351
64167
932191
966211
83890
370206
984381
350104
641599
430550
904731
745716
367938
926435
406567
756077
117073
935558
786486
54929
715250
860050
984769
870673
423934
776020
338681
804386
184322
22054
786982
938134
849656
347376
765106
768768
26406
608393
300564
700505
811008
326253
982586
74700
612107
538911
597089
731300
785462
936959
549199
257943
944492
815602
791609
830821
802555
848662
618829
85831
803264
872688
514141
35599
718399
536595
233013
985644
973401
492266
978389
580270
563180
147632
419768
726121
884160
360177
875257
235447
80181
411807
856494
110877
115361
861681
640573
392910
10316
718580
750986
589969
77332
6020
851648
726191
294065
380235
320454
576066
341506
171493
378727
433910
437916
316593
940608
266043
796961
361514
995126
985259
856663
878309
431931
500430
918605
710700
621372
623221
383516
420519
750526
699590
24203
525335
11803
705128
315880
232091
761534
389125
699015
642089
466790
578666
179848
225000
300681
811464
81656
745440
704654
674610
501760
930213
26218
500442
277501
102603
4207
554163
951849
508606
208737
838292
132181
475445
833393
666574
264925
208383
623285
10113
110649
891385
443045
247554
131681
730019
859088
303302
911916
72825
771738
676377
530973
708849
487013
212926
90300
829453
679099
581250
891737
324291
623294
87694
206395
3692
643705
158353
90950
523910
586716
416614
769743
983989
824803
605309
769298
693280
247888
307101
848195
640785
380897
155554
407100
17347
685670
892973
192635
552240
545153
675392
38637
617187
759250
819713
104745
535697
326803
691777
678785
603917
179070
539712
351812
753239
201404
829219
799816
686381
430503
697905
867636
344331
179849
141159
529705
77969
362635
208846
906791
814530
332642
435978
169770
102046
932378
593339
348364
652130
140895
797602
943991
130751
834451
37370
806071
826332
358978
351426
729604
754565
340076
390125
111086
95923
309105
298543
551391
169801
730140
238982
894680
23676
123392
730889
82105
890431
118191
522172
648781
911667
420782
312120
95913
600418
450607
542883
284230
773714
915364
857911
543900
930458
896358
156601
897542
411273
723011
764421
993836
963244
327595
299151
970013
485149
731090
574937
680560
452012
973068
51106
760850
216490
157282
284119
270090
259255
580278
995733
321229
629797
970689
307929
996850
745033
492831
124673
349006
724198
650718
787294
985069
705513
408567
810921
915989
928202
48422
43403
33896
894961
995263
941217
403649
463482
944035
538337
75740
203178
871727
857379
978658
212439
13985
56191
234486
569262
732963
288660
530744
27380
930642
295987
991701
343335
63105
671400
834761
263247
712682
705924
986970
440840
236950
377817
834379
677653
545011
940378
360952
855362
507078
64893
768790
12109
748285
251866
431812
671596
492627
111899
607460
647467
911074
870927
649615
767196
348528
422350
257204
691535
668737
205473
240167
399064
379657
603591
193558
577347
400766
578575
802752
903661
201766
189910
517417
269907
525028
297317
299783
816710
161919
304921
834223
141323
12855
773611
641454
240315
967814
483970
206752
526661
996341
356876
820248
525313
726770
699393
786677
979077
692529
556064
695362
411233
354670
115388
376055
265888
23692
661416
370393
446148
52995
446286
330000
847016
752333
838258
881540
494055
454129
887675
940384
677825
496244
155896
592073
352283
21874
914528
373217
353789
648374
931920
798529
58618
951228
995206
626416
869636
782504
698651
95165
626080
663918
853314
609124
169359
542421
855589
83806
564929
230133
514318
545056
285932
80945
670058
604910
520440
317209
793726
514315
839542
672475
427663
748645
832967
487938
632652
48076
546561
405045
510306
50129
423508
420885
859171
918282
893986
364126
697796
482365
343906
700651
271928
594191
347925
151934
754113
39917
455632
501707
432950
253968
203018
527886
655677
476313
181609
679032
453834
783625
493025
709836
140702
515513
105566
847427
888466
807755
596232
703606
188090
949609
419864
135666
956866
807206
430289
969468
515911
605933
306933
971371
871619
634412
8735
431258
948516
517054
360723
464155
413152
276658
685133
728773
829561
671377
255879
624763
762786
781941
4878
439036
622297
49571
440412
296957
198622
63081
849731
286007
150760
303991
428744
526013
634085
610307
401335
731326
687257
522000
529816
167063
524903
734715
803781
902485
103690
123415
242868
769504
164319
428102
259189
968093
541133
345775
502575
345699
976240
643594
236177
979636
588615
419668
61223
457798
947476
118947
838181
918265
516101
542027
317790
665046
473903
369598
330265
566595
361853
354612
639249
572961
707681
480768
84059
680673
871932
488930
213521
171962
646202
195359
434901
48022
442679
469739
876316
805111
795424
372404
856401
688559
494164
518161
253714
832232
856309
157697
137632
856699
468495
876667
791816
945702
123843
825044
392795
505951
808160
609191
221417
134
156734
600304
989256
848597
861260
183624
630827
546374
671861
739372
566943
874665
437928
597002
220965
286838
621503
747216
391249
850574
34669
503320
704138
908438
744412
714480
40891
679669
593462
498771
707966
305096
456697
654463
144533
932782
757982
278062
864233
248955
444179
587247
144155
96000
313979
322029
917154
376625
215737
760747
117519
884779
725981
268990
709989
979043
807295
79960
637113
622470
650485
517874
17760
445802
999729
680604
674011
839961
318209
544021
226470
48377
418585
22456
429756
93811
720343
90439
562808
191332
473301
561540
503536
52039
908831
375137
497613
269428
797080
989244
841310
97274
980934
321805
902654
375615
371134
189339
386349
40942
842001
15989
89953
180495
141157
995533
2029
293699
212953
501126
982811
234663
884561
255022
326884
449161
292621
844606
679113
345714
179395
884422
770845
676579
59366
32658
517752
513842
218458
899344
794932
389145
532168
803720
313974
100703
533990
882593
548101
287912
48523
897180
391792
806204
226277
801671
348844
187430
289018
246468
190238
257941
360790
1669
982233
294947
358148
125137
608571
157726
677972
291351
882248
935431
215562
172169
700686
330392
426815
90180
101263
491697
35707
797838
751671
315185
178562
900691
283186
42414
311032
360092
46153
172875
565071
38182
420109
893115
127721
821940
374715
513411
11355
387124
15740
961036
715656
596032
451433
356107
714392
576078
282300
684204
601177
659934
841889
922187
154591
398138
990177
973252
502943
244821
798962
822047
894908
316337
77462
593612
433336
163925
55713
40170
616951
140663
288784
47701
98281
6865
290438
721718
192574
722695
783961
989654
165390
333671
369680
295245
950401
976962
870306
21926
857910
402080
383816
137707
473192
572593
537969
662992
857970
715975
510636
321426
191240
290352
592884
597139
900965
722893
334703
359824
260031
680863
990923
212490
411689
123466
235203
882470
515424
642123
728981
348363
557523
742044
589525
344880
554734
371049
423156
1294
371019
331543
752302
515817
530602
478761
1336
66666
535499
84748
305558
856952
506808
580361
701328
779902
196909
60698
788496
399775
60013
90392
98363
372117
924297
983863
13833
448398
34334
687216
27935
415058
189001
485952
844002
935413
836910
455530
57807
440927
565676
872551
44068
295196
387571
717016
784621
395160
884850
130345
539177
911361
445778
949347
188841
436171
962749
98599
729164
957773
274630
966806
592966
336039
665424
949757
874205
826147
63751
179177
839586
948805
125670
742675
463452
907795
336617
453371
633669
986222
546224
680359
828997
55882
543452
643207
575555
488770
932621
996727
583961
409682
975779
463981
238126
265622
931187
965813
240734
82217
379458
614625
115497
575366
87747
328819
564614
237603
909489
200160
557153
619205
733405
671799
751568
143676
6769
133401
272917
208711
343983
879239
372474
746793
680015
25170
793842
986171
349266
146405
345282
484007
720025
285065
285416
366651
790415
595481
128245
941446
888872
908085
429417
135146
314574
622435
813269
665380
952904
883224
456142
322888
388166
565172
99848
734819
882107
779564
900685
303446
350738
90749
432850
677349
987165
450403
41740
502314
667215
296720
443743
784353
115679
688677
726728
490492
174543
729189
573918
540009
434791
714709
45496
307933
339764
972053
116556
623585
140036
860088
758735
666926
349683
230223
520768
224842
177522
635422
332733
42691
429420
691092
879974
827324
968598
850477
382614
656049
347922
931267
170720
661401
716885
930576
949837
400458
735124
882204
850905
358223
148327
262947
226400
385930
490563
158183
909784
462975
1203
836999
922585
902270
257475
217868
878136
367329
579094
228143
499312
758283
1590
951487
717378
16261
925522
989498
133180
55420
690940
681616
102864
850754
819680
308124
212680
790760
700618
551574
227513
229687
476775
476347
839563
481308
191192
441336
978721
358969
36097
90972
742214
426737
722990
189878
673462
841390
525501
187316
645663
809101
722399
718535
420833
155327
193306
953758
1253
1694
379372
222396
297481
416087
777661
879355
24642
541116
232254
780493
75744
685358
251740
821211
174940
156119
992453
79358
936347
220800
437608
546214
521574
196918
727855
797690
280730
321844
745849
816113
867810
137871
704216
601843
250582
351740
16665
280125
391402
577790
33848
872192
207290
675093
599708
958506
307568
781899
621936
435023
245365
694032
451384
290241
919669
415361
842576
226223
164101
190521
200748
480180
738842
626880
84956
898835
830111
651218
728563
191683
770096
419778
118568
794779
343456
887042
206614
87619
180923
722094
743467
323522
495428
992920
490140
716473
375640
863941
489048
672566
348641
530353
97577
227867
212208
575447
619411
596126
151748
636336
771198
769858
833800
684269
640354
425298
423033
245454
371253
762705
822896
986181
556279
232156
906892
623961
450023
877370
296738
372685
78844
227359
618449
686409
826705
813966
199021
718343
384113
592453
564442
264459
773515
83546
852625
760655
285861
340661
130278
810142
443209
752088
623739
915631
225162
211143
530135
92145
59514
893470
346440
380295
321047
893208
155033
459249
634817
499163
643056
274078
456355
511732
787008
52703
482809
834700
227882
407264
639927
234165
608908
739837
610932
711175
409839
649236
907998
397321
626041
177349
492362
674188
622015
640986
231539
363278
617935
600438
716467
365661
500320
357661
344173
832936
328175
632928
919370
991864
621668
572188
46788
626183
278273
717731
274798
564120
210541
694805
626312
131723
522889
389811
910552
584364
771701
50925
971496
111653
520663
476946
751893
422295
694476
86020
865812
270349
201459
807150
136756
879949
883628
857109
931378
632353
263457
903877
50824
238880
995857
311036
87836
670953
800574
400815
194308
244571
162005
951821
194748
705887
409248
739077
326640
551320
910767
345901
412541
348601
329645
820132
981412
548398
200711
630344
322404
588
370372
66779
539668
983943
371253
733785
259918
524847
316985
319739
101702
84996
148202
333143
681368
1430
60435
64770
38451
166054
724238
582734
542719
611390
124474
720658
391878
615849
287164
410043
701264
489229
605912
728423
273838
775638
593013
255552
408429
42918
370139
335167
268650
706097
862130
210446
850841
177790
775749
915710
907423
448030
664279
899763
486715
108612
890389
563206
516628
717218
278082
949099
274552
342307
683341
497308
361600
793252
803452
366588
266616
568676
464381
665764
677517
976964
831434
262447
280490
390468
806248
603708
422012
112474
953078
574061
255558
650850
486143
896413
381170
204485
58491
646658
953742
707727
344352
720593
956808
997567
505001
399011
973501
777510
39205
969171
628353
820396
23474
214410
932794
332815
646662
488227
602215
827611
927240
589487
189684
738208
788906
794444
691374
61608
810666
630790
307566
952506
953230
781389
85217
874827
937405
362201
823497
591855
445850
343888
495415
316883
737722
582434
945517
93938
181854
821111
564600
492549
376134
157279
213800
717878
590341
862610
823217
500178
288659
556608
701379
320400
275413
322980
601242
700018
846298
889374
450729
399174
513673
839184
200493
501018
782882
843076
277905
367438
718895
828331
213583
952883
795088
777368
96195
377910
316143
651326
655940
580927
146204
666726
116297
603653
962981
670120
657176
314020
662131
275977
396645
292531
219198
114625
853517
992200
127844
489893
258566
782976
544774
453720
938327
10370
299220
384405
367382
101644
637523
334048
489977
598511
397910
223129
252613
968982
302639
381337
306361
355041
661456
322358
369362
64918
740696
123875
534621
103843
837626
669259
618269
496802
888802
412882
601874
355901
712986
613613
782309
753408
286980
515873
126249
187432
843971
809112
883573
834364
532165
281783
467072
545666
205982
924888
422479
722426
919587
403402
394861
338351
475650
756231
108238
571580
39697
395235
520690
446849
645977
641627
932395
635165
687800
112770
32703
759845
33991
404386
486082
926858
989506
59081
164705
21219
266520
40731
873700
732946
800705
763370
357961
118664
146456
376034
461829
107202
893325
821771
873849
154875
823764
795216
924863
774432
993692
489722
904191
831638
918709
845172
19621
806791
574577
249768
791942
780876
388735
453120
46443
502023
701078
794953
671978
174120
206331
770096
548203
634170
199079
392262
583240
422713
339615
478311
398306
610502
77953
429940
78677
968926
965814
191764
783674
886095
638560
666010
433961
25904
350213
407672
399195
131436
702720
405461
848848
499701
500578
138018
362516
129260
454312
621703
849516
790364
9060
547988
226772
872116
29216
202986
898614
763578
794598
727981
861983
513340
25956
272409
878821
378632
97697
958697
337733
965712
878771
592210
37642
492315
849883
330701
251376
391439
754954
192241
647295
377441
565175
871088
395763
549789
198377
400547
327547
14805
252394
489089
679133
300425
992837
238029
59288
578087
409620
868958
474112
538970
932260
863713
177378
102226
537286
384144
469418
522044
504954
239280
304657
661201
564732
861674
933972
312720
76823
81573
768610
100887
219591
60396
588062
467391
928367
533321
227669
884255
63678
515705
154133
436969
503957
931229
898853
328907
723833
455561
168210
27085
15919
439488
470656
652561
194020
367864
126545
117951
862867
783668
281642
883396
670537
782787
566281
745962
584119
436666
239065
227806
293121
2498
447494
438958
992971
218518
528359
625055
714976
478131
77195
706154
258540
343139
713467
650251
494844
727129
367982
946837
511661
944457
272014
373080
577875
126363
837362
783816
763142
484352
112444
293965
856631
308590
439012
701875
47105
136741
416020
86185
472018
59812
246302
954377
752876
145308
153102
573729
331604
14514
279099
132574
702152
426239
130845
323437
526962
761969
215391
43508
322192
404987
370931
71438
909966
725677
774921
847520
742940
350207
248365
422081
897011
35674
922840
428141
12602
998448
770375
261454
77587
918451
189692
524799
162951
458753
359865
571671
451015
124092
55703
49384
877672
552371
433215
355849
369414
509529
870493
774681
772586
436752
391152
492014
76041
335617
116185
425723
951710
50471
594343
533110
297395
914605
821283
259
82548
626387
857236
532128
56892
65061
897299
188532
662366
788008
415145
161763
732680
823194
585965
887634
417439
7912
380936
841746
694891
36540
612159
618338
535962
671794
792009
968913
487794
203936
340669
815648
337980
762732
993336
412372
588236
353707
278842
661955
562033
981933
764763
570881
796145
66304
154482
526840
796131
949505
451645
629497
229350
812475
96380
273387
281996
756116
547887
49221
952080
156394
317481
777992
709229
738698
26599
14382
594565
397681
794048
656682
191749
372310
222957
698531
703086
848803
43118
862596
100696
716393
980101
565462
966732
329769
451246
971981
598586
964093
488494
824901
542719
578927
417380
121041
430560
735416
289839
28064
9678
846699
28492
700578
818143
653398
686392
28609
71979
915279
322768
492959
189278
810333
165087
707290
513688
669062
141537
881186
552832
905968
534328
402576
906238
500563
421027
683747
174113
122105
944134
960294
638401
666076
824516
690173
897317
627418
484857
790222
493068
224891
353338
35661
890184
169676
871532
143132
875121
782406
340331
254263
583866
716871
94739
111312
58089
573508
284900
191195
240052
804752
10403
962198
488542
89784
52632
905599
154225
837164
616362
654063
824430
885473
420600
688159
614671
80814
242082
227377
163356
662348
528280
83184
141803
659391
632511
377590
127356
127456
80259
230920
452547
477386
776160
342373
165075
723708
874205
920450
230693
653524
914192
9229
84819
694340
345884
988779
815969
527754
252695
496807
174512
904561
355340
158358
783163
60670
458538
334030
814903
414498
259903
440071
81357
631441
369806
511151
782755
461233
544745
510372
531812
141711
91028
830461
537712
38531
336557
207071
260288
413665
386457
500012
678988
96298
109922
97140
167733
772229
853202
191615
491902
123716
980057
264378
138370
210030
943888
849502
363565
749441
156904
256048
758225
807263
916453
237511
294583
195838
488956
450141
882854
225080
434339
310971
256368
806717
240320
438072
191486
175902
952927
30280
847818
132212
934883
712640
415543
414385
957900
849500
438835
517407
55237
914839
424408
102301
31389
856529
279522
907719
806147
199824
120882
188135
331312
948613
208535
238379
353325
557167
46737
977231
460553
792889
476509
108996
762826
476206
972636
202205
661713
790382
60897
585430
613618
83562
79803
579999
181942
829576
709309
845874
373180
158342
192259
567796
896016
484161
681187
601512
408660
724726
652518
77181
648853
316292
147234
427210
210829
942992
299851
389229
571202
617459
15416
653795
218301
198965
290333
1828
97724
999427
398625
780328
402007
584573
447624
687432
617956
89093
851161
102112
137826
885021
676644
796319
241141
476096
574447
109685
563271
31667
101113
612632
840348
414136
439465
355971
492999
300917
44483
666970
728180
685853
81889
180404
295204
958799
225251
124773
69838
322839
120317
272047
709121
287345
794554
72230
399948
631942
540625
177722
946206
417392
698721
709165
183050
770063
520561
597871
480543
184019
980014
516655
205018
574087
394994
806438
56773
269071
225445
871904
511114
549079
386285
945901
383616
673781
620242
996112
586043
665179
889802
278717
916262
675752
467040
384201
900155
306932
905522
330974
235822
851348
152143
911917
490760
205376
424652
631420
233485
45118
660544
549578
491774
523889
168051
208059
589376
119523
668938
640701
467558
981303
277846
634736
12462
179815
446216
956020
180892
509839
245049
83795
769032
381169
597708
857387
821090
905999
827680
719919
279037
186770
333846
945598
669350
55194
63478
523123
557293
137380
403662
54554
213184
292724
815452
180192
758008
947184
385199
231904
233985
81393
19141
662931
339720
699457
16410
527524
60909
91737
469185
588210
176408
98804
891644
392194
490361
495369
398790
556329
925632
860101
971477
483411
842010
117654
231658
146089
788574
174625
971013
966424
789922
862062
287799
273431
107234
88907
850569
53328
805636
793237
473285
668910
677167
103211
767424
669783
207238
622518
2280
640305
490470
963131
315078
814435
721015
751729
960343
407300
853232
214197
736798
960727
379187
449261
780709
756478
597449
417257
321762
365833
289734
242537
420390
357539
145804
328334
783310
220400
551523
362293
797862
297937
364509
126483
858326
908926
193275
518889
65879
95750
564466
145622
285546
208364
767903
364954
551256
916488
288428
808585
64203
632040
473362
454924
481828
216850
525245
586614
992137
537430
680223
245335
12891
674467
863822
95600
784101
978422
768440
998566
880094
435530
941910
320780
907727
548258
392648
820588
225579
500611
292227
259513
766545
25336
14154
128980
612999
733534
746330
846026
849845
628396
861598
908677
973134
726775
682898
407367
601318
875998
684515
619764
542942
114433
726973
105416
568734
831081
318187
850240
382153
925928
532946
161709
993880
534327
685286
286192
207489
381549
988318
321503
406554
560401
371796
503374
628961
974744
802133
713927
870195
928785
869231
114226
204742
626176
551477
102271
116434
772892
893807
773001
610389
457539
95251
83810
714111
660944
399038
496015
379649
41896
196344
519045
113966
622901
332847
962467
265407
471643
77679
54590
317154
176049
347259
785790
880732
159870
699099
469603
831221
462703
130163
107386
570719
252309
201906
176461
701888
46417
914266
327271
596134
819552
798961
970420
195451
82478
65990
879424
627412
495
804924
818228
631667
964831
229163
105198
402822
185370
620379
982073
591577
473045
378621
833986
817016
760808
598286
513772
221787
739251
195100
672957
129586
313132
388037
92123
214789
890451
824243
246305
798775
696649
544391
707293
203198
384531
402878
208848
441236
707218
477970
59880
46006
409800
354557
550215
105369
419410
568633
636808
122204
928797
155563
228840
720345
414203
681011
977071
177640
709062
11790
368042
659019
252100
783182
434825
428761
709747
618212
761648
344590
22635
8801
144885
288762
500769
876302
388606
590750
965967
941945
141521
311203
965295
886596
77010
511188
537602
361111
948286
711335
744808
29314
417328
936308
190371
666567
304924
718228
504106
845721
678914
936971
647737
28005
297507
506152
145557
771102
740379
59306
314707
719465
610444
669342
662558
999174
774705
420048
199742
160896
185426
794629
7273
931234
289625
60628
589331
831997
807204
47892
858357
837750
986301
803895
379418
795610
956980
227285
137306
810312
753905
175489
931530
440961
17908
811776
599889
936811
371486
23352
235094
509830
235094
578326
758785
918136
976369
897735
662735
614519
964262
695564
600947
412866
328929
988343
831436
762149
988117
492795
692518
956267
88909
226337
623935
920668
404785
447418
965077
496420
768957
96203
214436
698676
313221
604636
149501
876283
95696
227621
708637
200800
750363
16671
435354
239642
246376
729332
532028
536487
175817
814633
61084
15443
481453
148580
449691
452402
944151
617278
315299
106155
311623
972885
361141
54009
711129
621262
901406
661189
31173
755278
763863
26275
860545
814349
300917
26330
104809
961887
541576
239074
43707
411934
20754
706718
561051
776433
871254
39239
55390
28677
148583
889537
673141
427254
29716
242903
574777
872406
498697
927767
417683
467470
600905
369394
395652
279934
257945
529266
230310
905350
520535
304112
326241
576008
85297
826942
182020
294944
665137
844690
722805
291480
844287
788155
941774
324843
652150
636348
758771
40569
118759
733658
807295
833798
288660
891597
965488
324061
353638
22419
581015
525806
202156
124205
786032
631690
29683
574484
316543
708766
934821
522294
192111
640006
146744
567281
355801
24288
655359
541144
882551
504936
919169
453296
640960
645105
290899
148151
791603
691838
546863
158511
716746
920671
275036
201334
368953
825673
790601
742902
49579
712585
668247
160032
448818
165545
823336
803095
816423
227942
179201
636983
60497
616503
979370
168828
118096
156551
897516
209393
175669
384180
528772
841684
651251
714800
561250
515927
915970
631357
443407
781147
259202
978514
147225
702441
994258
243121
953300
510720
557242
37100
880422
504885
852427
156772
616000
971561
60159
400714
80873
230942
507043
716317
190004
319216
62502
598394
693208
649236
373952
45554
342490
730905
527273
661843
727227
982104
4044
354225
855388
967685
390840
558439
272617
1675
342769
247212
989741
736784
718375
813787
158222
707978
500855
81201
911978
773244
244400
965488
212851
59478
237836
877554
69105
519403
707315
199286
911424
875070
982800
595772
7894
7824
883436
788612
11072
574508
913310
755382
798932
139514
638906
867648
144175
998464
138256
760871
258971
62947
599787
208102
137084
662386
556957
159422
573577
280925
261464
984647
780686
5419
101899
781284
728297
810362
22494
824599
845460
712668
984414
717520
695421
672180
307998
18850
191938
929567
111938
21589
748071
66028
466805
970971
621114
716417
317987
626624
534306
313731
57971
22810
353259
25957
393334
979329
1737
84764
149956
411734
341223
790801
851624
326324
562360
437500
503403
987750
85233
34053
972191
824328
651364
313393
711896
197444
361304
992299
656406
335681
634798
208182
35031
597133
184929
571246
459075
864972
280544
107102
76823
845868
104493
872570
560493
789008
489640
569532
33717
404390
43355
54235
106544
562257
137328
10528
945313
418038
744636
498853
703973
814376
734947
815652
168882
182947
369036
604788
143213
712869
328838
956189
393970
829516
927789
150502
495158
815959
447040
640180
407524
453968
776643
528678
902091
230802
121251
152285
633562
779464
121214
229819
72656
643941
562457
42716
507491
838148
20622
211747
931729
753335
765952
79029
426906
443023
813647
792579
885318
963224
81322
176860
880568
344924
210551
741466
672253
731519
334795
530952
128879
784365
144607
544858
271221
297888
751968
884997
501195
929340
166051
247520
980643
929929
96580
96865
961422
224487
375904
406082
433646
173122
241042
466906
413489
834260
610110
1356
920085
544655
836980
579481
489663
308895
4970
953869
382861
788500
570272
147927
64957
279916
400029
257255
294090
628868
632051
430572
494933
697436
919859
105653
114752
570497
910537
636357
934754
729492
812602
413379
241351
239549
344190
808010
969849
848665
889271
321790
305558
938400
726483
835478
508417
810797
598156
556867
775419
160832
297089
801749
54165
848867
484664
975736
170302
545442
352125
468456
694579
223313
824987
98503
979169
25394
957836
933001
511129
564504
968672
837555
182131
885709
634806
382548
975263
782683
115649
967644
5464
212347
117926
649220
406258
985225
50759
574876
615999
687692
506156
697663
202986
650009
377719
25928
888031
472466
11287
923304
39105
569467
669848
940626
595181
269572
960865
738894
749641
638789
790398
892078
860852
919768
683234
370262
88753
994580
560789
538491
864721
778346
970602
334304
194004
548772
512158
788197
970017
51412
258726
902896
708387
94737
499309
803097
59726
802844
420608
692328
189533
957745
686584
782563
517461
821546
158106
634386
942253
356393
188745
978743
294619
880475
636533
203564
504899
590797
643255
204114
645288
342132
856705
78864
177515
798460
711696
112222
584098
648977
879802
983636
850306
579919
882354
767592
161901
88116
652324
590231
506289
969740
406609
394798
688675
810793
729273
909249
539455
880834
691850
820925
530452
843532
542038
560449
366579
805688
67796
79599
319269
548855
266328
387420
2119
958187
214135
896905
262741
172156
432406
513203
599837
667915
589879
702663
229186
72063
282137
2099
633386
172899
148076
624476
230315
527272
479211
26779
339299
725623
988394
932126
835484
803346
989362
304340
609457
929425
591694
231380
824937
993078
233847
917838
464311
174612
131699
647528
356352
993467
35511
806835
101240
764780
476209
716856
574523
775960
238514
901123
982096
558249
761672
720252
501754
578283
635603
673323
576127
926427
292991
160442
667491
705011
428170
569600
839226
168831
873797
202833
675181
695523
755098
18160
338780
855713
699893
581644
884089
777394
793206
125114
569998
654293
724888
224764
485664
125920
26933
586260
312749
295419
520714
346350
525633
372851
530032
830267
225442
924358
877210
683289
328554
139187
53626
496435
213429
737782
724647
525699
697681
914757
376575
480877
378977
688217
485727
379799
587489
242031
267946
98748
884410
645477
44815
540906
690066
515220
504286
485347
909834
376250
396964
41726
43881
410583
255469
621721
290215
380762
754668
680877
952213
260180
997245
126587
531074
49022
400986
228225
834924
194575
3520
972351
222042
574937
885779
925514
667218
954673
631075
192751
961125
796424
202876
516326
741309
276645
723065
831600
789764
673900
260664
196737
772041
295861
301174
384899
739256
833487
258247
346829
786481
592220
629175
762900
629260
452844
882104
306275
657029
501416
682455
946011
230177
693108
437255
392907
82671
824311
706533
973122
753902
515322
302962
210309
20834
55022
709193
434928
361523
882953
627215
997969
41972
214269
196415
576952
224500
839940
358044
633557
212459
226375
644785
205569
458426
93982
586768
877438
710267
883589
594276
883411
436594
56215
92350
928493
461287
235887
490636
670929
813652
571610
289887
39709
494292
293671
956568
479447
549472
761634
280806
921365
525998
743582
166186
400700
725637
380354
382231
595114
622454
420124
20014
155444
577978
302834
20274
910976
268927
835667
179944
463370
669178
135658
929916
975175
213518
147246
328438
769733
290355
748989
3544
424546
617086
438117
464318
640143
750666
205649
892782
393376
95004
456557
401845
603348
703967
255065
968091
241868
561013
885568
312648
733954
270476
269365
620227
12258
392459
16703
722723
370336
622001
333610
996864
761336
848064
350297
758579
707982
260135
960014
516716
991593
124961
347879
274892
796574
968172
688223
729216
967294
356830
725661
782298
402152
112639
13242
796455
609731
539461
770830
104642
259338
971207
792752
890693
672118
681942
250140
667787
913613
822380
428527
744165
469217
282456
164183
22972
292466
751217
735183
112198
68935
248726
265885
952276
592582
291353
442049
359475
936576
25882
225171
379388
821681
994081
886637
877657
100489
296577
672146
600091
582103
94426
794697
975469
995934
848512
617003
321300
718033
21481
152819
619256
628219
106787
21626
467497
545402
234507
943383
722416
335446
243665
75918
557084
394353
28703
10410
55040
425967
275970
777574
322921
311825
653507
825941
587580
605102
724867
180822
56627
569686
205848
558806
210415
671428
693735
840340
278206
853958
446910
866871
444021
67349
99957
75216
71953
378678
604972
385854
665498
348306
543180
645450
68163
238951
238697
570987
810722
435564
581010
116188
808253
391920
755561
440619
160566
801697
298061
144250
538423
951432
658652
631484
271288
646840
846232
475582
470996
551344
456151
18489
41742
848238
965373
188530
689839
879816
129690
302151
458440
173507
745741
784950
120068
843181
83211
332858
178024
806815
101883
429280
387248
89805
340558
49727
522411
918325
624354
780329
317450
286174
31374
750600
117845
247618
427020
147299
31096
529961
852414
528259
64973
391465
482315
616512
353089
849979
485759
214513
317893
1027
70830
313996
856296
339096
885018
62567
423334
303455
216834
599898
548324
706569
938855
386835
518566
571215
250008
263680
644506
810095
486542
456893
866242
292803
460383
489786
621227
283996
76782
40538
796212
227609
678572
723811
884972
138543
50975
730990
563968
517098
361080
836863
428555
891472
598971
829673
581453
616240
162514
871437
755863
361387
998565
890995
374407
834517
324358
669083
806298
911534
786961
817919
676695
235166
972284
576291
125662
720604
776849
824489
845741
697200
11185
787102
74367
121359
649308
34916
863182
629607
215351
905642
820022
521364
800122
886602
632434
522589
411815
236269
658472
315223
63610
347966
470939
327922
116966
473628
104075
321473
226153
70816
550601
477644
539984
457916
268619
218165
739002
127761
932405
449474
247842
15581
681429
49051
791576
473143
918735
458456
459959
17375
38873
906889
991851
620767
426833
375642
36774
760844
38493
625792
702021
939925
204507
682894
331685
600962
879601
224415
766143
776940
843968
269432
486612
368726
668196
445808
789024
523189
203237
482278
15445
499616
713684
211895
94885
353878
745531
555313
7160
557994
905613
765939
267342
800695
506691
138299
142593
235474
375205
684397
251446
849310
318966
476446
286651
981902
262545
980531
659881
487129
326542
114645
800605
957245
113632
911533
346710
362851
54447
141654
172877
679807
53652
528983
115915
54823
430886
556145
749418
18593
716646
397597
662070
576796
704086
197416
106575
302191
630047
108905
564322
801216
591979
8349
289019
832518
338059
71237
455911
338573
112491
688441
55338
749900
609146
314788
866762
599134
356132
233295
411356
742202
624742
372918
717325
994754
564563
352728
307986
118270
540865
608698
563271
777091
699759
243905
283345
878473
936073
243367
951367
824959
441029
352926
903887
447677
695261
936854
705253
822999
896619
408880
34378
461504
582254
104734
873434
355060
188537
57651
537686
909262
385841
194553
710151
609888
448472
47382
172082
896670
397717
986746
546232
286277
750282
952053
245340
618534
109604
34845
774670
439008
970491
665316
974041
12571
475663
994787
272144
708098
531330
710808
318749
488982
941340
489947
414524
84980
853771
402877
400059
201104
859329
592402
457356
31120
585376
517116
840939
141496
846781
166273
121381
242176
759838
768018
357697
598405
406885
287711
663065
595279
733990
250196
183240
297877
233129
710103
971098
632527
218930
256107
574162
513654
617993
42499
707430
800564
546204
577450
644905
801815
89890
162062
572086
457174
34785
361402
23885
870584
395572
898411
33097
387501
882123
437064
226375
864876
628396
102184
69880
140532
690711
324157
466615
369005
935545
582394
414278
617692
166797
404321
603935
867788
239821
210693
710579
488392
207545
86655
544957
661089
653870
479389
708019
266092
904871
909597
200822
951544
243903
674365
377206
425305
39006
683025
593290
91190
185735
749553
41649
97213
983050
191513
797960
325609
433613
293435
790273
834092
305327
35647
842642
636993
354522
505699
766895
450378
519983
269529
347642
114738
205638
392711
462616
249279
315267
392854
275431
207883
639570
226459
234291
553382
765988
142476
664669
93777
284873
907220
511287
897849
875636
395988
296784
304976
87720
63137
107901
445410
700083
77334
530481
449372
818068
277686
386914
927968
607039
287627
295647
308414
892107
592105
37450
251301
238106
442947
424382
932611
149304
576474
351193
881765
464945
855040
983334
902366
990350
549193
480568
441783
16701
291373
790920
691665
925982
216621
312476
9978
792553
825680
221357
869101
417321
989266
32139
953801
429918
721208
433309
639728
809234
236802
618129
766576
578237
756558
750688
698132
933812
845250
680068
694618
626751
700642
718667
901146
139794
8164
703554
819966
8441
973330
203975
711535
512944
759899
94233
938853
785463
294026
580123
197224
282431
154012
599080
785888
52694
984500
460100
572465
755149
508856
68479
825024
667794
112278
736741
831922
453994
894323
12165
446428
832841
698552
305452
190110
971032
392065
263253
652632
465388
935090
634555
311991
585409
822091
459507
159167
953342
775182
496163
594550
354338
178309
464166
320308
740066
764054
895737
972725
147842
953090
86208
616810
429639
283492
149320
458878
864766
79059
172991
413884
259008
88938
647855
33511
698615
658628
516016
355805
538164
738218
445412
994032
477030
329075
3881
863033
109633
291270
90216
720649
667615
58544
244939
821429
740399
435306
437343
340135
6958
826201
385151
563061
667598
65072
854344
250280
781726
516019
552797
604003
491358
239772
240331
510173
477423
640224
878007
800680
925229
955759
506897
541665
641097
751500
606347
249657
333756
524181
473650
147508
406240
191532
297382
669601
175416
673917
923706
292139
482184
582183
698736
931334
781752
831909
718945
689667
429373
244645
145515
746540
260455
824086
977870
338537
732766
363756
790655
935050
156773
587801
235004
265460
85447
636145
983114
653549
603551
817610
742782
288703
26436
452415
792857
332535
918313
284702
563775
389098
366061
119912
527663
316623
28691
343976
65291
215173
581607
517327
430473
213893
506350
209778
765315
846190
348230
340465
594867
320207
95648
741058
855432
576208
936032
60511
219621
421667
67712
851390
568970
58708
137659
81813
497343
769922
947410
407545
394207
828789
780533
387465
773142
139288
104541
985335
798393
225796
962953
603910
94741
560549
209006
599697
426491
875917
644563
543183
921130
36716
182007
268346
785613
718895
533466
664142
780444
394639
511586
921626
260793
135100
173334
235682
927955
695705
673143
443986
276303
993983
4492
30978
697830
839804
742145
549408
702368
673306
591272
262203
767568
376044
814487
379097
8801
451877
172887
738740
739412
699519
694115
236327
912095
736999
19839
1109
734370
223601
428161
296148
153291
646681
802968
883877
285988
235869
594050
610012
227130
157172
597101
605900
401712
353124
150891
996082
31824
219432
818242
41943
917409
166858
498031
661443
672218
485890
897908
761942
761144
39849
885767
658125
483867
876358
777303
676214
64665
20899
541130
582347
563663
576696
27630
682719
277062
587687
567271
958683
833410
286287
184814
77861
330664
158519
10864
374971
31547
985135
127480
318466
598518
519868
168476
590442
939735
815047
68051
504794
121126
135484
337153
237487
351704
177851
453422
444715
114957
128734
907747
715242
124920
356757
799526
293456
995295
577545
711741
400018
714850
775682
37201
696208
810987
313394
63486
13881
985026
694881
272606
726232
515913
569449
803940
730759
943641
46254
609827
26426
457940
365442
611849
556813
102521
284194
260966
963290
687476
244887
782330
888970
778407
760703
340401
897901
527884
162831
279245
944880
667063
776041
212726
705194
410157
458550
974471
516974
144527
922274
898086
311495
945163
432811
770711
909649
772100
973719
826755
894910
489583
451561
496560
260262
694989
873453
648326
752451
427637
288325
880690
576801
236769
585112
215220
509458
212579
733326
861391
53978
272489
192780
983484
961583
74029
27967
324602
606721
569804
341531
402897
507469
884396
617145
85462
604024
190504
749083
872894
781593
400715
727692
577382
599514
876596
16050
78614
832087
906497
774419
600575
15024
720512
641168
426208
247711
795351
225279
630961
928618
519633
207297
378576
760754
393520
234955
387950
383794
563692
474539
930220
362208
226876
802013
687688
121654
72623
129772
984223
580195
863809
774334
91211
362739
20436
821380
882652
786909
439530
24977
762571
682939
415740
501700
803504
253166
822927
836402
173076
732866
951087
909615
69161
324882
601120
234425
800485
438857
523281
664802
932871
112004
359130
235630
641418
591724
786850
298304
35323
968663
576928
547084
520543
798607
492733
122167
767285
829869
637414
511606
985518
70475
716340
532498
331664
249407
620323
749171
924144
701557
923524
647864
272641
28451
505199
995572
150734
205100
286425
520140
477920
898072
625685
229505
769967
694747
14864
387642
483828
9764
226585
857788
48840
265366
558751
411692
780690
276097
735783
195164
927270
114387
522039
948948
351413
151480
233301
750186
276902
184768
906272
471847
19554
726523
92945
310801
128333
680357
382956
186996
903530
102074
270499
559781
84442
828298
923643
257152
577255
74793
201112
369478
422000
74214
869561
275777
331146
87169
482612
512119
577320
693180
402240
730214
106759
623361
509439
936687
881567
425893
395328
169199
849689
546798
466628
879447
784324
421165
221580
987186
783426
20436
733641
899886
28716
421687
996680
123757
154939
318889
965892
41283
940742
4624
913635
141727
147366
648427
699336
558554
861834
278637
967474
21428
526170
18997
173679
412494
332028
249756
430632
10130
630475
423670
253844
928104
599199
58780
703718
755436
688097
127999
636400
664059
2733
444400
808874
428487
936685
898253
230613
86272
924510
148045
275777
34017
497488
306187
420376
537033
618077
792853
439519
313595
698380
294200
14953
324931
908779
20063
175782
946368
290036
672812
616546
691363
545801
964227
669788
860435
945989
895223
637939
591139
374040
862781
164279
450613
26319
165116
705123
874974
478970
633737
143405
671383
992340
962850
250556
960678
260860
339104
626229
701046
673039
602976
315820
261062
380657
571576
646050
673832
618118
303453
433344
566471
3472
46845
604237
783801
457998
338856
422871
544981
219684
880574
723505
76300
808356
275291
790584
876636
307367
758064
310195
961981
305941
244209
17300
422739
358971
821549
319075
696689
81199
829323
464415
520557
82849
42858
663205
584153
38057
921188
133985
586990
942854
526918
807876
510382
64374
496394
391172
109567
881785
236389
983621
357699
675518
573552
719768
587393
628775
999834
987580
369974
798236
928380
279375
115876
926398
635347
806236
924534
371299
801947
607454
329388
246791
870772
717735
303986
755966
939105
514336
671737
361103
302527
974789
280018
356256
289214
104775
584027
164679
677043
874957
264650
155081
823338
147578
798653
440469
313271
610472
901710
210281
261546
566639
762951
646006
76282
987735
344172
613877
300149
862155
419258
905854
461701
93885
419634
405450
192723
826910
60762
531836
964155
111831
179029
390300
280769
890381
33046
755299
906412
846170
988942
775436
817132
631520
161324
651346
467820
79436
775011
316978
264336
666402
862309
150474
591088
76767
789007
889236
791128
277883
142473
774460
744988
440138
79280
704295
871914
595954
702760
478641
409422
669321
155735
31906
447981
194492
810943
556468
320790
732791
297305
56771
997139
488231
879293
835096
845836
418390
370185
91655
908957
623680
598752
951884
932458
681789
480015
167888
625942
660950
827081
785838
215225
837713
821006
797358
688021
973090
898668
220913
721331
915532
963708
388987
664579
665818
102865
849062
604989
460498
754269
69721
432741
362856
821983
515680
44853
942986
669659
925789
568333
318921
805584
747399
130502
467520
981279
675978
188057
28842
994338
595816
822476
796935
206656
716615
600737
929925
506195
722887
603080
86094
769648
122965
622100
421655
576904
831402
834678
346095
835892
979088
147220
501799
141709
74340
931973
161373
991683
362976
490846
282625
765122
746619
800961
13957
710630
622939
937210
318115
662848
132791
359440
933175
938071
117908
573999
556687
868887
302862
5031
785047
767975
551037
423497
489028
108506
44441
411370
511634
932255
908003
9157
671260
437598
697601
242179
727152
420062
925301
351414
11921
917969
337714
425045
810258
787074
561809
453847
912430
181443
66548
622198
190313
990521
650953
48224
928249
124626
281226
171336
674336
134050
982970
461867
403757
605456
857283
881775
121487
326581
49580
94728
16103
269886
3047
16736
400454
772576
894036
526303
233370
986481
88652
342098
824141
537375
755382
383366
46007
472008
493673
414159
663309
289766
675697
408370
693836
424971
557027
967665
648670
499954
535201
367814
896846
594421
468374
3922
406191
331351
404420
851959
648360
912494
449579
916457
355795
591661
240590
476128
993054
623176
267146
418442
533210
979601
534738
278372
861643
700199
514969
296883
735147
586227
765070
343141
754470
332568
204741
316901
909284
986626
371750
837151
895260
284691
559043
773233
532823
860113
701349
610317
88152
471840
862889
223545
302819
129475
82407
407193
999575
317586
54295
721498
64095
22468
39059
307430
729933
860427
728312
593382
997003
767753
494114
323102
680744
474809
405318
583582
650653
21245
606465
941738
214695
960753
958508
625528
13539
678947
264210
921540
450110
876918
200814
172783
69430
314234
582221
687172
659650
566304
369195
793154
879020
665104
218962
205328
187768
382619
129742
37824
764795
76217
654410
176266
800864
429492
532251
267575
507005
427643
373391
533475
448776
257438
71463
207162
319782
5169
952161
279232
578431
409843
973522
90622
754521
192710
962011
152365
933896
214963
81267
131859
426457
999644
896140
815143
882053
62648
84826
798262
628160
930084
177887
202113
924314
297697
326234
173257
48203
736628
514139
509250
411378
220759
362593
88685
269661
291501
841123
927970
182023
895515
744575
178628
718245
619113
8406
202323
894938
457405
371672
393531
852799
544372
146063
644214
533998
992803
19931
83138
12844
478204
758602
180824
86696
506779
60663
138244
604069
338599
289125
758969
811615
738473
953033
356486
29989
272436
934748
369709
171695
992530
871000
26436
78593
218656
929314
936369
61340
519713
223514
36825
998248
161101
724415
418945
240451
703366
125720
972818
675503
525855
771714
970634
850114
3445
950651
579737
308687
341557
878357
165319
587052
219129
540701
58725
805668
520366
988307
765591
876317
795955
775837
558745
705133
967302
400918
44522
185090
540671
792682
448779
639123
874435
797518
637
938139
578557
72578
9528
618769
743354
901630
351763
860920
68450
70151
210552
436462
906203
769146
770459
162198
880765
677897
285658
447922
88483
622255
484892
549060
54574
236966
79479
984440
773383
970690
84674
759515
804015
318966
829092
887447
929246
497001
445100
647032
849951
853827
93926
844182
928829
735986
240034
979101
473674
401188
34424
840308
14459
138273
509819
649886
156056
345380
118817
