1000
900300
794973
431807
47256
374929
926260
428589
903260
896369
81866
943521
705111
812165
271808
259746
565256
914820
761934
298096
683309
659583
971935
936810
83582
318555
336383
174049
687459
935353
234075
105456
473875
890473
937567
205970
160157
473137
722377
478886
427048
100025
613772
302212
466867
780152
836210
408878
642374
23601
939778
114886
216540
444487
943279
505414
397857
163883
480094
851848
602238
836247
510771
41607
942297
947067
694562
1726
369509
373903
70108
344389
914645
715773
82539
884277
872802
853764
486936
421768
225341
291198
394898
71942
24703
177550
731570
176711
376986
114574
386289
167494
642317
827050
924262
96770
635891
624729
826302
447540
433490
912726
589369
202128
630345
402056
670125
683241
427919
160294
55532
850778
558407
259776
727425
428394
230959
898801
29917
451343
669627
198229
31837
500601
788544
65753
398758
44799
128587
51086
790609
55389
671412
937708
680631
486808
222764
680585
583187
513153
756368
580817
595912
186446
652396
942358
493551
789166
43937
384702
874031
633780
36873
10357
488090
272800
103844
129774
382102
268496
705709
967002
409749
804659
688135
16610
795521
288088
261196
973353
228890
936258
616814
378239
472450
468663
598926
257010
267337
793536
447930
565557
950656
635632
343494
46758
576358
348020
56834
353990
28237
857052
135522
327075
552621
523971
19501
602184
499727
960949
123115
875331
289953
912019
281228
8441
97880
261246
336791
142072
50703
751295
807492
668501
463251
860531
935453
753717
56819
266190
453680
12333
728591
934032
728612
340233
587334
459208
183575
788914
454204
406487
938233
571071
561218
483959
962975
424083
936762
475003
812157
185760
554398
948421
172856
322486
859995
503067
200692
94892
840505
92581
475470
263094
924941
297283
765391
927230
736648
512031
519044
324715
891407
327780
419321
769811
498957
998711
18546
956368
25152
941776
181455
131225
54519
205919
729093
829243
691110
772652
510966
255171
86407
867575
400343
477783
752763
886859
553677
123251
637610
575607
720774
630846
47099
13985
967790
57903
881480
106488
866765
587531
661176
369608
417810
681940
149801
600721
271371
758464
382520
882511
498682
95144
384069
275967
862207
289808
835857
380330
397940
248402
184978
840841
637083
628554
74412
704111
916133
445677
272596
403764
972271
470039
795756
241795
410504
575105
197749
781945
716536
543024
300126
218808
59553
145233
486528
839357
811916
471051
17137
654891
589272
605511
80498
814593
766032
513605
511753
642322
342169
557642
639640
667927
534309
621075
989847
331243
495296
925748
169861
435647
660202
749581
271074
943217
319177
37410
880350
799726
660311
621334
602013
511983
612988
482885
868704
107078
259366
213093
448653
283075
922688
795540
150619
886060
385018
725103
750649
414536
634879
807440
304921
765092
498269
146473
99079
226497
775264
207918
343798
792454
208262
722951
809727
511856
269501
616053
77729
168711
596391
681153
540674
747322
59867
863376
650420
330176
814148
339512
765199
356863
206906
447464
399908
753223
813927
530748
163527
101514
567933
565460
766356
129032
131825
821478
47982
336075
493927
676445
500041
407929
434883
957559
238354
125509
142143
708541
959736
353991
993463
785317
139611
85579
732813
280602
582558
97062
118673
337870
867098
268292
923306
330774
920716
332298
36482
192756
872452
518669
890083
681680
660654
847613
1732
736325
981281
632062
908550
99014
138652
714880
813683
767332
447409
899955
260885
705847
853104
929915
909982
856163
187113
255008
608281
879709
639710
170109
5124
88126
692707
653939
666829
975489
642587
502953
342200
168554
906000
211527
74782
717975
196526
22720
161296
179958
618478
513974
265504
184511
887682
427191
412071
407996
752701
337495
242370
801642
974107
90900
494893
475671
465185
70170
385194
672712
665832
439498
746884
502519
110977
276710
44025
913814
864275
166412
281920
410089
252861
177445
512492
203650
951041
82944
53162
773353
272926
440035
599094
770866
423221
130919
947271
474856
292623
123718
718382
743270
20750
655893
946698
949160
346093
128345
292179
407510
95211
778299
551797
351829
408220
958147
954543
596409
852525
464165
942869
956726
818336
557883
469693
375918
144580
964239
639677
51858
867132
132913
762761
775682
706406
621256
968091
939349
800064
735077
306319
395690
752358
755855
110852
710300
758460
616648
41288
636273
485985
763713
33038
925298
204000
861604
281385
775764
404312
274249
123424
587964
449895
710167
89633
821263
515430
349971
608401
958343
44974
258419
244220
844075
314659
730503
586073
22219
93708
734833
938094
70981
539501
87213
402693
114300
847495
690807
86504
779879
952190
408651
677580
464685
245860
778294
314385
295531
588312
758694
45237
545412
864458
483718
457111
719341
723095
741381
443277
614656
970172
310252
64462
672810
838396
531436
159777
223943
458790
308578
812468
33523
715806
220714
358640
783899
655472
454427
907278
262494
678466
564467
872952
966297
880647
866119
436335
340641
54287
251764
722985
794643
674257
345948
612082
345803
542363
421737
207980
721887
186388
45699
388349
892183
480113
694184
81638
395197
309481
500345
714525
934103
319408
906547
696339
805294
117734
599078
415012
782650
240419
91775
849387
481360
580830
390923
681990
684724
712924
802306
2217
196057
944222
996860
401827
736118
759651
877964
753942
471120
81
395407
502832
905580
632481
86857
263592
343610
601128
933590
233254
635092
544704
935302
490139
712976
368554
764859
469809
538075
820306
263434
247196
250364
548419
518855
607960
777947
666125
383034
784816
965088
350508
256614
514750
344509
278474
285278
922330
469894
123377
351484
195728
616870
8610
486593
918759
522111
117846
627894
180646
172718
308983
507473
395762
134311
350949
859247
310161
523613
443610
718963
39640
960510
40058
833588
903584
789247
583584
684083
607442
788152
519013
690674
259205
866848
635612
618176
669133
998241
400986
730462
61484
749903
610109
604189
334450
545012
950874
122852
910784
49443
150695
194671
730557
761036
510063
587710
408749
731486
763796
374636
342958
936787
590505
879396
886905
175863
894762
524339
509675
444912
819739
164660
191465
934004
28124
148680
590567
996628
120078
317584
462553
230387
981307
402036
170445
10189
502959
43684
151504
97121
209483
351361
969756
625002
267157
140108
14499
783818
642527
729547
547039
72889
640419
779466
867403
434174
488429
398387
391964
520177
152642
839234
811011
296222
341925
781686
788699
300179
894801
649851
551749
739377
703747
157574
832313
269771
600023
673851
394036
171575
741764
516327
38082
552572
265911
888852
299080
403396
881488
734885
979473
907018
7719
191607
345359
267834
887703
140608
531911
709010
237852
115500
62514
848610
113015
822079
453805
383829
668442
480301
379345
378051
887424
241956
830502
529220
646486
204970
106067
498996
662991
810915
127081
350958
351666
291453
514769
880685
579620
307318
914716
897792
301861
383669
623818
595428
260078
278066
73694
876660
966327
889945
752842
