100
858014
461945
12869
962764
9884
481514
667210
444073
234002
421880
972732
438155
411578
162511
856948
971480
125403
967592
874731
69550
322530
64562
377237
412917
228302
863702
200842
455842
810702
51872
583378
126209
781154
960018
784640
343403
606692
598006
932257
629154
965954
150334
726410
483788
996776
891371
640555
108199
25727
606688
627483
914152
327536
611285
562191
429972
212080
945881
781853
60387
515006
680251
176129
234699
611250
252797
335082
283817
990400
917286
385997
233989
348287
513354
510318
760713
584422
172318
652308
353760
281945
883468
843891
287798
63094
704779
432007
170335
228487
161585
839530
583391
788691
237274
250149
558251
476890
491205
821868
422314
